XXXXXXXXXXXXXXXX
XXXXXXXXXXXXXXXX
XXXXXX}XXX--XXXX
XXXXXX-------XXX
XXXXX-----##-XXX
XXXX--XX-----XXX
XXXX---X-#---XXX
XXX--#-------XXX
XXX-----X-#---XX
XXX----XX-----XX
XX--#---X-----XX
XX-------XX---XX
XX-X---XXXXXXXXX
XX-XX--XXXXXXXXX
XX--X---XXXXXXXX
XXX-----XXXX--XX
XXX-----XXXX--XX
XXX---#-XXXX--XX
XXX-----------XX
XXX-##---XX---XX
XX-----XXXX--XXX
XXX----XXXX-XXXX
XXX-XX-XXX--XXXX
XXX--XX-----XXXX
XX---XXXXX--XXXX
XX##--XXXXXXXXXX
XX--X-XXX-XXXXXX
XX-XX-----XXXXXX
XX--X-----XXXXXX
XX----{--X--XXXX
XXXXXXXXXXXXXXXX
XXXXXXXXXXXXXXXX
META {"type": "solver", "id": "pysat-rc2", "objective": 0}
META {"type": "geom", "shape": "path", "group": "path", "data": [[29, 6, 29, 2], [29, 2, 29, 8], [29, 8, 27, 8], [27, 8, 27, 9], [27, 9, 27, 5], [27, 5, 25, 5], [25, 5, 25, 4], [25, 4, 23, 4], [23, 4, 23, 3], [23, 3, 24, 3], [24, 3, 14, 3], [14, 3, 14, 2], [14, 2, 10, 2], [10, 2, 10, 3], [10, 3, 11, 3], [11, 3, 7, 3], [7, 3, 7, 4], [7, 4, 9, 4], [9, 4, 5, 4], [5, 4, 5, 5], [5, 5, 4, 5], [4, 5, 4, 9], [4, 9, 3, 9], [3, 9, 5, 9], [5, 9, 5, 8], [5, 8, 3, 8], [3, 8, 7, 8], [7, 8, 7, 12], [7, 12, 3, 12], [3, 12, 3, 6], [3, 6, 2, 6]]}
META {"type": "geom", "shape": "tile", "group": "path", "data": [[29, 6], [29, 5], [29, 4], [29, 3], [29, 2], [29, 3], [29, 4], [29, 5], [29, 6], [29, 7], [29, 8], [28, 8], [27, 8], [27, 9], [27, 8], [27, 7], [27, 6], [27, 5], [26, 5], [25, 5], [25, 4], [24, 4], [23, 4], [23, 3], [24, 3], [23, 3], [22, 3], [21, 3], [20, 3], [19, 3], [18, 3], [17, 3], [16, 3], [15, 3], [14, 3], [14, 2], [13, 2], [12, 2], [11, 2], [10, 2], [10, 3], [11, 3], [10, 3], [9, 3], [8, 3], [7, 3], [7, 4], [8, 4], [9, 4], [8, 4], [7, 4], [6, 4], [5, 4], [5, 5], [4, 5], [4, 6], [4, 7], [4, 8], [4, 9], [3, 9], [4, 9], [5, 9], [5, 8], [4, 8], [3, 8], [4, 8], [5, 8], [6, 8], [7, 8], [7, 9], [7, 10], [7, 11], [7, 12], [6, 12], [5, 12], [4, 12], [3, 12], [3, 11], [3, 10], [3, 9], [3, 8], [3, 7], [3, 6], [2, 6]]}
META {"type": "geom", "shape": "line", "group": "offpath", "data": [[18, 13, 18, 3], [18, 3, 18, 13], [18, 5, 8, 5], [18, 11, 24, 11], [14, 7, 14, 5], [14, 5, 18, 5], [24, 11, 18, 11], [12, 4, 12, 6], [12, 6, 12, 4], [11, 7, 10, 7], [11, 12, 11, 11], [11, 11, 5, 11], [2, 11, 3, 11], [2, 10, 3, 10], [28, 2, 28, 3], [28, 3, 28, 2], [28, 9, 28, 5], [28, 5, 28, 9], [13, 6, 13, 5], [13, 5, 13, 6], [10, 7, 11, 7], [10, 13, 10, 9], [10, 9, 10, 13], [10, 10, 9, 10], [20, 2, 20, 6], [20, 4, 21, 4], [20, 6, 20, 2], [6, 12, 6, 10], [6, 6, 16, 6], [6, 10, 6, 12], [16, 7, 14, 7], [16, 6, 16, 7], [22, 11, 22, 10], [22, 10, 22, 11], [21, 4, 20, 4], [7, 7, 7, 6], [7, 6, 6, 6], [17, 13, 17, 12], [17, 12, 17, 13], [15, 13, 15, 12], [15, 12, 15, 13], [8, 7, 7, 7], [8, 3, 8, 7], [8, 5, 8, 3], [9, 13, 9, 9], [9, 9, 9, 13], [9, 10, 10, 10], [5, 12, 11, 12], [5, 11, 5, 12], [4, 7, 3, 7], [3, 7, 4, 7], [3, 11, 2, 11], [3, 10, 2, 10]]}
