XXXXXXXXXXXXXXXX
XXXXXXXXXXXXXXXX
XXXXXXXXXX--XXXX
XXXX}XXXXX--XXXX
XX---XXX-----XXX
XX--------X--XXX
XX-X---XXXX---XX
XX-XX--XXXX---XX
XX--XX-XXX----XX
XX--XX---XXXX-XX
XX---X---XXXX-XX
XXX--XX--XXX--XX
XXX---X-#--XX-XX
XXX-#-------X-XX
XXX---#---X---XX
XXXX----XXXX--XX
XXXX##-XXXXX--XX
XXXX--XXXXXX--XX
XX-XX-XXXXX--XXX
XX--X-XXXX--XXXX
XX---#-------XXX
XX------##---XXX
XX-##-#------XXX
XX---------#-XXX
XXX--#---#---XXX
XXX----------XXX
XXX---XX--##-XXX
XXXX---X------XX
XXXXXX--------XX
XXXXXXX-X-{-XXXX
XXXXXXXXXXXXXXXX
XXXXXXXXXXXXXXXX
META {"type": "solver", "id": "pysat-rc2", "objective": 0}
META {"type": "geom", "shape": "path", "group": "path", "data": [[29, 10, 27, 10], [27, 10, 27, 8], [27, 8, 28, 8], [28, 8, 22, 8], [22, 8, 22, 12], [22, 12, 20, 12], [20, 12, 20, 6], [20, 6, 21, 6], [21, 6, 21, 7], [21, 7, 25, 7], [25, 7, 25, 3], [25, 3, 26, 3], [26, 3, 26, 5], [26, 5, 27, 5], [27, 5, 27, 4], [27, 4, 23, 4], [23, 4, 23, 10], [23, 10, 19, 10], [19, 10, 19, 11], [19, 11, 18, 11], [18, 11, 18, 12], [18, 12, 14, 12], [14, 12, 14, 11], [14, 11, 13, 11], [13, 11, 13, 5], [13, 5, 15, 5], [15, 5, 15, 4], [15, 4, 14, 4], [14, 4, 14, 5], [14, 5, 14, 3], [14, 3, 8, 3], [8, 3, 8, 2], [8, 2, 4, 2], [4, 2, 4, 4], [4, 4, 3, 4]]}
META {"type": "geom", "shape": "tile", "group": "path", "data": [[29, 10], [28, 10], [27, 10], [27, 9], [27, 8], [28, 8], [27, 8], [26, 8], [25, 8], [24, 8], [23, 8], [22, 8], [22, 9], [22, 10], [22, 11], [22, 12], [21, 12], [20, 12], [20, 11], [20, 10], [20, 9], [20, 8], [20, 7], [20, 6], [21, 6], [21, 7], [22, 7], [23, 7], [24, 7], [25, 7], [25, 6], [25, 5], [25, 4], [25, 3], [26, 3], [26, 4], [26, 5], [27, 5], [27, 4], [26, 4], [25, 4], [24, 4], [23, 4], [23, 5], [23, 6], [23, 7], [23, 8], [23, 9], [23, 10], [22, 10], [21, 10], [20, 10], [19, 10], [19, 11], [18, 11], [18, 12], [17, 12], [16, 12], [15, 12], [14, 12], [14, 11], [13, 11], [13, 10], [13, 9], [13, 8], [13, 7], [13, 6], [13, 5], [14, 5], [15, 5], [15, 4], [14, 4], [14, 5], [14, 4], [14, 3], [13, 3], [12, 3], [11, 3], [10, 3], [9, 3], [8, 3], [8, 2], [7, 2], [6, 2], [5, 2], [4, 2], [4, 3], [4, 4], [3, 4]]}
META {"type": "geom", "shape": "line", "group": "offpath", "data": [[3, 10, 3, 11], [3, 11, 3, 10], [8, 12, 8, 13], [8, 11, 2, 11], [8, 13, 6, 13], [6, 11, 8, 11], [6, 13, 6, 11], [24, 6, 24, 8], [24, 8, 24, 6], [24, 3, 24, 4], [24, 11, 25, 11], [24, 4, 24, 3], [14, 8, 13, 8], [13, 8, 14, 8], [29, 9, 25, 9], [29, 11, 27, 11], [29, 7, 28, 7], [5, 12, 5, 11], [5, 8, 5, 9], [5, 9, 4, 9], [5, 11, 5, 12], [4, 12, 8, 12], [4, 8, 5, 8], [4, 9, 4, 8], [4, 10, 4, 12], [22, 9, 23, 9], [16, 12, 16, 13], [16, 13, 16, 12], [27, 11, 29, 11], [27, 13, 28, 13], [23, 6, 25, 6], [23, 9, 22, 9], [26, 8, 26, 9], [26, 9, 26, 8], [19, 2, 19, 3], [19, 3, 19, 2], [21, 12, 21, 10], [21, 10, 21, 12], [21, 4, 20, 4], [25, 6, 23, 6], [25, 9, 29, 9], [25, 11, 24, 11], [2, 10, 4, 10], [2, 11, 2, 10], [17, 12, 17, 13], [17, 13, 17, 12], [28, 7, 29, 7], [28, 13, 27, 13], [20, 4, 21, 4], [15, 12, 15, 13], [15, 13, 15, 12], [9, 2, 9, 3], [9, 3, 9, 2]]}
