XXXXXXXXXXXXXXXX
X0--X--------1XX
XXX-----XXX-XXXX
XXXXX-------XXXX
XXXXX-XXX-X----X
XX---X---X--XX-X
X--XX-XXX-XXXXXX
XX-XX-----XXXXXX
X-X--X---X-XX--X
X-X--X-X-X-XX--X
X-X--X-X-X-XX--X
X------X--XXXXXX
XXX-------XXXXXX
XXX----------XXX
X2------------3X
XXXXXXXXXXXXXXXX
META {"type": "solver", "id": "pysat-rc2", "objective": 0}
META {"type": "geom", "shape": "path", "group": "path", "data": [[1, 1, 1, 2], [1, 2, 1, 3], [1, 3, 2, 3], [2, 3, 2, 4], [2, 4, 2, 5], [2, 5, 1, 5], [1, 5, 1, 6], [1, 6, 1, 7], [1, 7, 1, 8], [1, 8, 1, 9], [1, 9, 1, 10], [1, 10, 1, 11], [1, 11, 1, 12], [1, 12, 1, 13]]}
META {"type": "geom", "shape": "path", "group": "path", "data": [[14, 1, 14, 2], [14, 2, 14, 3], [14, 3, 14, 4], [14, 4, 14, 5], [14, 5, 14, 6], [14, 6, 14, 7], [14, 7, 14, 8], [14, 8, 14, 9], [14, 9, 14, 10], [14, 10, 14, 11], [14, 11, 14, 12], [14, 12, 14, 13], [14, 13, 14, 14]]}
META {"type": "geom", "shape": "tile", "group": "reachable", "data": [[1, 1], [1, 2], [1, 3], [2, 3], [2, 4], [2, 5], [1, 5], [3, 5], [2, 6], [1, 6], [3, 6], [2, 7], [4, 5], [1, 7], [3, 7], [1, 8], [3, 8], [1, 9], [3, 9], [1, 10], [4, 9], [3, 10], [1, 11], [3, 11], [2, 11], [1, 12], [4, 11], [5, 11], [4, 12], [4, 13], [5, 10], [4, 14], [5, 14]]}
