XXXXXXXXXXXXXXXX
XXXXX--XX-XX-XXX
XXX0----------1X
XXXXX-----XXXXXX
XXXXX-----XXXXXX
X----XXXX------X
X-XX-XXXX-X----X
X-XX------X-X-XX
XXXXX-----X----X
XXXXX---X--XXX-X
X----XXX-XX---XX
X--------XX----X
XXX--X---XX--XXX
XXX----------XXX
X2------------3X
XXXXXXXXXXXXXXXX
META {"type": "solver", "id": "pysat-rc2-boolonly", "objective": 0}
META {"type": "geom", "shape": "path", "group": "path", "data": [[2, 3, 2, 4], [2, 4, 2, 5], [2, 5, 2, 6], [2, 6, 2, 7], [2, 7, 2, 8], [2, 8, 2, 9], [2, 9, 2, 10], [2, 10, 2, 11], [2, 11, 2, 12], [2, 12, 2, 13], [2, 13, 2, 14]]}
META {"type": "geom", "shape": "path", "group": "path", "data": [[14, 1, 14, 2], [14, 2, 14, 3], [14, 3, 14, 4], [14, 4, 14, 5], [14, 5, 14, 6], [14, 6, 14, 7], [14, 7, 14, 8], [14, 8, 14, 9], [14, 9, 14, 10], [14, 10, 14, 11], [14, 11, 14, 12], [14, 12, 14, 13], [14, 13, 14, 14]]}
META {"type": "geom", "shape": "tile", "group": "reachable", "data": [[2, 3], [2, 4], [2, 5], [1, 5], [3, 5], [2, 6], [1, 6], [3, 6], [2, 7], [4, 5], [3, 7], [2, 8], [4, 6], [3, 8], [2, 9], [4, 7], [1, 9], [3, 9], [2, 10], [4, 8], [2, 11], [4, 9], [2, 12], [5, 9], [1, 12], [2, 13], [6, 9], [5, 10], [5, 11], [7, 9], [6, 11], [5, 12], [8, 9], [7, 8], [6, 12], [5, 13], [7, 11], [8, 8], [7, 7], [9, 9], [6, 13], [5, 14], [8, 11], [8, 7], [7, 6], [9, 10], [6, 14], [7, 13], [8, 12], [8, 6], [7, 5], [9, 7], [8, 13], [8, 5], [7, 4], [9, 6], [8, 14], [6, 4], [9, 5], [9, 14], [5, 4], [5, 3], [5, 2], [5, 1], [6, 1], [7, 1]]}
