XXXXXXXXXXXXXXXX
----------------
------------XXX-
---XXXXX-XX-XXX-
---XXXXX-XX-----
-------------}--
---------XXXXXXX
XX-------XXXXXXX
XX-XXX----------
---XXX----------
-XX-----XXXXXXXX
-XX-----XXXXXXXX
XXXXX-----------
XXXXX-XX--------
------XX--------
----XX-----XX---
----XX-----XX---
----XX----------
----XX-------{--
XXXXXXXXXXXXXXXX
META {"type": "solver", "id": "pysat-rc2", "objective": 0}
META {"type": "geom", "shape": "path", "group": "path", "data": [[18, 13, 18, 12], [18, 12, 18, 11], [18, 11, 18, 10], [18, 10, 18, 9], [18, 9, 18, 8], [18, 8, 18, 7], [18, 7, 18, 6], [18, 6, 15, 6], [15, 6, 16, 6], [16, 6, 13, 10], [13, 10, 14, 11], [14, 11, 12, 6], [12, 6, 11, 4], [11, 4, 9, 8], [9, 8, 7, 4], [7, 4, 7, 5], [7, 5, 5, 10], [5, 10, 5, 11], [5, 11, 5, 12], [5, 12, 5, 13]]}
META {"type": "geom", "shape": "tile", "group": "path", "data": [[18, 13], [18, 12], [18, 11], [18, 10], [18, 9], [18, 8], [18, 7], [18, 6], [17, 6], [16, 6], [15, 6], [16, 6], [16, 7], [15, 7], [15, 8], [14, 8], [14, 9], [13, 9], [13, 10], [14, 10], [14, 11], [14, 10], [13, 10], [13, 9], [12, 9], [12, 8], [12, 7], [12, 6], [12, 5], [11, 5], [11, 4], [11, 5], [10, 5], [10, 6], [9, 6], [9, 7], [9, 8], [9, 7], [8, 7], [8, 6], [7, 6], [7, 5], [7, 4], [7, 5], [7, 6], [6, 6], [6, 7], [5, 7], [5, 8], [5, 9], [5, 10], [5, 11], [5, 12], [5, 13]]}
META {"type": "geom", "shape": "line", "group": "offpath", "data": [[2, 10, 1, 11], [1, 11, 2, 10], [6, 1, 6, 0], [6, 0, 6, 1], [14, 12, 13, 13], [9, 9, 9, 10], [9, 12, 9, 13], [9, 10, 9, 9], [9, 13, 9, 12], [13, 13, 14, 12], [18, 3, 18, 2], [18, 1, 18, 0], [18, 2, 18, 3], [18, 0, 18, 1]]}
