XXXXXXXXXXXXXXXX
----------------
-}--------------
XXXX------------
XXXX---XX-------
----XX-XX---XXXX
----XX------XXXX
XXXXXXXXXX------
XXXXXXXXXX------
------------XXXX
------------XXXX
------XXX-------
XX-XX-XXX-----XX
XX-XX------XX-XX
-----------XX---
-XX---XX--------
-XX---XX--------
-XX-------------
-XX-{-----------
XXXXXXXXXXXXXXXX
META {"type": "solver", "id": "pysat-rc2-boolonly", "objective": 0}
META {"type": "geom", "shape": "path", "group": "path", "data": [[18, 4, 18, 3], [18, 3, 16, 3], [16, 3, 14, 6], [14, 6, 14, 7], [14, 7, 12, 12], [12, 12, 12, 11], [12, 11, 10, 8], [10, 8, 8, 12], [8, 12, 6, 9], [6, 9, 4, 14], [4, 14, 4, 13], [4, 13, 4, 12], [4, 12, 2, 7], [2, 7, 3, 6], [3, 6, 4, 5], [4, 5, 2, 9], [2, 9, 3, 8], [3, 8, 3, 7], [3, 7, 1, 2], [1, 2, 2, 2], [2, 2, 2, 1]]}
META {"type": "geom", "shape": "tile", "group": "path", "data": [[18, 4], [18, 3], [17, 3], [16, 3], [16, 4], [15, 4], [15, 5], [14, 5], [14, 6], [14, 7], [14, 8], [13, 8], [13, 9], [12, 9], [12, 10], [12, 11], [12, 12], [12, 11], [12, 10], [11, 10], [11, 9], [10, 9], [10, 8], [10, 9], [9, 9], [9, 10], [8, 10], [8, 11], [8, 12], [8, 11], [7, 11], [7, 10], [6, 10], [6, 9], [6, 10], [5, 10], [5, 11], [4, 11], [4, 12], [4, 13], [4, 14], [4, 13], [4, 12], [4, 11], [3, 11], [3, 10], [2, 10], [2, 9], [2, 8], [2, 7], [3, 7], [3, 6], [4, 6], [4, 5], [4, 6], [3, 6], [3, 7], [2, 7], [2, 8], [2, 9], [3, 9], [3, 8], [3, 7], [3, 6], [2, 6], [2, 5], [1, 5], [1, 4], [1, 3], [1, 2], [2, 2], [2, 1]]}
META {"type": "geom", "shape": "line", "group": "offpath", "data": [[4, 4, 3, 4], [6, 6, 5, 6], [11, 1, 9, 4], [11, 3, 9, 1], [9, 4, 10, 4], [9, 1, 10, 2], [10, 2, 11, 1], [10, 4, 11, 3], [3, 4, 4, 4], [8, 14, 8, 13], [8, 13, 8, 14], [2, 3, 1, 4], [1, 4, 2, 3], [18, 7, 18, 6], [18, 11, 18, 10], [18, 6, 18, 7], [18, 10, 18, 11], [5, 6, 6, 6]]}
