XXXXXXXXXXXXXXXX
----------------
-------------XXX
------XXX----XXX
XX-XX-XXX-XX----
XX-XX-----XX--}-
---XX--------XXX
XXXXXXX------XXX
XXXXXXX-XXX-----
--------XXX-----
--------------XX
--------------XX
XXXX-----XX-----
XXXX-----XX-----
----XX----------
----XX-------XX-
--------XX---XX-
--------XX---XX-
---{---------XX-
XXXXXXXXXXXXXXXX
META {"type": "solver", "id": "pysat-rc2", "objective": 0}
META {"type": "geom", "shape": "path", "group": "path", "data": [[18, 3, 18, 4], [18, 4, 18, 5], [18, 5, 18, 6], [18, 6, 18, 7], [18, 7, 18, 8], [18, 8, 18, 9], [18, 9, 18, 10], [18, 10, 18, 11], [18, 11, 18, 12], [18, 12, 16, 12], [16, 12, 14, 9], [14, 9, 15, 8], [15, 8, 13, 4], [13, 4, 12, 4], [12, 4, 13, 5], [13, 5, 11, 10], [11, 10, 9, 14], [9, 14, 7, 9], [7, 9, 7, 10], [7, 10, 5, 15], [5, 15, 5, 14]]}
META {"type": "geom", "shape": "tile", "group": "path", "data": [[18, 3], [18, 4], [18, 5], [18, 6], [18, 7], [18, 8], [18, 9], [18, 10], [18, 11], [18, 12], [17, 12], [16, 12], [16, 11], [15, 11], [15, 10], [14, 10], [14, 9], [15, 9], [15, 8], [15, 7], [14, 7], [14, 6], [13, 6], [13, 5], [13, 4], [12, 4], [13, 4], [13, 5], [13, 6], [12, 6], [12, 7], [11, 7], [11, 8], [11, 9], [11, 10], [11, 11], [10, 11], [10, 12], [9, 12], [9, 13], [9, 14], [9, 13], [8, 13], [8, 12], [7, 12], [7, 11], [7, 10], [7, 9], [7, 10], [7, 11], [6, 11], [6, 12], [5, 12], [5, 13], [5, 14], [5, 15], [5, 14]]}
META {"type": "geom", "shape": "line", "group": "offpath", "data": [[9, 5, 10, 4], [13, 12, 14, 13], [14, 13, 14, 12], [14, 12, 15, 11], [3, 1, 3, 0], [3, 10, 1, 6], [3, 4, 1, 8], [3, 11, 3, 10], [3, 3, 3, 4], [3, 0, 3, 1], [2, 10, 3, 11], [2, 4, 3, 3], [2, 8, 1, 9], [2, 7, 2, 6], [2, 6, 1, 5], [7, 8, 5, 6], [15, 9, 13, 12], [15, 11, 16, 11], [10, 4, 11, 3], [16, 11, 17, 12], [17, 12, 15, 9], [18, 1, 18, 2], [18, 2, 18, 1], [6, 1, 6, 2], [6, 8, 7, 8], [6, 2, 6, 1], [6, 5, 5, 5], [6, 6, 5, 8], [5, 8, 6, 8], [5, 5, 6, 5], [5, 6, 6, 6], [1, 9, 2, 10], [1, 8, 2, 8], [1, 5, 2, 4], [1, 6, 2, 7], [11, 3, 9, 5]]}
