XXXXXXXXXXXXXXXX
----------------
------------XXXX
------------XXXX
------XX--------
--XXX-XX-----}--
--XXX-----XXXXXX
----------XXXXXX
---XXXX---------
---XXXX----XX---
XXX--------XX---
XXX--------XX---
---XX----XXXXXX-
---XX----XXXXXX-
-----XX---------
-----XX----XX---
-----------XX---
-----------XX---
-{---------XX---
XXXXXXXXXXXXXXXX
META {"type": "solver", "id": "pysat-rc2", "objective": 0}
META {"type": "geom", "shape": "path", "group": "path", "data": [[18, 1, 18, 2], [18, 2, 18, 3], [18, 3, 18, 4], [18, 4, 18, 5], [18, 5, 18, 6], [18, 6, 18, 7], [18, 7, 18, 8], [18, 8, 18, 9], [18, 9, 18, 10], [18, 10, 16, 10], [16, 10, 13, 6], [13, 6, 11, 10], [11, 10, 9, 10], [9, 10, 10, 10], [10, 10, 7, 6], [7, 6, 5, 11], [5, 11, 5, 12], [5, 12, 5, 13]]}
META {"type": "geom", "shape": "tile", "group": "path", "data": [[18, 1], [18, 2], [18, 3], [18, 4], [18, 5], [18, 6], [18, 7], [18, 8], [18, 9], [18, 10], [17, 10], [16, 10], [16, 9], [15, 9], [15, 8], [14, 8], [14, 7], [13, 7], [13, 6], [13, 7], [12, 7], [12, 8], [11, 8], [11, 9], [11, 10], [10, 10], [9, 10], [10, 10], [10, 9], [9, 9], [9, 8], [8, 8], [8, 7], [7, 7], [7, 6], [7, 7], [6, 7], [6, 8], [5, 8], [5, 9], [5, 10], [5, 11], [5, 12], [5, 13]]}
META {"type": "geom", "shape": "line", "group": "offpath", "data": [[11, 13, 10, 13], [11, 14, 11, 13], [3, 6, 1, 1], [3, 8, 4, 9], [3, 1, 4, 2], [4, 3, 4, 4], [4, 2, 4, 3], [4, 4, 3, 6], [4, 9, 5, 10], [5, 10, 3, 8], [17, 14, 18, 13], [2, 1, 3, 1], [10, 15, 11, 14], [10, 13, 9, 15], [13, 5, 12, 5], [9, 15, 10, 15], [1, 1, 2, 1], [12, 5, 13, 5], [16, 13, 17, 14], [18, 13, 16, 13]]}
