--------------------------------
--------------------------------
--X-----------------------------
--------------X-----------------
--------------------------------
-------X------------------------
--------------------------------
-------------XQXQXQX---X--------
-------X--X---------------------
---X----------------------------
--------------------X----X------
--------Q---------------XX------
-----Q-----------------XXX------
-----------<>---XX----XXXX------
-{---------[]--XXX---XXXXX----}-
XXXXXX---XXXXXXXXXXXXXXXXXXXXXXX
META {"type": "solver", "id": "pysat-rc2", "objective": 0}
META {"type": "geom", "shape": "path", "group": "path", "data": [[14, 1, 10, 1], [10, 1, 11, 2], [11, 2, 12, 3], [12, 3, 13, 2], [13, 2, 14, 3], [14, 3, 10, 2], [10, 2, 11, 1], [11, 1, 12, 0], [12, 0, 13, 0], [13, 0, 14, 0], [14, 0, 10, 4], [10, 4, 11, 5], [11, 5, 7, 5], [7, 5, 8, 4], [8, 4, 9, 4], [9, 4, 10, 5], [10, 5, 11, 6], [11, 6, 12, 7], [12, 7, 13, 6], [13, 6, 14, 5], [14, 5, 11, 7], [11, 7, 12, 8], [12, 8, 13, 8], [13, 8, 14, 9], [14, 9, 11, 12], [11, 12, 12, 12], [12, 12, 10, 14], [10, 14, 11, 13], [11, 13, 12, 14], [12, 14, 13, 13], [13, 13, 14, 14], [14, 14, 10, 18], [10, 18, 11, 18], [11, 18, 12, 17], [12, 17, 8, 18], [8, 18, 9, 18], [9, 18, 10, 19], [10, 19, 11, 20], [11, 20, 12, 21], [12, 21, 13, 21], [13, 21, 9, 24], [9, 24, 10, 23], [10, 23, 11, 23], [11, 23, 8, 23], [8, 23, 9, 23], [9, 23, 10, 24], [10, 24, 6, 23], [6, 23, 2, 19], [2, 19, 3, 19], [3, 19, 4, 18], [4, 18, 5, 17], [5, 17, 6, 17], [6, 17, 6, 18], [6, 18, 5, 19], [5, 19, 6, 19], [6, 19, 2, 22], [2, 22, 3, 23], [3, 23, 4, 24], [4, 24, 5, 25], [5, 25, 6, 26], [6, 26, 7, 27], [7, 27, 8, 26], [8, 26, 9, 27], [9, 27, 10, 28], [10, 28, 11, 29], [11, 29, 12, 29], [12, 29, 13, 29], [13, 29, 14, 30]]}
META {"type": "geom", "shape": "tile", "group": "path", "data": [[14, 1], [13, 1], [12, 1], [11, 1], [10, 1], [11, 1], [11, 2], [12, 2], [12, 3], [13, 3], [13, 2], [14, 2], [14, 3], [13, 3], [12, 3], [11, 3], [10, 3], [10, 2], [11, 2], [11, 1], [12, 1], [12, 0], [13, 0], [14, 0], [13, 0], [13, 1], [12, 1], [12, 2], [11, 2], [11, 3], [10, 3], [10, 4], [11, 4], [11, 5], [10, 5], [9, 5], [8, 5], [7, 5], [8, 5], [8, 4], [9, 4], [10, 4], [10, 5], [11, 5], [11, 6], [12, 6], [12, 7], [13, 7], [13, 6], [14, 6], [14, 5], [13, 5], [13, 6], [12, 6], [12, 7], [11, 7], [12, 7], [12, 8], [13, 8], [14, 8], [14, 9], [13, 9], [13, 10], [12, 10], [12, 11], [11, 11], [11, 12], [12, 12], [11, 12], [11, 13], [10, 13], [10, 14], [11, 14], [11, 13], [12, 13], [12, 14], [13, 14], [13, 13], [14, 13], [14, 14], [13, 14], [13, 15], [12, 15], [12, 16], [11, 16], [11, 17], [10, 17], [10, 18], [11, 18], [12, 18], [12, 17], [11, 17], [10, 17], [9, 17], [8, 17], [8, 18], [9, 18], [10, 18], [10, 19], [11, 19], [11, 20], [12, 20], [12, 21], [13, 21], [12, 21], [12, 22], [11, 22], [11, 23], [10, 23], [10, 24], [9, 24], [10, 24], [10, 23], [11, 23], [10, 23], [9, 23], [8, 23], [9, 23], [10, 23], [10, 24], [9, 24], [8, 24], [7, 24], [6, 24], [6, 23], [5, 23], [5, 22], [4, 22], [4, 21], [3, 21], [3, 20], [2, 20], [2, 19], [3, 19], [4, 19], [4, 18], [5, 18], [5, 17], [6, 17], [6, 18], [5, 18], [5, 19], [6, 19], [5, 19], [5, 20], [4, 20], [4, 21], [3, 21], [3, 22], [2, 22], [3, 22], [3, 23], [4, 23], [4, 24], [5, 24], [5, 25], [6, 25], [6, 26], [7, 26], [7, 27], [8, 27], [8, 26], [9, 26], [9, 27], [10, 27], [10, 28], [11, 28], [11, 29], [12, 29], [13, 29], [14, 29], [14, 30]]}
META {"type": "geom", "shape": "line", "group": "offpath", "data": [[6, 15, 2, 14], [6, 1, 7, 2], [6, 16, 2, 15], [6, 7, 7, 7], [6, 25, 7, 26], [6, 11, 7, 10], [6, 14, 5, 15], [6, 13, 5, 12], [4, 6, 5, 6], [4, 16, 5, 16], [4, 10, 5, 10], [4, 7, 0, 3], [4, 12, 5, 13], [4, 0, 5, 0], [13, 15, 13, 14], [13, 5, 14, 4], [13, 27, 14, 28], [13, 30, 14, 29], [13, 18, 14, 19], [13, 9, 14, 10], [13, 14, 14, 13], [13, 26, 14, 26], [1, 2, 1, 1], [1, 1, 2, 0], [1, 12, 2, 11], [7, 2, 8, 3], [7, 22, 8, 22], [7, 10, 3, 6], [7, 7, 4, 10], [7, 26, 8, 25], [0, 3, 1, 2], [0, 12, 1, 12], [12, 15, 13, 15], [12, 16, 12, 15], [12, 22, 8, 21], [12, 10, 13, 9], [12, 27, 13, 26], [12, 11, 11, 10], [12, 31, 13, 30], [12, 26, 13, 27], [9, 20, 7, 22], [9, 21, 10, 21], [9, 8, 10, 8], [9, 25, 5, 24], [11, 17, 12, 16], [11, 21, 12, 22], [11, 10, 12, 11], [11, 27, 12, 26], [11, 31, 12, 31], [14, 28, 10, 27], [14, 19, 14, 18], [14, 10, 12, 10], [14, 29, 12, 27], [14, 27, 10, 30], [14, 4, 13, 5], [14, 18, 13, 18], [14, 13, 10, 17], [14, 26, 14, 27], [8, 21, 9, 20], [8, 8, 9, 8], [8, 22, 9, 21], [8, 25, 9, 25], [8, 3, 4, 7], [3, 6, 4, 6], [3, 1, 4, 0], [3, 16, 4, 16], [3, 11, 4, 12], [10, 17, 11, 17], [10, 21, 11, 21], [10, 8, 8, 8], [10, 27, 11, 27], [10, 30, 11, 31], [5, 15, 6, 15], [5, 6, 6, 7], [5, 16, 6, 16], [5, 10, 6, 11], [5, 12, 6, 13], [5, 24, 6, 25], [5, 0, 6, 1], [5, 13, 6, 14], [2, 15, 3, 16], [2, 11, 3, 11], [2, 0, 3, 1], [2, 14, 0, 12]]}
