XXXXXXXXXXXXXXXX
X---}XXX-------X
X--XXXXXXXXX-X-X
XX-XXXXXXXXX--XX
X----XXX-----X-X
X---XXXXX-XXX-XX
XXX-XXXXX------X
XXX---------X--X
X--X----XXX---XX
X--X--XXXXXXX-XX
XX-X--XXXXXXX-XX
XX------XXX{---X
X-------XXXXXX-X
XX------XXXXXX-X
X--------------X
XXXXXXXXXXXXXXXX
META {"type": "solver", "id": "pysat-rc2-boolonly", "objective": 0}
META {"type": "geom", "shape": "path", "group": "path", "data": [[11, 11, 11, 12], [11, 12, 11, 13], [11, 13, 10, 13], [10, 13, 9, 13], [9, 13, 8, 13], [8, 13, 8, 12], [8, 12, 8, 11], [8, 11, 7, 11], [7, 11, 6, 11], [6, 11, 6, 10], [6, 10, 7, 10], [7, 10, 7, 9], [7, 9, 7, 8], [7, 8, 7, 7], [7, 7, 8, 7], [8, 7, 8, 6], [8, 6, 7, 6], [7, 6, 7, 5], [7, 5, 7, 4], [7, 4, 7, 3], [7, 3, 6, 3], [6, 3, 5, 3], [5, 3, 4, 3], [4, 3, 4, 2], [4, 2, 3, 2], [3, 2, 2, 2], [2, 2, 1, 2], [1, 2, 1, 3], [1, 3, 1, 4]]}
META {"type": "geom", "shape": "tile", "group": "path", "data": [[11, 11], [11, 12], [11, 13], [10, 13], [9, 13], [8, 13], [8, 12], [8, 11], [7, 11], [6, 11], [6, 10], [7, 10], [7, 9], [7, 8], [7, 7], [8, 7], [8, 6], [7, 6], [7, 5], [7, 4], [7, 3], [6, 3], [5, 3], [4, 3], [4, 2], [3, 2], [2, 2], [1, 2], [1, 3], [1, 4]]}
META {"type": "geom", "shape": "line", "group": "offpath", "data": [[9, 4, 10, 4], [9, 5, 8, 5], [7, 13, 6, 13], [2, 12, 3, 12], [3, 12, 2, 12], [4, 11, 4, 12], [4, 12, 4, 11], [1, 11, 1, 12], [1, 12, 1, 11], [1, 8, 1, 9], [1, 9, 1, 8], [5, 9, 6, 9], [10, 4, 10, 5], [10, 5, 9, 5], [8, 4, 9, 4], [8, 5, 8, 4], [6, 9, 5, 9], [6, 13, 7, 13]]}
