XXXXXXXXXXXXXXXX
X---}XXX--X----X
X-XXXXXX----X--X
X-XXXXXX----X--X
X----XX-----X-XX
X--------------X
XXXXX----------X
XXXXX------XXX-X
X-----XX-XX----X
XX-XXXXXXXXXX--X
X--XXXXXXXXXX-XX
XX-XXXXXXXX{---X
X-------XXXXXX-X
XX--XXX-XXXXXX-X
X--------------X
XXXXXXXXXXXXXXXX
META {"type": "solver", "id": "pysat-rc2", "objective": 0}
META {"type": "geom", "shape": "path", "group": "path", "data": [[11, 11, 11, 12], [11, 12, 11, 13], [11, 13, 10, 13], [10, 13, 9, 13], [9, 13, 8, 13], [8, 13, 8, 14], [8, 14, 7, 14], [7, 14, 6, 14], [6, 14, 5, 14], [5, 14, 5, 13], [5, 13, 4, 13], [4, 13, 3, 13], [3, 13, 2, 13], [2, 13, 1, 13], [1, 13, 1, 12], [1, 12, 1, 11], [1, 11, 2, 11], [2, 11, 3, 11], [3, 11, 4, 11], [4, 11, 4, 10], [4, 10, 4, 9], [4, 9, 4, 8], [4, 8, 5, 8], [5, 8, 5, 9], [5, 9, 6, 9], [6, 9, 7, 9], [7, 9, 7, 8], [7, 8, 6, 8], [6, 8, 6, 7], [6, 7, 5, 7], [5, 7, 5, 6], [5, 6, 6, 6], [6, 6, 6, 5], [6, 5, 5, 5], [5, 5, 5, 4], [5, 4, 5, 3], [5, 3, 5, 2], [5, 2, 5, 1], [5, 1, 4, 1], [4, 1, 3, 1], [3, 1, 2, 1], [2, 1, 1, 1], [1, 1, 1, 2], [1, 2, 1, 3], [1, 3, 1, 4]]}
META {"type": "geom", "shape": "tile", "group": "path", "data": [[11, 11], [11, 12], [11, 13], [10, 13], [9, 13], [8, 13], [8, 14], [7, 14], [6, 14], [5, 14], [5, 13], [4, 13], [3, 13], [2, 13], [1, 13], [1, 12], [1, 11], [2, 11], [3, 11], [4, 11], [4, 10], [4, 9], [4, 8], [5, 8], [5, 9], [6, 9], [7, 9], [7, 8], [6, 8], [6, 7], [5, 7], [5, 6], [6, 6], [6, 5], [5, 5], [5, 4], [5, 3], [5, 2], [5, 1], [4, 1], [3, 1], [2, 1], [1, 1], [1, 2], [1, 3], [1, 4]]}
META {"type": "geom", "shape": "line", "group": "offpath", "data": [[3, 10, 3, 9], [3, 8, 2, 8], [3, 14, 2, 14], [3, 9, 2, 9], [2, 10, 3, 10], [2, 8, 3, 8], [2, 14, 3, 14], [2, 9, 2, 10], [14, 11, 14, 12], [14, 12, 14, 11], [1, 8, 1, 9], [1, 9, 1, 8], [7, 5, 7, 6], [7, 6, 7, 5], [6, 10, 5, 10], [6, 13, 6, 12], [6, 12, 6, 13], [5, 10, 6, 10]]}
