XXXXXXXXXXXXXXXX
X0---X-X-----XXX
XXXX-----X-X--1X
XXXX-XXXX--X-XXX
XXXX-XXXX--X-XXX
XXX-X----X----XX
X--------------X
XXXX-XXX-------X
XXXX-----XX-X--X
X---XXX-XXXXXXXX
X-------XXXXXXXX
X--XXXXX-XX----X
XXX--------XXXXX
XXX-XX-XX--XXXXX
X2--XX-XX-----3X
XXXXXXXXXXXXXXXX
META {"type": "solver", "id": "pysat-rc2", "objective": 0}
META {"type": "geom", "shape": "path", "group": "path", "data": [[1, 1, 1, 2], [1, 2, 1, 3], [1, 3, 1, 4], [1, 4, 2, 4], [2, 4, 2, 5], [2, 5, 2, 6], [2, 6, 2, 7], [2, 7, 2, 8], [2, 8, 1, 8], [1, 8, 1, 9], [1, 9, 1, 10], [1, 10, 2, 10], [2, 10, 3, 10], [3, 10, 4, 10], [4, 10, 5, 10], [5, 10, 6, 10], [6, 10, 6, 9], [6, 9, 7, 9], [7, 9, 7, 10], [7, 10, 7, 11], [7, 11, 7, 12], [7, 12, 6, 12], [6, 12, 5, 12], [5, 12, 4, 12], [4, 12, 3, 12], [3, 12, 2, 12], [2, 12, 2, 13], [2, 13, 2, 14]]}
META {"type": "geom", "shape": "tile", "group": "path", "data": [[1, 1], [1, 2], [1, 3], [1, 4], [2, 4], [2, 5], [2, 6], [2, 7], [2, 8], [1, 8], [1, 9], [1, 10], [2, 10], [3, 10], [4, 10], [5, 10], [6, 10], [6, 9], [7, 9], [7, 10], [7, 11], [7, 12], [6, 12], [5, 12], [4, 12], [3, 12], [2, 12], [2, 13], [2, 14]]}
META {"type": "geom", "shape": "line", "group": "offpath", "data": [[14, 9, 13, 9], [10, 4, 10, 5], [10, 5, 10, 4], [7, 13, 8, 13], [7, 14, 7, 13], [8, 13, 8, 14], [8, 14, 7, 14], [8, 5, 8, 6], [8, 6, 8, 5], [5, 13, 6, 13], [5, 7, 5, 6], [5, 11, 6, 11], [5, 6, 5, 7], [11, 2, 11, 1], [11, 1, 11, 2], [13, 9, 14, 9], [6, 13, 5, 13], [6, 7, 6, 8], [6, 11, 5, 11], [6, 5, 6, 6], [6, 8, 6, 7], [6, 6, 6, 5], [1, 12, 1, 11], [1, 11, 1, 12]]}
META {"type": "geom", "shape": "path", "group": "path", "data": [[14, 1, 14, 2], [14, 2, 14, 3], [14, 3, 13, 3], [13, 3, 12, 3], [12, 3, 12, 4], [12, 4, 12, 5], [12, 5, 12, 6], [12, 6, 12, 7], [12, 7, 12, 8], [12, 8, 12, 9], [12, 9, 13, 9], [13, 9, 13, 10], [13, 10, 14, 10], [14, 10, 14, 11], [14, 11, 14, 12], [14, 12, 14, 13], [14, 13, 14, 14]]}
META {"type": "geom", "shape": "tile", "group": "path", "data": [[14, 1], [14, 2], [14, 3], [13, 3], [12, 3], [12, 4], [12, 5], [12, 6], [12, 7], [12, 8], [12, 9], [13, 9], [13, 10], [14, 10], [14, 11], [14, 12], [14, 13], [14, 14]]}
META {"type": "geom", "shape": "line", "group": "offpath", "data": []}
