XXXXXXXXXXXXXXXX
X0-----X----1XXX
XXXXXX---XXXXXXX
XXXXXXXXXXXXXXXX
X-XXXXXXXXXXXXXX
X---XX--XX-XX--X
X-XXXXXXXXX--X-X
X-XXXXXXXXX--X-X
X--XX-XXX----X-X
X-X------X-----X
X----XX------X-X
XX--XXXX-------X
XXX-XXXX-XXX-XXX
XXX--XX------XXX
X2---XX---XX--3X
XXXXXXXXXXXXXXXX
META {"type": "solver", "id": "pysat-rc2-boolonly", "objective": 0}
META {"type": "geom", "shape": "path", "group": "path", "data": [[1, 1, 1, 2], [1, 2, 1, 3], [1, 3, 1, 4], [1, 4, 1, 5], [1, 5, 1, 6], [1, 6, 2, 6], [2, 6, 2, 7], [2, 7, 2, 8], [2, 8, 1, 8], [1, 8, 1, 9], [1, 9, 1, 10], [1, 10, 1, 11], [1, 11, 1, 12]]}
META {"type": "geom", "shape": "tile", "group": "path", "data": [[1, 1], [1, 2], [1, 3], [1, 4], [1, 5], [1, 6], [2, 6], [2, 7], [2, 8], [1, 8], [1, 9], [1, 10], [1, 11], [1, 12]]}
META {"type": "geom", "shape": "line", "group": "offpath", "data": [[5, 13, 5, 14], [5, 14, 5, 13], [5, 2, 5, 3], [5, 3, 5, 2]]}
META {"type": "geom", "shape": "path", "group": "path", "data": [[14, 1, 14, 2], [14, 2, 14, 3], [14, 3, 14, 4], [14, 4, 13, 4], [13, 4, 13, 3], [13, 3, 12, 3], [12, 3, 11, 3], [11, 3, 10, 3], [10, 3, 10, 4], [10, 4, 9, 4], [9, 4, 9, 5], [9, 5, 9, 6], [9, 6, 9, 7], [9, 7, 9, 8], [9, 8, 10, 8], [10, 8, 10, 9], [10, 9, 10, 10], [10, 10, 10, 11], [10, 11, 10, 12], [10, 12, 11, 12], [11, 12, 12, 12], [12, 12, 13, 12], [13, 12, 14, 12], [14, 12, 14, 13], [14, 13, 14, 14]]}
META {"type": "geom", "shape": "tile", "group": "path", "data": [[14, 1], [14, 2], [14, 3], [14, 4], [13, 4], [13, 3], [12, 3], [11, 3], [10, 3], [10, 4], [9, 4], [9, 5], [9, 6], [9, 7], [9, 8], [10, 8], [10, 9], [10, 10], [10, 11], [10, 12], [11, 12], [12, 12], [13, 12], [14, 12], [14, 13], [14, 14]]}
META {"type": "geom", "shape": "line", "group": "offpath", "data": [[5, 13, 5, 14], [5, 14, 5, 13], [2, 7, 2, 6], [2, 6, 2, 7], [7, 1, 8, 1], [1, 4, 1, 3], [1, 3, 1, 4], [8, 1, 7, 1], [9, 13, 9, 12], [9, 12, 9, 13], [10, 2, 11, 2], [11, 2, 10, 2]]}
