XXXXXXXXXXXXXXXX
XXX-XX-XX--XXXXX
XXX--------XXXXX
X0----------1XXX
XXX--------XXXXX
XXX--X-XXX-XXXXX
X--------------X
X-XXX---XXX----X
X--------------X
X-X-XX-XXXX---XX
X--XXXX----X--XX
X--XXXX-X---XX-X
XXX-XX--X--XXXXX
XXX-----X--XXXXX
X2------------3X
XXXXXXXXXXXXXXXX
META {"type": "solver", "id": "pysat-rc2-boolonly", "objective": 0}
META {"type": "geom", "shape": "path", "group": "path", "data": [[3, 1, 3, 2], [3, 2, 3, 3], [3, 3, 4, 3], [4, 3, 4, 4], [4, 4, 4, 5], [4, 5, 3, 5], [3, 5, 3, 6], [3, 6, 3, 7], [3, 7, 4, 7], [4, 7, 4, 8], [4, 8, 3, 8], [3, 8, 3, 9], [3, 9, 4, 9], [4, 9, 4, 10], [4, 10, 3, 10], [3, 10, 3, 11], [3, 11, 3, 12]]}
META {"type": "geom", "shape": "tile", "group": "path", "data": [[3, 1], [3, 2], [3, 3], [4, 3], [4, 4], [4, 5], [3, 5], [3, 6], [3, 7], [4, 7], [4, 8], [3, 8], [3, 9], [4, 9], [4, 10], [3, 10], [3, 11], [3, 12]]}
META {"type": "geom", "shape": "line", "group": "offpath", "data": [[4, 6, 5, 6], [6, 6, 7, 6], [6, 1, 6, 2], [6, 9, 6, 8], [6, 13, 6, 12], [6, 8, 6, 7], [6, 2, 6, 1], [6, 10, 6, 9], [6, 14, 6, 13], [6, 11, 6, 10], [6, 7, 6, 6], [6, 12, 6, 11], [6, 3, 6, 4], [6, 4, 6, 3], [5, 6, 4, 6], [8, 6, 8, 7], [8, 1, 8, 2], [8, 9, 8, 10], [8, 13, 8, 14], [8, 8, 8, 9], [8, 2, 8, 1], [8, 10, 8, 11], [8, 14, 7, 14], [8, 11, 8, 12], [8, 7, 8, 8], [8, 12, 8, 13], [8, 3, 8, 4], [8, 4, 8, 3], [7, 6, 8, 6], [7, 14, 6, 14]]}
META {"type": "geom", "shape": "path", "group": "path", "data": [[14, 1, 14, 2], [14, 2, 14, 3], [14, 3, 13, 3], [13, 3, 13, 4], [13, 4, 13, 5], [13, 5, 13, 6], [13, 6, 13, 7], [13, 7, 14, 7], [14, 7, 14, 8], [14, 8, 14, 9], [14, 9, 14, 10], [14, 10, 14, 11], [14, 11, 14, 12], [14, 12, 14, 13], [14, 13, 14, 14]]}
META {"type": "geom", "shape": "tile", "group": "path", "data": [[14, 1], [14, 2], [14, 3], [13, 3], [13, 4], [13, 5], [13, 6], [13, 7], [14, 7], [14, 8], [14, 9], [14, 10], [14, 11], [14, 12], [14, 13], [14, 14]]}
META {"type": "geom", "shape": "line", "group": "offpath", "data": [[13, 9, 13, 10], [13, 10, 13, 9], [14, 6, 14, 5], [14, 5, 14, 6]]}
