XXXXXXXXXXXXXXXXXXXXXXXXXXXXXXXX
X--}XXX--X----XX--XX-------XX--X
X-XXXXXXX-XX----------X---X----X
X-XXXXXXX-XX--------X-X---X----X
X-------------XXX-X-X-X---X---XX
X---XX---XX-X-----X-X--X-X-----X
X--XXXX-XXXXXXXXX-X--XX--X-----X
XXXXXXXXXXXXXXXXX--XXXXX-X-XXX-X
XXXXXXXXXXX--------XXXXX--XXXXXX
XXXXX------XX--XX--------XXXXXXX
X-XXXXXXXXXXXX-XX-XXXXX--XXXXX-X
X-XXXXXXXXXXXX---X------XXXX{--X
X-------------XXXXXX-XX-XXXXXX-X
XX-XXXX-------XXXXXX-XX--XXXXX-X
X-------XX---------------------X
XXXXXXXXXXXXXXXXXXXXXXXXXXXXXXXX
META {"type": "solver", "id": "pysat-rc2-boolonly", "objective": 0}
META {"type": "geom", "shape": "path", "group": "path", "data": [[11, 28, 11, 29], [11, 29, 11, 30], [11, 30, 12, 30], [12, 30, 13, 30], [13, 30, 14, 30], [14, 30, 14, 29], [14, 29, 14, 28], [14, 28, 14, 27], [14, 27, 14, 26], [14, 26, 14, 25], [14, 25, 14, 24], [14, 24, 13, 24], [13, 24, 13, 23], [13, 23, 12, 23], [12, 23, 11, 23], [11, 23, 10, 23], [10, 23, 9, 23], [9, 23, 9, 22], [9, 22, 9, 21], [9, 21, 9, 20], [9, 20, 9, 19], [9, 19, 9, 18], [9, 18, 8, 18], [8, 18, 7, 18], [7, 18, 7, 17], [7, 17, 6, 17], [6, 17, 5, 17], [5, 17, 5, 16], [5, 16, 5, 15], [5, 15, 5, 14], [5, 14, 5, 13], [5, 13, 4, 13], [4, 13, 4, 12], [4, 12, 4, 11], [4, 11, 4, 10], [4, 10, 4, 9], [4, 9, 4, 8], [4, 8, 4, 7], [4, 7, 4, 6], [4, 6, 4, 5], [4, 5, 4, 4], [4, 4, 4, 3], [4, 3, 4, 2], [4, 2, 4, 1], [4, 1, 3, 1], [3, 1, 2, 1], [2, 1, 1, 1], [1, 1, 1, 2], [1, 2, 1, 3]]}
