XXXXXXXXXXXXXXXX
X---}XXX-------X
XX-XXXXXX---X-XX
XX-XXXXXX--X---X
XX---XX--X-X---X
X----------X-X-X
XX-XXX---------X
XX-----XXX-----X
X-XXX-XXXXX---XX
X-XXX-XXXXXXX-XX
XX------XXXXX--X
X------XXXX{---X
X------XXXXXXXXX
XX-XXX-XXXXXXXXX
X--------------X
XXXXXXXXXXXXXXXX
META {"type": "solver", "id": "pysat-rc2", "objective": 0}
META {"type": "geom", "shape": "path", "group": "path", "data": [[11, 11, 11, 12], [11, 12, 11, 13], [11, 13, 10, 13], [10, 13, 9, 13], [9, 13, 8, 13], [8, 13, 7, 13], [7, 13, 6, 13], [6, 13, 6, 12], [6, 12, 6, 11], [6, 11, 6, 10], [6, 10, 6, 9], [6, 9, 6, 8], [6, 8, 6, 7], [6, 7, 6, 6], [6, 6, 7, 6], [7, 6, 7, 5], [7, 5, 7, 4], [7, 4, 7, 3], [7, 3, 7, 2], [7, 2, 6, 2], [6, 2, 5, 2], [5, 2, 4, 2], [4, 2, 3, 2], [3, 2, 2, 2], [2, 2, 1, 2], [1, 2, 1, 3], [1, 3, 1, 4]]}
META {"type": "geom", "shape": "tile", "group": "path", "data": [[11, 11], [11, 12], [11, 13], [10, 13], [9, 13], [8, 13], [7, 13], [6, 13], [6, 12], [6, 11], [6, 10], [6, 9], [6, 8], [6, 7], [6, 6], [7, 6], [7, 5], [7, 4], [7, 3], [7, 2], [6, 2], [5, 2], [4, 2], [3, 2], [2, 2], [1, 2], [1, 3], [1, 4]]}
META {"type": "geom", "shape": "line", "group": "offpath", "data": [[5, 9, 5, 8], [5, 8, 5, 9], [5, 10, 4, 10], [5, 6, 5, 5], [5, 5, 5, 6], [2, 9, 1, 9], [9, 1, 8, 1], [11, 2, 10, 2], [11, 3, 10, 3], [14, 14, 14, 13], [14, 13, 14, 14], [8, 1, 9, 1], [1, 9, 2, 9], [10, 2, 11, 2], [10, 3, 11, 3], [12, 4, 12, 5], [12, 5, 12, 4], [4, 10, 5, 10]]}
