--------------------------------
--------------------------------
--Q-------------Q---------------
-----Q--------------------------
--------------------------------
--------------------------------
---------XXX-----------------Q--
--XXXXX-------X--X--Q-----------
--------------------------------
--XXXXX------------------X------
----------<>------------XX------
----------[]-----------XXX------
-----X----[]----------XXXX------
-----XX---[]---------XXXXX------
-{---XXX--[]--------XXXXXX----}-
XXXXXXXXXXXXXXX--XXXXXXXXXXXXXXX
META {"type": "solver", "id": "pysat-rc2", "objective": 0}
META {"type": "geom", "shape": "path", "group": "path", "data": [[14, 1, 12, 1], [12, 1, 13, 2], [13, 2, 14, 3], [14, 3, 14, 4], [14, 4, 10, 5], [10, 5, 11, 5], [11, 5, 10, 6], [10, 6, 11, 7], [11, 7, 12, 7], [12, 7, 13, 8], [13, 8, 14, 9], [14, 9, 10, 8], [10, 8, 11, 8], [11, 8, 12, 8], [12, 8, 13, 7], [13, 7, 12, 6], [12, 6, 8, 9], [8, 9, 9, 10], [9, 10, 5, 7], [5, 7, 6, 6], [6, 6, 2, 9], [2, 9, 3, 9], [3, 9, 4, 8], [4, 8, 5, 9], [5, 9, 1, 13], [1, 13, 2, 12], [2, 12, 3, 13], [3, 13, 4, 12], [4, 12, 5, 13], [5, 13, 6, 14], [6, 14, 4, 13], [4, 13, 5, 12], [5, 12, 6, 13], [6, 13, 7, 13], [7, 13, 8, 13], [8, 13, 9, 14], [9, 14, 10, 14], [10, 14, 11, 15], [11, 15, 12, 15], [12, 15, 13, 14], [13, 14, 14, 14], [14, 14, 11, 16], [11, 16, 12, 17], [12, 17, 13, 18], [13, 18, 14, 19], [14, 19, 10, 20], [10, 20, 11, 21], [11, 21, 12, 21], [12, 21, 8, 25], [8, 25, 4, 26], [4, 26, 5, 27], [5, 27, 6, 27], [6, 27, 7, 28], [7, 28, 8, 29], [8, 29, 9, 30], [9, 30, 10, 29], [10, 29, 11, 30], [11, 30, 12, 31], [12, 31, 13, 30], [13, 30, 14, 31], [14, 31, 13, 31], [13, 31, 14, 30]]}
META {"type": "geom", "shape": "tile", "group": "path", "data": [[14, 1], [13, 1], [12, 1], [13, 1], [13, 2], [14, 2], [14, 3], [14, 4], [13, 4], [12, 4], [11, 4], [10, 4], [10, 5], [11, 5], [10, 5], [10, 6], [11, 6], [11, 7], [12, 7], [13, 7], [13, 8], [14, 8], [14, 9], [13, 9], [12, 9], [11, 9], [10, 9], [10, 8], [11, 8], [12, 8], [13, 8], [13, 7], [12, 7], [12, 6], [11, 6], [11, 7], [10, 7], [10, 8], [9, 8], [9, 9], [8, 9], [9, 9], [9, 10], [8, 10], [8, 9], [7, 9], [7, 8], [6, 8], [6, 7], [5, 7], [6, 7], [6, 6], [5, 6], [5, 7], [4, 7], [4, 8], [3, 8], [3, 9], [2, 9], [3, 9], [4, 9], [4, 8], [5, 8], [5, 9], [4, 9], [4, 10], [3, 10], [3, 11], [2, 11], [2, 12], [1, 12], [1, 13], [2, 13], [2, 12], [3, 12], [3, 13], [4, 13], [4, 12], [5, 12], [5, 13], [6, 13], [6, 14], [5, 14], [5, 13], [4, 13], [5, 13], [5, 12], [6, 12], [6, 13], [7, 13], [8, 13], [9, 13], [9, 14], [10, 14], [11, 14], [11, 15], [12, 15], [13, 15], [13, 14], [14, 14], [13, 14], [13, 15], [12, 15], [12, 16], [11, 16], [12, 16], [12, 17], [13, 17], [13, 18], [14, 18], [14, 19], [13, 19], [12, 19], [11, 19], [10, 19], [10, 20], [11, 20], [11, 21], [12, 21], [11, 21], [11, 22], [10, 22], [10, 23], [9, 23], [9, 24], [8, 24], [8, 25], [7, 25], [6, 25], [5, 25], [4, 25], [4, 26], [5, 26], [5, 27], [6, 27], [7, 27], [7, 28], [8, 28], [8, 29], [9, 29], [9, 30], [10, 30], [10, 29], [11, 29], [11, 30], [12, 30], [12, 31], [13, 31], [13, 30], [14, 30], [14, 31], [13, 31], [14, 31], [14, 30]]}
META {"type": "geom", "shape": "line", "group": "offpath", "data": [[12, 18, 13, 19], [12, 30, 13, 29], [12, 14, 13, 13], [12, 26, 13, 26], [12, 12, 13, 12], [12, 19, 13, 20], [5, 10, 1, 6], [5, 18, 6, 17], [5, 3, 6, 2], [5, 4, 6, 4], [5, 29, 3, 30], [5, 20, 6, 20], [5, 11, 1, 10], [5, 6, 6, 5], [5, 15, 6, 16], [1, 10, 2, 11], [1, 7, 2, 7], [1, 16, 0, 16], [1, 6, 2, 5], [7, 23, 8, 22], [7, 16, 8, 17], [10, 18, 11, 17], [10, 23, 6, 23], [10, 30, 11, 31], [10, 13, 11, 14], [10, 12, 11, 13], [4, 3, 5, 4], [4, 17, 5, 18], [4, 4, 5, 3], [4, 30, 5, 29], [4, 14, 5, 15], [4, 5, 5, 6], [4, 9, 5, 10], [4, 11, 5, 11], [9, 18, 10, 18], [9, 24, 5, 20], [9, 23, 10, 23], [9, 11, 8, 10], [14, 18, 11, 18], [14, 29, 10, 30], [14, 13, 10, 13], [14, 12, 10, 12], [14, 27, 12, 26], [14, 28, 13, 28], [8, 10, 9, 11], [8, 17, 9, 18], [8, 22, 9, 23], [2, 7, 3, 8], [2, 5, 0, 7], [2, 13, 3, 14], [2, 19, 3, 18], [2, 11, 3, 11], [13, 29, 14, 28], [13, 26, 14, 27], [13, 20, 9, 24], [13, 13, 14, 12], [13, 12, 14, 13], [13, 19, 14, 18], [13, 28, 14, 29], [11, 18, 12, 19], [11, 31, 12, 30], [11, 17, 12, 18], [11, 14, 12, 14], [11, 13, 12, 12], [3, 18, 4, 17], [3, 8, 4, 9], [3, 4, 4, 4], [3, 30, 4, 30], [3, 14, 4, 14], [3, 11, 4, 11], [6, 3, 4, 5], [6, 17, 2, 13], [6, 2, 6, 3], [6, 4, 3, 4], [6, 23, 7, 23], [6, 16, 7, 16], [6, 5, 4, 3], [6, 20, 2, 19], [0, 7, 1, 7], [0, 16, 1, 16]]}
