--------------------------------
--------------------------------
-----Q---------X----------------
--------------------------------
--X---------------------Q--X----
------X--XXX--------------------
--------------------------------
---X------------XXX-----X---X---
--------Q----X-------Q----------
------------XX--XXX-------------
-----------XXX----------X-------
--Q-------XXXX------------------
---------XXXXX--X--<>-----------
--------XXXXXX-----[]-----------
-{-----XXXXXXX-----[]---------}-
XXXXXXXXXXXXXXXXXXXXXXXXXXXXXXXX
META {"type": "solver", "id": "clingo-be", "objective": 0}
META {"type": "geom", "shape": "path", "group": "path", "data": [[14, 1, 10, 1], [10, 1, 11, 1], [11, 1, 12, 2], [12, 2, 13, 3], [13, 3, 14, 3], [14, 3, 12, 3], [12, 3, 13, 4], [13, 4, 14, 5], [14, 5, 14, 6], [14, 6, 10, 2], [10, 2, 6, 3], [6, 3, 2, 3], [2, 3, 3, 2], [3, 2, 0, 4], [0, 4, 1, 5], [1, 5, 1, 6], [1, 6, 2, 7], [2, 7, 3, 8], [3, 8, 4, 9], [4, 9, 0, 13], [0, 13, 1, 14], [1, 14, 2, 14], [2, 14, 3, 14], [3, 14, 4, 14], [4, 14, 5, 13], [5, 13, 6, 12], [6, 12, 7, 12], [7, 12, 8, 12], [8, 12, 4, 16], [4, 16, 5, 17], [5, 17, 6, 16], [6, 16, 2, 12], [2, 12, 3, 12], [3, 12, 4, 12], [4, 12, 5, 12], [5, 12, 6, 11], [6, 11, 7, 11], [7, 11, 8, 10], [8, 10, 9, 10], [9, 10, 10, 10], [10, 10, 6, 13], [6, 13, 7, 13], [7, 13, 3, 16], [3, 16, 4, 17], [4, 17, 5, 16], [5, 16, 6, 17], [6, 17, 2, 20], [2, 20, 3, 19], [3, 19, 4, 18], [4, 18, 5, 18], [5, 18, 6, 18], [6, 18, 2, 19], [2, 19, 3, 18], [3, 18, 4, 19], [4, 19, 5, 19], [5, 19, 6, 20], [6, 20, 7, 21], [7, 21, 5, 22], [5, 22, 6, 22], [6, 22, 7, 23], [7, 23, 8, 24], [8, 24, 9, 24], [9, 24, 5, 28], [5, 28, 6, 27], [6, 27, 7, 26], [7, 26, 8, 25], [8, 25, 9, 25], [9, 25, 10, 25], [10, 25, 11, 26], [11, 26, 12, 26], [12, 26, 13, 26], [13, 26, 14, 27], [14, 27, 10, 27], [10, 27, 11, 27], [11, 27, 12, 27], [12, 27, 13, 27], [13, 27, 14, 26], [14, 26, 11, 28], [11, 28, 12, 29], [12, 29, 13, 29], [13, 29, 14, 28], [14, 28, 14, 29], [14, 29, 12, 30], [12, 30, 13, 30], [13, 30, 14, 30]]}
META {"type": "geom", "shape": "tile", "group": "path", "data": [[14, 1], [13, 1], [12, 1], [11, 1], [10, 1], [11, 1], [12, 1], [12, 2], [13, 2], [13, 3], [14, 3], [13, 3], [12, 3], [13, 3], [13, 4], [14, 4], [14, 5], [14, 6], [13, 6], [13, 5], [12, 5], [12, 4], [11, 4], [11, 3], [10, 3], [10, 2], [9, 2], [8, 2], [7, 2], [6, 2], [6, 3], [5, 3], [4, 3], [3, 3], [2, 3], [3, 3], [3, 2], [2, 2], [2, 3], [1, 3], [1, 4], [0, 4], [1, 4], [1, 5], [1, 6], [2, 6], [2, 7], [3, 7], [3, 8], [4, 8], [4, 9], [3, 9], [3, 10], [2, 10], [2, 11], [1, 11], [1, 12], [0, 12], [0, 13], [1, 13], [1, 14], [2, 14], [3, 14], [4, 14], [5, 14], [5, 13], [6, 13], [6, 12], [7, 12], [8, 12], [7, 12], [7, 13], [6, 13], [6, 14], [5, 14], [5, 15], [4, 15], [4, 16], [5, 16], [5, 17], [6, 17], [6, 16], [5, 16], [5, 15], [4, 15], [4, 14], [3, 14], [3, 13], [2, 13], [2, 12], [3, 12], [4, 12], [5, 12], [6, 12], [6, 11], [7, 11], [8, 11], [8, 10], [9, 10], [10, 10], [9, 10], [9, 11], [8, 11], [8, 12], [7, 12], [7, 13], [6, 13], [7, 13], [6, 13], [6, 14], [5, 14], [5, 15], [4, 15], [4, 16], [3, 16], [4, 16], [4, 17], [5, 17], [5, 16], [6, 16], [6, 17], [5, 17], [5, 18], [4, 18], [4, 19], [3, 19], [3, 20], [2, 20], [3, 20], [3, 19], [4, 19], [4, 18], [5, 18], [6, 18], [5, 18], [4, 18], [3, 18], [2, 18], [2, 19], [3, 19], [3, 18], [4, 18], [4, 19], [5, 19], [6, 19], [6, 20], [7, 20], [7, 21], [6, 21], [6, 22], [5, 22], [6, 22], [7, 22], [7, 23], [8, 23], [8, 24], [9, 24], [8, 24], [8, 25], [7, 25], [7, 26], [6, 26], [6, 27], [5, 27], [5, 28], [6, 28], [6, 27], [7, 27], [7, 26], [8, 26], [8, 25], [9, 25], [10, 25], [11, 25], [11, 26], [12, 26], [13, 26], [14, 26], [14, 27], [13, 27], [12, 27], [11, 27], [10, 27], [11, 27], [12, 27], [13, 27], [14, 27], [14, 26], [13, 26], [13, 27], [12, 27], [12, 28], [11, 28], [12, 28], [12, 29], [13, 29], [14, 29], [14, 28], [14, 29], [13, 29], [13, 30], [12, 30], [13, 30], [14, 30]]}
META {"type": "geom", "shape": "line", "group": "offpath", "data": [[0, 15, 1, 15], [0, 21, 1, 22], [0, 10, 1, 11], [0, 11, 1, 12], [0, 25, 1, 24], [2, 27, 3, 27], [2, 8, 3, 9], [2, 10, 3, 11], [2, 24, 3, 23], [2, 11, 3, 10], [2, 31, 3, 31], [2, 23, 3, 24], [5, 8, 6, 8], [5, 29, 6, 28], [5, 24, 6, 24], [5, 7, 6, 6], [12, 22, 13, 21], [12, 1, 13, 0], [12, 8, 8, 11], [12, 18, 13, 17], [12, 24, 13, 23], [12, 31, 13, 31], [12, 23, 13, 22], [12, 0, 13, 1], [12, 5, 13, 5], [12, 25, 13, 24], [12, 7, 13, 7], [14, 22, 10, 23], [14, 15, 13, 14], [14, 21, 11, 24], [14, 2, 12, 1], [14, 4, 10, 5], [14, 18, 10, 18], [14, 24, 13, 25], [14, 31, 10, 30], [14, 14, 14, 15], [14, 17, 13, 18], [14, 23, 12, 23], [14, 0, 12, 0], [14, 25, 11, 22], [6, 8, 7, 8], [6, 24, 2, 27], [6, 6, 7, 6], [6, 28, 2, 31], [7, 8, 3, 7], [7, 6, 8, 7], [7, 5, 8, 6], [8, 11, 9, 11], [8, 16, 8, 17], [8, 6, 9, 7], [8, 17, 8, 16], [8, 7, 9, 8], [13, 22, 14, 22], [13, 21, 14, 21], [13, 1, 14, 2], [13, 18, 14, 17], [13, 24, 14, 23], [13, 31, 14, 31], [13, 14, 14, 14], [13, 17, 14, 18], [13, 23, 14, 24], [13, 0, 14, 0], [13, 5, 14, 4], [13, 25, 14, 25], [13, 7, 10, 9], [10, 8, 11, 8], [10, 18, 11, 17], [10, 30, 11, 31], [10, 9, 11, 9], [10, 6, 11, 7], [10, 23, 11, 23], [10, 5, 11, 5], [10, 19, 11, 19], [1, 22, 2, 23], [1, 15, 0, 15], [1, 12, 2, 11], [1, 8, 2, 8], [1, 24, 2, 24], [1, 11, 2, 10], [9, 8, 10, 8], [9, 11, 5, 7], [9, 7, 10, 6], [4, 8, 5, 8], [4, 10, 0, 10], [4, 11, 0, 11], [4, 30, 5, 29], [4, 6, 1, 8], [4, 23, 5, 24], [11, 22, 12, 22], [11, 8, 12, 8], [11, 24, 12, 25], [11, 31, 12, 31], [11, 9, 7, 5], [11, 17, 12, 18], [11, 23, 12, 24], [11, 5, 12, 5], [11, 19, 10, 19], [11, 7, 12, 7], [3, 27, 0, 25], [3, 10, 4, 10], [3, 24, 0, 21], [3, 11, 4, 11], [3, 31, 4, 30], [3, 9, 4, 8], [3, 23, 4, 23], [3, 7, 4, 6]]}
