--------------------------------
--------------------------------
--------------------------------
------------X-------------------
-------------------XXXX---------
---------------------------Q----
---------------X---XXXX---------
--------Q--Q--------------------
---------------------------XXX--
------------------------Q-------
--------------------------------
--------------------------------
------X--X----<>---------XQX----
-----XX--XX---[]-----XX---------
-{--XXX--XXX--[]----XXX-------}-
XXXXXXXXXXXXXXXXXXXXXXX--XXXXXXX
META {"type": "solver", "id": "pysat-rc2", "objective": 0}
META {"type": "geom", "shape": "path", "group": "path", "data": [[14, 1, 10, 0], [10, 0, 11, 0], [11, 0, 12, 1], [12, 1, 13, 2], [13, 2, 14, 2], [14, 2, 10, 5], [10, 5, 11, 6], [11, 6, 7, 5], [7, 5, 8, 6], [8, 6, 9, 7], [9, 7, 10, 8], [10, 8, 11, 9], [11, 9, 7, 13], [7, 13, 8, 14], [8, 14, 9, 14], [9, 14, 10, 13], [10, 13, 11, 14], [11, 14, 7, 18], [7, 18, 8, 19], [8, 19, 9, 18], [9, 18, 10, 19], [10, 19, 11, 20], [11, 20, 12, 21], [12, 21, 8, 18], [8, 18, 9, 17], [9, 17, 10, 17], [10, 17, 11, 17], [11, 17, 12, 16], [12, 16, 13, 16], [13, 16, 14, 16], [14, 16, 14, 17], [14, 17, 14, 18], [14, 18, 10, 21], [10, 21, 11, 22], [11, 22, 12, 22], [12, 22, 10, 24], [10, 24, 11, 25], [11, 25, 7, 26], [7, 26, 8, 25], [8, 25, 9, 26], [9, 26, 10, 26], [10, 26, 11, 27], [11, 27, 7, 23], [7, 23, 8, 22], [8, 22, 9, 21], [9, 21, 10, 20], [10, 20, 11, 21], [11, 21, 12, 20], [12, 20, 13, 20], [13, 20, 10, 23], [10, 23, 11, 23], [11, 23, 12, 23], [12, 23, 13, 24], [13, 24, 14, 25], [14, 25, 13, 26], [13, 26, 14, 27], [14, 27, 11, 29], [11, 29, 12, 29], [12, 29, 13, 30], [13, 30, 14, 30]]}
META {"type": "geom", "shape": "tile", "group": "path", "data": [[14, 1], [13, 1], [12, 1], [11, 1], [10, 1], [10, 0], [11, 0], [12, 0], [12, 1], [13, 1], [13, 2], [14, 2], [13, 2], [13, 3], [12, 3], [12, 4], [11, 4], [11, 5], [10, 5], [11, 5], [11, 6], [10, 6], [9, 6], [8, 6], [7, 6], [7, 5], [8, 5], [8, 6], [9, 6], [9, 7], [10, 7], [10, 8], [11, 8], [11, 9], [10, 9], [10, 10], [9, 10], [9, 11], [8, 11], [8, 12], [7, 12], [7, 13], [8, 13], [8, 14], [9, 14], [10, 14], [10, 13], [11, 13], [11, 14], [10, 14], [10, 15], [9, 15], [9, 16], [8, 16], [8, 17], [7, 17], [7, 18], [8, 18], [8, 19], [9, 19], [9, 18], [10, 18], [10, 19], [11, 19], [11, 20], [12, 20], [12, 21], [11, 21], [11, 20], [10, 20], [10, 19], [9, 19], [9, 18], [8, 18], [9, 18], [9, 17], [10, 17], [11, 17], [12, 17], [12, 16], [13, 16], [14, 16], [14, 17], [14, 18], [13, 18], [13, 19], [12, 19], [12, 20], [11, 20], [11, 21], [10, 21], [11, 21], [11, 22], [12, 22], [11, 22], [11, 23], [10, 23], [10, 24], [11, 24], [11, 25], [10, 25], [9, 25], [8, 25], [7, 25], [7, 26], [8, 26], [8, 25], [9, 25], [9, 26], [10, 26], [11, 26], [11, 27], [10, 27], [10, 26], [9, 26], [9, 25], [8, 25], [8, 24], [7, 24], [7, 23], [8, 23], [8, 22], [9, 22], [9, 21], [10, 21], [10, 20], [11, 20], [11, 21], [12, 21], [12, 20], [13, 20], [12, 20], [12, 21], [11, 21], [11, 22], [10, 22], [10, 23], [11, 23], [12, 23], [13, 23], [13, 24], [14, 24], [14, 25], [13, 25], [13, 26], [14, 26], [14, 27], [13, 27], [13, 28], [12, 28], [12, 29], [11, 29], [12, 29], [13, 29], [13, 30], [14, 30]]}
META {"type": "geom", "shape": "line", "group": "offpath", "data": [[1, 12, 2, 12], [1, 20, 2, 20], [1, 16, 2, 15], [1, 23, 2, 23], [1, 30, 2, 29], [1, 22, 2, 22], [1, 17, 2, 18], [9, 25, 10, 25], [9, 16, 10, 16], [4, 12, 5, 11], [4, 8, 5, 7], [4, 15, 5, 15], [4, 27, 1, 30], [11, 26, 7, 25], [11, 1, 12, 2], [11, 30, 12, 30], [11, 31, 12, 31], [11, 24, 12, 24], [11, 15, 7, 16], [3, 19, 1, 17], [3, 20, 0, 22], [3, 21, 0, 23], [3, 28, 4, 27], [3, 14, 4, 15], [3, 11, 4, 12], [3, 22, 0, 20], [3, 7, 4, 8], [14, 19, 13, 19], [14, 26, 13, 27], [14, 28, 10, 27], [14, 31, 10, 30], [14, 29, 11, 31], [14, 3, 11, 1], [10, 25, 11, 24], [10, 16, 11, 15], [10, 30, 11, 30], [10, 27, 11, 26], [2, 12, 0, 11], [2, 20, 3, 20], [2, 23, 3, 22], [2, 18, 3, 19], [2, 29, 3, 28], [2, 22, 3, 21], [2, 7, 3, 7], [2, 15, 3, 14], [0, 20, 1, 20], [0, 23, 1, 22], [0, 11, 1, 12], [0, 22, 1, 23], [5, 20, 5, 21], [5, 21, 5, 20], [5, 28, 6, 29], [5, 31, 6, 30], [5, 11, 6, 11], [5, 7, 6, 8], [5, 15, 1, 16], [13, 19, 14, 19], [13, 25, 14, 26], [13, 31, 14, 31], [13, 29, 14, 29], [13, 3, 14, 3], [13, 27, 14, 28], [7, 25, 8, 26], [7, 16, 8, 15], [7, 28, 6, 27], [7, 29, 5, 31], [7, 27, 5, 28], [6, 30, 7, 29], [6, 29, 7, 28], [6, 11, 2, 7], [6, 8, 3, 11], [6, 27, 7, 27], [12, 2, 13, 3], [12, 30, 13, 29], [12, 31, 13, 31], [12, 24, 13, 25], [8, 26, 9, 25], [8, 15, 9, 16]]}
