XXXXXXXXXXXXXXXX
X0------X-----1X
XXX-XX-------XXX
XXX-XX--XXX--XXX
X---XX-----XX--X
XXX-XX---X-XX-XX
XXX------X----XX
XXX-XXX--X-XXXXX
X--XXXX-X--XXXXX
XXXXXXXX-X-----X
XXXXXXXX--XX---X
X----XXXXXXXXXXX
XXX--XXXXXXXXXXX
XXX---XX-XXX-XXX
X2------------3X
XXXXXXXXXXXXXXXX
META {"type": "solver", "id": "pysat-rc2-boolonly", "objective": 0}
META {"type": "geom", "shape": "path", "group": "path", "data": [[1, 1, 1, 2], [1, 2, 1, 3], [1, 3, 2, 3], [2, 3, 3, 3], [3, 3, 4, 3], [4, 3, 5, 3], [5, 3, 6, 3], [6, 3, 6, 4], [6, 4, 6, 5], [6, 5, 6, 6], [6, 6, 5, 6], [5, 6, 4, 6], [4, 6, 3, 6], [3, 6, 2, 6], [2, 6, 2, 7], [2, 7, 2, 8], [2, 8, 2, 9], [2, 9, 1, 9], [1, 9, 1, 10], [1, 10, 1, 11], [1, 11, 2, 11], [2, 11, 2, 12], [2, 12, 1, 12], [1, 12, 1, 13], [1, 13, 1, 14]]}
META {"type": "geom", "shape": "tile", "group": "path", "data": [[1, 1], [1, 2], [1, 3], [2, 3], [3, 3], [4, 3], [5, 3], [6, 3], [6, 4], [6, 5], [6, 6], [5, 6], [4, 6], [3, 6], [2, 6], [2, 7], [2, 8], [2, 9], [1, 9], [1, 10], [1, 11], [2, 11], [2, 12], [1, 12], [1, 13], [1, 14]]}
META {"type": "geom", "shape": "line", "group": "offpath", "data": [[4, 7, 3, 7], [1, 5, 1, 4], [1, 4, 1, 5], [3, 7, 4, 7], [3, 12, 3, 11], [3, 11, 3, 12], [7, 7, 8, 7], [14, 6, 14, 5], [14, 10, 14, 9], [14, 3, 14, 4], [14, 7, 14, 8], [14, 9, 14, 10], [14, 5, 14, 6], [14, 4, 14, 3], [14, 8, 14, 7], [9, 10, 9, 11], [9, 12, 10, 12], [9, 11, 9, 10], [5, 8, 6, 8], [10, 12, 9, 12], [8, 7, 7, 7], [6, 8, 5, 8]]}
META {"type": "geom", "shape": "path", "group": "path", "data": [[14, 1, 14, 2], [14, 2, 14, 3], [14, 3, 13, 3], [13, 3, 12, 3], [12, 3, 11, 3], [11, 3, 11, 4], [11, 4, 12, 4], [12, 4, 13, 4], [13, 4, 14, 4], [14, 4, 14, 5], [14, 5, 14, 6], [14, 6, 14, 7], [14, 7, 14, 8], [14, 8, 14, 9], [14, 9, 14, 10], [14, 10, 14, 11], [14, 11, 14, 12], [14, 12, 14, 13], [14, 13, 14, 14]]}
META {"type": "geom", "shape": "tile", "group": "path", "data": [[14, 1], [14, 2], [14, 3], [13, 3], [12, 3], [11, 3], [11, 4], [12, 4], [13, 4], [14, 4], [14, 5], [14, 6], [14, 7], [14, 8], [14, 9], [14, 10], [14, 11], [14, 12], [14, 13], [14, 14]]}
META {"type": "geom", "shape": "line", "group": "offpath", "data": [[11, 1, 11, 2], [11, 2, 11, 1]]}
