--------------------------------
--------------------------------
--------------------------------
-----Q----------------------Q---
---------------XQQX-------------
--X---------Q-------------------
-------X-----------------XXXX---
--------------------------------
----------------------X---------
------X------XXX-----XX--<>-----
--------------------XXX--[]--X--
-------------------XXXX--[]-----
----X-------------XXXXX--[]-----
----XX-----------XXXXXX--[]-----
-{--XXX---------XXXXXXX--[]---}-
XXXXXXXXXXXXXXXXXXXXXXXXXXXXXXXX
META {"type": "solver", "id": "pysat-rc2", "objective": 0}
META {"type": "geom", "shape": "path", "group": "path", "data": [[14, 1, 14, 2], [14, 2, 10, 3], [10, 3, 11, 4], [11, 4, 7, 0], [7, 0, 8, 0], [8, 0, 9, 1], [9, 1, 10, 1], [10, 1, 11, 2], [11, 2, 12, 2], [12, 2, 13, 2], [13, 2, 14, 3], [14, 3, 10, 4], [10, 4, 11, 5], [11, 5, 12, 5], [12, 5, 8, 6], [8, 6, 4, 7], [4, 7, 5, 7], [5, 7, 1, 11], [1, 11, 2, 12], [2, 12, 3, 13], [3, 13, 4, 14], [4, 14, 5, 13], [5, 13, 6, 13], [6, 13, 7, 14], [7, 14, 8, 13], [8, 13, 4, 12], [4, 12, 0, 13], [0, 13, 1, 13], [1, 13, 2, 14], [2, 14, 3, 15], [3, 15, 0, 18], [0, 18, 1, 19], [1, 19, 2, 19], [2, 19, 3, 18], [3, 18, 0, 21], [0, 21, 1, 21], [1, 21, 2, 21], [2, 21, 3, 20], [3, 20, 4, 19], [4, 19, 5, 19], [5, 19, 6, 18], [6, 18, 7, 18], [7, 18, 8, 17], [8, 17, 9, 18], [9, 18, 10, 18], [10, 18, 11, 18], [11, 18, 7, 21], [7, 21, 8, 21], [8, 21, 4, 20], [4, 20, 5, 21], [5, 21, 6, 20], [6, 20, 7, 19], [7, 19, 8, 20], [8, 20, 9, 20], [9, 20, 5, 23], [5, 23, 6, 24], [6, 24, 7, 25], [7, 25, 8, 26], [8, 26, 7, 27], [7, 27, 8, 28], [8, 28, 9, 29], [9, 29, 5, 28], [5, 28, 1, 24], [1, 24, 2, 24], [2, 24, 3, 25], [3, 25, 4, 24], [4, 24, 5, 24], [5, 24, 6, 23], [6, 23, 7, 24], [7, 24, 8, 25], [8, 25, 7, 26], [7, 26, 8, 27], [8, 27, 9, 27], [9, 27, 10, 28], [10, 28, 11, 29], [11, 29, 12, 28], [12, 28, 13, 29], [13, 29, 14, 29], [14, 29, 12, 27], [12, 27, 13, 28], [13, 28, 14, 28], [14, 28, 13, 27], [13, 27, 14, 27], [14, 27, 12, 29], [12, 29, 13, 30], [13, 30, 14, 30]]}
META {"type": "geom", "shape": "tile", "group": "path", "data": [[14, 1], [14, 2], [13, 2], [12, 2], [11, 2], [10, 2], [10, 3], [11, 3], [11, 4], [10, 4], [10, 3], [9, 3], [9, 2], [8, 2], [8, 1], [7, 1], [7, 0], [8, 0], [9, 0], [9, 1], [10, 1], [11, 1], [11, 2], [12, 2], [13, 2], [14, 2], [14, 3], [13, 3], [12, 3], [11, 3], [10, 3], [10, 4], [11, 4], [11, 5], [12, 5], [11, 5], [10, 5], [9, 5], [8, 5], [8, 6], [7, 6], [6, 6], [5, 6], [4, 6], [4, 7], [5, 7], [4, 7], [4, 8], [3, 8], [3, 9], [2, 9], [2, 10], [1, 10], [1, 11], [2, 11], [2, 12], [3, 12], [3, 13], [4, 13], [4, 14], [5, 14], [5, 13], [6, 13], [7, 13], [7, 14], [8, 14], [8, 13], [7, 13], [6, 13], [5, 13], [4, 13], [4, 12], [3, 12], [2, 12], [1, 12], [0, 12], [0, 13], [1, 13], [2, 13], [2, 14], [3, 14], [3, 15], [2, 15], [2, 16], [1, 16], [1, 17], [0, 17], [0, 18], [1, 18], [1, 19], [2, 19], [3, 19], [3, 18], [2, 18], [2, 19], [1, 19], [1, 20], [0, 20], [0, 21], [1, 21], [2, 21], [3, 21], [3, 20], [4, 20], [4, 19], [5, 19], [6, 19], [6, 18], [7, 18], [8, 18], [8, 17], [9, 17], [9, 18], [10, 18], [11, 18], [10, 18], [10, 19], [9, 19], [9, 20], [8, 20], [8, 21], [7, 21], [8, 21], [7, 21], [6, 21], [5, 21], [4, 21], [4, 20], [5, 20], [5, 21], [6, 21], [6, 20], [7, 20], [7, 19], [8, 19], [8, 20], [9, 20], [8, 20], [8, 21], [7, 21], [7, 22], [6, 22], [6, 23], [5, 23], [6, 23], [6, 24], [7, 24], [7, 25], [8, 25], [8, 26], [7, 26], [7, 27], [8, 27], [8, 28], [9, 28], [9, 29], [8, 29], [7, 29], [6, 29], [5, 29], [5, 28], [4, 28], [4, 27], [3, 27], [3, 26], [2, 26], [2, 25], [1, 25], [1, 24], [2, 24], [3, 24], [3, 25], [4, 25], [4, 24], [5, 24], [6, 24], [6, 23], [7, 23], [7, 24], [8, 24], [8, 25], [7, 25], [7, 26], [8, 26], [8, 27], [9, 27], [10, 27], [10, 28], [11, 28], [11, 29], [12, 29], [12, 28], [13, 28], [13, 29], [14, 29], [13, 29], [13, 28], [12, 28], [12, 27], [13, 27], [13, 28], [14, 28], [13, 28], [13, 27], [14, 27], [13, 27], [13, 28], [12, 28], [12, 29], [13, 29], [13, 30], [14, 30]]}
META {"type": "geom", "shape": "line", "group": "offpath", "data": [[8, 16, 9, 16], [8, 15, 7, 16], [8, 14, 7, 13], [3, 2, 4, 2], [3, 24, 4, 25], [3, 27, 4, 27], [3, 16, 1, 18], [3, 29, 4, 28], [3, 17, 0, 17], [13, 24, 14, 23], [13, 31, 14, 31], [13, 11, 14, 11], [13, 15, 14, 14], [13, 14, 14, 15], [13, 9, 14, 9], [1, 6, 2, 5], [1, 18, 2, 17], [1, 16, 2, 15], [1, 28, 2, 29], [1, 26, 2, 26], [1, 23, 2, 23], [4, 2, 2, 2], [4, 25, 5, 25], [4, 27, 5, 26], [4, 28, 5, 27], [2, 2, 3, 2], [2, 28, 0, 26], [2, 29, 3, 29], [2, 15, 3, 16], [2, 26, 3, 27], [2, 5, 0, 6], [2, 23, 3, 24], [2, 17, 3, 17], [12, 23, 13, 24], [12, 17, 8, 16], [12, 10, 13, 11], [6, 21, 7, 22], [7, 16, 8, 15], [7, 22, 5, 22], [7, 13, 8, 14], [10, 15, 11, 16], [10, 10, 11, 10], [11, 16, 12, 17], [11, 23, 12, 23], [11, 10, 12, 10], [14, 31, 13, 31], [14, 11, 14, 10], [14, 15, 13, 15], [14, 23, 11, 23], [14, 14, 13, 14], [14, 10, 13, 9], [14, 9, 10, 10], [9, 16, 10, 15], [5, 25, 2, 28], [5, 27, 1, 28], [5, 22, 6, 21], [5, 26, 1, 23], [0, 6, 1, 6], [0, 26, 1, 26], [0, 17, 1, 16]]}
