--------------------------------
--------------------------------
--------------------------------
-------------------------X------
---------------Q--X-------------
---------------------XX------X--
--------------------------X-----
-----------------Q--------------
--------------------------------
----------X--Q-------<>---------
------------------X--[]---------
-----------------XX--[]---------
----------------XXX--[]---------
---------------XXXX--[]---------
-{------------XXXXX--[]-------}-
XXXXX--XXXXXXXXXXXXXXXXXXXXXXXXX
META {"type": "solver", "id": "pysat-rc2", "objective": 0}
META {"type": "geom", "shape": "path", "group": "path", "data": [[14, 1, 10, 0], [10, 0, 11, 1], [11, 1, 12, 0], [12, 0, 13, 1], [13, 1, 14, 2], [14, 2, 14, 3], [14, 3, 12, 5], [12, 5, 13, 6], [13, 6, 14, 7], [14, 7, 13, 8], [13, 8, 14, 8], [14, 8, 11, 10], [11, 10, 12, 9], [12, 9, 13, 10], [13, 10, 14, 10], [14, 10, 13, 9], [13, 9, 14, 9], [14, 9, 10, 13], [10, 13, 11, 12], [11, 12, 12, 13], [12, 13, 13, 14], [13, 14, 9, 18], [9, 18, 6, 21], [6, 21, 7, 22], [7, 22, 8, 22], [8, 22, 4, 25], [4, 25, 5, 26], [5, 26, 1, 26], [1, 26, 2, 27], [2, 27, 3, 28], [3, 28, 4, 29], [4, 29, 0, 25], [0, 25, 1, 24], [1, 24, 2, 25], [2, 25, 0, 26], [0, 26, 1, 25], [1, 25, 2, 24], [2, 24, 3, 23], [3, 23, 4, 22], [4, 22, 0, 19], [0, 19, 1, 20], [1, 20, 2, 20], [2, 20, 3, 20], [3, 20, 4, 21], [4, 21, 0, 17], [0, 17, 1, 18], [1, 18, 2, 19], [2, 19, 3, 18], [3, 18, 1, 16], [1, 16, 2, 16], [2, 16, 3, 16], [3, 16, 4, 16], [4, 16, 5, 15], [5, 15, 6, 14], [6, 14, 7, 13], [7, 13, 8, 13], [8, 13, 4, 17], [4, 17, 5, 16], [5, 16, 6, 17], [6, 17, 6, 18], [6, 18, 7, 18], [7, 18, 8, 17], [8, 17, 9, 16], [9, 16, 10, 17], [10, 17, 6, 13], [6, 13, 7, 12], [7, 12, 8, 11], [8, 11, 9, 12], [9, 12, 10, 12], [10, 12, 11, 11], [11, 11, 12, 10], [12, 10, 13, 11], [13, 11, 14, 12], [14, 12, 13, 13], [13, 13, 14, 13], [14, 13, 10, 14], [10, 14, 11, 14], [11, 14, 12, 15], [12, 15, 10, 16], [10, 16, 11, 16], [11, 16, 7, 20], [7, 20, 8, 21], [8, 21, 4, 24], [4, 24, 5, 25], [5, 25, 6, 25], [6, 25, 7, 26], [7, 26, 8, 27], [8, 27, 9, 28], [9, 28, 10, 29], [10, 29, 11, 28], [11, 28, 12, 29], [12, 29, 13, 29], [13, 29, 14, 28], [14, 28, 13, 28], [13, 28, 14, 29], [14, 29, 13, 30], [13, 30, 14, 31], [14, 31, 14, 30]]}
META {"type": "geom", "shape": "tile", "group": "path", "data": [[14, 1], [13, 1], [12, 1], [11, 1], [10, 1], [10, 0], [11, 0], [11, 1], [12, 1], [12, 0], [13, 0], [13, 1], [14, 1], [14, 2], [14, 3], [13, 3], [13, 4], [12, 4], [12, 5], [13, 5], [13, 6], [14, 6], [14, 7], [13, 7], [13, 8], [14, 8], [13, 8], [13, 9], [12, 9], [12, 10], [11, 10], [12, 10], [12, 9], [13, 9], [13, 10], [14, 10], [13, 10], [13, 9], [14, 9], [13, 9], [13, 10], [12, 10], [12, 11], [11, 11], [11, 12], [10, 12], [10, 13], [11, 13], [11, 12], [12, 12], [12, 13], [13, 13], [13, 14], [12, 14], [12, 15], [11, 15], [11, 16], [10, 16], [10, 17], [9, 17], [9, 18], [8, 18], [8, 19], [7, 19], [7, 20], [6, 20], [6, 21], [7, 21], [7, 22], [8, 22], [7, 22], [7, 23], [6, 23], [6, 24], [5, 24], [5, 25], [4, 25], [5, 25], [5, 26], [4, 26], [3, 26], [2, 26], [1, 26], [2, 26], [2, 27], [3, 27], [3, 28], [4, 28], [4, 29], [3, 29], [3, 28], [2, 28], [2, 27], [1, 27], [1, 26], [0, 26], [0, 25], [1, 25], [1, 24], [2, 24], [2, 25], [1, 25], [1, 26], [0, 26], [1, 26], [1, 25], [2, 25], [2, 24], [3, 24], [3, 23], [4, 23], [4, 22], [3, 22], [3, 21], [2, 21], [2, 20], [1, 20], [1, 19], [0, 19], [1, 19], [1, 20], [2, 20], [3, 20], [4, 20], [4, 21], [3, 21], [3, 20], [2, 20], [2, 19], [1, 19], [1, 18], [0, 18], [0, 17], [1, 17], [1, 18], [2, 18], [2, 19], [3, 19], [3, 18], [2, 18], [2, 17], [1, 17], [1, 16], [2, 16], [3, 16], [4, 16], [5, 16], [5, 15], [6, 15], [6, 14], [7, 14], [7, 13], [8, 13], [7, 13], [7, 14], [6, 14], [6, 15], [5, 15], [5, 16], [4, 16], [4, 17], [5, 17], [5, 16], [6, 16], [6, 17], [6, 18], [7, 18], [8, 18], [8, 17], [9, 17], [9, 16], [10, 16], [10, 17], [9, 17], [9, 16], [8, 16], [8, 15], [7, 15], [7, 14], [6, 14], [6, 13], [7, 13], [7, 12], [8, 12], [8, 11], [9, 11], [9, 12], [10, 12], [11, 12], [11, 11], [12, 11], [12, 10], [13, 10], [13, 11], [14, 11], [14, 12], [13, 12], [13, 13], [14, 13], [13, 13], [12, 13], [11, 13], [10, 13], [10, 14], [11, 14], [12, 14], [12, 15], [11, 15], [11, 16], [10, 16], [11, 16], [10, 16], [10, 17], [9, 17], [9, 18], [8, 18], [8, 19], [7, 19], [7, 20], [8, 20], [8, 21], [7, 21], [7, 22], [6, 22], [6, 23], [5, 23], [5, 24], [4, 24], [5, 24], [5, 25], [6, 25], [7, 25], [7, 26], [8, 26], [8, 27], [9, 27], [9, 28], [10, 28], [10, 29], [11, 29], [11, 28], [12, 28], [12, 29], [13, 29], [14, 29], [14, 28], [13, 28], [14, 28], [14, 29], [13, 29], [13, 30], [14, 30], [14, 31], [14, 30]]}
META {"type": "geom", "shape": "line", "group": "offpath", "data": [[10, 1, 11, 2], [14, 26, 13, 27], [14, 27, 13, 26], [14, 4, 10, 1], [12, 3, 13, 3], [11, 2, 12, 3], [7, 11, 8, 10], [6, 12, 7, 11], [8, 10, 4, 13], [4, 13, 5, 13], [5, 13, 6, 12], [13, 26, 14, 27], [13, 27, 14, 26], [13, 3, 14, 4]]}
