--------------------------------
--------------------------------
---------Q-----Q----------------
--------------------------------
--------------------X------X----
---------------XXX------X-------
---------X--Q-------------------
----XQX---------------------X---
------------------XXX-----------
-----------X--------------------
----------XX--------------------
---------XXX--------------------
--------XXXX-------<>---X-------
-------XXXXX-------[]-----------
-{----XXXXXX-------[]---------}-
XXXXXXXXXXXXXXXXXXXXXXXXXXXXXXXX
META {"type": "solver", "id": "pysat-rc2", "objective": 0}
META {"type": "geom", "shape": "path", "group": "path", "data": [[14, 1, 11, 3], [11, 3, 12, 4], [12, 4, 13, 4], [13, 4, 14, 5], [14, 5, 10, 9], [10, 9, 8, 9], [8, 9, 9, 9], [9, 9, 10, 8], [10, 8, 11, 7], [11, 7, 12, 7], [12, 7, 8, 10], [8, 10, 9, 10], [9, 10, 5, 10], [5, 10, 6, 11], [6, 11, 7, 10], [7, 10, 8, 11], [8, 11, 4, 11], [4, 11, 5, 12], [5, 12, 2, 14], [2, 14, 3, 15], [3, 15, 4, 16], [4, 16, 2, 17], [2, 17, 3, 18], [3, 18, 4, 17], [4, 17, 0, 21], [0, 21, 1, 22], [1, 22, 2, 23], [2, 23, 3, 23], [3, 23, 4, 24], [4, 24, 0, 25], [0, 25, 1, 25], [1, 25, 2, 26], [2, 26, 3, 27], [3, 27, 0, 29], [0, 29, 1, 29], [1, 29, 2, 30], [2, 30, 3, 30], [3, 30, 4, 30], [4, 30, 5, 29], [5, 29, 6, 28], [6, 28, 2, 27], [2, 27, 3, 28], [3, 28, 4, 29], [4, 29, 5, 30], [5, 30, 6, 29], [6, 29, 7, 30], [7, 30, 8, 30], [8, 30, 9, 30], [9, 30, 10, 29], [10, 29, 11, 30], [11, 30, 12, 29], [12, 29, 13, 30], [13, 30, 14, 31], [14, 31, 11, 28], [11, 28, 12, 28], [12, 28, 13, 29], [13, 29, 14, 28], [14, 28, 13, 27], [13, 27, 14, 27], [14, 27, 13, 28], [13, 28, 14, 29], [14, 29, 14, 30]]}
META {"type": "geom", "shape": "tile", "group": "path", "data": [[14, 1], [13, 1], [13, 2], [12, 2], [12, 3], [11, 3], [12, 3], [12, 4], [13, 4], [14, 4], [14, 5], [13, 5], [13, 6], [12, 6], [12, 7], [11, 7], [11, 8], [10, 8], [10, 9], [9, 9], [8, 9], [9, 9], [10, 9], [10, 8], [11, 8], [11, 7], [12, 7], [11, 7], [11, 8], [10, 8], [10, 9], [9, 9], [9, 10], [8, 10], [9, 10], [8, 10], [7, 10], [6, 10], [5, 10], [6, 10], [6, 11], [7, 11], [7, 10], [8, 10], [8, 11], [7, 11], [6, 11], [5, 11], [4, 11], [5, 11], [5, 12], [4, 12], [4, 13], [3, 13], [3, 14], [2, 14], [3, 14], [3, 15], [4, 15], [4, 16], [3, 16], [3, 17], [2, 17], [3, 17], [3, 18], [4, 18], [4, 17], [3, 17], [3, 18], [2, 18], [2, 19], [1, 19], [1, 20], [0, 20], [0, 21], [1, 21], [1, 22], [2, 22], [2, 23], [3, 23], [4, 23], [4, 24], [3, 24], [2, 24], [1, 24], [0, 24], [0, 25], [1, 25], [2, 25], [2, 26], [3, 26], [3, 27], [2, 27], [2, 28], [1, 28], [1, 29], [0, 29], [1, 29], [2, 29], [2, 30], [3, 30], [4, 30], [5, 30], [5, 29], [6, 29], [6, 28], [5, 28], [4, 28], [3, 28], [2, 28], [2, 27], [3, 27], [3, 28], [4, 28], [4, 29], [5, 29], [5, 30], [6, 30], [6, 29], [7, 29], [7, 30], [8, 30], [9, 30], [10, 30], [10, 29], [11, 29], [11, 30], [12, 30], [12, 29], [13, 29], [13, 30], [14, 30], [14, 31], [13, 31], [13, 30], [12, 30], [12, 29], [11, 29], [11, 28], [12, 28], [13, 28], [13, 29], [14, 29], [14, 28], [13, 28], [13, 27], [14, 27], [13, 27], [13, 28], [14, 28], [14, 29], [14, 30]]}
META {"type": "geom", "shape": "line", "group": "offpath", "data": [[2, 8, 3, 7], [2, 20, 3, 21], [2, 19, 3, 19], [13, 25, 14, 26], [13, 6, 13, 5], [13, 2, 14, 2], [13, 5, 14, 4], [13, 1, 14, 0], [14, 25, 10, 28], [14, 4, 10, 5], [14, 2, 10, 2], [14, 0, 10, 3], [14, 26, 14, 25], [12, 6, 13, 6], [12, 26, 13, 25], [12, 1, 13, 1], [12, 3, 13, 2], [3, 16, 4, 15], [3, 7, 4, 7], [3, 4, 4, 5], [3, 21, 4, 22], [3, 20, 0, 20], [3, 10, 4, 9], [3, 19, 4, 18], [6, 6, 6, 5], [6, 17, 7, 18], [6, 4, 3, 4], [6, 5, 2, 8], [6, 20, 7, 20], [6, 19, 7, 19], [7, 18, 6, 17], [7, 23, 8, 22], [7, 20, 3, 16], [7, 19, 3, 20], [0, 18, 1, 18], [0, 15, 1, 15], [0, 8, 1, 9], [0, 20, 1, 19], [5, 9, 3, 10], [5, 18, 6, 19], [5, 6, 6, 6], [5, 4, 6, 4], [5, 21, 6, 20], [8, 22, 9, 21], [11, 4, 12, 3], [11, 2, 12, 1], [11, 27, 12, 26], [11, 5, 12, 6], [11, 20, 9, 18], [11, 19, 7, 23], [9, 18, 10, 19], [9, 21, 10, 20], [1, 9, 0, 8], [1, 18, 2, 19], [1, 15, 0, 15], [1, 19, 2, 20], [10, 2, 11, 2], [10, 5, 11, 5], [10, 20, 11, 20], [10, 28, 11, 27], [10, 3, 11, 4], [10, 19, 11, 19], [4, 9, 5, 9], [4, 18, 5, 18], [4, 7, 5, 6], [4, 15, 0, 18], [4, 5, 5, 4], [4, 22, 5, 21]]}
