--------------------------------
--------------------------------
---------------X----------------
--------------------XX----------
------------X-------------------
--------X----------------XX--Q--
----------------XXX-------------
----------------------Q---------
-----X-----X--------------------
-------------------------XX-----
--------------XQQX--------------
--------------------------------
----X-----<>-------------X------
----XX----[]---------XX--XX-----
-{--XXX---[]--------XXX--XXX--}-
XXXXXXXXXXXXXXXXXXXXXXX--XXXXXXX
META {"type": "solver", "id": "pysat-rc2", "objective": 0}
META {"type": "geom", "shape": "path", "group": "path", "data": [[14, 1, 10, 2], [10, 2, 11, 1], [11, 1, 12, 1], [12, 1, 13, 2], [13, 2, 14, 3], [14, 3, 14, 2], [14, 2, 10, 1], [10, 1, 11, 0], [11, 0, 12, 0], [12, 0, 13, 1], [13, 1, 14, 0], [14, 0, 10, 3], [10, 3, 11, 4], [11, 4, 7, 5], [7, 5, 3, 9], [3, 9, 4, 10], [4, 10, 5, 10], [5, 10, 6, 11], [6, 11, 7, 11], [7, 11, 4, 8], [4, 8, 0, 12], [0, 12, 1, 13], [1, 13, 2, 13], [2, 13, 3, 12], [3, 12, 0, 9], [0, 9, 1, 9], [1, 9, 2, 10], [2, 10, 3, 11], [3, 11, 4, 11], [4, 11, 5, 12], [5, 12, 6, 13], [6, 13, 7, 13], [7, 13, 8, 13], [8, 13, 9, 14], [9, 14, 5, 15], [5, 15, 6, 14], [6, 14, 7, 15], [7, 15, 8, 16], [8, 16, 9, 15], [9, 15, 5, 16], [5, 16, 1, 15], [1, 15, 0, 16], [0, 16, 1, 16], [1, 16, 2, 16], [2, 16, 3, 15], [3, 15, 4, 16], [4, 16, 5, 17], [5, 17, 3, 18], [3, 18, 4, 17], [4, 17, 5, 18], [5, 18, 1, 17], [1, 17, 2, 18], [2, 18, 3, 19], [3, 19, 4, 20], [4, 20, 5, 20], [5, 20, 6, 21], [6, 21, 7, 20], [7, 20, 8, 19], [8, 19, 9, 19], [9, 19, 10, 19], [10, 19, 11, 20], [11, 20, 12, 20], [12, 20, 13, 20], [13, 20, 9, 24], [9, 24, 10, 24], [10, 24, 11, 25], [11, 25, 11, 26], [11, 26, 12, 26], [12, 26, 10, 27], [10, 27, 11, 27], [11, 27, 12, 27], [12, 27, 13, 27], [13, 27, 10, 30], [10, 30, 11, 31], [11, 31, 12, 30], [12, 30, 13, 29], [13, 29, 14, 30]]}
META {"type": "geom", "shape": "tile", "group": "path", "data": [[14, 1], [13, 1], [12, 1], [11, 1], [10, 1], [10, 2], [11, 2], [11, 1], [12, 1], [13, 1], [13, 2], [14, 2], [14, 3], [14, 2], [13, 2], [12, 2], [11, 2], [10, 2], [10, 1], [11, 1], [11, 0], [12, 0], [13, 0], [13, 1], [14, 1], [14, 0], [13, 0], [13, 1], [12, 1], [12, 2], [11, 2], [11, 3], [10, 3], [11, 3], [11, 4], [10, 4], [9, 4], [8, 4], [7, 4], [7, 5], [6, 5], [6, 6], [5, 6], [5, 7], [4, 7], [4, 8], [3, 8], [3, 9], [4, 9], [4, 10], [5, 10], [6, 10], [6, 11], [7, 11], [6, 11], [6, 10], [5, 10], [5, 9], [4, 9], [4, 8], [3, 8], [3, 9], [2, 9], [2, 10], [1, 10], [1, 11], [0, 11], [0, 12], [1, 12], [1, 13], [2, 13], [3, 13], [3, 12], [2, 12], [2, 11], [1, 11], [1, 10], [0, 10], [0, 9], [1, 9], [2, 9], [2, 10], [3, 10], [3, 11], [4, 11], [5, 11], [5, 12], [6, 12], [6, 13], [7, 13], [8, 13], [9, 13], [9, 14], [8, 14], [7, 14], [6, 14], [5, 14], [5, 15], [6, 15], [6, 14], [7, 14], [7, 15], [8, 15], [8, 16], [9, 16], [9, 15], [8, 15], [7, 15], [6, 15], [5, 15], [5, 16], [4, 16], [3, 16], [2, 16], [1, 16], [1, 15], [0, 15], [0, 16], [1, 16], [2, 16], [3, 16], [3, 15], [4, 15], [4, 16], [5, 16], [5, 17], [4, 17], [4, 18], [3, 18], [4, 18], [4, 17], [5, 17], [5, 18], [4, 18], [3, 18], [2, 18], [1, 18], [1, 17], [2, 17], [2, 18], [3, 18], [3, 19], [4, 19], [4, 20], [5, 20], [6, 20], [6, 21], [7, 21], [7, 20], [8, 20], [8, 19], [9, 19], [10, 19], [11, 19], [11, 20], [12, 20], [13, 20], [12, 20], [12, 21], [11, 21], [11, 22], [10, 22], [10, 23], [9, 23], [9, 24], [10, 24], [11, 24], [11, 25], [11, 26], [12, 26], [11, 26], [11, 27], [10, 27], [11, 27], [12, 27], [13, 27], [12, 27], [12, 28], [11, 28], [11, 29], [10, 29], [10, 30], [11, 30], [11, 31], [12, 31], [12, 30], [13, 30], [13, 29], [14, 29], [14, 30]]}
META {"type": "geom", "shape": "line", "group": "offpath", "data": [[1, 24, 2, 24], [1, 27, 2, 28], [1, 20, 2, 21], [1, 26, 2, 26], [10, 12, 11, 11], [10, 22, 11, 23], [10, 20, 11, 21], [10, 10, 11, 10], [10, 18, 11, 19], [10, 7, 11, 7], [2, 24, 3, 25], [2, 23, 3, 24], [2, 28, 3, 28], [2, 26, 3, 27], [2, 21, 0, 19], [5, 23, 6, 22], [5, 28, 6, 28], [6, 28, 7, 27], [6, 22, 2, 23], [6, 20, 7, 21], [13, 15, 14, 14], [13, 16, 14, 15], [13, 9, 14, 9], [13, 17, 14, 18], [13, 31, 14, 31], [13, 19, 14, 19], [13, 30, 14, 29], [13, 7, 14, 7], [11, 23, 12, 22], [11, 11, 7, 8], [11, 17, 12, 18], [11, 19, 12, 19], [11, 10, 8, 12], [11, 7, 12, 8], [11, 21, 12, 21], [0, 24, 1, 24], [0, 25, 1, 26], [0, 26, 1, 27], [0, 19, 1, 20], [7, 8, 8, 7], [7, 27, 8, 26], [7, 25, 8, 25], [7, 21, 8, 20], [14, 15, 10, 18], [14, 14, 12, 14], [14, 9, 13, 9], [14, 31, 13, 31], [14, 19, 11, 17], [14, 29, 12, 31], [14, 18, 12, 17], [14, 7, 10, 10], [9, 6, 10, 7], [9, 23, 10, 22], [9, 12, 10, 12], [9, 17, 6, 20], [9, 20, 10, 20], [4, 27, 5, 28], [4, 25, 0, 24], [4, 22, 5, 23], [4, 26, 0, 26], [4, 29, 0, 25], [3, 24, 4, 25], [3, 27, 4, 27], [3, 28, 4, 29], [3, 25, 4, 26], [12, 8, 13, 7], [12, 14, 13, 15], [12, 17, 13, 16], [12, 22, 8, 18], [12, 31, 13, 30], [12, 19, 13, 19], [12, 18, 13, 17], [12, 21, 8, 24], [8, 24, 9, 23], [8, 25, 7, 25], [8, 12, 9, 12], [8, 20, 9, 20], [8, 26, 4, 22], [8, 18, 9, 17], [8, 7, 9, 6]]}
