--------------------------------
--------------------------------
--------------------------------
---------XX------------X--------
----------------X--X-------Q----
--------------------------------
--------------------------------
---------------------X----------
--XXX---------XX----XX-----X----
-------Q---Q-------XXX----------
------------------XXXX----------
-----------------XXXXX--X-------
--------<>------XXXXXX----------
--------[]-----XXXXXXX----------
-{------[]----XXXXXXXX--------}-
XXXXXXXXXXXXXXXXXXXXXXXXXXXXXXXX
META {"type": "solver", "id": "pysat-rc2", "objective": 0}
META {"type": "geom", "shape": "path", "group": "path", "data": [[14, 1, 12, 2], [12, 2, 13, 3], [13, 3, 14, 2], [14, 2, 12, 4], [12, 4, 13, 5], [13, 5, 14, 6], [14, 6, 11, 4], [11, 4, 12, 5], [12, 5, 13, 6], [13, 6, 14, 5], [14, 5, 11, 8], [11, 8, 7, 12], [7, 12, 8, 11], [8, 11, 4, 15], [4, 15, 5, 15], [5, 15, 6, 16], [6, 16, 7, 15], [7, 15, 3, 19], [3, 19, 0, 21], [0, 21, 1, 22], [1, 22, 2, 23], [2, 23, 0, 23], [0, 23, 1, 24], [1, 24, 2, 25], [2, 25, 3, 26], [3, 26, 4, 26], [4, 26, 5, 27], [5, 27, 6, 28], [6, 28, 7, 29], [7, 29, 8, 29], [8, 29, 9, 28], [9, 28, 10, 28], [10, 28, 11, 29], [11, 29, 12, 28], [12, 28, 13, 29], [13, 29, 14, 28], [14, 28, 10, 24], [10, 24, 6, 25], [6, 25, 7, 25], [7, 25, 8, 26], [8, 26, 9, 26], [9, 26, 10, 26], [10, 26, 11, 25], [11, 25, 12, 25], [12, 25, 13, 24], [13, 24, 14, 25], [14, 25, 12, 23], [12, 23, 13, 22], [13, 22, 14, 23], [14, 23, 14, 22], [14, 22, 12, 24], [12, 24, 13, 25], [13, 25, 14, 24], [14, 24, 10, 27], [10, 27, 11, 28], [11, 28, 12, 27], [12, 27, 13, 26], [13, 26, 14, 27], [14, 27, 14, 26], [14, 26, 10, 29], [10, 29, 11, 30], [11, 30, 12, 30], [12, 30, 13, 31], [13, 31, 14, 30]]}
META {"type": "geom", "shape": "tile", "group": "path", "data": [[14, 1], [13, 1], [13, 2], [12, 2], [13, 2], [13, 3], [14, 3], [14, 2], [13, 2], [13, 3], [12, 3], [12, 4], [13, 4], [13, 5], [14, 5], [14, 6], [13, 6], [13, 5], [12, 5], [12, 4], [11, 4], [12, 4], [12, 5], [13, 5], [13, 6], [14, 6], [14, 5], [13, 5], [13, 6], [12, 6], [12, 7], [11, 7], [11, 8], [10, 8], [10, 9], [9, 9], [9, 10], [8, 10], [8, 11], [7, 11], [7, 12], [8, 12], [8, 11], [7, 11], [7, 12], [6, 12], [6, 13], [5, 13], [5, 14], [4, 14], [4, 15], [5, 15], [6, 15], [6, 16], [7, 16], [7, 15], [6, 15], [6, 16], [5, 16], [5, 17], [4, 17], [4, 18], [3, 18], [3, 19], [2, 19], [2, 20], [1, 20], [1, 21], [0, 21], [1, 21], [1, 22], [2, 22], [2, 23], [1, 23], [0, 23], [1, 23], [1, 24], [2, 24], [2, 25], [3, 25], [3, 26], [4, 26], [5, 26], [5, 27], [6, 27], [6, 28], [7, 28], [7, 29], [8, 29], [9, 29], [9, 28], [10, 28], [11, 28], [11, 29], [12, 29], [12, 28], [13, 28], [13, 29], [14, 29], [14, 28], [13, 28], [13, 27], [12, 27], [12, 26], [11, 26], [11, 25], [10, 25], [10, 24], [9, 24], [8, 24], [7, 24], [6, 24], [6, 25], [7, 25], [8, 25], [8, 26], [9, 26], [10, 26], [11, 26], [11, 25], [12, 25], [13, 25], [13, 24], [14, 24], [14, 25], [13, 25], [13, 24], [12, 24], [12, 23], [13, 23], [13, 22], [14, 22], [14, 23], [14, 22], [13, 22], [13, 23], [12, 23], [12, 24], [13, 24], [13, 25], [14, 25], [14, 24], [13, 24], [13, 25], [12, 25], [12, 26], [11, 26], [11, 27], [10, 27], [11, 27], [11, 28], [12, 28], [12, 27], [13, 27], [13, 26], [14, 26], [14, 27], [14, 26], [13, 26], [13, 27], [12, 27], [12, 28], [11, 28], [11, 29], [10, 29], [11, 29], [11, 30], [12, 30], [13, 30], [13, 31], [14, 31], [14, 30]]}
META {"type": "geom", "shape": "line", "group": "offpath", "data": [[8, 7, 4, 3], [7, 14, 3, 14], [7, 6, 8, 7], [7, 3, 7, 4], [7, 20, 6, 20], [7, 27, 5, 26], [7, 4, 3, 7], [7, 2, 3, 1], [1, 8, 2, 9], [1, 10, 2, 10], [1, 27, 2, 26], [14, 0, 12, 1], [14, 31, 12, 29], [6, 14, 7, 14], [6, 6, 7, 6], [6, 3, 7, 3], [6, 21, 2, 21], [6, 20, 7, 20], [6, 26, 7, 27], [6, 2, 7, 2], [0, 8, 1, 8], [0, 11, 1, 10], [5, 1, 6, 2], [5, 7, 6, 6], [5, 13, 6, 14], [5, 20, 6, 21], [5, 26, 6, 26], [5, 2, 6, 3], [4, 3, 5, 2], [4, 21, 5, 20], [4, 7, 5, 7], [4, 13, 5, 13], [4, 2, 5, 1], [12, 1, 13, 1], [12, 29, 13, 30], [13, 1, 14, 0], [13, 30, 14, 31], [3, 1, 4, 2], [3, 14, 4, 13], [3, 7, 4, 7], [3, 22, 4, 21], [3, 27, 1, 27], [2, 10, 0, 11], [2, 21, 3, 22], [2, 9, 0, 8], [2, 26, 3, 27]]}
