XXXXXXXXXXXXXXXX
X0-XX--XXX--X-1X
XXXXXXXXXX---XXX
XXXXXXXXXX--XXXX
X--XX-XX--XXXXXX
XX----XX--XXXXXX
X-XXX----------X
XX---X---XX-XXXX
XXXXXXXX-XX-XXXX
XXXXXXXX-XX----X
XX------X--XX-XX
X-----X----XX--X
XXXX--X-XXX--XXX
XXXX--X------XXX
X2------------3X
XXXXXXXXXXXXXXXX
META {"type": "solver", "id": "pysat-rc2", "objective": 0}
META {"type": "geom", "shape": "path", "group": "path", "data": [[14, 1, 14, 2], [14, 2, 14, 3], [14, 3, 14, 4], [14, 4, 13, 4], [13, 4, 12, 4], [12, 4, 12, 5], [12, 5, 11, 5], [11, 5, 10, 5], [10, 5, 10, 6], [10, 6, 10, 7], [10, 7, 11, 7], [11, 7, 12, 7], [12, 7, 13, 7], [13, 7, 13, 8], [13, 8, 13, 9], [13, 9, 13, 10], [13, 10, 14, 10], [14, 10, 14, 11], [14, 11, 13, 11], [13, 11, 12, 11], [12, 11, 12, 12], [12, 12, 13, 12], [13, 12, 14, 12], [14, 12, 14, 13], [14, 13, 14, 14]]}
META {"type": "geom", "shape": "tile", "group": "path", "data": [[14, 1], [14, 2], [14, 3], [14, 4], [13, 4], [12, 4], [12, 5], [11, 5], [10, 5], [10, 6], [10, 7], [11, 7], [12, 7], [13, 7], [13, 8], [13, 9], [13, 10], [14, 10], [14, 11], [13, 11], [12, 11], [12, 12], [13, 12], [14, 12], [14, 13], [14, 14]]}
META {"type": "geom", "shape": "line", "group": "offpath", "data": [[6, 6, 6, 5], [6, 5, 6, 6], [11, 10, 11, 9], [11, 9, 11, 10]]}
