XXXXXXXXXXXXXXXX
XXXXX--XX-XX-XXX
XXX0-X-XX-XX--1X
XXXXX-XXXX---XXX
XXXXX-XXXX---XXX
X----X-XX---X--X
XXXXXXXXXX--X--X
XXXXXXXXXX--X-XX
X-------------XX
X--------------X
X-XXXX---X-----X
X----------XXXXX
XXX--------XXXXX
XXX--------XXXXX
X2--XX--------3X
XXXXXXXXXXXXXXXX
META {"type": "solver", "id": "pysat-rc2-boolonly", "objective": 0}
META {"type": "geom", "shape": "path", "group": "path", "data": [[14, 1, 14, 2], [14, 2, 14, 3], [14, 3, 13, 3], [13, 3, 12, 3], [12, 3, 11, 3], [11, 3, 11, 4], [11, 4, 11, 5], [11, 5, 12, 5], [12, 5, 12, 6], [12, 6, 11, 6], [11, 6, 11, 7], [11, 7, 11, 8], [11, 8, 11, 9], [11, 9, 12, 9], [12, 9, 12, 10], [12, 10, 13, 10], [13, 10, 14, 10], [14, 10, 14, 11], [14, 11, 14, 12], [14, 12, 14, 13], [14, 13, 14, 14]]}
META {"type": "geom", "shape": "tile", "group": "path", "data": [[14, 1], [14, 2], [14, 3], [13, 3], [12, 3], [11, 3], [11, 4], [11, 5], [12, 5], [12, 6], [11, 6], [11, 7], [11, 8], [11, 9], [12, 9], [12, 10], [13, 10], [14, 10], [14, 11], [14, 12], [14, 13], [14, 14]]}
META {"type": "geom", "shape": "line", "group": "offpath", "data": [[13, 4, 12, 4], [13, 8, 13, 7], [13, 5, 13, 6], [13, 7, 13, 8], [13, 6, 13, 5], [8, 10, 8, 9], [8, 4, 8, 5], [8, 12, 8, 13], [8, 9, 8, 10], [8, 8, 8, 7], [8, 13, 8, 12], [8, 3, 8, 2], [8, 2, 8, 3], [8, 11, 9, 11], [8, 5, 9, 5], [8, 7, 8, 8], [8, 6, 9, 6], [9, 10, 9, 9], [9, 4, 8, 4], [9, 12, 10, 12], [9, 9, 9, 10], [9, 1, 10, 1], [9, 14, 9, 13], [9, 13, 9, 14], [9, 11, 8, 11], [9, 5, 9, 4], [9, 6, 8, 6], [10, 10, 11, 10], [10, 12, 9, 12], [10, 1, 9, 1], [10, 7, 10, 6], [10, 6, 10, 7], [11, 10, 10, 10], [12, 4, 13, 4], [12, 8, 12, 7], [12, 7, 12, 8], [14, 8, 14, 7], [14, 7, 14, 8]]}
