XXXXXXXXXXXXXXXX
XXX0-X---X-XX-1X
XXXXX-XXX-X--XXX
XXXXX------XXXXX
XXXXX------XXXXX
XX----XX-------X
XXX--XXXX------X
XXX--XXXX------X
X--X-----XXX--XX
XX--X---X----X-X
X---X---X-XXX-XX
X---X---X------X
XXXX-XX-X--XXXXX
XXXX-XX----XXXXX
X2------------3X
XXXXXXXXXXXXXXXX
META {"type": "solver", "id": "pysat-rc2", "objective": 0}
META {"type": "geom", "shape": "path", "group": "path", "data": [[14, 1, 14, 2], [14, 2, 14, 3], [14, 3, 14, 4], [14, 4, 14, 5], [14, 5, 14, 6], [14, 6, 14, 7], [14, 7, 13, 7], [13, 7, 13, 8], [13, 8, 13, 9], [13, 9, 14, 9], [14, 9, 14, 10], [14, 10, 14, 11], [14, 11, 14, 12], [14, 12, 14, 13], [14, 13, 14, 14]]}
META {"type": "geom", "shape": "tile", "group": "path", "data": [[14, 1], [14, 2], [14, 3], [14, 4], [14, 5], [14, 6], [14, 7], [13, 7], [13, 8], [13, 9], [14, 9], [14, 10], [14, 11], [14, 12], [14, 13], [14, 14]]}
META {"type": "geom", "shape": "line", "group": "offpath", "data": [[12, 10, 13, 10], [12, 9, 11, 9], [12, 7, 11, 7], [9, 5, 10, 5], [13, 10, 12, 10], [11, 10, 11, 11], [11, 9, 12, 9], [11, 13, 10, 13], [11, 7, 12, 7], [11, 11, 11, 10], [10, 5, 9, 5], [10, 6, 10, 7], [10, 13, 11, 13], [10, 7, 10, 6]]}
