XXXXXXXXXXXXXXXX
X0-XX---------1X
XXXXXX-XX---XXXX
XXXXXX-XX---XXXX
X--XXXXXXXXX-XXX
X--XXXXXXXXXX--X
XX--XX---XXXX--X
X--------XXXX-XX
X-X-XXX--XXX--XX
XX------X------X
X--X--X-X-X---XX
XXX-----X-X---XX
XXXXX-----X--XXX
XXXXX---XX---XXX
X2------XX----3X
XXXXXXXXXXXXXXXX
META {"type": "solver", "id": "pysat-rc2", "objective": 0}
META {"type": "geom", "shape": "path", "group": "path", "data": [[14, 1, 14, 2], [14, 2, 14, 3], [14, 3, 14, 4], [14, 4, 14, 5], [14, 5, 14, 6], [14, 6, 13, 6], [13, 6, 12, 6], [12, 6, 12, 7], [12, 7, 12, 8], [12, 8, 12, 9], [12, 9, 11, 9], [11, 9, 10, 9], [10, 9, 9, 9], [9, 9, 9, 10], [9, 10, 9, 11], [9, 11, 10, 11], [10, 11, 11, 11], [11, 11, 12, 11], [12, 11, 12, 12], [12, 12, 13, 12], [13, 12, 14, 12], [14, 12, 14, 13], [14, 13, 14, 14]]}
META {"type": "geom", "shape": "tile", "group": "path", "data": [[14, 1], [14, 2], [14, 3], [14, 4], [14, 5], [14, 6], [13, 6], [12, 6], [12, 7], [12, 8], [12, 9], [11, 9], [10, 9], [9, 9], [9, 10], [9, 11], [10, 11], [11, 11], [12, 11], [12, 12], [13, 12], [14, 12], [14, 13], [14, 14]]}
META {"type": "geom", "shape": "line", "group": "offpath", "data": [[9, 7, 10, 7], [9, 13, 10, 13], [9, 3, 8, 3], [9, 12, 8, 12], [11, 12, 10, 12], [14, 10, 13, 10], [14, 11, 14, 10], [10, 7, 9, 7], [10, 13, 9, 13], [10, 12, 11, 12], [13, 10, 13, 11], [13, 11, 14, 11], [7, 7, 6, 7], [6, 7, 7, 7], [6, 13, 6, 14], [6, 14, 6, 13], [8, 3, 9, 3], [8, 12, 9, 12]]}
