XXXXXXXXXXXXXXXX
----------------
-------------XXX
-------------XXX
--XXXX--XXX-----
--XXXX--XXX---}-
-------------XXX
XXXXXXXX-----XXX
XXXXXXXX-XX-----
---------XX-----
-------XX----XXX
-------XX----XXX
-----XXXXXX-----
-----XXXXXX-----
-XX----------XX-
-XX-XX----XX-XX-
----XX----XX----
----XX----------
----XX-------{--
XXXXXXXXXXXXXXXX
META {"type": "solver", "id": "pysat-rc2", "objective": 0}
META {"type": "geom", "shape": "path", "group": "path", "data": [[18, 13, 18, 12], [18, 12, 18, 11], [18, 11, 18, 10], [18, 10, 18, 9], [18, 9, 18, 8], [18, 8, 18, 7], [18, 7, 18, 6], [18, 6, 17, 6], [17, 6, 14, 10], [14, 10, 14, 11], [14, 11, 13, 13], [13, 13, 11, 10], [11, 10, 9, 14], [9, 14, 9, 13], [9, 13, 7, 10], [7, 10, 5, 14]]}
META {"type": "geom", "shape": "tile", "group": "path", "data": [[18, 13], [18, 12], [18, 11], [18, 10], [18, 9], [18, 8], [18, 7], [18, 6], [17, 6], [17, 7], [16, 7], [16, 8], [15, 8], [15, 9], [14, 9], [14, 10], [14, 11], [14, 12], [13, 12], [13, 13], [13, 12], [12, 12], [12, 11], [11, 11], [11, 10], [11, 11], [10, 11], [10, 12], [9, 12], [9, 13], [9, 14], [9, 13], [9, 12], [8, 12], [8, 11], [7, 11], [7, 10], [7, 11], [6, 11], [6, 12], [5, 12], [5, 13], [5, 14]]}
META {"type": "geom", "shape": "line", "group": "offpath", "data": [[12, 1, 13, 2], [12, 2, 13, 3], [12, 15, 13, 14], [3, 12, 4, 12], [3, 5, 1, 8], [3, 10, 1, 12], [3, 8, 1, 5], [2, 4, 3, 5], [2, 12, 3, 12], [2, 8, 3, 8], [13, 2, 11, 6], [13, 3, 14, 4], [13, 14, 12, 15], [1, 12, 2, 12], [1, 5, 2, 4], [1, 8, 2, 8], [9, 2, 10, 1], [9, 8, 9, 7], [9, 7, 9, 8], [10, 9, 11, 9], [10, 1, 11, 2], [5, 13, 3, 10], [11, 6, 11, 5], [11, 9, 10, 9], [11, 2, 12, 2], [11, 5, 9, 2], [4, 12, 5, 13], [14, 4, 12, 1]]}
