XXXXXXXXXXXXXXXX
----------------
-------------XXX
-------------XXX
---XXX----XX----
XX-XXX----XX--}-
XX------XXXXXXXX
--------XXXXXXXX
----XX----------
-XX-XX----------
-XX-----XXXXXX--
-XX-----XXXXXX--
XXXXX-----------
XXXXX--XX-------
-------XX-------
------------XX--
--------XX--XX--
--------XX--XX--
-{----------XX--
XXXXXXXXXXXXXXXX
META {"type": "solver", "id": "pysat-rc2", "objective": 0}
META {"type": "geom", "shape": "path", "group": "path", "data": [[18, 1, 18, 2], [18, 2, 18, 3], [18, 3, 18, 4], [18, 4, 18, 5], [18, 5, 18, 6], [18, 6, 18, 7], [18, 7, 18, 8], [18, 8, 18, 9], [18, 9, 18, 10], [18, 10, 18, 11], [18, 11, 16, 11], [16, 11, 14, 9], [14, 9, 15, 9], [15, 9, 13, 11], [13, 11, 14, 12], [14, 12, 12, 7], [12, 7, 10, 5], [10, 5, 11, 4], [11, 4, 9, 9], [9, 9, 9, 8], [9, 8, 7, 4], [7, 4, 7, 5], [7, 5, 5, 9], [5, 9, 4, 9], [4, 9, 5, 8], [5, 8, 3, 3], [3, 3, 1, 0], [1, 0, 2, 0], [2, 0, 3, 1], [3, 1, 4, 0], [4, 0, 4, 1], [4, 1, 2, 4], [2, 4, 3, 5], [3, 5, 1, 9], [1, 9, 2, 10], [2, 10, 3, 11], [3, 11, 3, 12], [3, 12, 4, 12], [4, 12, 5, 13], [5, 13, 5, 14]]}
META {"type": "geom", "shape": "tile", "group": "path", "data": [[18, 1], [18, 2], [18, 3], [18, 4], [18, 5], [18, 6], [18, 7], [18, 8], [18, 9], [18, 10], [18, 11], [17, 11], [16, 11], [16, 10], [15, 10], [15, 9], [14, 9], [15, 9], [15, 10], [14, 10], [14, 11], [13, 11], [14, 11], [14, 12], [14, 11], [13, 11], [13, 10], [12, 10], [12, 9], [12, 8], [12, 7], [12, 6], [11, 6], [11, 5], [10, 5], [11, 5], [11, 4], [11, 5], [10, 5], [10, 6], [9, 6], [9, 7], [9, 8], [9, 9], [9, 8], [9, 7], [8, 7], [8, 6], [7, 6], [7, 5], [7, 4], [7, 5], [7, 6], [6, 6], [6, 7], [5, 7], [5, 8], [5, 9], [4, 9], [5, 9], [5, 8], [5, 7], [4, 7], [4, 6], [3, 6], [3, 5], [3, 4], [3, 3], [3, 2], [2, 2], [2, 1], [1, 1], [1, 0], [2, 0], [3, 0], [3, 1], [4, 1], [4, 0], [4, 1], [4, 2], [3, 2], [3, 3], [2, 3], [2, 4], [3, 4], [3, 5], [3, 6], [2, 6], [2, 7], [1, 7], [1, 8], [1, 9], [2, 9], [2, 10], [3, 10], [3, 11], [3, 12], [4, 12], [5, 12], [5, 13], [5, 14]]}
META {"type": "geom", "shape": "line", "group": "offpath", "data": [[18, 15, 18, 14], [18, 14, 18, 15], [9, 12, 9, 11], [9, 3, 10, 4], [9, 11, 9, 12], [8, 2, 7, 3], [10, 4, 11, 3], [11, 3, 9, 3], [7, 3, 8, 2]]}
