XXXXXXXXXXXXXXXX
----------------
-}--------------
XXX---------XX--
XXX-----XX--XX--
---XXXX-XX--XX--
---XXXX-----XX--
----------XXXXXX
----------XXXXXX
XXXXXXX---------
XXXXXXX-XXXX----
--------XXXX----
--------------XX
-XX-----------XX
-XX-------XX----
---XX-----XX----
---XX--XXX------
---XX--XXX------
---XX--------{--
XXXXXXXXXXXXXXXX
META {"type": "solver", "id": "pysat-rc2", "objective": 0}
META {"type": "geom", "shape": "path", "group": "path", "data": [[18, 13, 18, 12], [18, 12, 18, 11], [18, 11, 18, 10], [18, 10, 18, 9], [18, 9, 18, 8], [18, 8, 18, 7], [18, 7, 18, 6], [18, 6, 18, 5], [18, 5, 16, 5], [16, 5, 13, 8], [13, 8, 14, 7], [14, 7, 15, 7], [15, 7, 13, 3], [13, 3, 14, 4], [14, 4, 12, 9], [12, 9, 13, 10], [13, 10, 13, 11], [13, 11, 11, 14], [11, 14, 9, 11], [9, 11, 9, 10], [9, 10, 9, 9], [9, 9, 9, 8], [9, 8, 8, 6], [8, 6, 6, 10], [6, 10, 6, 11], [6, 11, 3, 11], [3, 11, 4, 11], [4, 11, 1, 7], [1, 7, 2, 7], [2, 7, 3, 6], [3, 6, 4, 5], [4, 5, 4, 6], [4, 6, 2, 9], [2, 9, 3, 9], [3, 9, 3, 8], [3, 8, 1, 3], [1, 3, 2, 2], [2, 2, 2, 1]]}
META {"type": "geom", "shape": "tile", "group": "path", "data": [[18, 13], [18, 12], [18, 11], [18, 10], [18, 9], [18, 8], [18, 7], [18, 6], [18, 5], [17, 5], [16, 5], [16, 6], [15, 6], [15, 7], [14, 7], [14, 8], [13, 8], [14, 8], [14, 7], [15, 7], [15, 6], [14, 6], [14, 5], [13, 5], [13, 4], [13, 3], [14, 3], [14, 4], [14, 5], [13, 5], [13, 6], [12, 6], [12, 7], [12, 8], [12, 9], [13, 9], [13, 10], [13, 11], [13, 12], [12, 12], [12, 13], [11, 13], [11, 14], [11, 13], [10, 13], [10, 12], [9, 12], [9, 11], [9, 10], [9, 9], [9, 8], [9, 7], [8, 7], [8, 6], [8, 7], [7, 7], [7, 8], [6, 8], [6, 9], [6, 10], [6, 11], [5, 11], [4, 11], [3, 11], [4, 11], [4, 10], [3, 10], [3, 9], [2, 9], [2, 8], [1, 8], [1, 7], [2, 7], [3, 7], [3, 6], [4, 6], [4, 5], [4, 6], [4, 7], [3, 7], [3, 8], [2, 8], [2, 9], [3, 9], [3, 8], [3, 7], [2, 7], [2, 6], [1, 6], [1, 5], [1, 4], [1, 3], [2, 3], [2, 2], [2, 1]]}
META {"type": "geom", "shape": "line", "group": "offpath", "data": [[6, 15, 6, 14], [6, 14, 3, 14], [12, 2, 12, 1], [12, 1, 12, 2], [5, 15, 6, 15], [5, 14, 4, 15], [15, 9, 14, 9], [2, 13, 1, 14], [14, 9, 15, 9], [1, 14, 2, 13], [8, 4, 8, 3], [8, 3, 8, 4], [3, 14, 4, 14], [4, 15, 5, 14], [4, 14, 5, 15]]}
