XXXXXXXXXXXXXXXX
----------------
-}--------------
XXXXX-----XX-XXX
XXXXX-XX--XX-XXX
------XX--XX----
----------XX----
----------XX----
-----XX-XXXXXXXX
XX---XX-XXXXXXXX
XX--------------
----XXXXXXXXXXXX
----XXXXXXXXXXXX
XX--------------
XX--------------
-----XX---XX----
-----XX---XX--XX
----------XX--XX
-------{--XX----
XXXXXXXXXXXXXXXX
META {"type": "solver", "id": "pysat-rc2", "objective": 0}
META {"type": "geom", "shape": "path", "group": "path", "data": [[18, 7, 18, 8], [18, 8, 18, 9], [18, 9, 16, 9], [16, 9, 13, 6], [13, 6, 14, 6], [14, 6, 14, 5], [14, 5, 12, 1], [12, 1, 10, 5], [10, 5, 10, 4], [10, 4, 8, 0], [8, 0, 8, 1], [8, 1, 6, 6], [6, 6, 7, 6], [7, 6, 5, 9], [5, 9, 6, 8], [6, 8, 7, 9], [7, 9, 4, 9], [4, 9, 1, 5], [1, 5, 2, 4], [2, 4, 2, 3], [2, 3, 2, 2], [2, 2, 2, 1]]}
META {"type": "geom", "shape": "tile", "group": "path", "data": [[18, 7], [18, 8], [18, 9], [17, 9], [16, 9], [16, 8], [15, 8], [15, 7], [14, 7], [14, 6], [13, 6], [14, 6], [14, 5], [14, 4], [13, 4], [13, 3], [12, 3], [12, 2], [12, 1], [12, 2], [11, 2], [11, 3], [10, 3], [10, 4], [10, 5], [10, 4], [10, 3], [9, 3], [9, 2], [8, 2], [8, 1], [8, 0], [8, 1], [8, 2], [7, 2], [7, 3], [6, 3], [6, 4], [6, 5], [6, 6], [7, 6], [7, 7], [6, 7], [6, 8], [5, 8], [5, 9], [6, 9], [6, 8], [7, 8], [7, 9], [6, 9], [5, 9], [4, 9], [4, 8], [3, 8], [3, 7], [2, 7], [2, 6], [1, 6], [1, 5], [2, 5], [2, 4], [2, 3], [2, 2], [2, 1]]}
META {"type": "geom", "shape": "line", "group": "offpath", "data": [[16, 13, 17, 13], [16, 12, 13, 15], [7, 5, 6, 4], [18, 12, 16, 12], [2, 10, 1, 8], [2, 13, 1, 12], [2, 5, 3, 6], [2, 7, 3, 7], [15, 14, 14, 12], [15, 12, 16, 13], [14, 14, 15, 14], [14, 12, 15, 12], [14, 11, 13, 12], [10, 6, 10, 7], [10, 7, 10, 6], [10, 12, 10, 11], [10, 11, 10, 12], [13, 15, 14, 14], [13, 12, 14, 11], [17, 13, 18, 12], [6, 4, 7, 5], [1, 10, 2, 10], [1, 4, 2, 5], [1, 8, 2, 7], [1, 12, 2, 13], [3, 6, 1, 4], [3, 7, 1, 10]]}
