XXXXXXXXXXXXXXXX
----------------
-}---------XXXXX
XXX--------XXXXX
XXX---XX--------
------XX--------
XXXX--------XXXX
XXXX--------XXXX
------XXX-------
------XXX-XXXXXX
-XX-------XXXXXX
-XX-------------
XXXXX--XX-------
XXXXX--XX-------
-------------XX-
-------XX----XX-
-------XX-------
-------XX-------
-------XX-{-----
XXXXXXXXXXXXXXXX
META {"type": "solver", "id": "pysat-rc2", "objective": 0}
META {"type": "geom", "shape": "path", "group": "path", "data": [[18, 10, 18, 9], [18, 9, 15, 9], [15, 9, 16, 9], [16, 9, 13, 13], [13, 13, 11, 8], [11, 8, 11, 7], [11, 7, 9, 2], [9, 2, 7, 6], [7, 6, 5, 1], [5, 1, 5, 2], [5, 2, 5, 3], [5, 3, 3, 6], [3, 6, 1, 3], [1, 3, 2, 2], [2, 2, 2, 1]]}
META {"type": "geom", "shape": "tile", "group": "path", "data": [[18, 10], [18, 9], [17, 9], [16, 9], [15, 9], [16, 9], [16, 10], [15, 10], [15, 11], [14, 11], [14, 12], [13, 12], [13, 13], [13, 12], [12, 12], [12, 11], [11, 11], [11, 10], [11, 9], [11, 8], [11, 7], [11, 6], [10, 6], [10, 5], [9, 5], [9, 4], [9, 3], [9, 2], [9, 3], [8, 3], [8, 4], [7, 4], [7, 5], [7, 6], [7, 5], [6, 5], [6, 4], [5, 4], [5, 3], [5, 2], [5, 1], [5, 2], [5, 3], [5, 4], [4, 4], [4, 5], [3, 5], [3, 6], [3, 5], [2, 5], [2, 4], [1, 4], [1, 3], [2, 3], [2, 2], [2, 1]]}
META {"type": "geom", "shape": "line", "group": "offpath", "data": [[1, 9, 2, 9], [6, 7, 7, 8], [4, 8, 5, 8], [8, 10, 8, 11], [8, 11, 8, 10], [16, 10, 17, 9], [3, 8, 4, 8], [3, 7, 1, 9], [5, 8, 6, 7], [5, 14, 5, 13], [5, 13, 5, 14], [5, 12, 3, 7], [7, 8, 5, 12], [13, 14, 12, 15], [12, 15, 13, 14], [17, 6, 18, 5], [17, 9, 16, 10], [2, 9, 3, 8], [18, 5, 18, 6], [18, 14, 18, 15], [18, 13, 18, 12], [18, 4, 18, 3], [18, 15, 18, 14], [18, 12, 18, 13], [18, 6, 17, 6], [18, 3, 18, 4]]}
