XXXXXXXXXXXXXXXX
----------------
XXXX--------XXXX
XXXX--------XXXX
-------XX-XX----
---XX--XX-XX--}-
---XX--------XXX
XXXXXXX------XXX
XXXXXXX--XX-----
---------XX-----
-------------XXX
-------------XXX
-----XXXXX------
XX---XXXXX--XX--
XX----------XX--
----XX---XX-----
----XX---XX-----
---------XX-----
------{--XX-----
XXXXXXXXXXXXXXXX
META {"type": "solver", "id": "pysat-rc2", "objective": 0}
META {"type": "geom", "shape": "path", "group": "path", "data": [[18, 6, 18, 7], [18, 7, 18, 8], [18, 8, 16, 8], [16, 8, 14, 5], [14, 5, 14, 4], [14, 4, 12, 1], [12, 1, 10, 6], [10, 6, 11, 7], [11, 7, 11, 8], [11, 8, 11, 9], [11, 9, 9, 13], [9, 13, 7, 9], [7, 9, 7, 10], [7, 10, 5, 13], [5, 13, 5, 14]]}
META {"type": "geom", "shape": "tile", "group": "path", "data": [[18, 6], [18, 7], [18, 8], [17, 8], [16, 8], [16, 7], [15, 7], [15, 6], [14, 6], [14, 5], [14, 4], [14, 3], [13, 3], [13, 2], [12, 2], [12, 1], [12, 2], [11, 2], [11, 3], [10, 3], [10, 4], [10, 5], [10, 6], [11, 6], [11, 7], [11, 8], [11, 9], [11, 10], [10, 10], [10, 11], [9, 11], [9, 12], [9, 13], [9, 12], [8, 12], [8, 11], [7, 11], [7, 10], [7, 9], [7, 10], [7, 11], [6, 11], [6, 12], [5, 12], [5, 13], [5, 14]]}
META {"type": "geom", "shape": "line", "group": "offpath", "data": [[4, 4, 2, 9], [18, 12, 18, 13], [18, 13, 18, 12], [3, 7, 1, 3], [3, 5, 4, 4], [3, 10, 1, 7], [12, 12, 11, 11], [16, 7, 17, 8], [11, 11, 12, 12], [2, 5, 3, 5], [2, 9, 3, 10], [2, 6, 3, 7], [17, 8, 16, 7], [6, 0, 6, 1], [6, 1, 6, 0], [1, 7, 2, 6], [1, 4, 2, 5], [1, 2, 1, 1], [1, 1, 1, 2], [1, 3, 1, 4]]}
