XXXXXXXXXXXXXXXX
XXXXXXXXXXXXXXXX
XXXXXXX---XXX}XX
XX------#-XXX-XX
XX--###-------XX
XXX------XXXX-XX
XXXX-----XXXX-XX
XXXXX--XXXXXXXXX
XXXXX--XXXXXXXXX
XXXXX---XXXXXXXX
XX------XXX--XXX
XX-#---------XXX
XX---#---X--XXXX
XXX------XXXXXXX
XXX##-----XXXXXX
XXX--XX---XXXXXX
XX-X--X-X-XXXXXX
XXXXX---XX----XX
XXXXX----X----XX
XXXXX---------XX
XX-----XX---XXXX
XX-#----X---XXXX
XX---##--##-XXXX
XXX---------XXXX
XXXX---XX--X--XX
XXXXX---X-XXX-XX
XXXXX-#---XXX-XX
XXXXX-----XXX-XX
XX------------XX
XXX-X-{-XX-X--XX
XXXXXXXXXXXXXXXX
XXXXXXXXXXXXXXXX
META {"type": "solver", "id": "pysat-rc2", "objective": 0}
META {"type": "geom", "shape": "path", "group": "path", "data": [[29, 6, 27, 6], [27, 6, 27, 5], [27, 5, 27, 9], [27, 9, 23, 9], [23, 9, 23, 3], [23, 3, 22, 3], [22, 3, 22, 4], [22, 4, 24, 4], [24, 4, 24, 6], [24, 6, 23, 6], [23, 6, 25, 6], [25, 6, 25, 7], [25, 7, 25, 5], [25, 5, 23, 5], [23, 5, 23, 11], [23, 11, 17, 11], [17, 11, 17, 10], [17, 10, 21, 10], [21, 10, 21, 9], [21, 9, 19, 9], [19, 9, 19, 5], [19, 5, 21, 5], [21, 5, 21, 4], [21, 4, 20, 4], [20, 4, 20, 6], [20, 6, 21, 6], [21, 6, 17, 6], [17, 6, 17, 5], [17, 5, 17, 7], [17, 7, 19, 7], [19, 7, 9, 7], [9, 7, 9, 5], [9, 5, 11, 5], [11, 5, 5, 5], [5, 5, 5, 3], [5, 3, 3, 3], [3, 3, 3, 7], [3, 7, 2, 7], [2, 7, 2, 9], [2, 9, 4, 9], [4, 9, 4, 13], [4, 13, 2, 13]]}
META {"type": "geom", "shape": "tile", "group": "path", "data": [[29, 6], [28, 6], [27, 6], [27, 5], [27, 6], [27, 7], [27, 8], [27, 9], [26, 9], [25, 9], [24, 9], [23, 9], [23, 8], [23, 7], [23, 6], [23, 5], [23, 4], [23, 3], [22, 3], [22, 4], [23, 4], [24, 4], [24, 5], [24, 6], [23, 6], [24, 6], [25, 6], [25, 7], [25, 6], [25, 5], [24, 5], [23, 5], [23, 6], [23, 7], [23, 8], [23, 9], [23, 10], [23, 11], [22, 11], [21, 11], [20, 11], [19, 11], [18, 11], [17, 11], [17, 10], [18, 10], [19, 10], [20, 10], [21, 10], [21, 9], [20, 9], [19, 9], [19, 8], [19, 7], [19, 6], [19, 5], [20, 5], [21, 5], [21, 4], [20, 4], [20, 5], [20, 6], [21, 6], [20, 6], [19, 6], [18, 6], [17, 6], [17, 5], [17, 6], [17, 7], [18, 7], [19, 7], [18, 7], [17, 7], [16, 7], [15, 7], [14, 7], [13, 7], [12, 7], [11, 7], [10, 7], [9, 7], [9, 6], [9, 5], [10, 5], [11, 5], [10, 5], [9, 5], [8, 5], [7, 5], [6, 5], [5, 5], [5, 4], [5, 3], [4, 3], [3, 3], [3, 4], [3, 5], [3, 6], [3, 7], [2, 7], [2, 8], [2, 9], [3, 9], [4, 9], [4, 10], [4, 11], [4, 12], [4, 13], [3, 13], [2, 13]]}
META {"type": "geom", "shape": "line", "group": "offpath", "data": [[24, 10, 24, 9], [24, 9, 24, 10], [4, 8, 4, 7], [4, 7, 6, 7], [16, 4, 16, 5], [16, 9, 14, 9], [16, 5, 16, 4], [10, 11, 12, 11], [10, 4, 10, 2], [10, 2, 12, 2], [10, 12, 10, 11], [12, 10, 11, 10], [12, 11, 12, 10], [12, 4, 13, 4], [12, 2, 12, 4], [29, 13, 29, 12], [29, 7, 29, 5], [29, 5, 29, 7], [29, 3, 28, 3], [29, 12, 28, 12], [11, 8, 11, 12], [11, 10, 11, 4], [11, 4, 10, 4], [11, 12, 10, 12], [28, 8, 26, 8], [28, 13, 29, 13], [28, 3, 29, 3], [28, 12, 28, 13], [23, 7, 21, 7], [6, 8, 4, 8], [6, 7, 6, 8], [14, 9, 16, 9], [13, 8, 15, 8], [13, 4, 13, 8], [22, 8, 22, 7], [22, 7, 22, 8], [26, 8, 28, 8], [26, 7, 26, 9], [26, 9, 26, 7], [21, 7, 23, 7], [15, 8, 11, 8]]}
