XXXXXXXXXXXXXXXX
XXX-----X------X
X{-------------X
XXX-----XXX-b--X
XXX-----XXX----X
X----------X-X-X
X-------X------X
X-----X-X-X----X
X-------X------X
XX-------X---XXX
X-------X-XX---X
X------X--XX---X
XXX-----X---XXXX
X--XXBXX----XXXX
X--------XX---}X
XXXXXXXXXXXXXXXX
META {"type": "solver", "id": "pysat-rc2-boolonly", "objective": 0}
META {"type": "geom", "shape": "path", "group": "path", "data": [[2, 1, 2, 2], [2, 2, 2, 3], [2, 3, 2, 4], [2, 4, 2, 5], [2, 5, 2, 6], [2, 6, 2, 7], [2, 7, 2, 8], [2, 8, 2, 9], [2, 9, 2, 10], [2, 10, 2, 11], [2, 11, 2, 12], [2, 12, 3, 12]]}
META {"type": "geom", "shape": "path", "group": "path", "data": [[3, 12, 2, 12], [2, 12, 2, 11], [2, 11, 2, 10], [2, 10, 2, 9], [2, 9, 2, 8], [2, 8, 2, 7], [2, 7, 2, 6], [2, 6, 2, 5], [2, 5, 3, 5], [3, 5, 4, 5], [4, 5, 5, 5], [5, 5, 6, 5], [6, 5, 7, 5], [7, 5, 8, 5], [8, 5, 9, 5], [9, 5, 10, 5], [10, 5, 11, 5], [11, 5, 12, 5], [12, 5, 13, 5]]}
META {"type": "geom", "shape": "path", "group": "path", "data": [[13, 5, 14, 5], [14, 5, 14, 6], [14, 6, 14, 7], [14, 7, 14, 8], [14, 8, 13, 8], [13, 8, 13, 9], [13, 9, 13, 10], [13, 10, 13, 11], [13, 11, 14, 11], [14, 11, 14, 12], [14, 12, 14, 13], [14, 13, 14, 14]]}
META {"type": "geom", "shape": "tile", "group": "reachable", "data": [[2, 1], [2, 2], [2, 3], [1, 3], [3, 3], [2, 4], [1, 4], [3, 4], [2, 5], [4, 3], [1, 5], [3, 5], [2, 6], [4, 4], [5, 3], [1, 6], [3, 6], [2, 7], [4, 5], [5, 4], [6, 3], [5, 2], [1, 7], [3, 7], [2, 8], [4, 6], [5, 5], [6, 4], [6, 2], [5, 1], [7, 3], [2, 9], [4, 7], [5, 6], [6, 5], [7, 4], [6, 1], [7, 2], [8, 3], [1, 9], [2, 10], [5, 7], [6, 6], [7, 5], [8, 4], [7, 1], [8, 2], [9, 3], [1, 10], [2, 11], [6, 7], [5, 8], [8, 5], [9, 4], [8, 1], [9, 2], [10, 3], [1, 11], [3, 11], [2, 12], [5, 9], [7, 7], [9, 5], [8, 6], [10, 4], [10, 2], [11, 3], [1, 12], [2, 13], [4, 11], [6, 9], [5, 10], [8, 7], [9, 6], [10, 5], [11, 4], [11, 2], [10, 1], [12, 3], [1, 13], [3, 13], [2, 14], [4, 12], [6, 10], [7, 9], [9, 7], [10, 6], [11, 5], [12, 4], [11, 1], [1, 14], [3, 14], [4, 13], [5, 12], [6, 11], [8, 9], [10, 7], [9, 8], [11, 6], [12, 5], [4, 14], [6, 12], [7, 11], [8, 10], [12, 6], [5, 14], [7, 12], [6, 13], [8, 11], [9, 10], [12, 7], [6, 14], [7, 13], [8, 12], [9, 11], [7, 14], [8, 13], [9, 12], [8, 14], [10, 12], [11, 12], [10, 13], [11, 13], [10, 14], [11, 14]]}
META {"type": "geom", "shape": "tile", "group": "reachable", "data": [[3, 12], [2, 12], [4, 12], [3, 11], [3, 13], [1, 12], [2, 11], [2, 13], [4, 11], [4, 13], [3, 14], [5, 12], [1, 11], [1, 13], [2, 10], [2, 14], [4, 14], [6, 12], [1, 10], [1, 14], [2, 9], [5, 14], [7, 12], [6, 11], [6, 13], [1, 9], [2, 8], [6, 14], [7, 11], [6, 10], [7, 13], [8, 12], [2, 7], [7, 14], [5, 10], [6, 9], [8, 11], [8, 13], [9, 12], [1, 7], [3, 7], [2, 6], [8, 14], [5, 9], [7, 9], [9, 11], [8, 10], [10, 12], [1, 6], [3, 6], [2, 5], [4, 7], [5, 8], [8, 9], [9, 10], [11, 12], [10, 13], [1, 5], [3, 5], [2, 4], [4, 6], [5, 7], [11, 13], [10, 14], [1, 4], [3, 4], [2, 3], [4, 5], [5, 6], [6, 7], [11, 14], [1, 3], [3, 3], [2, 2], [4, 4], [5, 5], [6, 6], [7, 7], [4, 3], [5, 4], [6, 5], [8, 7], [5, 3], [6, 4], [7, 5], [9, 7], [8, 6], [6, 3], [5, 2], [7, 4], [8, 5], [9, 6], [10, 7], [9, 8], [6, 2], [5, 1], [7, 3], [8, 4], [9, 5], [10, 6], [6, 1], [7, 2], [8, 3], [9, 4], [10, 5], [11, 6], [7, 1], [8, 2], [9, 3], [10, 4], [11, 5], [12, 6], [8, 1], [9, 2], [10, 3], [11, 4], [12, 5], [12, 7], [10, 2], [11, 3], [12, 4], [11, 2], [10, 1], [12, 3], [11, 1]]}
