XXXXXXXXXXXXXXXX
XX{------X-----X
XXXX----X----X-X
XXXX----X---b--X
XX--X---X------X
X-X--XX-----X--X
X--X-XX-X--X---X
X---X----XX-X--X
XXXX-X-X-XX--XXX
X-----X-X----XXX
XXBXX----------X
X----XXXX------X
X---X----X-X-XXX
XXXX--XXX----XXX
X---XX--------}X
XXXXXXXXXXXXXXXX
META {"type": "solver", "id": "pysat-rc2", "objective": 0}
META {"type": "geom", "shape": "path", "group": "path", "data": [[1, 2, 1, 3], [1, 3, 1, 4], [1, 4, 1, 5], [1, 5, 1, 6], [1, 6, 1, 7], [1, 7, 2, 7], [2, 7, 2, 6], [2, 6, 3, 6], [3, 6, 3, 7], [3, 7, 4, 7], [4, 7, 5, 7], [5, 7, 5, 8], [5, 8, 5, 9], [5, 9, 5, 10], [5, 10, 5, 11], [5, 11, 4, 11], [4, 11, 3, 11], [3, 11, 3, 12]]}
META {"type": "geom", "shape": "tile", "group": "path", "data": [[1, 2], [1, 3], [1, 4], [1, 5], [1, 6], [1, 7], [2, 7], [2, 6], [3, 6], [3, 7], [4, 7], [5, 7], [5, 8], [5, 9], [5, 10], [5, 11], [4, 11], [3, 11], [3, 12]]}
META {"type": "geom", "shape": "line", "group": "offpath", "data": [[3, 14, 3, 13], [3, 5, 4, 5], [3, 10, 3, 9], [3, 9, 3, 10], [3, 13, 3, 14], [7, 14, 7, 13], [7, 1, 7, 2], [7, 2, 7, 1], [7, 5, 7, 6], [7, 6, 7, 5], [7, 7, 6, 7], [7, 13, 7, 14], [13, 12, 12, 12], [13, 5, 13, 4], [13, 4, 13, 5], [5, 14, 6, 14], [5, 1, 6, 1], [5, 3, 5, 4], [5, 4, 5, 3], [5, 13, 4, 13], [12, 12, 13, 12], [12, 5, 12, 6], [12, 6, 12, 5], [9, 2, 9, 3], [9, 3, 9, 2], [9, 10, 9, 9], [9, 9, 9, 10], [14, 12, 14, 11], [14, 11, 14, 12], [14, 2, 14, 3], [14, 3, 14, 2], [14, 6, 14, 7], [14, 10, 14, 9], [14, 9, 14, 10], [14, 7, 14, 6], [2, 11, 1, 11], [2, 5, 2, 4], [2, 10, 2, 9], [2, 4, 2, 5], [2, 9, 2, 10], [4, 5, 3, 5], [4, 10, 4, 9], [4, 9, 4, 10], [4, 13, 5, 13], [10, 5, 10, 6], [10, 6, 10, 5], [10, 10, 11, 10], [6, 14, 5, 14], [6, 1, 5, 1], [6, 10, 6, 9], [6, 9, 6, 10], [6, 7, 7, 7], [1, 11, 2, 11], [11, 14, 11, 13], [11, 10, 10, 10], [11, 13, 11, 14]]}
META {"type": "geom", "shape": "path", "group": "path", "data": [[10, 2, 9, 2], [9, 2, 9, 3], [9, 3, 9, 4], [9, 4, 9, 5], [9, 5, 10, 5], [10, 5, 10, 6], [10, 6, 10, 7], [10, 7, 10, 8], [10, 8, 10, 9], [10, 9, 11, 9], [11, 9, 11, 10], [11, 10, 12, 10], [12, 10, 13, 10], [13, 10, 13, 9], [13, 9, 14, 9], [14, 9, 14, 10], [14, 10, 14, 11], [14, 11, 14, 12], [14, 12, 14, 13], [14, 13, 14, 14]]}
META {"type": "geom", "shape": "tile", "group": "path", "data": [[10, 2], [9, 2], [9, 3], [9, 4], [9, 5], [10, 5], [10, 6], [10, 7], [10, 8], [10, 9], [11, 9], [11, 10], [12, 10], [13, 10], [13, 9], [14, 9], [14, 10], [14, 11], [14, 12], [14, 13], [14, 14]]}
META {"type": "geom", "shape": "line", "group": "offpath", "data": [[7, 11, 8, 11], [7, 1, 6, 1], [5, 11, 4, 11], [5, 3, 5, 4], [5, 10, 5, 9], [5, 4, 5, 3], [5, 9, 4, 9], [12, 2, 12, 3], [12, 3, 12, 2], [9, 12, 10, 12], [9, 10, 9, 9], [9, 9, 9, 10], [14, 1, 14, 2], [14, 2, 14, 1], [14, 6, 14, 7], [14, 7, 14, 6], [2, 14, 1, 14], [2, 11, 1, 11], [4, 11, 5, 11], [4, 2, 4, 3], [4, 3, 4, 2], [4, 10, 5, 10], [4, 9, 4, 10], [10, 12, 9, 12], [10, 14, 11, 14], [10, 11, 10, 10], [10, 10, 10, 11], [6, 1, 7, 1], [1, 14, 2, 14], [1, 11, 2, 11], [8, 11, 7, 11], [11, 12, 11, 11], [11, 14, 10, 14], [11, 11, 11, 12]]}
