--------------------------------
--------------------------------
--------------------------------
--------------------------------
-----------------------XXX------
----XXXXXX--------Q----------Q--
------------Q-------------------
--------------------------------
---Q----------------------------
------------<>---Q--------------
------------[]------------------
---------X--[]-----------XX-----
------------[]----------XXX-----
------------[]---------XXXX-----
-{----------[]--------XXXXX---}-
XXXXXXXXXXXXXXXXXXXXXXXXXXXXXXXX
META {"type": "solver", "id": "pysat-rc2", "objective": 0}
META {"type": "geom", "shape": "path", "group": "path", "data": [[14, 1, 11, 1], [11, 1, 12, 2], [12, 2, 13, 1], [13, 1, 14, 2], [14, 2, 10, 1], [10, 1, 11, 0], [11, 0, 12, 0], [12, 0, 13, 0], [13, 0, 14, 0], [14, 0, 11, 3], [11, 3, 12, 4], [12, 4, 13, 5], [13, 5, 14, 6], [14, 6, 10, 7], [10, 7, 11, 6], [11, 6, 12, 7], [12, 7, 13, 8], [13, 8, 14, 7], [14, 7, 12, 9], [12, 9, 13, 9], [13, 9, 14, 9], [14, 9, 10, 5], [10, 5, 11, 4], [11, 4, 12, 3], [12, 3, 13, 2], [13, 2, 14, 3], [14, 3, 10, 6], [10, 6, 11, 5], [11, 5, 12, 6], [12, 6, 13, 7], [13, 7, 14, 8], [14, 8, 10, 9], [10, 9, 7, 12], [7, 12, 8, 13], [8, 13, 4, 17], [4, 17, 5, 17], [5, 17, 6, 16], [6, 16, 7, 17], [7, 17, 8, 17], [8, 17, 4, 18], [4, 18, 0, 22], [0, 22, 1, 23], [1, 23, 2, 24], [2, 24, 3, 23], [3, 23, 1, 25], [1, 25, 2, 25], [2, 25, 3, 24], [3, 24, 0, 26], [0, 26, 1, 27], [1, 27, 2, 26], [2, 26, 3, 25], [3, 25, 0, 28], [0, 28, 1, 28], [1, 28, 2, 29], [2, 29, 3, 29], [3, 29, 4, 29], [4, 29, 0, 25], [0, 25, 1, 26], [1, 26, 2, 27], [2, 27, 3, 27], [3, 27, 4, 28], [4, 28, 5, 28], [5, 28, 6, 29], [6, 29, 7, 30], [7, 30, 8, 30], [8, 30, 9, 31], [9, 31, 10, 31], [10, 31, 11, 30], [11, 30, 12, 31], [12, 31, 13, 31], [13, 31, 14, 30]]}
META {"type": "geom", "shape": "tile", "group": "path", "data": [[14, 1], [13, 1], [12, 1], [11, 1], [12, 1], [12, 2], [13, 2], [13, 1], [14, 1], [14, 2], [13, 2], [12, 2], [11, 2], [10, 2], [10, 1], [11, 1], [11, 0], [12, 0], [13, 0], [14, 0], [13, 0], [13, 1], [12, 1], [12, 2], [11, 2], [11, 3], [12, 3], [12, 4], [13, 4], [13, 5], [14, 5], [14, 6], [13, 6], [12, 6], [11, 6], [10, 6], [10, 7], [11, 7], [11, 6], [12, 6], [12, 7], [13, 7], [13, 8], [14, 8], [14, 7], [13, 7], [13, 8], [12, 8], [12, 9], [13, 9], [14, 9], [13, 9], [13, 8], [12, 8], [12, 7], [11, 7], [11, 6], [10, 6], [10, 5], [11, 5], [11, 4], [12, 4], [12, 3], [13, 3], [13, 2], [14, 2], [14, 3], [13, 3], [13, 4], [12, 4], [12, 5], [11, 5], [11, 6], [10, 6], [11, 6], [11, 5], [12, 5], [12, 6], [13, 6], [13, 7], [14, 7], [14, 8], [13, 8], [12, 8], [11, 8], [10, 8], [10, 9], [9, 9], [9, 10], [8, 10], [8, 11], [7, 11], [7, 12], [8, 12], [8, 13], [7, 13], [7, 14], [6, 14], [6, 15], [5, 15], [5, 16], [4, 16], [4, 17], [5, 17], [6, 17], [6, 16], [7, 16], [7, 17], [8, 17], [7, 17], [6, 17], [5, 17], [4, 17], [4, 18], [3, 18], [3, 19], [2, 19], [2, 20], [1, 20], [1, 21], [0, 21], [0, 22], [1, 22], [1, 23], [2, 23], [2, 24], [3, 24], [3, 23], [2, 23], [2, 24], [1, 24], [1, 25], [2, 25], [3, 25], [3, 24], [2, 24], [2, 25], [1, 25], [1, 26], [0, 26], [1, 26], [1, 27], [2, 27], [2, 26], [3, 26], [3, 25], [2, 25], [2, 26], [1, 26], [1, 27], [0, 27], [0, 28], [1, 28], [2, 28], [2, 29], [3, 29], [4, 29], [3, 29], [3, 28], [2, 28], [2, 27], [1, 27], [1, 26], [0, 26], [0, 25], [1, 25], [1, 26], [2, 26], [2, 27], [3, 27], [4, 27], [4, 28], [5, 28], [6, 28], [6, 29], [7, 29], [7, 30], [8, 30], [9, 30], [9, 31], [10, 31], [11, 31], [11, 30], [12, 30], [12, 31], [13, 31], [14, 31], [14, 30]]}
META {"type": "geom", "shape": "line", "group": "offpath", "data": [[0, 5, 1, 4], [0, 8, 1, 8], [0, 9, 1, 10], [2, 10, 3, 10], [2, 3, 3, 2], [2, 7, 3, 6], [2, 9, 3, 8], [5, 2, 6, 3], [5, 12, 3, 12], [12, 29, 13, 28], [12, 22, 13, 22], [12, 30, 13, 30], [12, 23, 9, 26], [11, 29, 12, 30], [11, 22, 12, 23], [11, 21, 12, 22], [11, 24, 10, 24], [11, 28, 12, 29], [4, 1, 5, 2], [4, 5, 0, 9], [4, 4, 0, 8], [4, 8, 2, 9], [4, 12, 5, 12], [4, 9, 0, 5], [8, 22, 9, 23], [8, 24, 9, 25], [6, 22, 7, 23], [6, 21, 7, 22], [6, 3, 7, 3], [3, 6, 4, 5], [3, 10, 4, 9], [3, 4, 4, 4], [3, 8, 4, 8], [3, 2, 4, 1], [3, 12, 4, 12], [13, 22, 13, 21], [13, 21, 14, 21], [13, 30, 14, 31], [13, 28, 14, 29], [13, 20, 14, 20], [14, 29, 14, 28], [14, 31, 11, 29], [14, 21, 13, 20], [14, 19, 11, 21], [14, 28, 10, 29], [14, 20, 14, 19], [7, 22, 8, 22], [7, 23, 8, 24], [7, 3, 3, 4], [9, 26, 10, 26], [9, 25, 10, 25], [9, 23, 10, 22], [10, 26, 6, 22], [10, 29, 11, 28], [10, 22, 11, 22], [10, 25, 6, 21], [10, 24, 11, 24], [1, 10, 2, 10], [1, 4, 2, 3], [1, 8, 2, 7]]}
