--------------------------------
--------------------------------
-------------------Q---Q----Q---
--------------------------------
--------------------------------
---------XX------XQX---X--------
--------------------------------
----XXX--XX--XX-----------------
--------------------------------
----XXX------XX-----------X-----
-------------------------XX-----
-----------------<>-----XXX-----
-----------------[]----XXXX-----
-----------------[]---XXXXX-----
-{---------------[]--XXXXXX---}-
XXXXXXXX--XXXXXXXXXXXXXXXXXXXXXX
META {"type": "solver", "id": "pysat-rc2", "objective": 0}
META {"type": "geom", "shape": "path", "group": "path", "data": [[14, 1, 10, 5], [10, 5, 11, 5], [11, 5, 12, 5], [12, 5, 13, 5], [13, 5, 14, 4], [14, 4, 11, 7], [11, 7, 12, 7], [12, 7, 13, 6], [13, 6, 14, 6], [14, 6, 10, 9], [10, 9, 11, 9], [11, 9, 12, 9], [12, 9, 13, 10], [13, 10, 14, 10], [14, 10, 10, 14], [10, 14, 11, 15], [11, 15, 12, 16], [12, 16, 13, 15], [13, 15, 14, 14], [14, 14, 14, 13], [14, 13, 10, 17], [10, 17, 8, 19], [8, 19, 9, 20], [9, 20, 10, 20], [10, 20, 11, 21], [11, 21, 12, 21], [12, 21, 13, 20], [13, 20, 14, 20], [14, 20, 13, 21], [13, 21, 11, 19], [11, 19, 12, 20], [12, 20, 13, 19], [13, 19, 14, 19], [14, 19, 10, 18], [10, 18, 6, 14], [6, 14, 2, 10], [2, 10, 3, 10], [3, 10, 4, 9], [4, 9, 0, 8], [0, 8, 1, 9], [1, 9, 2, 9], [2, 9, 3, 8], [3, 8, 4, 7], [4, 7, 5, 6], [5, 6, 6, 6], [6, 6, 3, 9], [3, 9, 4, 10], [4, 10, 0, 13], [0, 13, 1, 12], [1, 12, 2, 13], [2, 13, 3, 12], [3, 12, 4, 12], [4, 12, 5, 12], [5, 12, 6, 13], [6, 13, 2, 17], [2, 17, 3, 18], [3, 18, 4, 19], [4, 19, 2, 21], [2, 21, 3, 22], [3, 22, 4, 23], [4, 23, 0, 26], [0, 26, 1, 26], [1, 26, 2, 27], [2, 27, 3, 26], [3, 26, 4, 25], [4, 25, 5, 25], [5, 25, 6, 26], [6, 26, 7, 25], [7, 25, 8, 26], [8, 26, 4, 27], [4, 27, 5, 28], [5, 28, 6, 29], [6, 29, 7, 28], [7, 28, 8, 28], [8, 28, 9, 28], [9, 28, 10, 28], [10, 28, 11, 28], [11, 28, 12, 28], [12, 28, 13, 29], [13, 29, 14, 28], [14, 28, 11, 30], [11, 30, 12, 31], [12, 31, 13, 30], [13, 30, 14, 30]]}
META {"type": "geom", "shape": "tile", "group": "path", "data": [[14, 1], [13, 1], [13, 2], [12, 2], [12, 3], [11, 3], [11, 4], [10, 4], [10, 5], [11, 5], [12, 5], [13, 5], [14, 5], [14, 4], [13, 4], [13, 5], [12, 5], [12, 6], [11, 6], [11, 7], [12, 7], [13, 7], [13, 6], [14, 6], [13, 6], [13, 7], [12, 7], [12, 8], [11, 8], [11, 9], [10, 9], [11, 9], [12, 9], [13, 9], [13, 10], [14, 10], [13, 10], [13, 11], [12, 11], [12, 12], [11, 12], [11, 13], [10, 13], [10, 14], [11, 14], [11, 15], [12, 15], [12, 16], [13, 16], [13, 15], [14, 15], [14, 14], [14, 13], [13, 13], [13, 14], [12, 14], [12, 15], [11, 15], [11, 16], [10, 16], [10, 17], [9, 17], [9, 18], [8, 18], [8, 19], [9, 19], [9, 20], [10, 20], [11, 20], [11, 21], [12, 21], [13, 21], [13, 20], [14, 20], [13, 20], [13, 21], [12, 21], [12, 20], [11, 20], [11, 19], [12, 19], [12, 20], [13, 20], [13, 19], [14, 19], [13, 19], [12, 19], [11, 19], [10, 19], [10, 18], [9, 18], [9, 17], [8, 17], [8, 16], [7, 16], [7, 15], [6, 15], [6, 14], [5, 14], [5, 13], [4, 13], [4, 12], [3, 12], [3, 11], [2, 11], [2, 10], [3, 10], [4, 10], [4, 9], [3, 9], [2, 9], [1, 9], [0, 9], [0, 8], [1, 8], [1, 9], [2, 9], [3, 9], [3, 8], [4, 8], [4, 7], [5, 7], [5, 6], [6, 6], [5, 6], [5, 7], [4, 7], [4, 8], [3, 8], [3, 9], [4, 9], [4, 10], [3, 10], [3, 11], [2, 11], [2, 12], [1, 12], [1, 13], [0, 13], [1, 13], [1, 12], [2, 12], [2, 13], [3, 13], [3, 12], [4, 12], [5, 12], [6, 12], [6, 13], [5, 13], [5, 14], [4, 14], [4, 15], [3, 15], [3, 16], [2, 16], [2, 17], [3, 17], [3, 18], [4, 18], [4, 19], [3, 19], [3, 20], [2, 20], [2, 21], [3, 21], [3, 22], [4, 22], [4, 23], [3, 23], [3, 24], [2, 24], [2, 25], [1, 25], [1, 26], [0, 26], [1, 26], [2, 26], [2, 27], [3, 27], [3, 26], [4, 26], [4, 25], [5, 25], [6, 25], [6, 26], [7, 26], [7, 25], [8, 25], [8, 26], [7, 26], [6, 26], [5, 26], [4, 26], [4, 27], [5, 27], [5, 28], [6, 28], [6, 29], [7, 29], [7, 28], [8, 28], [9, 28], [10, 28], [11, 28], [12, 28], [13, 28], [13, 29], [14, 29], [14, 28], [13, 28], [13, 29], [12, 29], [12, 30], [11, 30], [12, 30], [12, 31], [13, 31], [13, 30], [14, 30]]}
META {"type": "geom", "shape": "line", "group": "offpath", "data": [[11, 2, 12, 3], [11, 22, 12, 22], [11, 1, 12, 0], [11, 4, 12, 4], [11, 23, 10, 23], [11, 29, 12, 30], [12, 2, 13, 1], [12, 22, 9, 25], [12, 4, 13, 3], [12, 3, 13, 4], [12, 30, 13, 31], [12, 0, 13, 0], [6, 10, 6, 9], [6, 22, 7, 22], [6, 4, 2, 5], [6, 9, 6, 10], [8, 14, 8, 13], [8, 21, 9, 22], [8, 5, 8, 6], [8, 13, 8, 14], [8, 6, 8, 5], [4, 6, 5, 5], [4, 18, 0, 17], [4, 17, 2, 16], [2, 5, 3, 6], [2, 16, 3, 17], [2, 18, 3, 19], [7, 22, 8, 21], [9, 22, 10, 22], [9, 25, 5, 21], [13, 1, 14, 2], [13, 4, 14, 5], [13, 31, 14, 31], [13, 3, 14, 3], [13, 0, 14, 0], [10, 22, 11, 23], [10, 23, 11, 22], [10, 3, 11, 4], [10, 0, 11, 1], [1, 19, 0, 20], [1, 28, 0, 27], [1, 17, 2, 18], [0, 20, 1, 19], [0, 27, 1, 28], [0, 17, 1, 17], [14, 5, 11, 2], [14, 2, 10, 3], [14, 31, 11, 29], [14, 3, 12, 2], [14, 0, 10, 0], [3, 6, 4, 6], [3, 19, 4, 18], [3, 17, 4, 17], [5, 21, 6, 22], [5, 5, 6, 4]]}
