XXXXXXXXXXXXXXXX
XXXXXXXXXXXXXXXX
XXXXXXXX-----XXX
XX}XXX----XXXXXX
XX-XXXXXX--XXXXX
XX--XXXXXX-XXXXX
XX--XXXX-XXXXXXX
XX---XXX-XXXXXXX
XXX--XXX-XXXX-XX
XXX-------XXX-XX
XXX-------XXX-XX
XX--XX--#-----XX
XX--XX------X-XX
XX---X---#--XXXX
XX-----------XXX
XX--#-----#--XXX
XXX-----#----XXX
XXX--XX-----XXXX
XXXXXXX----XXXXX
XXXXXXX----XXXXX
XXXXXXX--#-XXXXX
XXXX---X-----XXX
XXX---XX---#-XXX
XX-----XX-----XX
XX-----XX-#---XX
XX--XX--X-----XX
XXX--X-----#--XX
XXXX--X-{----XXX
XXXX--XXXXX-XXXX
XXXX--XXXXX-XXXX
XXXXXXXXXXXXXXXX
XXXXXXXXXXXXXXXX
META {"type": "solver", "id": "pysat-rc2", "objective": 0}
META {"type": "geom", "shape": "path", "group": "path", "data": [[27, 8, 27, 12], [27, 12, 21, 12], [21, 12, 21, 8], [21, 8, 17, 8], [17, 8, 17, 7], [17, 7, 17, 11], [17, 11, 11, 11], [11, 11, 11, 9], [11, 9, 9, 9], [9, 9, 9, 3], [9, 3, 5, 3], [5, 3, 5, 2], [5, 2, 3, 2]]}
META {"type": "geom", "shape": "tile", "group": "path", "data": [[27, 8], [27, 9], [27, 10], [27, 11], [27, 12], [26, 12], [25, 12], [24, 12], [23, 12], [22, 12], [21, 12], [21, 11], [21, 10], [21, 9], [21, 8], [20, 8], [19, 8], [18, 8], [17, 8], [17, 7], [17, 8], [17, 9], [17, 10], [17, 11], [16, 11], [15, 11], [14, 11], [13, 11], [12, 11], [11, 11], [11, 10], [11, 9], [10, 9], [9, 9], [9, 8], [9, 7], [9, 6], [9, 5], [9, 4], [9, 3], [8, 3], [7, 3], [6, 3], [5, 3], [5, 2], [4, 2], [3, 2]]}
META {"type": "geom", "shape": "line", "group": "offpath", "data": [[25, 13, 23, 13], [25, 11, 23, 11], [25, 7, 25, 6], [25, 9, 25, 13], [25, 6, 26, 6], [25, 10, 25, 9], [25, 3, 26, 3], [25, 2, 25, 3], [29, 11, 27, 11], [29, 5, 29, 4], [29, 4, 29, 5], [27, 11, 29, 11], [27, 7, 25, 7], [27, 9, 27, 7], [27, 10, 25, 10], [26, 13, 26, 12], [26, 12, 26, 13], [26, 6, 26, 10], [26, 10, 27, 10], [26, 3, 22, 3], [11, 7, 11, 6], [11, 6, 11, 7], [11, 3, 17, 3], [11, 2, 11, 3], [17, 3, 17, 4], [17, 4, 16, 4], [24, 13, 24, 11], [24, 11, 24, 13], [24, 5, 24, 6], [24, 6, 24, 2], [24, 2, 23, 2], [10, 9, 10, 3], [10, 3, 10, 9], [21, 6, 21, 4], [21, 4, 21, 6], [20, 8, 22, 8], [20, 7, 20, 8], [8, 13, 12, 13], [16, 5, 14, 5], [16, 12, 14, 12], [16, 7, 20, 7], [16, 10, 16, 12], [16, 3, 16, 7], [16, 4, 16, 3], [12, 13, 8, 13], [14, 5, 16, 5], [14, 12, 14, 2], [14, 2, 15, 2], [22, 5, 24, 5], [22, 8, 22, 10], [22, 10, 16, 10], [22, 3, 22, 5], [23, 13, 23, 9], [23, 11, 25, 11], [23, 9, 27, 9], [23, 2, 25, 2], [15, 5, 15, 9], [15, 9, 15, 5], [15, 2, 11, 2], [6, 3, 6, 2], [6, 2, 6, 3], [28, 5, 28, 4], [28, 4, 28, 5], [13, 8, 13, 6], [13, 6, 13, 8]]}
