XXXXXXXXXXXXXXXX
XXXXXXXXXXXXXXXX
XXXXXXX---XXX}XX
XXXXX---#-XXX-XX
XXX-----------XX
XXX-X--X---#--XX
XXX-XXXXX-----XX
XX--XXXXX-----XX
XX--XXX---X---XX
XX-X---#-XX---XX
XX-XX-----X---XX
XX--X---#---#-XX
XXX---#-------XX
XXX##----#-#--XX
XXX----------XXX
XXX---#-----XXXX
XXX------X--XXXX
XXX-##-XXX---XXX
XXX----XXX---XXX
XX-----XXX---XXX
XX-----XXX---XXX
XXXX-#-----X-XXX
XXXX------XX-XXX
XXX---###--X-XXX
XX-#---------XXX
XX--------#---XX
XXX-#-X-------XX
XXX---XXXX---XXX
XXX---XXXX-XXXXX
XX-{-XXXX--XXXXX
XXXXXXXXXXXXXXXX
XXXXXXXXXXXXXXXX
META {"type": "solver", "id": "pysat-rc2", "objective": 0}
META {"type": "geom", "shape": "path", "group": "path", "data": [[29, 3, 29, 4], [29, 4, 27, 4], [27, 4, 27, 3], [27, 3, 27, 5], [27, 5, 28, 5], [28, 5, 22, 5], [22, 5, 22, 9], [22, 9, 26, 9], [26, 9, 26, 7], [26, 7, 26, 13], [26, 13, 25, 13], [25, 13, 25, 11], [25, 11, 27, 11], [27, 11, 27, 12], [27, 12, 17, 12], [17, 12, 17, 10], [17, 10, 21, 10], [21, 10, 11, 10], [11, 10, 11, 11], [11, 11, 12, 11], [12, 11, 6, 11], [6, 11, 6, 13], [6, 13, 6, 9], [6, 9, 2, 9], [2, 9, 2, 7], [2, 7, 4, 7], [4, 7, 4, 13], [4, 13, 4, 3], [4, 3, 8, 3], [8, 3, 8, 2], [8, 2, 7, 2], [7, 2, 11, 2], [11, 2, 11, 3], [11, 3, 12, 3], [12, 3, 12, 5], [12, 5, 16, 5], [16, 5, 16, 3], [16, 3, 14, 3], [14, 3, 20, 3], [20, 3, 20, 2], [20, 2, 20, 6], [20, 6, 22, 6], [22, 6, 16, 6], [16, 6, 16, 8], [16, 8, 12, 8], [12, 8, 12, 7], [12, 7, 12, 13], [12, 13, 2, 13]]}
META {"type": "geom", "shape": "tile", "group": "path", "data": [[29, 3], [29, 4], [28, 4], [27, 4], [27, 3], [27, 4], [27, 5], [28, 5], [27, 5], [26, 5], [25, 5], [24, 5], [23, 5], [22, 5], [22, 6], [22, 7], [22, 8], [22, 9], [23, 9], [24, 9], [25, 9], [26, 9], [26, 8], [26, 7], [26, 8], [26, 9], [26, 10], [26, 11], [26, 12], [26, 13], [25, 13], [25, 12], [25, 11], [26, 11], [27, 11], [27, 12], [26, 12], [25, 12], [24, 12], [23, 12], [22, 12], [21, 12], [20, 12], [19, 12], [18, 12], [17, 12], [17, 11], [17, 10], [18, 10], [19, 10], [20, 10], [21, 10], [20, 10], [19, 10], [18, 10], [17, 10], [16, 10], [15, 10], [14, 10], [13, 10], [12, 10], [11, 10], [11, 11], [12, 11], [11, 11], [10, 11], [9, 11], [8, 11], [7, 11], [6, 11], [6, 12], [6, 13], [6, 12], [6, 11], [6, 10], [6, 9], [5, 9], [4, 9], [3, 9], [2, 9], [2, 8], [2, 7], [3, 7], [4, 7], [4, 8], [4, 9], [4, 10], [4, 11], [4, 12], [4, 13], [4, 12], [4, 11], [4, 10], [4, 9], [4, 8], [4, 7], [4, 6], [4, 5], [4, 4], [4, 3], [5, 3], [6, 3], [7, 3], [8, 3], [8, 2], [7, 2], [8, 2], [9, 2], [10, 2], [11, 2], [11, 3], [12, 3], [12, 4], [12, 5], [13, 5], [14, 5], [15, 5], [16, 5], [16, 4], [16, 3], [15, 3], [14, 3], [15, 3], [16, 3], [17, 3], [18, 3], [19, 3], [20, 3], [20, 2], [20, 3], [20, 4], [20, 5], [20, 6], [21, 6], [22, 6], [21, 6], [20, 6], [19, 6], [18, 6], [17, 6], [16, 6], [16, 7], [16, 8], [15, 8], [14, 8], [13, 8], [12, 8], [12, 7], [12, 8], [12, 9], [12, 10], [12, 11], [12, 12], [12, 13], [11, 13], [10, 13], [9, 13], [8, 13], [7, 13], [6, 13], [5, 13], [4, 13], [3, 13], [2, 13]]}
META {"type": "geom", "shape": "line", "group": "offpath", "data": [[26, 8, 24, 8], [18, 12, 18, 10], [18, 10, 18, 12], [12, 9, 10, 9], [29, 9, 29, 10], [29, 10, 29, 9], [4, 12, 10, 12], [8, 9, 8, 7], [8, 8, 10, 8], [8, 7, 8, 9], [22, 8, 21, 8], [21, 8, 22, 8], [16, 4, 14, 4], [16, 7, 10, 7], [5, 8, 5, 10], [5, 6, 5, 5], [5, 10, 5, 8], [5, 5, 5, 6], [23, 3, 23, 5], [23, 5, 23, 3], [14, 4, 16, 4], [14, 6, 13, 6], [14, 11, 20, 11], [3, 7, 3, 5], [3, 5, 3, 7], [25, 6, 24, 6], [11, 6, 11, 7], [11, 7, 11, 5], [11, 5, 9, 5], [20, 11, 14, 11], [10, 9, 12, 9], [10, 8, 8, 8], [10, 12, 4, 12], [10, 7, 16, 7], [9, 4, 9, 6], [9, 6, 11, 6], [9, 5, 9, 4], [13, 12, 13, 13], [13, 6, 14, 6], [13, 13, 13, 12], [15, 3, 15, 5], [15, 5, 15, 3], [7, 9, 7, 13], [7, 13, 7, 9], [19, 12, 19, 10], [19, 6, 19, 2], [19, 2, 19, 6], [19, 10, 19, 12], [24, 8, 26, 8], [24, 6, 25, 6]]}
