XXXXXXXXXXXXXXXX
XXXXXXXXXXXXXXXX
XXXXXXXX--XXX}XX
XXXXX-----XXX-XX
XXX-----------XX
XX--X---X--X--XX
XX--XXX-XX-XX-XX
XX--XXX--X--X-XX
XX--XXXX----XXXX
XX---XXX--#--XXX
XX---XXX-----XXX
XX------------XX
XX-------#-XX-XX
XX--#-##----X-XX
XX------------XX
XX-------X-X--XX
XXX--X--XX-XXXXX
XXXXXXX--X--XXXX
XXXXXXX-----XXXX
XXXXXX--##---XXX
XXX---#------XXX
XXX##-----X--XXX
XXX------XX--XXX
XXX-------X--XXX
XX---X-#------XX
XX-XXX---##---XX
XX-XXX------#-XX
XX-XXX--------XX
XX-------XXX--XX
XXXX-{--XXXXXXXX
XXXXXXXXXXXXXXXX
XXXXXXXXXXXXXXXX
META {"type": "solver", "id": "pysat-rc2", "objective": 0}
META {"type": "geom", "shape": "path", "group": "path", "data": [[29, 5, 29, 7], [29, 7, 25, 7], [25, 7, 25, 8], [25, 8, 25, 6], [25, 6, 29, 6], [29, 6, 29, 4], [29, 4, 28, 4], [28, 4, 28, 8], [28, 8, 28, 2], [28, 2, 24, 2], [24, 2, 24, 4], [24, 4, 22, 4], [22, 4, 22, 8], [22, 8, 20, 8], [20, 8, 20, 12], [20, 12, 19, 12], [19, 12, 19, 10], [19, 10, 20, 10], [20, 10, 10, 10], [10, 10, 10, 8], [10, 8, 10, 12], [10, 12, 9, 12], [9, 12, 11, 12], [11, 12, 11, 13], [11, 13, 15, 13], [15, 13, 15, 12], [15, 12, 14, 12], [14, 12, 14, 2], [14, 2, 15, 2], [15, 2, 5, 2], [5, 2, 5, 3], [5, 3, 4, 3], [4, 3, 4, 13], [4, 13, 2, 13]]}
META {"type": "geom", "shape": "tile", "group": "path", "data": [[29, 5], [29, 6], [29, 7], [28, 7], [27, 7], [26, 7], [25, 7], [25, 8], [25, 7], [25, 6], [26, 6], [27, 6], [28, 6], [29, 6], [29, 5], [29, 4], [28, 4], [28, 5], [28, 6], [28, 7], [28, 8], [28, 7], [28, 6], [28, 5], [28, 4], [28, 3], [28, 2], [27, 2], [26, 2], [25, 2], [24, 2], [24, 3], [24, 4], [23, 4], [22, 4], [22, 5], [22, 6], [22, 7], [22, 8], [21, 8], [20, 8], [20, 9], [20, 10], [20, 11], [20, 12], [19, 12], [19, 11], [19, 10], [20, 10], [19, 10], [18, 10], [17, 10], [16, 10], [15, 10], [14, 10], [13, 10], [12, 10], [11, 10], [10, 10], [10, 9], [10, 8], [10, 9], [10, 10], [10, 11], [10, 12], [9, 12], [10, 12], [11, 12], [11, 13], [12, 13], [13, 13], [14, 13], [15, 13], [15, 12], [14, 12], [14, 11], [14, 10], [14, 9], [14, 8], [14, 7], [14, 6], [14, 5], [14, 4], [14, 3], [14, 2], [15, 2], [14, 2], [13, 2], [12, 2], [11, 2], [10, 2], [9, 2], [8, 2], [7, 2], [6, 2], [5, 2], [5, 3], [4, 3], [4, 4], [4, 5], [4, 6], [4, 7], [4, 8], [4, 9], [4, 10], [4, 11], [4, 12], [4, 13], [3, 13], [2, 13]]}
META {"type": "geom", "shape": "line", "group": "offpath", "data": [[11, 6, 12, 6], [13, 9, 14, 9], [13, 3, 13, 2], [13, 2, 13, 3], [13, 11, 14, 11], [27, 10, 26, 10], [27, 12, 28, 12], [27, 11, 17, 11], [25, 11, 25, 13], [25, 13, 25, 11], [8, 10, 8, 8], [8, 3, 8, 2], [8, 2, 8, 3], [8, 8, 7, 8], [14, 9, 13, 9], [14, 11, 13, 11], [22, 3, 24, 3], [4, 10, 8, 10], [17, 11, 27, 11], [9, 9, 9, 8], [9, 8, 9, 9], [7, 3, 7, 2], [7, 2, 7, 3], [7, 7, 3, 7], [7, 8, 7, 7], [18, 11, 18, 7], [18, 7, 18, 11], [23, 9, 23, 3], [23, 3, 23, 9], [24, 3, 22, 3], [24, 13, 28, 13], [16, 6, 16, 7], [16, 3, 16, 4], [16, 7, 16, 6], [16, 4, 16, 3], [3, 9, 5, 9], [3, 7, 3, 9], [3, 5, 5, 5], [12, 6, 11, 6], [5, 10, 4, 10], [5, 9, 5, 10], [5, 5, 3, 5], [26, 10, 27, 10], [28, 12, 27, 12], [28, 13, 24, 13], [2, 9, 2, 8], [2, 8, 2, 9], [20, 3, 20, 5], [20, 5, 20, 3]]}
