XXXXXXXXXXXXXXXX
XXXXXXXXXXXXXXXX
XXX------XXX}XXX
XX-----X-XXX--XX
XX-##--XX---X-XX
XX------X--XX-XX
XX----#-----X-XX
XX-##---------XX
XX-------#-XX-XX
XX---XX-----X-XX
XXX---X---#-XXXX
XXX-X---#---XXXX
XXX-XX------XXXX
XX---X-#------XX
XX-#-----##---XX
XX----X-------XX
XX--XXX----#--XX
XX--XXX-------XX
XX--XXX-#-#---XX
XX-----------XXX
XX-#-----#-XXXXX
XX---X-----XXXXX
XX---XX-----XXXX
XX----X-----XXXX
XX--#--X-XX--XXX
XXX---XX--X--XXX
XXX----X------XX
XXX-{---X---X-XX
XXXXXXX-XXXXX-XX
XXXXXXXXXXXXXXXX
XXXXXXXXXXXXXXXX
XXXXXXXXXXXXXXXX
META {"type": "solver", "id": "pysat-rc2", "objective": 0}
META {"type": "geom", "shape": "path", "group": "path", "data": [[27, 4, 25, 4], [25, 4, 25, 3], [25, 3, 21, 3], [21, 3, 21, 2], [21, 2, 21, 4], [21, 4, 23, 4], [23, 4, 23, 2], [23, 2, 13, 2], [13, 2, 13, 4], [13, 4, 15, 4], [15, 4, 15, 5], [15, 5, 14, 5], [14, 5, 14, 4], [14, 4, 14, 8], [14, 8, 12, 8], [12, 8, 12, 6], [12, 6, 11, 6], [11, 6, 11, 5], [11, 5, 10, 5], [10, 5, 10, 3], [10, 3, 8, 3], [8, 3, 8, 2], [8, 2, 8, 8], [8, 8, 6, 8], [6, 8, 6, 7], [6, 7, 6, 11], [6, 11, 7, 11], [7, 11, 7, 13], [7, 13, 9, 13], [9, 13, 3, 13], [3, 13, 3, 12], [3, 12, 2, 12]]}
META {"type": "geom", "shape": "tile", "group": "path", "data": [[27, 4], [26, 4], [25, 4], [25, 3], [24, 3], [23, 3], [22, 3], [21, 3], [21, 2], [21, 3], [21, 4], [22, 4], [23, 4], [23, 3], [23, 2], [22, 2], [21, 2], [20, 2], [19, 2], [18, 2], [17, 2], [16, 2], [15, 2], [14, 2], [13, 2], [13, 3], [13, 4], [14, 4], [15, 4], [15, 5], [14, 5], [14, 4], [14, 5], [14, 6], [14, 7], [14, 8], [13, 8], [12, 8], [12, 7], [12, 6], [11, 6], [11, 5], [10, 5], [10, 4], [10, 3], [9, 3], [8, 3], [8, 2], [8, 3], [8, 4], [8, 5], [8, 6], [8, 7], [8, 8], [7, 8], [6, 8], [6, 7], [6, 8], [6, 9], [6, 10], [6, 11], [7, 11], [7, 12], [7, 13], [8, 13], [9, 13], [8, 13], [7, 13], [6, 13], [5, 13], [4, 13], [3, 13], [3, 12], [2, 12]]}
META {"type": "geom", "shape": "line", "group": "offpath", "data": [[3, 2, 3, 6], [3, 6, 5, 6], [3, 4, 2, 4], [3, 3, 2, 3], [15, 13, 15, 7], [15, 11, 9, 11], [15, 7, 15, 13], [15, 9, 19, 9], [15, 10, 17, 10], [26, 13, 28, 13], [19, 12, 13, 12], [19, 11, 19, 12], [19, 9, 15, 9], [16, 12, 16, 13], [16, 13, 16, 12], [16, 2, 16, 3], [16, 3, 16, 2], [13, 8, 17, 8], [13, 12, 13, 8], [13, 10, 11, 10], [28, 13, 26, 13], [2, 4, 3, 4], [2, 3, 3, 3], [27, 5, 23, 5], [27, 7, 27, 3], [27, 9, 25, 9], [27, 3, 27, 7], [25, 9, 27, 9], [11, 11, 11, 9], [11, 9, 11, 11], [11, 10, 13, 10], [18, 13, 18, 11], [18, 11, 19, 11], [18, 2, 18, 3], [18, 3, 18, 2], [7, 6, 8, 6], [23, 5, 27, 5], [10, 7, 10, 9], [10, 9, 10, 7], [9, 11, 15, 11], [9, 2, 3, 2], [24, 5, 24, 6], [24, 2, 24, 3], [24, 6, 24, 5], [24, 3, 24, 2], [8, 6, 7, 6], [17, 8, 17, 7], [17, 13, 18, 13], [17, 7, 17, 13], [17, 10, 15, 10], [5, 2, 9, 2], [5, 6, 5, 2]]}
