XXXXXXXXXXXXXXXX
XXXXXXXXXXXXXXXX
XX}XXX--XXX--XXX
XX------XXX-XXXX
XXX--X-----XXXXX
XXX-XX-##--XXXXX
XXX--X-----XXXXX
XX--------#--XXX
XX--#--X-----XXX
XXX---XX---#-XXX
XXX----X-----XXX
XXX-----#-----XX
XXX---#-------XX
XX-------XXXXXXX
XX-XXX--XXXXXXXX
XX-XXX-XXXXXXXXX
XX-XXX--XXXXXXXX
XX------XXXXXXXX
XX---X--XXXXX-XX
XX-X-XX-------XX
XXXX--X--XX---XX
XXXX---X--X-XXXX
XXXX-XXXX--XXXXX
XX---XXXX--XXXXX
XX---XXX---XXXXX
XXX-------#---XX
XXXX--XXX---X-XX
XXXX--XXX---XXXX
XXXXX-XXX----XXX
XXXXX------{-XXX
XXXXXXXXXXXXXXXX
XXXXXXXXXXXXXXXX
META {"type": "solver", "id": "pysat-rc2", "objective": 0}
META {"type": "geom", "shape": "path", "group": "path", "data": [[29, 11, 29, 5], [29, 5, 25, 5], [25, 5, 25, 3], [25, 3, 23, 3], [23, 3, 23, 4], [23, 4, 17, 4], [17, 4, 17, 2], [17, 2, 19, 2], [19, 2, 13, 2], [13, 2, 13, 8], [13, 8, 12, 8], [12, 8, 12, 7], [12, 7, 11, 7], [11, 7, 11, 3], [11, 3, 13, 3], [13, 3, 3, 3], [3, 3, 3, 2], [3, 2, 2, 2]]}
META {"type": "geom", "shape": "tile", "group": "path", "data": [[29, 11], [29, 10], [29, 9], [29, 8], [29, 7], [29, 6], [29, 5], [28, 5], [27, 5], [26, 5], [25, 5], [25, 4], [25, 3], [24, 3], [23, 3], [23, 4], [22, 4], [21, 4], [20, 4], [19, 4], [18, 4], [17, 4], [17, 3], [17, 2], [18, 2], [19, 2], [18, 2], [17, 2], [16, 2], [15, 2], [14, 2], [13, 2], [13, 3], [13, 4], [13, 5], [13, 6], [13, 7], [13, 8], [12, 8], [12, 7], [11, 7], [11, 6], [11, 5], [11, 4], [11, 3], [12, 3], [13, 3], [12, 3], [11, 3], [10, 3], [9, 3], [8, 3], [7, 3], [6, 3], [5, 3], [4, 3], [3, 3], [3, 2], [2, 2]]}
META {"type": "geom", "shape": "line", "group": "offpath", "data": [[27, 4, 27, 5], [27, 11, 27, 9], [27, 9, 27, 11], [27, 5, 27, 4], [8, 11, 8, 12], [8, 3, 8, 2], [8, 5, 8, 6], [8, 12, 7, 12], [8, 6, 8, 5], [8, 2, 8, 3], [14, 7, 14, 6], [14, 6, 14, 7], [2, 7, 2, 6], [2, 6, 2, 7], [25, 11, 25, 13], [25, 13, 25, 11], [24, 4, 24, 2], [24, 10, 24, 8], [24, 8, 24, 10], [24, 2, 24, 4], [18, 4, 18, 2], [18, 3, 17, 3], [18, 7, 16, 7], [18, 6, 18, 7], [18, 2, 18, 4], [18, 13, 20, 13], [4, 4, 4, 3], [4, 3, 4, 4], [4, 10, 4, 6], [4, 6, 4, 10], [19, 11, 19, 13], [19, 8, 21, 8], [19, 13, 18, 13], [12, 11, 10, 11], [12, 9, 12, 13], [12, 13, 11, 13], [21, 4, 21, 6], [21, 8, 19, 8], [21, 6, 21, 4], [11, 9, 12, 9], [11, 6, 10, 6], [11, 13, 11, 9], [5, 9, 5, 10], [5, 10, 5, 9], [13, 5, 7, 5], [26, 4, 26, 5], [26, 5, 26, 4], [17, 3, 18, 3], [20, 11, 19, 11], [20, 13, 20, 11], [7, 11, 8, 11], [7, 5, 13, 5], [7, 12, 7, 11], [10, 11, 12, 11], [10, 6, 11, 6], [16, 7, 16, 6], [16, 6, 18, 6]]}
