XXXXXXXXXXXXXXXX
XXXXXXXXXXXXXXXX
XXX-XXXXXXXXXXXX
XXX-XXXX}XXX--XX
XXX-XXXX------XX
XXX-XXXX------XX
XX--XXX----XX-XX
XX-------XXXX-XX
XX-------XXXX-XX
XXXX-----XXX--XX
XXXX---------XXX
XXXXX-------XXXX
XXXXX##-#---XXXX
XXXXX-----#-XXXX
XX----------XXXX
XX--##--------XX
XX-----XXX-X--XX
XX-----XXX-XXXXX
XX-X-#-----XXXXX
XXXX-------XXXXX
XXXX-----##--XXX
XXX---##-----XXX
XXXX-------#--XX
XXXX##--##----XX
XXXX--------X-XX
XXXXX--#----XXXX
XXXXX----#--XXXX
XXXXX-------XXXX
XX--------XXXXXX
XX---X--{-XXXXXX
XXXXXXXXXXXXXXXX
XXXXXXXXXXXXXXXX
META {"type": "solver", "id": "pysat-rc2", "objective": 0}
META {"type": "geom", "shape": "path", "group": "path", "data": [[29, 8, 29, 9], [29, 9, 27, 9], [27, 9, 27, 11], [27, 11, 23, 11], [23, 11, 23, 10], [23, 10, 21, 10], [21, 10, 21, 8], [21, 8, 22, 8], [22, 8, 18, 8], [18, 8, 18, 6], [18, 6, 18, 10], [18, 10, 14, 10], [14, 10, 14, 11], [14, 11, 10, 11], [10, 11, 10, 12], [10, 12, 9, 12], [9, 12, 9, 13], [9, 13, 3, 13], [3, 13, 3, 12], [3, 12, 5, 12], [5, 12, 5, 8], [5, 8, 3, 8]]}
META {"type": "geom", "shape": "tile", "group": "path", "data": [[29, 8], [29, 9], [28, 9], [27, 9], [27, 10], [27, 11], [26, 11], [25, 11], [24, 11], [23, 11], [23, 10], [22, 10], [21, 10], [21, 9], [21, 8], [22, 8], [21, 8], [20, 8], [19, 8], [18, 8], [18, 7], [18, 6], [18, 7], [18, 8], [18, 9], [18, 10], [17, 10], [16, 10], [15, 10], [14, 10], [14, 11], [13, 11], [12, 11], [11, 11], [10, 11], [10, 12], [9, 12], [9, 13], [8, 13], [7, 13], [6, 13], [5, 13], [4, 13], [3, 13], [3, 12], [4, 12], [5, 12], [5, 11], [5, 10], [5, 9], [5, 8], [4, 8], [3, 8]]}
META {"type": "geom", "shape": "line", "group": "offpath", "data": [[23, 12, 23, 13], [23, 6, 23, 7], [23, 7, 23, 6], [23, 13, 24, 13], [4, 11, 5, 11], [4, 9, 6, 9], [25, 6, 25, 5], [25, 5, 25, 6], [25, 9, 24, 9], [7, 2, 7, 8], [7, 6, 11, 6], [7, 8, 7, 2], [2, 3, 8, 3], [5, 11, 4, 11], [13, 6, 13, 5], [13, 5, 13, 9], [13, 9, 15, 9], [22, 12, 20, 12], [22, 7, 24, 7], [22, 13, 22, 12], [22, 4, 22, 10], [22, 10, 22, 4], [29, 2, 29, 4], [29, 4, 28, 4], [20, 12, 20, 11], [20, 6, 20, 8], [20, 7, 18, 7], [20, 4, 16, 4], [20, 11, 21, 11], [20, 8, 20, 4], [24, 7, 22, 7], [24, 13, 22, 13], [24, 9, 25, 9], [28, 2, 29, 2], [28, 4, 28, 2], [6, 2, 6, 3], [6, 3, 2, 3], [6, 9, 4, 9], [15, 2, 15, 3], [15, 3, 15, 2], [15, 12, 15, 6], [15, 6, 13, 6], [15, 13, 16, 13], [15, 9, 15, 13], [19, 4, 19, 10], [19, 10, 19, 4], [11, 6, 7, 6], [11, 5, 11, 11], [11, 11, 11, 5], [8, 2, 6, 2], [8, 3, 8, 2], [18, 7, 20, 7], [9, 4, 9, 8], [9, 8, 9, 4], [21, 3, 21, 5], [21, 12, 23, 12], [21, 5, 21, 3], [21, 11, 21, 12], [16, 12, 15, 12], [16, 6, 20, 6], [16, 13, 16, 12], [16, 4, 16, 6]]}
