XXXXXXXXXXXXXXXX
XX0--XXXX----XXX
XXXX-XXXX-XX-XXX
XXXX-XXXX-XX--1X
XX---XXX--XX-XXX
X---X--------XXX
XX--------XXX--X
XXX---X-X------X
XXX---X--XX--XXX
X-----X--XX--XXX
XX-XXX-X-XX----X
X--------XX----X
XXXXXXXXX--XXXXX
XXXXXXXXX--XXXXX
X2------------3X
XXXXXXXXXXXXXXXX
META {"type": "solver", "id": "pysat-rc2", "objective": 0}
META {"type": "geom", "shape": "path", "group": "path", "data": [[1, 2, 1, 3], [1, 3, 1, 4], [1, 4, 2, 4], [2, 4, 3, 4], [3, 4, 4, 4], [4, 4, 4, 3], [4, 3, 5, 3], [5, 3, 6, 3], [6, 3, 6, 4], [6, 4, 6, 5], [6, 5, 5, 5], [5, 5, 5, 6], [5, 6, 5, 7], [5, 7, 5, 8], [5, 8, 5, 9], [5, 9, 5, 10], [5, 10, 5, 11], [5, 11, 5, 12], [5, 12, 4, 12], [4, 12, 3, 12], [3, 12, 3, 13], [3, 13, 3, 14]]}
META {"type": "geom", "shape": "path", "group": "path", "data": [[14, 1, 14, 2], [14, 2, 14, 3], [14, 3, 14, 4], [14, 4, 14, 5], [14, 5, 14, 6], [14, 6, 14, 7], [14, 7, 14, 8], [14, 8, 14, 9], [14, 9, 14, 10], [14, 10, 14, 11], [14, 11, 14, 12], [14, 12, 14, 13], [14, 13, 14, 14]]}
META {"type": "geom", "shape": "tile", "group": "reachable", "data": [[1, 2], [1, 3], [1, 4], [2, 4], [3, 4], [4, 4], [4, 3], [5, 3], [4, 2], [5, 2], [6, 3], [6, 2], [5, 1], [7, 3], [6, 4], [7, 4], [6, 5], [8, 3], [5, 5], [7, 5], [6, 6], [8, 4], [9, 3], [5, 6], [6, 7], [8, 5], [9, 4], [9, 2], [5, 7], [7, 7], [6, 8], [9, 5], [10, 2], [9, 1], [5, 8], [6, 9], [8, 7], [11, 2], [4, 8], [5, 9], [7, 9], [9, 7], [8, 8], [11, 1], [11, 3], [4, 9], [5, 10], [7, 10], [9, 8], [11, 4], [3, 9], [5, 11], [7, 11], [10, 8], [11, 5], [2, 9], [5, 12], [8, 11], [7, 12], [11, 8], [11, 6], [1, 9], [4, 12], [8, 12], [7, 13], [9, 11], [11, 7], [10, 6], [1, 10], [3, 12], [6, 13], [7, 14], [9, 12], [10, 11], [1, 11], [2, 12], [3, 13], [6, 14], [10, 12], [11, 11], [1, 12], [11, 12], [10, 13], [11, 13], [10, 14], [11, 14]]}
