--------------------------------
--------------------------------
----------------X---------------
-------------X-----------XQX----
---------------------XX---------
--------------------------------
-----X--XQQX--------------------
--------------------------X-----
------------------X----------X--
---------------------Q----------
------------X-------------------
------------------X-------------
------X----------XX--X----------
-----XX----<>---XXX--XX---------
-{--XXX----[]--XXXX--XXX------}-
XXXXXXX--XXXXXXXXXXXXXXXXXXXXXXX
META {"type": "solver", "id": "pysat-rc2", "objective": 0}
META {"type": "geom", "shape": "path", "group": "path", "data": [[14, 1, 14, 2], [14, 2, 14, 3], [14, 3, 11, 6], [11, 6, 11, 7], [11, 7, 12, 7], [12, 7, 13, 8], [13, 8, 14, 9], [14, 9, 12, 11], [12, 11, 12, 12], [12, 12, 11, 13], [11, 13, 12, 14], [12, 14, 13, 15], [13, 15, 9, 19], [9, 19, 10, 20], [10, 20, 11, 21], [11, 21, 11, 22], [11, 22, 12, 23], [12, 23, 13, 24], [13, 24, 14, 25], [14, 25, 14, 26], [14, 26, 14, 27], [14, 27, 14, 28], [14, 28, 14, 29], [14, 29, 14, 30]]}
