--------------------------------
--------------------------------
--------------------------------
---Q-------Q----XX----XX--------
--------------------------------
----------------XX---------XXX--
-------------Q------XXX---------
------XX------------------------
-------------------------X------
------------------------XX------
-------------<>--------XXX------
------Q--X---[]-------XXXX------
-------------[]------XXXXX------
-------------[]-----XXXXXX------
-{-----------[]----XXXXXXX----}-
XXXXX---XXXXXXXXXXXXXXXXXXXXXXXX
META {"type": "solver", "id": "pysat-rc2", "objective": 0}
META {"type": "geom", "shape": "path", "group": "path", "data": [[14, 1, 14, 2], [14, 2, 10, 6], [10, 6, 6, 10], [6, 10, 7, 11], [7, 11, 8, 12], [8, 12, 9, 13], [9, 13, 9, 14], [9, 14, 9, 15], [9, 15, 10, 16], [10, 16, 11, 17], [11, 17, 12, 18], [12, 18, 13, 19], [13, 19, 11, 21], [11, 21, 7, 25], [7, 25, 7, 26], [7, 26, 8, 26], [8, 26, 9, 26], [9, 26, 10, 26], [10, 26, 11, 27], [11, 27, 12, 28], [12, 28, 13, 29], [13, 29, 14, 30]]}
