--------------------------------
--------------------------------
--------------------------------
--------------------------------
-------X------------------------
-----------------XX---Q---------
-------------------------Q------
--------X-------------------XX--
-----------<>--X-----XX---------
-----------[]-------------------
-----------[]--------------X----
-------XX--[]-------------XX----
------XXX--[]--Q---------XXX----
-----XXXX--[]-----------XXXX----
-{--XXXXX--[]----------XXXXX--}-
XXXXXXXXXXXXXXXXXXXXXXXXXXXXXXXX
META {"type": "solver", "id": "pysat-rc2", "objective": 0}
META {"type": "geom", "shape": "path", "group": "path", "data": [[14, 1, 14, 2], [14, 2, 14, 3], [14, 3, 10, 7], [10, 7, 10, 8], [10, 8, 7, 11], [7, 11, 7, 12], [7, 12, 7, 13], [7, 13, 8, 14], [8, 14, 9, 15], [9, 15, 10, 16], [10, 16, 11, 17], [11, 17, 12, 18], [12, 18, 13, 19], [13, 19, 14, 20], [14, 20, 14, 21], [14, 21, 14, 22], [14, 22, 13, 23], [13, 23, 9, 27], [9, 27, 9, 28], [9, 28, 10, 28], [10, 28, 11, 28], [11, 28, 12, 28], [12, 28, 13, 29], [13, 29, 14, 30]]}
