XXXXXXXXXXXXXXXX
XXXXXXXXXXXXXXXX
XXXXXX}XXX---XXX
XXXXXX--------XX
XXXXX-----#---XX
XXXXX##-----XXXX
XXXXX--###---XXX
XX-----------XXX
XX-X--#------XXX
XX-XX-----XX-XXX
XX--X--XXXXX-XXX
XX--XX-XXXXX-XXX
XX---X-XXXXX--XX
XX-----XXX----XX
XX-#-XX---##--XX
XX----X-------XX
XX-------#----XX
XX--##------#-XX
XXX----#--X---XX
XXX-------XX--XX
XXX--#-----X--XX
XXX-----------XX
XXX-#----#-#--XX
XXX---#-------XX
XXX----------XXX
XX--#--####-XXXX
XX-----------XXX
XX---##----{-XXX
XXXX-----XXXXXXX
XXXX---X-XXXXXXX
XXXXXXXXXXXXXXXX
XXXXXXXXXXXXXXXX
META {"type": "solver", "id": "pysat-rc2", "objective": 0}
META {"type": "geom", "shape": "path", "group": "path", "data": [[27, 11, 23, 11], [23, 11, 23, 7], [23, 7, 19, 7], [19, 7, 19, 3], [19, 3, 19, 9], [19, 9, 17, 9], [17, 9, 21, 9], [21, 9, 21, 3], [21, 3, 27, 3], [27, 3, 27, 2], [27, 2, 27, 4], [27, 4, 29, 4], [29, 4, 29, 6], [29, 6, 28, 6], [28, 6, 28, 4], [28, 4, 28, 8], [28, 8, 26, 8], [26, 8, 26, 2], [26, 2, 25, 2], [25, 2, 25, 3], [25, 3, 15, 3], [15, 3, 15, 2], [15, 2, 17, 2], [17, 2, 7, 2], [7, 2, 7, 12], [7, 12, 6, 12], [6, 12, 6, 10], [6, 10, 5, 10], [5, 10, 5, 11], [5, 11, 5, 7], [5, 7, 3, 7], [3, 7, 3, 13], [3, 13, 4, 13], [4, 13, 4, 11], [4, 11, 8, 11], [8, 11, 2, 11], [2, 11, 2, 10], [2, 10, 3, 10], [3, 10, 3, 6], [3, 6, 2, 6]]}
META {"type": "geom", "shape": "tile", "group": "path", "data": [[27, 11], [26, 11], [25, 11], [24, 11], [23, 11], [23, 10], [23, 9], [23, 8], [23, 7], [22, 7], [21, 7], [20, 7], [19, 7], [19, 6], [19, 5], [19, 4], [19, 3], [19, 4], [19, 5], [19, 6], [19, 7], [19, 8], [19, 9], [18, 9], [17, 9], [18, 9], [19, 9], [20, 9], [21, 9], [21, 8], [21, 7], [21, 6], [21, 5], [21, 4], [21, 3], [22, 3], [23, 3], [24, 3], [25, 3], [26, 3], [27, 3], [27, 2], [27, 3], [27, 4], [28, 4], [29, 4], [29, 5], [29, 6], [28, 6], [28, 5], [28, 4], [28, 5], [28, 6], [28, 7], [28, 8], [27, 8], [26, 8], [26, 7], [26, 6], [26, 5], [26, 4], [26, 3], [26, 2], [25, 2], [25, 3], [24, 3], [23, 3], [22, 3], [21, 3], [20, 3], [19, 3], [18, 3], [17, 3], [16, 3], [15, 3], [15, 2], [16, 2], [17, 2], [16, 2], [15, 2], [14, 2], [13, 2], [12, 2], [11, 2], [10, 2], [9, 2], [8, 2], [7, 2], [7, 3], [7, 4], [7, 5], [7, 6], [7, 7], [7, 8], [7, 9], [7, 10], [7, 11], [7, 12], [6, 12], [6, 11], [6, 10], [5, 10], [5, 11], [5, 10], [5, 9], [5, 8], [5, 7], [4, 7], [3, 7], [3, 8], [3, 9], [3, 10], [3, 11], [3, 12], [3, 13], [4, 13], [4, 12], [4, 11], [5, 11], [6, 11], [7, 11], [8, 11], [7, 11], [6, 11], [5, 11], [4, 11], [3, 11], [2, 11], [2, 10], [3, 10], [3, 9], [3, 8], [3, 7], [3, 6], [2, 6]]}
META {"type": "geom", "shape": "line", "group": "offpath", "data": [[27, 9, 26, 9], [24, 12, 18, 12], [24, 8, 24, 12], [24, 4, 23, 4], [23, 4, 24, 4], [8, 5, 8, 4], [8, 4, 8, 5], [9, 6, 13, 6], [9, 7, 7, 7], [9, 8, 7, 8], [9, 5, 9, 9], [9, 9, 9, 5], [26, 9, 27, 9], [20, 12, 20, 13], [20, 13, 20, 12], [18, 12, 18, 11], [18, 13, 12, 13], [18, 11, 18, 13], [18, 5, 19, 5], [17, 6, 16, 6], [17, 10, 17, 6], [2, 12, 4, 12], [7, 7, 9, 7], [7, 8, 9, 8], [15, 5, 16, 5], [12, 12, 16, 12], [12, 13, 12, 12], [12, 4, 16, 4], [16, 12, 16, 10], [16, 6, 16, 2], [16, 10, 17, 10], [16, 2, 16, 8], [16, 8, 14, 8], [16, 5, 15, 5], [16, 4, 12, 4], [14, 12, 14, 13], [14, 13, 14, 12], [14, 8, 24, 8], [3, 9, 5, 9], [25, 6, 25, 5], [25, 5, 25, 6], [4, 12, 2, 12], [4, 5, 4, 9], [4, 9, 4, 5], [19, 12, 19, 13], [19, 13, 19, 12], [19, 5, 18, 5], [5, 9, 3, 9], [11, 2, 11, 3], [11, 3, 11, 2], [13, 6, 9, 6]]}
