XXXXXXXXXXXXXXXX
XXXXXXXXXXXXXXXX
XXXX}XXXXXXXXXXX
XXXX--XXXXXX-XXX
XX--#-XXXXXX--XX
XX----XXXXXX--XX
XX-X--XXXXX---XX
XX-XX-XXXXX-#-XX
XX--X---------XX
XX-----XX-----XX
XX---X--XX---XXX
XXX--XX--XXXXXXX
XXX---X---XXXXXX
XXX----##-XXXXXX
XXX-------XXXXXX
XX-#-XX--#---XXX
XX----X-------XX
XXX-----------XX
XXXX---###----XX
XXXX----------XX
XXX-#-#-----X-XX
XX----------XXXX
XXXX------#--XXX
XXXX-#-------XXX
XXX------#-X-XXX
XX-#-------XXXXX
XX--------XXXXXX
XX--#----XXXXXXX
XXX------XXXXXXX
XXXX---{-XXXXXXX
XXXXXXXXXXXXXXXX
XXXXXXXXXXXXXXXX
META {"type": "solver", "id": "pysat-rc2", "objective": 0}
META {"type": "geom", "shape": "path", "group": "path", "data": [[29, 7, 19, 7], [19, 7, 19, 13], [19, 13, 20, 13], [20, 13, 16, 13], [16, 13, 16, 7], [16, 7, 17, 7], [17, 7, 17, 13], [17, 13, 17, 3], [17, 3, 16, 3], [16, 3, 16, 5], [16, 5, 22, 5], [22, 5, 22, 4], [22, 4, 26, 4], [26, 4, 26, 2], [26, 2, 25, 2], [25, 2, 27, 2], [27, 2, 27, 3], [27, 3, 26, 3], [26, 3, 26, 9], [26, 9, 25, 9], [25, 9, 25, 10], [25, 10, 23, 10], [23, 10, 23, 6], [23, 6, 29, 6], [29, 6, 29, 4], [29, 4, 29, 8], [29, 8, 19, 8], [19, 8, 19, 4], [19, 4, 9, 4], [9, 4, 9, 2], [9, 2, 9, 6], [9, 6, 10, 6], [10, 6, 10, 7], [10, 7, 12, 7], [12, 7, 12, 9], [12, 9, 14, 9], [14, 9, 14, 3], [14, 3, 8, 3], [8, 3, 8, 2], [8, 2, 10, 2], [10, 2, 4, 2], [4, 2, 4, 3], [4, 3, 5, 3], [5, 3, 5, 5], [5, 5, 3, 5], [3, 5, 3, 4], [3, 4, 2, 4]]}
META {"type": "geom", "shape": "tile", "group": "path", "data": [[29, 7], [28, 7], [27, 7], [26, 7], [25, 7], [24, 7], [23, 7], [22, 7], [21, 7], [20, 7], [19, 7], [19, 8], [19, 9], [19, 10], [19, 11], [19, 12], [19, 13], [20, 13], [19, 13], [18, 13], [17, 13], [16, 13], [16, 12], [16, 11], [16, 10], [16, 9], [16, 8], [16, 7], [17, 7], [17, 8], [17, 9], [17, 10], [17, 11], [17, 12], [17, 13], [17, 12], [17, 11], [17, 10], [17, 9], [17, 8], [17, 7], [17, 6], [17, 5], [17, 4], [17, 3], [16, 3], [16, 4], [16, 5], [17, 5], [18, 5], [19, 5], [20, 5], [21, 5], [22, 5], [22, 4], [23, 4], [24, 4], [25, 4], [26, 4], [26, 3], [26, 2], [25, 2], [26, 2], [27, 2], [27, 3], [26, 3], [26, 4], [26, 5], [26, 6], [26, 7], [26, 8], [26, 9], [25, 9], [25, 10], [24, 10], [23, 10], [23, 9], [23, 8], [23, 7], [23, 6], [24, 6], [25, 6], [26, 6], [27, 6], [28, 6], [29, 6], [29, 5], [29, 4], [29, 5], [29, 6], [29, 7], [29, 8], [28, 8], [27, 8], [26, 8], [25, 8], [24, 8], [23, 8], [22, 8], [21, 8], [20, 8], [19, 8], [19, 7], [19, 6], [19, 5], [19, 4], [18, 4], [17, 4], [16, 4], [15, 4], [14, 4], [13, 4], [12, 4], [11, 4], [10, 4], [9, 4], [9, 3], [9, 2], [9, 3], [9, 4], [9, 5], [9, 6], [10, 6], [10, 7], [11, 7], [12, 7], [12, 8], [12, 9], [13, 9], [14, 9], [14, 8], [14, 7], [14, 6], [14, 5], [14, 4], [14, 3], [13, 3], [12, 3], [11, 3], [10, 3], [9, 3], [8, 3], [8, 2], [9, 2], [10, 2], [9, 2], [8, 2], [7, 2], [6, 2], [5, 2], [4, 2], [4, 3], [5, 3], [5, 4], [5, 5], [4, 5], [3, 5], [3, 4], [2, 4]]}
META {"type": "geom", "shape": "line", "group": "offpath", "data": [[6, 13, 6, 11], [6, 11, 10, 11], [6, 4, 5, 4], [6, 12, 6, 13], [10, 11, 10, 12], [10, 12, 8, 12], [10, 10, 8, 10], [9, 9, 8, 9], [11, 4, 11, 3], [11, 3, 11, 4], [15, 12, 19, 12], [23, 11, 23, 12], [23, 12, 22, 12], [23, 9, 19, 9], [14, 5, 12, 5], [4, 13, 4, 12], [4, 12, 6, 12], [12, 5, 14, 5], [5, 13, 5, 12], [5, 4, 6, 4], [5, 12, 5, 13], [22, 11, 23, 11], [22, 12, 22, 11], [8, 13, 4, 13], [8, 12, 8, 13], [8, 9, 9, 9], [8, 10, 10, 10], [19, 12, 15, 12], [19, 9, 23, 9]]}
