XXXXXXXXXXXXXXXX
XXXXXXXXXXXXXXXX
XXXXX---XXX}XXXX
XXX-----XXX--XXX
XXX-----XXXX-XXX
XX---XX--XXX-XXX
XX----X--XXX-XXX
XX##---#-XXX--XX
XX--##--------XX
XX------X-----XX
XX-X---XX-#-XXXX
XXXX----X---XXXX
XXXX-#-------XXX
XXXX---------XXX
XX----#---X---XX
XX--#---XXX---XX
XX------XXX---XX
XX---XX-------XX
XXX---XX------XX
XXXX--XX-#-#--XX
XXXX---X------XX
XXXX-X-XX-#---XX
XXXXXX--X----XXX
XXXXXX---#-XXXXX
XXXXXX-----XXXXX
XXXXXXX-X--XXXXX
XXXXXXX-XX----XX
XXXXXXX--XX-{-XX
XXXXXX----XXXXXX
XXXXXXX-X-XXXXXX
XXXXXXXXXXXXXXXX
XXXXXXXXXXXXXXXX
META {"type": "solver", "id": "pysat-rc2", "objective": 0}
META {"type": "geom", "shape": "path", "group": "path", "data": [[27, 12, 26, 12], [26, 12, 26, 10], [26, 10, 22, 10], [22, 10, 22, 12], [22, 12, 12, 12], [12, 12, 12, 6], [12, 6, 13, 6], [13, 6, 13, 4], [13, 4, 9, 4], [9, 4, 9, 2], [9, 2, 10, 2], [10, 2, 8, 2], [8, 2, 8, 3], [8, 3, 9, 3], [9, 3, 9, 7], [9, 7, 8, 7], [8, 7, 8, 13], [8, 13, 9, 13], [9, 13, 7, 13], [7, 13, 7, 12], [7, 12, 9, 12], [9, 12, 3, 12], [3, 12, 3, 11], [3, 11, 2, 11]]}
META {"type": "geom", "shape": "tile", "group": "path", "data": [[27, 12], [26, 12], [26, 11], [26, 10], [25, 10], [24, 10], [23, 10], [22, 10], [22, 11], [22, 12], [21, 12], [20, 12], [19, 12], [18, 12], [17, 12], [16, 12], [15, 12], [14, 12], [13, 12], [12, 12], [12, 11], [12, 10], [12, 9], [12, 8], [12, 7], [12, 6], [13, 6], [13, 5], [13, 4], [12, 4], [11, 4], [10, 4], [9, 4], [9, 3], [9, 2], [10, 2], [9, 2], [8, 2], [8, 3], [9, 3], [9, 4], [9, 5], [9, 6], [9, 7], [8, 7], [8, 8], [8, 9], [8, 10], [8, 11], [8, 12], [8, 13], [9, 13], [8, 13], [7, 13], [7, 12], [8, 12], [9, 12], [8, 12], [7, 12], [6, 12], [5, 12], [4, 12], [3, 12], [3, 11], [2, 11]]}
META {"type": "geom", "shape": "line", "group": "offpath", "data": [[18, 9, 17, 9], [18, 3, 18, 5], [18, 11, 8, 11], [18, 5, 18, 3], [2, 7, 2, 5], [2, 5, 4, 5], [2, 6, 4, 6], [3, 3, 3, 7], [3, 7, 2, 7], [20, 9, 22, 9], [17, 9, 18, 9], [17, 4, 17, 2], [17, 7, 11, 7], [17, 2, 17, 4], [8, 11, 18, 11], [19, 12, 19, 13], [19, 13, 19, 12], [19, 4, 19, 5], [19, 5, 19, 4], [25, 9, 24, 9], [11, 9, 11, 11], [11, 11, 11, 9], [11, 7, 17, 7], [11, 10, 13, 10], [4, 3, 3, 3], [4, 5, 4, 3], [4, 6, 2, 6], [13, 10, 11, 10], [6, 8, 5, 8], [6, 7, 6, 8], [23, 8, 23, 6], [23, 6, 23, 8], [5, 8, 5, 7], [5, 4, 5, 2], [5, 7, 6, 7], [5, 2, 5, 4], [15, 6, 16, 6], [24, 9, 25, 9], [21, 13, 21, 11], [21, 11, 21, 13], [22, 9, 20, 9], [16, 13, 16, 11], [16, 11, 16, 13], [16, 6, 15, 6]]}
