XXXXXXXXXXXXXXXX
XXXXXXXXXXXXXXXX
XX}XXX-------XXX
XX-----------XXX
XXX---X--X----XX
XXX--XXXXX--#-XX
XXX--XXXXX----XX
XX-#--XXXX----XX
XX----XXX--##-XX
XXX-----------XX
XXX--X--X-----XX
XXX-XXXXX-XX--XX
XXX-XXXXX--X-XXX
XXX-XXX-XX-XXXXX
XXX------X-XXXXX
XX---------XXXXX
XX-----###-XXXXX
XX-#-------XXXXX
XX---XX---#--XXX
XX--XXX-------XX
XX--XXX-------XX
XX--XXX---#-XXXX
XX--XXXXX---XXXX
XX##--XXXX--XXXX
XX-----XXXX--XXX
XX-----XXXX--XXX
XX---XXXXXX--XXX
XX##--XXXXX--XXX
XX----XXXXX---XX
XX--X-XXXX--{-XX
XXXXXXXXXXXXXXXX
XXXXXXXXXXXXXXXX
META {"type": "solver", "id": "pysat-rc2", "objective": 0}
META {"type": "geom", "shape": "path", "group": "path", "data": [[29, 12, 29, 13], [29, 13, 28, 13], [28, 13, 28, 11], [28, 11, 18, 11], [18, 11, 18, 12], [18, 12, 20, 12], [20, 12, 20, 13], [20, 13, 20, 7], [20, 7, 21, 7], [21, 7, 21, 9], [21, 9, 17, 9], [17, 9, 17, 10], [17, 10, 17, 4], [17, 4, 18, 4], [18, 4, 14, 4], [14, 4, 14, 3], [14, 3, 8, 3], [8, 3, 8, 5], [8, 5, 9, 5], [9, 5, 7, 5], [7, 5, 7, 4], [7, 4, 3, 4], [3, 4, 3, 2], [3, 2, 2, 2]]}
META {"type": "geom", "shape": "tile", "group": "path", "data": [[29, 12], [29, 13], [28, 13], [28, 12], [28, 11], [27, 11], [26, 11], [25, 11], [24, 11], [23, 11], [22, 11], [21, 11], [20, 11], [19, 11], [18, 11], [18, 12], [19, 12], [20, 12], [20, 13], [20, 12], [20, 11], [20, 10], [20, 9], [20, 8], [20, 7], [21, 7], [21, 8], [21, 9], [20, 9], [19, 9], [18, 9], [17, 9], [17, 10], [17, 9], [17, 8], [17, 7], [17, 6], [17, 5], [17, 4], [18, 4], [17, 4], [16, 4], [15, 4], [14, 4], [14, 3], [13, 3], [12, 3], [11, 3], [10, 3], [9, 3], [8, 3], [8, 4], [8, 5], [9, 5], [8, 5], [7, 5], [7, 4], [6, 4], [5, 4], [4, 4], [3, 4], [3, 3], [3, 2], [2, 2]]}
META {"type": "geom", "shape": "line", "group": "offpath", "data": [[8, 10, 2, 10], [8, 9, 8, 10], [27, 5, 27, 4], [27, 4, 23, 4], [3, 12, 4, 12], [3, 5, 4, 5], [3, 6, 3, 12], [3, 9, 2, 9], [4, 12, 4, 10], [4, 5, 3, 5], [4, 10, 10, 10], [29, 3, 28, 3], [29, 5, 27, 5], [28, 3, 29, 3], [28, 5, 29, 5], [28, 4, 28, 5], [26, 2, 26, 4], [26, 4, 28, 4], [9, 12, 9, 13], [9, 13, 11, 13], [7, 12, 6, 12], [19, 3, 19, 2], [19, 7, 19, 13], [19, 2, 19, 3], [19, 13, 19, 7], [21, 8, 17, 8], [18, 3, 22, 3], [25, 5, 25, 6], [25, 6, 25, 2], [25, 2, 26, 2], [5, 11, 5, 10], [5, 10, 5, 11], [16, 6, 16, 2], [16, 2, 16, 6], [24, 12, 24, 11], [24, 11, 24, 12], [24, 6, 24, 2], [24, 2, 24, 6], [23, 5, 25, 5], [23, 4, 23, 5], [2, 12, 2, 6], [2, 6, 3, 6], [2, 10, 2, 12], [2, 9, 3, 9], [22, 3, 18, 3], [22, 11, 22, 9], [22, 9, 22, 11], [17, 8, 21, 8], [10, 3, 10, 4], [10, 7, 10, 6], [10, 6, 10, 7], [10, 4, 10, 3], [10, 10, 10, 9], [10, 9, 8, 9], [11, 12, 9, 12], [11, 13, 11, 12], [6, 12, 7, 12], [6, 3, 6, 4], [6, 4, 6, 3]]}
