XXXXXXXXXXXXXXXX
XXXXXXXXXXXXXXXX
XX-------XXX}XXX
XX---#-#-XXX-XXX
XX-----------XXX
XXX-----XXXXXXXX
XXXX-----XXXXXXX
XXXX##---XXXXXXX
XXXX-----XXX-XXX
XXX--XX--XXX--XX
XXX---X-------XX
XXX-----X--#--XX
XX---#-XXX----XX
XX-----XXX----XX
XX--#--XXX----XX
XX---------##-XX
XX-#-XXX------XX
XX---XXX-#----XX
XX----------#-XX
XX--X---------XX
XXXXX---#--X--XX
XXXXX-----XX--XX
XXX----#---X--XX
XXX------#---XXX
XX---XX-----XXXX
XX----X------XXX
XX------##---XXX
XX--XX------XXXX
XX---X-----XXXXX
XX-----{--XXXXXX
XXXXXXXXXXXXXXXX
XXXXXXXXXXXXXXXX
META {"type": "solver", "id": "pysat-rc2", "objective": 0}
META {"type": "geom", "shape": "path", "group": "path", "data": [[29, 7, 23, 7], [23, 7, 23, 3], [23, 3, 29, 3], [29, 3, 29, 9], [29, 9, 27, 9], [27, 9, 27, 11], [27, 11, 23, 11], [23, 11, 23, 10], [23, 10, 23, 12], [23, 12, 19, 12], [19, 12, 19, 13], [19, 13, 9, 13], [9, 13, 9, 12], [9, 12, 8, 12], [8, 12, 14, 12], [14, 12, 14, 10], [14, 10, 10, 10], [10, 10, 20, 10], [20, 10, 20, 9], [20, 9, 22, 9], [22, 9, 22, 10], [22, 10, 22, 8], [22, 8, 21, 8], [21, 8, 25, 8], [25, 8, 25, 12], [25, 12, 26, 12], [26, 12, 26, 10], [26, 10, 28, 10], [28, 10, 28, 6], [28, 6, 26, 6], [26, 6, 26, 2], [26, 2, 24, 2], [24, 2, 24, 4], [24, 4, 22, 4], [22, 4, 22, 6], [22, 6, 18, 6], [18, 6, 18, 2], [18, 2, 12, 2], [12, 2, 12, 4], [12, 4, 13, 4], [13, 4, 13, 2], [13, 2, 13, 6], [13, 6, 15, 6], [15, 6, 11, 6], [11, 6, 11, 7], [11, 7, 11, 3], [11, 3, 15, 3], [15, 3, 9, 3], [9, 3, 9, 4], [9, 4, 8, 4], [8, 4, 8, 8], [8, 8, 10, 8], [10, 8, 6, 8], [6, 8, 6, 4], [6, 4, 2, 4], [2, 4, 2, 8], [2, 8, 2, 2], [2, 2, 4, 2], [4, 2, 4, 12], [4, 12, 2, 12]]}
META {"type": "geom", "shape": "tile", "group": "path", "data": [[29, 7], [28, 7], [27, 7], [26, 7], [25, 7], [24, 7], [23, 7], [23, 6], [23, 5], [23, 4], [23, 3], [24, 3], [25, 3], [26, 3], [27, 3], [28, 3], [29, 3], [29, 4], [29, 5], [29, 6], [29, 7], [29, 8], [29, 9], [28, 9], [27, 9], [27, 10], [27, 11], [26, 11], [25, 11], [24, 11], [23, 11], [23, 10], [23, 11], [23, 12], [22, 12], [21, 12], [20, 12], [19, 12], [19, 13], [18, 13], [17, 13], [16, 13], [15, 13], [14, 13], [13, 13], [12, 13], [11, 13], [10, 13], [9, 13], [9, 12], [8, 12], [9, 12], [10, 12], [11, 12], [12, 12], [13, 12], [14, 12], [14, 11], [14, 10], [13, 10], [12, 10], [11, 10], [10, 10], [11, 10], [12, 10], [13, 10], [14, 10], [15, 10], [16, 10], [17, 10], [18, 10], [19, 10], [20, 10], [20, 9], [21, 9], [22, 9], [22, 10], [22, 9], [22, 8], [21, 8], [22, 8], [23, 8], [24, 8], [25, 8], [25, 9], [25, 10], [25, 11], [25, 12], [26, 12], [26, 11], [26, 10], [27, 10], [28, 10], [28, 9], [28, 8], [28, 7], [28, 6], [27, 6], [26, 6], [26, 5], [26, 4], [26, 3], [26, 2], [25, 2], [24, 2], [24, 3], [24, 4], [23, 4], [22, 4], [22, 5], [22, 6], [21, 6], [20, 6], [19, 6], [18, 6], [18, 5], [18, 4], [18, 3], [18, 2], [17, 2], [16, 2], [15, 2], [14, 2], [13, 2], [12, 2], [12, 3], [12, 4], [13, 4], [13, 3], [13, 2], [13, 3], [13, 4], [13, 5], [13, 6], [14, 6], [15, 6], [14, 6], [13, 6], [12, 6], [11, 6], [11, 7], [11, 6], [11, 5], [11, 4], [11, 3], [12, 3], [13, 3], [14, 3], [15, 3], [14, 3], [13, 3], [12, 3], [11, 3], [10, 3], [9, 3], [9, 4], [8, 4], [8, 5], [8, 6], [8, 7], [8, 8], [9, 8], [10, 8], [9, 8], [8, 8], [7, 8], [6, 8], [6, 7], [6, 6], [6, 5], [6, 4], [5, 4], [4, 4], [3, 4], [2, 4], [2, 5], [2, 6], [2, 7], [2, 8], [2, 7], [2, 6], [2, 5], [2, 4], [2, 3], [2, 2], [3, 2], [4, 2], [4, 3], [4, 4], [4, 5], [4, 6], [4, 7], [4, 8], [4, 9], [4, 10], [4, 11], [4, 12], [3, 12], [2, 12]]}
META {"type": "geom", "shape": "line", "group": "offpath", "data": [[21, 12, 21, 13], [21, 13, 21, 12], [3, 2, 3, 4], [3, 4, 3, 2], [4, 5, 6, 5], [28, 2, 28, 4], [28, 4, 28, 2], [5, 7, 5, 3], [5, 3, 5, 7], [10, 7, 10, 13], [10, 5, 11, 5], [10, 13, 10, 7], [17, 3, 17, 2], [17, 12, 16, 12], [17, 2, 19, 2], [8, 6, 2, 6], [11, 9, 11, 10], [11, 12, 11, 13], [11, 5, 10, 5], [11, 10, 11, 9], [11, 13, 11, 12], [6, 5, 4, 5], [19, 3, 17, 3], [19, 5, 18, 5], [19, 11, 19, 5], [19, 2, 19, 3], [2, 6, 8, 6], [16, 12, 17, 12], [18, 5, 18, 11], [18, 11, 19, 11]]}
