XXXXXXXXXXXXXXXX
XXXXXXXXXXXXXXXX
XXXXX-----XXXXXX
XX-----X--XXX}XX
XX-----XXXXXX-XX
XX---X-XXXXXX-XX
XX--XX-XXXXXX-XX
XX---XX-------XX
XX-#--XX-XX---XX
XX-----X--X--XXX
XX--XX--#---XXXX
XXX--X------XXXX
XXXX------#-XXXX
XXXX--X-#---XXXX
XXXXXXX----X--XX
XXXXXXX--XXX--XX
XXXXXXX--XXX--XX
XXXXXXXX------XX
XXXXXXXX------XX
XX--XXXX--#-XXXX
XX---XXX----XXXX
XX---XXX-----XXX
XX---XXX-#---XXX
XX--X-------XXXX
XX--XX----XXXXXX
XX---X--X--XXXXX
XX##--X-XX-XXXXX
XX---XX--X--XXXX
XXX---X-----XXXX
XXX-{----X--XXXX
XXXXXXXXXXXXXXXX
XXXXXXXXXXXXXXXX
META {"type": "solver", "id": "pysat-rc2", "objective": 0}
META {"type": "geom", "shape": "path", "group": "path", "data": [[29, 4, 29, 8], [29, 8, 27, 8], [27, 8, 27, 7], [27, 7, 23, 7], [23, 7, 23, 11], [23, 11, 17, 11], [17, 11, 17, 13], [17, 13, 18, 13], [18, 13, 14, 13], [14, 13, 14, 12], [14, 12, 18, 12], [18, 12, 18, 8], [18, 8, 14, 8], [14, 8, 14, 10], [14, 10, 13, 10], [13, 10, 13, 11], [13, 11, 13, 9], [13, 9, 9, 9], [9, 9, 9, 8], [9, 8, 7, 8], [7, 8, 7, 7], [7, 7, 7, 13], [7, 13, 3, 13]]}
META {"type": "geom", "shape": "tile", "group": "path", "data": [[29, 4], [29, 5], [29, 6], [29, 7], [29, 8], [28, 8], [27, 8], [27, 7], [26, 7], [25, 7], [24, 7], [23, 7], [23, 8], [23, 9], [23, 10], [23, 11], [22, 11], [21, 11], [20, 11], [19, 11], [18, 11], [17, 11], [17, 12], [17, 13], [18, 13], [17, 13], [16, 13], [15, 13], [14, 13], [14, 12], [15, 12], [16, 12], [17, 12], [18, 12], [18, 11], [18, 10], [18, 9], [18, 8], [17, 8], [16, 8], [15, 8], [14, 8], [14, 9], [14, 10], [13, 10], [13, 11], [13, 10], [13, 9], [12, 9], [11, 9], [10, 9], [9, 9], [9, 8], [8, 8], [7, 8], [7, 7], [7, 8], [7, 9], [7, 10], [7, 11], [7, 12], [7, 13], [6, 13], [5, 13], [4, 13], [3, 13]]}
META {"type": "geom", "shape": "line", "group": "offpath", "data": [[27, 10, 27, 11], [27, 11, 27, 10], [27, 2, 27, 4], [27, 4, 27, 2], [27, 3, 29, 3], [7, 2, 7, 4], [7, 4, 7, 2], [9, 11, 9, 12], [9, 2, 3, 2], [9, 12, 9, 11], [9, 3, 9, 2], [18, 10, 17, 10], [28, 5, 29, 5], [28, 11, 28, 7], [28, 7, 28, 11], [14, 9, 14, 7], [14, 7, 10, 7], [11, 8, 12, 8], [11, 10, 10, 10], [11, 4, 11, 3], [11, 3, 11, 4], [3, 8, 2, 8], [3, 2, 3, 6], [3, 9, 3, 8], [3, 6, 2, 6], [25, 2, 25, 4], [25, 9, 23, 9], [25, 4, 25, 2], [25, 6, 25, 7], [25, 7, 25, 6], [10, 10, 11, 10], [10, 2, 10, 3], [10, 6, 12, 6], [10, 7, 10, 6], [10, 3, 9, 3], [17, 10, 18, 10], [2, 8, 2, 9], [2, 5, 4, 5], [2, 9, 3, 9], [2, 6, 2, 5], [29, 10, 29, 11], [29, 5, 28, 5], [29, 11, 29, 10], [29, 3, 27, 3], [23, 2, 23, 3], [23, 9, 25, 9], [23, 3, 23, 2], [22, 10, 22, 12], [22, 2, 22, 4], [22, 4, 22, 2], [22, 12, 22, 10], [12, 8, 11, 8], [12, 5, 12, 9], [12, 9, 14, 9], [12, 4, 13, 4], [12, 6, 12, 4], [13, 5, 12, 5], [13, 4, 13, 5], [4, 5, 4, 6], [4, 2, 10, 2], [4, 6, 4, 2]]}
