--------------------------------
--------------------------------
--------------------------Q-----
--------------------------------
----------------------X------X--
-----------X--X----X------------
--------------------------------
--------------------------------
----------X-----Q--Q-------X----
--------------------------------
-------------X---------X--------
------------XX------------------
-----------XXX--XQQX------XX----
----------XXXX--------<>--------
-{-------XXXXX--------[]------}-
XXXXXXXXXXXXXXXXX---XXXXXXXXXXXX
META {"type": "solver", "id": "pysat-rc2", "objective": 0}
META {"type": "geom", "shape": "path", "group": "path", "data": [[14, 1, 14, 2], [14, 2, 12, 1], [12, 1, 13, 2], [13, 2, 14, 3], [14, 3, 11, 3], [11, 3, 12, 4], [12, 4, 13, 5], [13, 5, 14, 6], [14, 6, 11, 6], [11, 6, 12, 7], [12, 7, 13, 7], [13, 7, 14, 8], [14, 8, 10, 12], [10, 12, 6, 15], [6, 15, 7, 16], [7, 16, 3, 19], [3, 19, 4, 19], [4, 19, 0, 19], [0, 19, 1, 20], [1, 20, 2, 21], [2, 21, 3, 22], [3, 22, 0, 24], [0, 24, 1, 23], [1, 23, 2, 22], [2, 22, 3, 23], [3, 23, 4, 23], [4, 23, 5, 22], [5, 22, 6, 21], [6, 21, 7, 22], [7, 22, 8, 22], [8, 22, 9, 23], [9, 23, 5, 24], [5, 24, 6, 24], [6, 24, 7, 23], [7, 23, 8, 24], [8, 24, 9, 25], [9, 25, 10, 26], [10, 26, 11, 27], [11, 27, 9, 29], [9, 29, 10, 30], [10, 30, 11, 31], [11, 31, 12, 31], [12, 31, 13, 31], [13, 31, 14, 30]]}
META {"type": "geom", "shape": "tile", "group": "path", "data": [[14, 1], [14, 2], [13, 2], [13, 1], [12, 1], [13, 1], [13, 2], [14, 2], [14, 3], [13, 3], [12, 3], [11, 3], [12, 3], [12, 4], [13, 4], [13, 5], [14, 5], [14, 6], [13, 6], [12, 6], [11, 6], [12, 6], [12, 7], [13, 7], [14, 7], [14, 8], [13, 8], [13, 9], [12, 9], [12, 10], [11, 10], [11, 11], [10, 11], [10, 12], [9, 12], [9, 13], [8, 13], [8, 14], [7, 14], [7, 15], [6, 15], [7, 15], [7, 16], [6, 16], [6, 17], [5, 17], [5, 18], [4, 18], [4, 19], [3, 19], [4, 19], [3, 19], [2, 19], [1, 19], [0, 19], [1, 19], [1, 20], [2, 20], [2, 21], [3, 21], [3, 22], [2, 22], [2, 23], [1, 23], [1, 24], [0, 24], [1, 24], [1, 23], [2, 23], [2, 22], [3, 22], [3, 23], [4, 23], [5, 23], [5, 22], [6, 22], [6, 21], [7, 21], [7, 22], [8, 22], [9, 22], [9, 23], [8, 23], [7, 23], [6, 23], [5, 23], [5, 24], [6, 24], [7, 24], [7, 23], [8, 23], [8, 24], [9, 24], [9, 25], [10, 25], [10, 26], [11, 26], [11, 27], [10, 27], [10, 28], [9, 28], [9, 29], [10, 29], [10, 30], [11, 30], [11, 31], [12, 31], [13, 31], [14, 31], [14, 30]]}
META {"type": "geom", "shape": "line", "group": "offpath", "data": [[6, 6, 7, 5], [6, 25, 7, 25], [6, 10, 7, 9], [6, 20, 7, 19], [8, 25, 9, 26], [8, 14, 9, 13], [8, 4, 9, 3], [8, 8, 9, 7], [5, 6, 6, 6], [5, 25, 6, 25], [5, 10, 6, 10], [11, 7, 12, 8], [11, 28, 12, 29], [11, 10, 12, 9], [11, 11, 7, 10], [11, 26, 7, 27], [11, 2, 12, 3], [11, 9, 12, 10], [11, 30, 12, 30], [13, 28, 14, 27], [13, 14, 14, 14], [13, 4, 14, 5], [13, 8, 14, 7], [13, 29, 14, 28], [13, 0, 14, 0], [13, 9, 11, 11], [13, 30, 14, 31], [0, 27, 1, 26], [0, 14, 1, 14], [0, 29, 1, 29], [4, 7, 5, 6], [4, 14, 0, 14], [4, 11, 1, 11], [14, 31, 11, 28], [14, 7, 10, 8], [14, 27, 12, 28], [14, 21, 14, 20], [14, 28, 10, 29], [14, 14, 14, 15], [14, 15, 12, 15], [14, 5, 10, 9], [14, 20, 14, 21], [14, 0, 13, 0], [3, 6, 4, 7], [3, 11, 4, 11], [3, 29, 0, 29], [3, 13, 4, 14], [9, 7, 10, 7], [9, 3, 10, 2], [9, 26, 10, 27], [9, 13, 5, 10], [1, 14, 2, 14], [1, 11, 2, 11], [1, 26, 0, 27], [1, 29, 2, 29], [10, 7, 11, 7], [10, 27, 11, 26], [10, 2, 11, 2], [10, 8, 11, 9], [10, 29, 11, 30], [10, 9, 11, 10], [2, 14, 3, 13], [2, 11, 3, 11], [2, 29, 3, 29], [7, 27, 5, 25], [7, 25, 8, 25], [7, 10, 3, 6], [7, 5, 8, 4], [7, 19, 6, 20], [7, 9, 8, 8], [12, 28, 13, 29], [12, 3, 13, 4], [12, 10, 8, 14], [12, 15, 13, 14], [12, 8, 13, 8], [12, 29, 13, 28], [12, 9, 13, 9], [12, 30, 13, 30]]}
