--------------------------------
--------------------------------
----XXX--XXX--------------------
-----------------------------Q--
----------------X---------------
-----------Q--------XQQX--------
--------------------------------
--------------------------------
--------X--<>----------X--------
-----------[]---------XX--------
-----------[]--------XXX--------
-------X---[]-------XXXX--------
------XX---[]------XXXXX--------
-----XXX---[]-----XXXXXX--------
-{--XXXX---[]----XXXXXXX------}-
XXXXXXXXXXXXXXXXXXXXXXXXXXXXXXXX
META {"type": "solver", "id": "pysat-rc2-boolonly", "objective": 0}
META {"type": "geom", "shape": "path", "group": "path", "data": [[14, 1, 11, 1], [11, 1, 12, 0], [12, 0, 13, 0], [13, 0, 14, 0], [14, 0, 10, 1], [10, 1, 11, 2], [11, 2, 12, 2], [12, 2, 13, 1], [13, 1, 14, 2], [14, 2, 12, 4], [12, 4, 13, 3], [13, 3, 14, 3], [14, 3, 12, 5], [12, 5, 9, 3], [9, 3, 10, 2], [10, 2, 11, 3], [11, 3, 12, 3], [12, 3, 13, 4], [13, 4, 9, 7], [9, 7, 10, 7], [10, 7, 6, 7], [6, 7, 7, 8], [7, 8, 3, 11], [3, 11, 4, 11], [4, 11, 0, 14], [0, 14, 1, 14], [1, 14, 2, 15], [2, 15, 3, 16], [3, 16, 1, 17], [1, 17, 2, 18], [2, 18, 3, 19], [3, 19, 4, 20], [4, 20, 3, 21], [3, 21, 4, 21], [4, 21, 2, 21], [2, 21, 3, 22], [3, 22, 4, 23], [4, 23, 4, 22], [4, 22, 0, 25], [0, 25, 1, 26], [1, 26, 2, 25], [2, 25, 3, 24], [3, 24, 4, 25], [4, 25, 5, 25], [5, 25, 6, 24], [6, 24, 7, 23], [7, 23, 3, 27], [3, 27, 4, 28], [4, 28, 5, 29], [5, 29, 6, 28], [6, 28, 7, 28], [7, 28, 8, 27], [8, 27, 9, 28], [9, 28, 10, 27], [10, 27, 11, 28], [11, 28, 12, 29], [12, 29, 13, 28], [13, 28, 14, 29], [14, 29, 13, 30], [13, 30, 14, 30]]}
META {"type": "geom", "shape": "tile", "group": "path", "data": [[14, 1], [13, 1], [12, 1], [11, 1], [12, 1], [12, 0], [13, 0], [14, 0], [13, 0], [12, 0], [11, 0], [10, 0], [10, 1], [11, 1], [11, 2], [12, 2], [13, 2], [13, 1], [14, 1], [14, 2], [13, 2], [13, 3], [12, 3], [12, 4], [13, 4], [13, 3], [14, 3], [13, 3], [13, 4], [12, 4], [12, 5], [11, 5], [11, 4], [10, 4], [10, 3], [9, 3], [10, 3], [10, 2], [11, 2], [11, 3], [12, 3], [13, 3], [13, 4], [12, 4], [12, 5], [11, 5], [11, 6], [10, 6], [10, 7], [9, 7], [10, 7], [9, 7], [8, 7], [7, 7], [6, 7], [7, 7], [7, 8], [6, 8], [6, 9], [5, 9], [5, 10], [4, 10], [4, 11], [3, 11], [4, 11], [3, 11], [3, 12], [2, 12], [2, 13], [1, 13], [1, 14], [0, 14], [1, 14], [2, 14], [2, 15], [3, 15], [3, 16], [2, 16], [2, 17], [1, 17], [2, 17], [2, 18], [3, 18], [3, 19], [4, 19], [4, 20], [3, 20], [3, 21], [4, 21], [3, 21], [2, 21], [3, 21], [3, 22], [4, 22], [4, 23], [4, 22], [3, 22], [3, 23], [2, 23], [2, 24], [1, 24], [1, 25], [0, 25], [1, 25], [1, 26], [2, 26], [2, 25], [3, 25], [3, 24], [4, 24], [4, 25], [5, 25], [6, 25], [6, 24], [7, 24], [7, 23], [6, 23], [6, 24], [5, 24], [5, 25], [4, 25], [4, 26], [3, 26], [3, 27], [4, 27], [4, 28], [5, 28], [5, 29], [6, 29], [6, 28], [7, 28], [8, 28], [8, 27], [9, 27], [9, 28], [10, 28], [10, 27], [11, 27], [11, 28], [12, 28], [12, 29], [13, 29], [13, 28], [14, 28], [14, 29], [13, 29], [13, 30], [14, 30]]}
META {"type": "geom", "shape": "line", "group": "offpath", "data": [[7, 19, 8, 18], [7, 15, 8, 15], [7, 12, 4, 15], [7, 11, 4, 13], [7, 22, 8, 22], [4, 13, 5, 13], [4, 15, 5, 14], [13, 13, 14, 13], [13, 16, 14, 15], [13, 14, 14, 14], [13, 31, 14, 31], [13, 27, 14, 26], [13, 17, 9, 20], [13, 29, 14, 28], [6, 13, 7, 12], [6, 16, 7, 15], [6, 12, 7, 11], [6, 20, 7, 19], [2, 29, 0, 30], [5, 13, 6, 12], [5, 14, 6, 13], [0, 10, 1, 10], [0, 30, 1, 30], [0, 5, 1, 5], [0, 12, 1, 11], [0, 4, 1, 4], [0, 7, 1, 6], [0, 8, 1, 9], [8, 15, 9, 14], [8, 18, 9, 17], [8, 14, 9, 13], [8, 22, 6, 20], [9, 13, 10, 14], [9, 14, 10, 15], [9, 20, 10, 20], [9, 17, 10, 18], [11, 19, 7, 22], [11, 16, 12, 16], [11, 15, 12, 15], [11, 14, 12, 13], [11, 31, 12, 31], [11, 27, 12, 27], [11, 17, 12, 18], [10, 15, 11, 15], [10, 18, 11, 19], [10, 14, 11, 14], [10, 31, 11, 31], [10, 20, 6, 16], [10, 17, 11, 16], [1, 10, 0, 10], [1, 30, 2, 29], [1, 5, 0, 4], [1, 4, 0, 5], [1, 6, 0, 7], [1, 9, 0, 8], [1, 11, 0, 12], [14, 13, 10, 17], [14, 16, 12, 14], [14, 15, 14, 16], [14, 25, 11, 27], [14, 14, 11, 17], [14, 31, 10, 31], [14, 26, 14, 25], [14, 28, 12, 30], [12, 13, 13, 14], [12, 16, 13, 17], [12, 30, 13, 29], [12, 15, 13, 16], [12, 18, 8, 14], [12, 14, 13, 13], [12, 31, 13, 31], [12, 27, 13, 27]]}
