--------------------------------
--------------------------------
--------------------------------
-------X-----------XQX-----XX---
--------------------------------
----------X---------------------
------------------Q-------------
--------------Q--------X--------
-----X--------------------X--X--
--------------------------------
----------Q----------X----------
-------------Q------XX----------
----<>-------------XXX---X------
----[]---XX-------XXXX---XX-----
-{--[]--XXX------XXXXX---XXX--}-
XXXXXXXXXXX--XXXXXXXXXXXXXXXXXXX
META {"type": "solver", "id": "pysat-rc2", "objective": 0}
META {"type": "geom", "shape": "path", "group": "path", "data": [[14, 1, 11, 3], [11, 3, 12, 3], [12, 3, 13, 3], [13, 3, 14, 3], [14, 3, 13, 2], [13, 2, 14, 2], [14, 2, 10, 3], [10, 3, 11, 4], [11, 4, 7, 5], [7, 5, 3, 9], [3, 9, 4, 10], [4, 10, 0, 14], [0, 14, 1, 15], [1, 15, 2, 16], [2, 16, 3, 17], [3, 17, 4, 18], [4, 18, 5, 18], [5, 18, 1, 19], [1, 19, 2, 20], [2, 20, 0, 22], [0, 22, 1, 21], [1, 21, 2, 21], [2, 21, 1, 22], [1, 22, 2, 23], [2, 23, 3, 23], [3, 23, 4, 22], [4, 22, 5, 21], [5, 21, 6, 20], [6, 20, 7, 19], [7, 19, 8, 18], [8, 18, 9, 17], [9, 17, 10, 18], [10, 18, 11, 19], [11, 19, 7, 15], [7, 15, 8, 15], [8, 15, 9, 14], [9, 14, 10, 13], [10, 13, 6, 14], [6, 14, 2, 17], [2, 17, 3, 16], [3, 16, 4, 17], [4, 17, 5, 17], [5, 17, 6, 16], [6, 16, 7, 16], [7, 16, 8, 16], [8, 16, 9, 15], [9, 15, 10, 14], [10, 14, 11, 14], [11, 14, 12, 13], [12, 13, 13, 12], [13, 12, 14, 13], [14, 13, 11, 16], [11, 16, 12, 15], [12, 15, 13, 16], [13, 16, 14, 16], [14, 16, 12, 17], [12, 17, 13, 17], [13, 17, 9, 20], [9, 20, 10, 20], [10, 20, 8, 20], [8, 20, 9, 21], [9, 21, 5, 22], [5, 22, 6, 23], [6, 23, 2, 27], [2, 27, 0, 29], [0, 29, 1, 30], [1, 30, 2, 30], [2, 30, 3, 31], [3, 31, 4, 31], [4, 31, 5, 31], [5, 31, 6, 30], [6, 30, 7, 29], [7, 29, 3, 30], [3, 30, 4, 29], [4, 29, 5, 28], [5, 28, 6, 27], [6, 27, 7, 26], [7, 26, 3, 26], [3, 26, 4, 27], [4, 27, 5, 26], [5, 26, 6, 25], [6, 25, 7, 25], [7, 25, 8, 24], [8, 24, 9, 24], [9, 24, 10, 23], [10, 23, 11, 22], [11, 22, 12, 22], [12, 22, 13, 23], [13, 23, 14, 24], [14, 24, 10, 24], [10, 24, 11, 25], [11, 25, 8, 27], [8, 27, 9, 27], [9, 27, 10, 28], [10, 28, 11, 27], [11, 27, 12, 26], [12, 26, 9, 29], [9, 29, 10, 30], [10, 30, 11, 30], [11, 30, 12, 30], [12, 30, 13, 29], [13, 29, 14, 29], [14, 29, 14, 30]]}
META {"type": "geom", "shape": "tile", "group": "path", "data": [[14, 1], [13, 1], [13, 2], [12, 2], [12, 3], [11, 3], [12, 3], [13, 3], [14, 3], [13, 3], [13, 2], [14, 2], [13, 2], [12, 2], [11, 2], [10, 2], [10, 3], [11, 3], [11, 4], [10, 4], [9, 4], [8, 4], [7, 4], [7, 5], [6, 5], [6, 6], [5, 6], [5, 7], [4, 7], [4, 8], [3, 8], [3, 9], [4, 9], [4, 10], [3, 10], [3, 11], [2, 11], [2, 12], [1, 12], [1, 13], [0, 13], [0, 14], [1, 14], [1, 15], [2, 15], [2, 16], [3, 16], [3, 17], [4, 17], [4, 18], [5, 18], [4, 18], [3, 18], [2, 18], [1, 18], [1, 19], [2, 19], [2, 20], [1, 20], [1, 21], [0, 21], [0, 22], [1, 22], [1, 21], [2, 21], [1, 21], [1, 22], [2, 22], [2, 23], [3, 23], [4, 23], [4, 22], [5, 22], [5, 21], [6, 21], [6, 20], [7, 20], [7, 19], [8, 19], [8, 18], [9, 18], [9, 17], [10, 17], [10, 18], [11, 18], [11, 19], [10, 19], [10, 18], [9, 18], [9, 17], [8, 17], [8, 16], [7, 16], [7, 15], [8, 15], [9, 15], [9, 14], [10, 14], [10, 13], [9, 13], [8, 13], [7, 13], [6, 13], [6, 14], [5, 14], [5, 15], [4, 15], [4, 16], [3, 16], [3, 17], [2, 17], [3, 17], [3, 16], [4, 16], [4, 17], [5, 17], [6, 17], [6, 16], [7, 16], [8, 16], [9, 16], [9, 15], [10, 15], [10, 14], [11, 14], [12, 14], [12, 13], [13, 13], [13, 12], [14, 12], [14, 13], [13, 13], [13, 14], [12, 14], [12, 15], [11, 15], [11, 16], [12, 16], [12, 15], [13, 15], [13, 16], [14, 16], [13, 16], [13, 17], [12, 17], [13, 17], [12, 17], [12, 18], [11, 18], [11, 19], [10, 19], [10, 20], [9, 20], [10, 20], [9, 20], [8, 20], [9, 20], [9, 21], [8, 21], [7, 21], [6, 21], [5, 21], [5, 22], [6, 22], [6, 23], [5, 23], [5, 24], [4, 24], [4, 25], [3, 25], [3, 26], [2, 26], [2, 27], [1, 27], [1, 28], [0, 28], [0, 29], [1, 29], [1, 30], [2, 30], [3, 30], [3, 31], [4, 31], [5, 31], [6, 31], [6, 30], [7, 30], [7, 29], [6, 29], [5, 29], [4, 29], [3, 29], [3, 30], [4, 30], [4, 29], [5, 29], [5, 28], [6, 28], [6, 27], [7, 27], [7, 26], [6, 26], [5, 26], [4, 26], [3, 26], [4, 26], [4, 27], [5, 27], [5, 26], [6, 26], [6, 25], [7, 25], [8, 25], [8, 24], [9, 24], [10, 24], [10, 23], [11, 23], [11, 22], [12, 22], [13, 22], [13, 23], [14, 23], [14, 24], [13, 24], [12, 24], [11, 24], [10, 24], [11, 24], [11, 25], [10, 25], [10, 26], [9, 26], [9, 27], [8, 27], [9, 27], [10, 27], [10, 28], [11, 28], [11, 27], [12, 27], [12, 26], [11, 26], [11, 27], [10, 27], [10, 28], [9, 28], [9, 29], [10, 29], [10, 30], [11, 30], [12, 30], [13, 30], [13, 29], [14, 29], [14, 30]]}
META {"type": "geom", "shape": "line", "group": "offpath", "data": [[10, 5, 11, 6], [10, 17, 11, 18], [10, 9, 11, 9], [10, 11, 11, 11], [10, 4, 11, 5], [0, 17, 1, 18], [0, 7, 1, 8], [0, 27, 1, 28], [11, 5, 7, 9], [11, 2, 12, 1], [11, 9, 12, 9], [11, 11, 12, 10], [11, 6, 12, 7], [11, 28, 12, 28], [11, 18, 12, 18], [11, 31, 12, 31], [14, 0, 11, 2], [14, 7, 13, 8], [14, 6, 14, 7], [14, 22, 12, 23], [14, 23, 14, 22], [14, 28, 11, 31], [14, 14, 13, 15], [14, 31, 11, 28], [7, 9, 8, 10], [8, 10, 9, 10], [8, 9, 9, 9], [8, 6, 9, 5], [9, 5, 10, 5], [9, 10, 9, 11], [9, 9, 10, 9], [9, 11, 10, 11], [9, 4, 10, 4], [2, 19, 0, 17], [2, 7, 0, 7], [2, 28, 0, 27], [13, 0, 14, 0], [13, 24, 14, 23], [13, 15, 14, 14], [13, 6, 14, 6], [13, 8, 9, 4], [13, 28, 14, 28], [13, 31, 14, 31], [13, 27, 12, 27], [1, 8, 2, 7], [1, 28, 2, 28], [1, 18, 2, 19], [12, 10, 8, 6], [12, 9, 8, 9], [12, 7, 13, 6], [12, 23, 13, 24], [12, 28, 13, 27], [12, 18, 10, 17], [12, 31, 13, 31], [12, 27, 13, 28], [12, 1, 13, 0]]}
