--------------------------------
--------------------------------
------------------------X-------
--------------------------------
-------XX-----------------------
--------------------------------
----Q--XX--------XQQX-------X---
--------------------------------
--------------------------------
--------------------------------
----XX--XX---XXXX---Q-----------
--------------------------------
--------------------------------
-----XX------XX----<>-----XX----
-{--XXX-----XXX----[]----XXX--}-
XXXXXXXXXXXXXXX--XXXXXXXXXXXXXXX
META {"type": "solver", "id": "pysat-rc2-boolonly", "objective": 0}
META {"type": "geom", "shape": "path", "group": "path", "data": [[14, 1, 12, 2], [12, 2, 13, 3], [13, 3, 14, 3], [14, 3, 12, 4], [12, 4, 13, 4], [13, 4, 12, 5], [12, 5, 12, 6], [12, 6, 12, 7], [12, 7, 13, 8], [13, 8, 14, 9], [14, 9, 12, 11], [12, 11, 13, 12], [13, 12, 12, 13], [12, 13, 12, 14], [12, 14, 12, 15], [12, 15, 13, 16], [13, 16, 14, 17], [14, 17, 12, 19], [12, 19, 12, 20], [12, 20, 12, 21], [12, 21, 13, 22], [13, 22, 14, 23], [14, 23, 12, 24], [12, 24, 13, 25], [13, 25, 12, 26], [12, 26, 12, 27], [12, 27, 12, 28], [12, 28, 13, 29], [13, 29, 14, 28], [14, 28, 12, 30], [12, 30, 13, 31], [13, 31, 14, 30]]}
META {"type": "geom", "shape": "tile", "group": "path", "data": [[14, 1], [13, 1], [13, 2], [12, 2], [13, 2], [13, 3], [14, 3], [13, 3], [13, 4], [12, 4], [13, 4], [12, 4], [12, 5], [12, 6], [12, 7], [13, 7], [13, 8], [14, 8], [14, 9], [13, 9], [13, 10], [12, 10], [12, 11], [13, 11], [13, 12], [12, 12], [12, 13], [12, 14], [12, 15], [13, 15], [13, 16], [14, 16], [14, 17], [13, 17], [13, 18], [12, 18], [12, 19], [12, 20], [12, 21], [13, 21], [13, 22], [14, 22], [14, 23], [13, 23], [13, 24], [12, 24], [13, 24], [13, 25], [12, 25], [12, 26], [12, 27], [12, 28], [13, 28], [13, 29], [14, 29], [14, 28], [13, 28], [13, 29], [12, 29], [12, 30], [13, 30], [13, 31], [14, 31], [14, 30]]}
META {"type": "geom", "shape": "line", "group": "offpath", "data": [[12, 22, 13, 21], [13, 21, 14, 21], [14, 21, 12, 22]]}
