--------------------------------
--------------------------------
-------------------------X------
------------------XXXXX------Q--
---X----------------------------
-------------Q-----------Q------
----------------Q-----------XX--
--------------------------------
-----------X--------------------
----------XX---------X----------
---------XXX--------------------
--------XXXX--------------------
-------XXXXX--X-------<>--------
------XXXXXX--XX------[]--------
-{---XXXXXXX--XXX-----[]------}-
XXXXXXXXXXXXXXXXXXXXXXXXXXXXXXXX
META {"type": "solver", "id": "pysat-rc2", "objective": 0}
META {"type": "geom", "shape": "path", "group": "path", "data": [[14, 1, 10, 2], [10, 2, 11, 1], [11, 1, 12, 2], [12, 2, 13, 3], [13, 3, 14, 4], [14, 4, 10, 8], [10, 8, 6, 5], [6, 5, 7, 4], [7, 4, 8, 4], [8, 4, 9, 3], [9, 3, 10, 3], [10, 3, 11, 4], [11, 4, 12, 3], [12, 3, 13, 4], [13, 4, 14, 3], [14, 3, 11, 6], [11, 6, 12, 6], [12, 6, 8, 9], [8, 9, 9, 9], [9, 9, 7, 11], [7, 11, 3, 12], [3, 12, 4, 13], [4, 13, 0, 16], [0, 16, 1, 15], [1, 15, 2, 14], [2, 14, 3, 13], [3, 13, 4, 14], [4, 14, 5, 15], [5, 15, 6, 15], [6, 15, 7, 14], [7, 14, 8, 15], [8, 15, 9, 15], [9, 15, 10, 15], [10, 15, 11, 16], [11, 16, 12, 16], [12, 16, 13, 17], [13, 17, 14, 17], [14, 17, 12, 15], [12, 15, 8, 18], [8, 18, 9, 17], [9, 17, 10, 17], [10, 17, 11, 18], [11, 18, 12, 18], [12, 18, 13, 19], [13, 19, 14, 18], [14, 18, 10, 22], [10, 22, 11, 22], [11, 22, 7, 22], [7, 22, 8, 21], [8, 21, 4, 25], [4, 25, 0, 29], [0, 29, 1, 30], [1, 30, 2, 29], [2, 29, 0, 27], [0, 27, 1, 26], [1, 26, 2, 27], [2, 27, 3, 27], [3, 27, 4, 28], [4, 28, 5, 29], [5, 29, 3, 30], [3, 30, 4, 29], [4, 29, 5, 30], [5, 30, 6, 31], [6, 31, 7, 31], [7, 31, 8, 31], [8, 31, 9, 30], [9, 30, 10, 29], [10, 29, 11, 30], [11, 30, 12, 30], [12, 30, 13, 30], [13, 30, 14, 31], [14, 31, 14, 30]]}
META {"type": "geom", "shape": "tile", "group": "path", "data": [[14, 1], [13, 1], [12, 1], [11, 1], [10, 1], [10, 2], [11, 2], [11, 1], [12, 1], [12, 2], [13, 2], [13, 3], [14, 3], [14, 4], [13, 4], [13, 5], [12, 5], [12, 6], [11, 6], [11, 7], [10, 7], [10, 8], [9, 8], [9, 7], [8, 7], [8, 6], [7, 6], [7, 5], [6, 5], [7, 5], [7, 4], [8, 4], [9, 4], [9, 3], [10, 3], [11, 3], [11, 4], [12, 4], [12, 3], [13, 3], [13, 4], [14, 4], [14, 3], [13, 3], [13, 4], [12, 4], [12, 5], [11, 5], [11, 6], [12, 6], [11, 6], [11, 7], [10, 7], [10, 8], [9, 8], [9, 9], [8, 9], [9, 9], [8, 9], [8, 10], [7, 10], [7, 11], [6, 11], [5, 11], [4, 11], [3, 11], [3, 12], [4, 12], [4, 13], [3, 13], [3, 14], [2, 14], [2, 15], [1, 15], [1, 16], [0, 16], [1, 16], [1, 15], [2, 15], [2, 14], [3, 14], [3, 13], [4, 13], [4, 14], [5, 14], [5, 15], [6, 15], [7, 15], [7, 14], [8, 14], [8, 15], [9, 15], [10, 15], [11, 15], [11, 16], [12, 16], [13, 16], [13, 17], [14, 17], [13, 17], [13, 16], [12, 16], [12, 15], [11, 15], [11, 16], [10, 16], [10, 17], [9, 17], [9, 18], [8, 18], [9, 18], [9, 17], [10, 17], [11, 17], [11, 18], [12, 18], [13, 18], [13, 19], [14, 19], [14, 18], [13, 18], [13, 19], [12, 19], [12, 20], [11, 20], [11, 21], [10, 21], [10, 22], [11, 22], [10, 22], [9, 22], [8, 22], [7, 22], [8, 22], [8, 21], [7, 21], [7, 22], [6, 22], [6, 23], [5, 23], [5, 24], [4, 24], [4, 25], [3, 25], [3, 26], [2, 26], [2, 27], [1, 27], [1, 28], [0, 28], [0, 29], [1, 29], [1, 30], [2, 30], [2, 29], [1, 29], [1, 28], [0, 28], [0, 27], [1, 27], [1, 26], [2, 26], [2, 27], [3, 27], [4, 27], [4, 28], [5, 28], [5, 29], [4, 29], [4, 30], [3, 30], [4, 30], [4, 29], [5, 29], [5, 30], [6, 30], [6, 31], [7, 31], [8, 31], [9, 31], [9, 30], [10, 30], [10, 29], [11, 29], [11, 30], [12, 30], [13, 30], [14, 30], [14, 31], [14, 30]]}
META {"type": "geom", "shape": "line", "group": "offpath", "data": [[1, 2, 2, 2], [1, 25, 0, 25], [1, 20, 2, 20], [1, 22, 2, 21], [1, 18, 2, 19], [1, 19, 2, 18], [1, 16, 2, 17], [1, 21, 2, 22], [3, 17, 4, 17], [3, 3, 1, 2], [14, 2, 12, 0], [14, 28, 13, 27], [14, 0, 10, 1], [4, 17, 5, 16], [4, 27, 5, 28], [11, 2, 12, 1], [12, 1, 13, 2], [12, 0, 13, 1], [10, 1, 11, 2], [13, 2, 14, 2], [13, 1, 14, 0], [13, 27, 14, 28], [5, 28, 4, 27], [5, 16, 1, 16], [0, 25, 1, 25], [0, 20, 1, 19], [0, 23, 1, 22], [0, 22, 1, 21], [2, 2, 3, 3], [2, 17, 3, 17], [2, 20, 1, 20], [2, 22, 0, 23], [2, 18, 1, 18], [2, 19, 0, 20], [2, 21, 0, 22]]}
