--------------------------------
--------------------------------
--------------------------------
--------Q-----------------------
-----------------------------Q--
------------XXXXX---XQQX--------
--------------------------------
--------------------------------
-----------------------XXXXXXX--
----------------X--<>-----------
-------------------[]-----------
--------X----------[]-----------
-------XX----------[]-----------
------XXX---XX-----[]---XX------
-{---XXXX--XXX-----[]--XXX----}-
XXXXXXXXXXXXXX--XXXXXXXXXXXXXXXX
META {"type": "solver", "id": "pysat-rc2", "objective": 0}
META {"type": "geom", "shape": "path", "group": "path", "data": [[14, 1, 12, 2], [12, 2, 13, 3], [13, 3, 14, 2], [14, 2, 10, 5], [10, 5, 11, 5], [11, 5, 12, 5], [12, 5, 13, 5], [13, 5, 11, 7], [11, 7, 7, 7], [7, 7, 8, 8], [8, 8, 9, 9], [9, 9, 10, 8], [10, 8, 6, 11], [6, 11, 7, 10], [7, 10, 8, 11], [8, 11, 9, 10], [9, 10, 10, 11], [10, 11, 11, 12], [11, 12, 12, 12], [12, 12, 8, 16], [8, 16, 6, 18], [6, 18, 7, 18], [7, 18, 8, 19], [8, 19, 4, 18], [4, 18, 5, 19], [5, 19, 6, 20], [6, 20, 7, 21], [7, 21, 8, 22], [8, 22, 9, 23], [9, 23, 10, 24], [10, 24, 11, 25], [11, 25, 12, 26], [12, 26, 13, 26], [13, 26, 14, 26], [14, 26, 10, 29], [10, 29, 11, 29], [11, 29, 12, 30], [12, 30, 13, 29], [13, 29, 14, 29], [14, 29, 12, 31], [12, 31, 13, 31], [13, 31, 14, 31], [14, 31, 12, 29], [12, 29, 13, 30], [13, 30, 14, 30]]}
META {"type": "geom", "shape": "tile", "group": "path", "data": [[14, 1], [13, 1], [13, 2], [12, 2], [13, 2], [13, 3], [14, 3], [14, 2], [13, 2], [13, 3], [12, 3], [12, 4], [11, 4], [11, 5], [10, 5], [11, 5], [12, 5], [13, 5], [12, 5], [12, 6], [11, 6], [11, 7], [10, 7], [9, 7], [8, 7], [7, 7], [8, 7], [8, 8], [9, 8], [9, 9], [10, 9], [10, 8], [9, 8], [9, 9], [8, 9], [8, 10], [7, 10], [7, 11], [6, 11], [7, 11], [7, 10], [8, 10], [8, 11], [9, 11], [9, 10], [10, 10], [10, 11], [11, 11], [11, 12], [12, 12], [11, 12], [11, 13], [10, 13], [10, 14], [9, 14], [9, 15], [8, 15], [8, 16], [7, 16], [7, 17], [6, 17], [6, 18], [7, 18], [8, 18], [8, 19], [7, 19], [6, 19], [5, 19], [4, 19], [4, 18], [5, 18], [5, 19], [6, 19], [6, 20], [7, 20], [7, 21], [8, 21], [8, 22], [9, 22], [9, 23], [10, 23], [10, 24], [11, 24], [11, 25], [12, 25], [12, 26], [13, 26], [14, 26], [13, 26], [13, 27], [12, 27], [12, 28], [11, 28], [11, 29], [10, 29], [11, 29], [12, 29], [12, 30], [13, 30], [13, 29], [14, 29], [13, 29], [13, 30], [12, 30], [12, 31], [13, 31], [14, 31], [13, 31], [13, 30], [12, 30], [12, 29], [13, 29], [13, 30], [14, 30]]}
META {"type": "geom", "shape": "line", "group": "offpath", "data": [[5, 26, 6, 27], [5, 30, 6, 29], [5, 18, 6, 19], [5, 28, 6, 28], [5, 25, 6, 25], [10, 10, 11, 9], [10, 3, 11, 3], [10, 15, 11, 16], [10, 25, 11, 24], [13, 23, 13, 22], [13, 10, 14, 9], [13, 21, 14, 21], [13, 22, 14, 22], [13, 27, 14, 27], [13, 15, 14, 16], [13, 2, 14, 3], [13, 28, 14, 28], [6, 27, 7, 28], [6, 28, 7, 27], [6, 25, 7, 25], [6, 19, 7, 20], [6, 29, 7, 29], [0, 26, 1, 27], [0, 24, 1, 23], [0, 14, 1, 15], [0, 13, 1, 13], [0, 6, 1, 7], [0, 15, 1, 16], [0, 17, 1, 17], [3, 23, 4, 22], [3, 20, 4, 21], [3, 26, 4, 27], [3, 24, 4, 23], [3, 14, 4, 13], [3, 27, 4, 26], [3, 15, 4, 14], [3, 17, 4, 17], [3, 12, 4, 12], [3, 25, 4, 25], [3, 19, 4, 20], [3, 29, 0, 26], [3, 16, 4, 15], [4, 23, 1, 26], [4, 20, 0, 24], [4, 31, 5, 30], [4, 21, 0, 17], [4, 26, 5, 25], [4, 22, 1, 19], [4, 14, 0, 14], [4, 27, 5, 28], [4, 13, 2, 11], [4, 15, 3, 16], [4, 17, 5, 18], [4, 12, 0, 13], [4, 25, 5, 26], [4, 16, 0, 15], [2, 23, 3, 23], [2, 14, 3, 14], [2, 17, 3, 17], [2, 18, 3, 19], [2, 11, 3, 12], [2, 28, 3, 29], [2, 25, 3, 24], [2, 19, 3, 20], [2, 8, 0, 6], [2, 16, 3, 15], [8, 20, 4, 16], [1, 23, 2, 23], [1, 26, 2, 25], [1, 27, 2, 28], [1, 7, 2, 8], [1, 13, 2, 14], [1, 15, 2, 16], [1, 17, 2, 18], [1, 19, 2, 19], [1, 16, 2, 17], [12, 23, 13, 23], [12, 10, 13, 10], [12, 22, 13, 21], [12, 3, 13, 2], [12, 16, 13, 15], [7, 20, 8, 20], [7, 26, 3, 25], [7, 27, 7, 26], [7, 28, 3, 27], [7, 25, 3, 26], [7, 29, 4, 31], [11, 23, 12, 22], [11, 24, 12, 23], [11, 9, 12, 10], [11, 3, 12, 3], [11, 16, 12, 16], [14, 21, 11, 23], [14, 22, 10, 25], [14, 27, 13, 28], [14, 9, 10, 10], [14, 3, 10, 3], [14, 28, 13, 27], [14, 16, 10, 15]]}
