XXXXXXXXXXXXXXXX
XXXXXXXXXXXXXXXX
XXXXX-XXX-XXXXXX
XXX---XXX-XXX}XX
XXX-------XXX-XX
XX---X--------XX
XX-XXXX--XXX--XX
XX-XXXX--XXX--XX
XX-XXXX-------XX
XXXXXXX##-----XX
XXXXXXX-------XX
XXXXXX-----#--XX
XXXXXX-X-----XXX
XXXXX--XX---XXXX
XXXXX---X-#-XXXX
XXXX--------XXXX
XX------XX----XX
XX--X----XXX--XX
XX--XXXX--XXXXXX
XX--XXXX-XXXXXXX
XX--XXXXXXXXXXXX
XXX-XXXXXXXXXXXX
XXX--XXXXXXX--XX
XXXX-XXX------XX
XXXX-----#-XXXXX
XXXXX------XXXXX
XXXXX------XXXXX
XXXXX---XX---XXX
XXXXX##--X---XXX
XXXXX--X--{--XXX
XXXXXXXXXXXXXXXX
XXXXXXXXXXXXXXXX
META {"type": "solver", "id": "pysat-rc2", "objective": 0}
META {"type": "geom", "shape": "path", "group": "path", "data": [[29, 10, 29, 8], [29, 8, 28, 8], [28, 8, 28, 7], [28, 7, 24, 7], [24, 7, 24, 8], [24, 8, 24, 4], [24, 4, 22, 4], [22, 4, 22, 3], [22, 3, 16, 3], [16, 3, 16, 7], [16, 7, 17, 7], [17, 7, 17, 5], [17, 5, 13, 5], [13, 5, 13, 6], [13, 6, 17, 6], [17, 6, 11, 6], [11, 6, 11, 10], [11, 10, 13, 10], [13, 10, 13, 9], [13, 9, 15, 9], [15, 9, 15, 11], [15, 11, 16, 11], [16, 11, 12, 11], [12, 11, 12, 12], [12, 12, 12, 8], [12, 8, 10, 8], [10, 8, 10, 7], [10, 7, 10, 13], [10, 13, 11, 13], [11, 13, 11, 12], [11, 12, 5, 12], [5, 12, 5, 13], [5, 13, 3, 13]]}
META {"type": "geom", "shape": "tile", "group": "path", "data": [[29, 10], [29, 9], [29, 8], [28, 8], [28, 7], [27, 7], [26, 7], [25, 7], [24, 7], [24, 8], [24, 7], [24, 6], [24, 5], [24, 4], [23, 4], [22, 4], [22, 3], [21, 3], [20, 3], [19, 3], [18, 3], [17, 3], [16, 3], [16, 4], [16, 5], [16, 6], [16, 7], [17, 7], [17, 6], [17, 5], [16, 5], [15, 5], [14, 5], [13, 5], [13, 6], [14, 6], [15, 6], [16, 6], [17, 6], [16, 6], [15, 6], [14, 6], [13, 6], [12, 6], [11, 6], [11, 7], [11, 8], [11, 9], [11, 10], [12, 10], [13, 10], [13, 9], [14, 9], [15, 9], [15, 10], [15, 11], [16, 11], [15, 11], [14, 11], [13, 11], [12, 11], [12, 12], [12, 11], [12, 10], [12, 9], [12, 8], [11, 8], [10, 8], [10, 7], [10, 8], [10, 9], [10, 10], [10, 11], [10, 12], [10, 13], [11, 13], [11, 12], [10, 12], [9, 12], [8, 12], [7, 12], [6, 12], [5, 12], [5, 13], [4, 13], [3, 13]]}
META {"type": "geom", "shape": "line", "group": "offpath", "data": [[6, 8, 6, 7], [6, 7, 6, 8], [16, 10, 15, 10], [16, 2, 20, 2], [16, 4, 15, 4], [16, 12, 16, 13], [16, 13, 17, 13], [4, 6, 5, 6], [4, 5, 2, 5], [4, 7, 8, 7], [29, 6, 29, 5], [29, 5, 29, 6], [3, 5, 3, 3], [3, 3, 5, 3], [3, 4, 3, 5], [27, 5, 27, 7], [27, 10, 27, 12], [27, 12, 27, 10], [27, 7, 27, 5], [5, 6, 4, 6], [5, 3, 5, 4], [5, 4, 3, 4], [2, 5, 4, 5], [8, 7, 4, 7], [15, 10, 16, 10], [15, 4, 16, 4], [20, 2, 16, 2], [18, 2, 18, 3], [18, 3, 18, 2], [17, 2, 17, 3], [17, 3, 17, 2], [17, 12, 16, 12], [17, 13, 17, 12]]}
