XXXXXXXXXXXXXXXX
XXXXXXXXXXXXXXXX
XXXXXXXXXXX}XXXX
XXXX---XXXX-XXXX
XXXX---XXXX--XXX
XX-----------XXX
XX-#-----X---XXX
XX---XXXXX---XXX
XX---XXXXX---XXX
XX---XXXXX-#-XXX
XXX-#--------XXX
XXX-----------XX
XXX-----#-X---XX
XX-XXX----XXX-XX
XX-XXX----XXX-XX
XX-XXX-##-----XX
XX---------X--XX
XX---XX--XXX--XX
XXXX--X--XXX--XX
XXXXX--#------XX
XXXXX---------XX
XXX-----------XX
XXXX---#--#---XX
XXXX-#--------XX
XXXX-------X--XX
XX-----XXX-XXXXX
XX-----XXX--XXXX
XX--XXXXXX--XXXX
XXX--XXXXX---XXX
XXX--XXXX--{-XXX
XXXXXXXXXXXXXXXX
XXXXXXXXXXXXXXXX
META {"type": "solver", "id": "pysat-rc2-boolonly", "objective": 0}
META {"type": "geom", "shape": "path", "group": "path", "data": [[29, 11, 29, 12], [29, 12, 28, 12], [28, 12, 28, 10], [28, 10, 29, 10], [29, 10, 23, 10], [23, 10, 23, 6], [23, 6, 19, 6], [19, 6, 19, 5], [19, 5, 18, 5], [18, 5, 22, 5], [22, 5, 22, 6], [22, 6, 22, 4], [22, 4, 21, 4], [21, 4, 21, 3], [21, 3, 21, 13], [21, 13, 11, 13], [11, 13, 11, 3], [11, 3, 7, 3], [7, 3, 7, 4], [7, 4, 7, 2], [7, 2, 5, 2], [5, 2, 5, 12], [5, 12, 4, 12], [4, 12, 4, 11], [4, 11, 2, 11]]}
META {"type": "geom", "shape": "tile", "group": "path", "data": [[29, 11], [29, 12], [28, 12], [28, 11], [28, 10], [29, 10], [28, 10], [27, 10], [26, 10], [25, 10], [24, 10], [23, 10], [23, 9], [23, 8], [23, 7], [23, 6], [22, 6], [21, 6], [20, 6], [19, 6], [19, 5], [18, 5], [19, 5], [20, 5], [21, 5], [22, 5], [22, 6], [22, 5], [22, 4], [21, 4], [21, 3], [21, 4], [21, 5], [21, 6], [21, 7], [21, 8], [21, 9], [21, 10], [21, 11], [21, 12], [21, 13], [20, 13], [19, 13], [18, 13], [17, 13], [16, 13], [15, 13], [14, 13], [13, 13], [12, 13], [11, 13], [11, 12], [11, 11], [11, 10], [11, 9], [11, 8], [11, 7], [11, 6], [11, 5], [11, 4], [11, 3], [10, 3], [9, 3], [8, 3], [7, 3], [7, 4], [7, 3], [7, 2], [6, 2], [5, 2], [5, 3], [5, 4], [5, 5], [5, 6], [5, 7], [5, 8], [5, 9], [5, 10], [5, 11], [5, 12], [4, 12], [4, 11], [3, 11], [2, 11]]}
META {"type": "geom", "shape": "line", "group": "offpath", "data": [[21, 7, 20, 7], [17, 12, 17, 13], [17, 13, 17, 12], [4, 6, 4, 4], [4, 4, 4, 6], [11, 4, 12, 4], [23, 11, 19, 11], [23, 7, 24, 7], [19, 11, 23, 11], [10, 5, 12, 5], [10, 12, 12, 12], [10, 11, 10, 12], [10, 9, 16, 9], [10, 6, 10, 5], [10, 7, 14, 7], [9, 2, 9, 4], [9, 4, 9, 2], [28, 4, 28, 3], [28, 3, 29, 3], [7, 10, 7, 12], [7, 12, 7, 10], [18, 8, 18, 7], [18, 7, 18, 8], [24, 7, 23, 7], [22, 8, 22, 9], [22, 9, 22, 8], [25, 2, 25, 6], [25, 6, 26, 6], [25, 3, 25, 2], [27, 10, 27, 11], [27, 11, 27, 10], [27, 2, 27, 3], [27, 3, 25, 3], [26, 10, 26, 11], [26, 11, 26, 10], [26, 2, 27, 2], [26, 6, 26, 2], [13, 8, 14, 8], [12, 5, 12, 7], [12, 12, 12, 13], [12, 11, 10, 11], [12, 13, 12, 11], [12, 7, 10, 7], [12, 4, 11, 4], [16, 9, 10, 9], [16, 6, 10, 6], [8, 10, 8, 12], [8, 12, 8, 10], [8, 2, 8, 4], [8, 4, 8, 2], [20, 7, 21, 7], [14, 8, 13, 8], [14, 6, 16, 6], [14, 7, 14, 6], [29, 4, 28, 4], [29, 3, 29, 4], [6, 10, 6, 12], [6, 12, 6, 10], [6, 8, 6, 4], [6, 4, 6, 8]]}
