XXXXXXXXXXXXXXXX
XXXXXXXXXXXXXXXX
XXX---XXX}XXXXXX
XXX---XXX-XXXXXX
XX---#------XXXX
XX-X----#---XXXX
XXXX--X----#--XX
XXXX-XX-------XX
XXX---X---X-#-XX
XXX----X-XX---XX
XXX-#-XX--X---XX
XXX----XX--#--XX
XXX-----XX----XX
XX--#-#--X----XX
XX--------#---XX
XX-#---#-----XXX
XX-------#--XXXX
XX----------XXXX
XXX--X-------XXX
XXXXXXXXX--#-XXX
XXXXXXXXX----XXX
XXXXXXX---#---XX
XXXXXXX-------XX
XXXXXX--X---XXXX
XXX----XXXX--XXX
XX-----XXXX--XXX
XX-----XXX---XXX
XX--#-----##-XXX
XX------------XX
XX-X--X-----{-XX
XXXXXXXXXXXXXXXX
XXXXXXXXXXXXXXXX
META {"type": "solver", "id": "pysat-rc2", "objective": 0}
META {"type": "geom", "shape": "path", "group": "path", "data": [[29, 12, 29, 13], [29, 13, 29, 7], [29, 7, 27, 7], [27, 7, 27, 9], [27, 9, 27, 5], [27, 5, 29, 5], [29, 5, 29, 4], [29, 4, 28, 4], [28, 4, 28, 2], [28, 2, 29, 2], [29, 2, 25, 2], [25, 2, 25, 6], [25, 6, 23, 6], [23, 6, 23, 7], [23, 7, 21, 7], [21, 7, 21, 9], [21, 9, 23, 9], [23, 9, 17, 9], [17, 9, 17, 11], [17, 11, 18, 11], [18, 11, 12, 11], [12, 11, 12, 10], [12, 10, 13, 10], [13, 10, 11, 10], [11, 10, 11, 9], [11, 9, 10, 9], [10, 9, 10, 8], [10, 8, 6, 8], [6, 8, 6, 10], [6, 10, 4, 10], [4, 10, 4, 6], [4, 6, 5, 6], [5, 6, 5, 4], [5, 4, 9, 4], [9, 4, 9, 3], [9, 3, 8, 3], [8, 3, 14, 3], [14, 3, 14, 9], [14, 9, 15, 9], [15, 9, 15, 8], [15, 8, 15, 12], [15, 12, 9, 12], [9, 12, 9, 11], [9, 11, 7, 11], [7, 11, 7, 7], [7, 7, 8, 7], [8, 7, 8, 9], [8, 9, 2, 9]]}
META {"type": "geom", "shape": "tile", "group": "path", "data": [[29, 12], [29, 13], [29, 12], [29, 11], [29, 10], [29, 9], [29, 8], [29, 7], [28, 7], [27, 7], [27, 8], [27, 9], [27, 8], [27, 7], [27, 6], [27, 5], [28, 5], [29, 5], [29, 4], [28, 4], [28, 3], [28, 2], [29, 2], [28, 2], [27, 2], [26, 2], [25, 2], [25, 3], [25, 4], [25, 5], [25, 6], [24, 6], [23, 6], [23, 7], [22, 7], [21, 7], [21, 8], [21, 9], [22, 9], [23, 9], [22, 9], [21, 9], [20, 9], [19, 9], [18, 9], [17, 9], [17, 10], [17, 11], [18, 11], [17, 11], [16, 11], [15, 11], [14, 11], [13, 11], [12, 11], [12, 10], [13, 10], [12, 10], [11, 10], [11, 9], [10, 9], [10, 8], [9, 8], [8, 8], [7, 8], [6, 8], [6, 9], [6, 10], [5, 10], [4, 10], [4, 9], [4, 8], [4, 7], [4, 6], [5, 6], [5, 5], [5, 4], [6, 4], [7, 4], [8, 4], [9, 4], [9, 3], [8, 3], [9, 3], [10, 3], [11, 3], [12, 3], [13, 3], [14, 3], [14, 4], [14, 5], [14, 6], [14, 7], [14, 8], [14, 9], [15, 9], [15, 8], [15, 9], [15, 10], [15, 11], [15, 12], [14, 12], [13, 12], [12, 12], [11, 12], [10, 12], [9, 12], [9, 11], [8, 11], [7, 11], [7, 10], [7, 9], [7, 8], [7, 7], [8, 7], [8, 8], [8, 9], [7, 9], [6, 9], [5, 9], [4, 9], [3, 9], [2, 9]]}
META {"type": "geom", "shape": "line", "group": "offpath", "data": [[26, 11, 20, 11], [25, 12, 25, 11], [25, 11, 25, 12], [27, 3, 27, 2], [27, 2, 27, 3], [5, 5, 6, 5], [13, 2, 17, 2], [6, 5, 5, 5], [10, 13, 10, 11], [10, 11, 10, 13], [3, 3, 2, 3], [3, 5, 3, 3], [17, 2, 13, 2], [12, 4, 11, 4], [12, 7, 14, 7], [12, 6, 11, 6], [24, 12, 24, 11], [24, 11, 24, 12], [20, 11, 26, 11], [14, 4, 18, 4], [14, 13, 14, 11], [14, 7, 12, 7], [14, 11, 14, 13], [14, 6, 18, 6], [4, 4, 2, 4], [4, 3, 4, 2], [4, 2, 4, 4], [16, 3, 18, 3], [16, 8, 16, 2], [16, 2, 16, 8], [22, 13, 22, 7], [22, 7, 22, 13], [22, 10, 23, 10], [2, 4, 2, 5], [2, 3, 4, 3], [2, 5, 3, 5], [19, 9, 19, 10], [19, 10, 19, 9], [21, 13, 21, 11], [21, 11, 21, 13], [18, 4, 14, 4], [18, 3, 16, 3], [18, 6, 14, 6], [11, 4, 12, 4], [11, 6, 12, 6], [23, 10, 22, 10]]}
