XXXXXXXXXXXXXXXX
XXXXX-X-------1X
XXXXX--XXX-XXXXX
XXX0-------XXXXX
XXXXXX----X----X
XXXXXXX---X----X
XX-XXXX---X----X
X---XX-XXX-----X
X---XX-XXX-X-X-X
XX--------X----X
X-------------XX
X-X-X-XX-------X
XXXXXXXXXXX-XXXX
XXXXXXXXXXX-XXXX
X2------------3X
XXXXXXXXXXXXXXXX
META {"type": "solver", "id": "pysat-rc2-boolonly", "objective": 0}
META {"type": "geom", "shape": "path", "group": "path", "data": [[3, 3, 3, 4], [3, 4, 3, 5], [3, 5, 3, 6], [3, 6, 3, 7], [3, 7, 3, 8], [3, 8, 3, 9], [3, 9, 3, 10], [3, 10, 2, 10], [2, 10, 1, 10], [1, 10, 1, 11], [1, 11, 1, 12], [1, 12, 1, 13], [1, 13, 1, 14]]}
META {"type": "geom", "shape": "path", "group": "path", "data": [[14, 1, 14, 2], [14, 2, 14, 3], [14, 3, 14, 4], [14, 4, 14, 5], [14, 5, 14, 6], [14, 6, 14, 7], [14, 7, 14, 8], [14, 8, 14, 9], [14, 9, 14, 10], [14, 10, 14, 11], [14, 11, 14, 12], [14, 12, 14, 13], [14, 13, 14, 14]]}
META {"type": "geom", "shape": "tile", "group": "reachable", "data": [[3, 3], [3, 4], [3, 5], [2, 5], [3, 6], [1, 5], [2, 6], [4, 6], [3, 7], [4, 7], [3, 8], [4, 8], [3, 9], [5, 7], [4, 9], [3, 10], [5, 8], [6, 7], [2, 10], [5, 9], [6, 8], [1, 10], [6, 9], [1, 9], [1, 11], [1, 8], [1, 12], [1, 7], [1, 13]]}
