XXXXXXXXXXXXXXXX
XXXXXXXXXXXXXXXX
XX---XXXXX}XXXXX
XX---XXXXX--XXXX
XX--#--XXX--XXXX
XXX---------XXXX
XXX--X----#---XX
XXX--XXX-----XXX
XX-X-XXX---XXXXX
XXXX-------XXXXX
XXXX-------XXXXX
XXX-------#--XXX
XX-###-------XXX
XX---------#-XXX
XX----XX-----XXX
XX-XX--X-XX---XX
XX-XXX----X---XX
XXXXXX--------XX
XXXXXXX-XX----XX
XXXXXXX--XXX--XX
XXXXXXX---XX--XX
XXXXX--XX--X-XXX
XXX-----X---XXXX
XX---#------XXXX
XX-X---#----XXXX
XX-XX-------XXXX
XX--X---#-#--XXX
XX---#-------XXX
XX---------XXXXX
XX-----{-XXXXXXX
XXXXXXXXXXXXXXXX
XXXXXXXXXXXXXXXX
META {"type": "solver", "id": "pysat-rc2", "objective": 0}
META {"type": "geom", "shape": "path", "group": "path", "data": [[29, 7, 25, 7], [25, 7, 25, 5], [25, 5, 25, 11], [25, 11, 27, 11], [27, 11, 27, 12], [27, 12, 27, 6], [27, 6, 29, 6], [29, 6, 29, 8], [29, 8, 29, 2], [29, 2, 23, 2], [23, 2, 23, 4], [23, 4, 24, 4], [24, 4, 22, 4], [22, 4, 22, 3], [22, 3, 22, 7], [22, 7, 23, 7], [23, 7, 23, 11], [23, 11, 22, 11], [22, 11, 22, 9], [22, 9, 20, 9], [20, 9, 20, 7], [20, 7, 16, 7], [16, 7, 16, 9], [16, 9, 17, 9], [17, 9, 17, 13], [17, 13, 15, 13], [15, 13, 15, 11], [15, 11, 14, 11], [14, 11, 18, 11], [18, 11, 18, 13], [18, 13, 20, 13], [20, 13, 20, 12], [20, 12, 21, 12], [21, 12, 11, 12], [11, 12, 11, 11], [11, 11, 12, 11], [12, 11, 12, 12], [12, 12, 12, 6], [12, 6, 13, 6], [13, 6, 9, 6], [9, 6, 9, 10], [9, 10, 7, 10], [7, 10, 7, 8], [7, 8, 7, 12], [7, 12, 6, 12], [6, 12, 6, 13], [6, 13, 6, 11], [6, 11, 7, 11], [7, 11, 3, 11], [3, 11, 3, 10], [3, 10, 2, 10]]}
META {"type": "geom", "shape": "tile", "group": "path", "data": [[29, 7], [28, 7], [27, 7], [26, 7], [25, 7], [25, 6], [25, 5], [25, 6], [25, 7], [25, 8], [25, 9], [25, 10], [25, 11], [26, 11], [27, 11], [27, 12], [27, 11], [27, 10], [27, 9], [27, 8], [27, 7], [27, 6], [28, 6], [29, 6], [29, 7], [29, 8], [29, 7], [29, 6], [29, 5], [29, 4], [29, 3], [29, 2], [28, 2], [27, 2], [26, 2], [25, 2], [24, 2], [23, 2], [23, 3], [23, 4], [24, 4], [23, 4], [22, 4], [22, 3], [22, 4], [22, 5], [22, 6], [22, 7], [23, 7], [23, 8], [23, 9], [23, 10], [23, 11], [22, 11], [22, 10], [22, 9], [21, 9], [20, 9], [20, 8], [20, 7], [19, 7], [18, 7], [17, 7], [16, 7], [16, 8], [16, 9], [17, 9], [17, 10], [17, 11], [17, 12], [17, 13], [16, 13], [15, 13], [15, 12], [15, 11], [14, 11], [15, 11], [16, 11], [17, 11], [18, 11], [18, 12], [18, 13], [19, 13], [20, 13], [20, 12], [21, 12], [20, 12], [19, 12], [18, 12], [17, 12], [16, 12], [15, 12], [14, 12], [13, 12], [12, 12], [11, 12], [11, 11], [12, 11], [12, 12], [12, 11], [12, 10], [12, 9], [12, 8], [12, 7], [12, 6], [13, 6], [12, 6], [11, 6], [10, 6], [9, 6], [9, 7], [9, 8], [9, 9], [9, 10], [8, 10], [7, 10], [7, 9], [7, 8], [7, 9], [7, 10], [7, 11], [7, 12], [6, 12], [6, 13], [6, 12], [6, 11], [7, 11], [6, 11], [5, 11], [4, 11], [3, 11], [3, 10], [2, 10]]}
META {"type": "geom", "shape": "line", "group": "offpath", "data": [[26, 11, 26, 12], [26, 12, 26, 11], [28, 10, 27, 10], [6, 6, 4, 6], [10, 10, 10, 4], [10, 4, 10, 10], [14, 3, 13, 3], [2, 2, 4, 2], [5, 9, 5, 3], [5, 3, 7, 3], [5, 5, 4, 5], [5, 4, 11, 4], [19, 12, 19, 13], [19, 13, 19, 12], [13, 3, 14, 3], [8, 10, 8, 8], [8, 8, 8, 10], [11, 9, 5, 9], [11, 3, 11, 9], [11, 5, 9, 5], [11, 4, 11, 3], [17, 10, 18, 10], [4, 10, 4, 11], [4, 6, 6, 6], [4, 11, 4, 10], [4, 5, 5, 5], [4, 2, 2, 2], [27, 10, 28, 10], [27, 4, 27, 2], [27, 2, 27, 4], [18, 10, 17, 10], [7, 3, 7, 4], [7, 4, 5, 4], [9, 5, 11, 5], [15, 6, 15, 5], [15, 5, 15, 6]]}
