XXXXXXXXXXXXXXXX
XXXXXXXXXXXXXXXX
XXX}XXXXX---XXXX
XXX-XXXX-##-XXXX
XXX---------XXXX
XXX-#-###-----XX
XXX-------X-#-XX
XX-X-X---XX---XX
XXXXXX----X---XX
XXXXXX------#-XX
XXX------XX---XX
XXX-------X---XX
XX-X--------#-XX
XXXX-##-#-#---XX
XXXX----------XX
XXX------X----XX
XXXX---#-XXX--XX
XXXX##---XXX--XX
XXXX----------XX
XXXX--#-#--X--XX
XX--#------XXXXX
XX---------XXXXX
XX-----XX---XXXX
XX##-X-XXXX-XXXX
XX--XX-XXXX--XXX
XX---X-XXX---XXX
XX-X---XXX---XXX
XX-XX-----{-XXXX
XX--X---XXXXXXXX
XXX--XXXXXXXXXXX
XXXXXXXXXXXXXXXX
XXXXXXXXXXXXXXXX
META {"type": "solver", "id": "pysat-rc2", "objective": 0}
META {"type": "geom", "shape": "path", "group": "path", "data": [[27, 10, 25, 10], [25, 10, 25, 12], [25, 12, 24, 12], [24, 12, 24, 11], [24, 11, 22, 11], [22, 11, 22, 9], [22, 9, 18, 9], [18, 9, 18, 13], [18, 13, 19, 13], [19, 13, 19, 12], [19, 12, 13, 12], [13, 12, 13, 11], [13, 11, 15, 11], [15, 11, 15, 13], [15, 13, 5, 13], [5, 13, 5, 9], [5, 9, 4, 9], [4, 9, 4, 3], [4, 3, 6, 3], [6, 3, 2, 3]]}
META {"type": "geom", "shape": "tile", "group": "path", "data": [[27, 10], [26, 10], [25, 10], [25, 11], [25, 12], [24, 12], [24, 11], [23, 11], [22, 11], [22, 10], [22, 9], [21, 9], [20, 9], [19, 9], [18, 9], [18, 10], [18, 11], [18, 12], [18, 13], [19, 13], [19, 12], [18, 12], [17, 12], [16, 12], [15, 12], [14, 12], [13, 12], [13, 11], [14, 11], [15, 11], [15, 12], [15, 13], [14, 13], [13, 13], [12, 13], [11, 13], [10, 13], [9, 13], [8, 13], [7, 13], [6, 13], [5, 13], [5, 12], [5, 11], [5, 10], [5, 9], [4, 9], [4, 8], [4, 7], [4, 6], [4, 5], [4, 4], [4, 3], [5, 3], [6, 3], [5, 3], [4, 3], [3, 3], [2, 3]]}
META {"type": "geom", "shape": "line", "group": "offpath", "data": [[18, 8, 14, 8], [18, 10, 22, 10], [18, 5, 22, 5], [24, 3, 25, 3], [24, 2, 24, 3], [8, 13, 8, 11], [8, 11, 8, 13], [16, 6, 14, 6], [16, 13, 16, 12], [16, 12, 16, 13], [16, 4, 16, 6], [14, 8, 18, 8], [14, 6, 14, 4], [14, 4, 10, 4], [29, 3, 28, 3], [17, 8, 17, 6], [17, 6, 17, 8], [17, 13, 17, 12], [17, 12, 17, 13], [20, 3, 22, 3], [20, 8, 21, 8], [20, 2, 20, 3], [20, 6, 20, 5], [20, 5, 18, 5], [5, 10, 4, 10], [26, 6, 20, 6], [26, 5, 26, 4], [26, 4, 26, 6], [4, 8, 3, 8], [4, 10, 5, 10], [28, 3, 29, 3], [28, 6, 28, 7], [28, 5, 26, 5], [28, 7, 28, 5], [25, 3, 25, 2], [25, 2, 24, 2], [10, 8, 12, 8], [10, 13, 10, 11], [10, 11, 10, 13], [10, 12, 11, 12], [10, 4, 10, 8], [6, 6, 12, 6], [6, 4, 7, 4], [19, 9, 19, 10], [19, 10, 19, 9], [12, 8, 12, 4], [12, 6, 6, 6], [12, 4, 16, 4], [22, 3, 22, 2], [22, 2, 20, 2], [22, 6, 28, 6], [22, 10, 18, 10], [22, 5, 22, 6], [11, 9, 11, 3], [11, 3, 11, 9], [11, 13, 11, 11], [11, 11, 11, 13], [11, 12, 10, 12], [21, 8, 20, 8], [7, 4, 6, 4], [3, 8, 4, 8]]}
