XXXXXXXXXXXXXXXX
XXXXXXXXXXXXXXXX
XX-XXXX}XXX---XX
XX-XXXX-------XX
XXX---XX------XX
XXX----X---X-XXX
XXX--X-----XXXXX
XXXXXX-----XXXXX
XXXXXX##-X--XXXX
XXXXXX---XX-XXXX
XXXXX-----X-XXXX
XXXXX-------XXXX
XXX---#----X--XX
XX-X-----XXX--XX
XX-XX----XXX--XX
XX--X---------XX
XXX--#-X---XX-XX
XXX----XXXXXX-XX
XXX##---XXXXX-XX
XXX---#-XXXXX-XX
XX--#---XXXXX-XX
XX-------XXXX-XX
XX---#---XXXXXXX
XXXX---X-XXXXXXX
XXXX--XXX---XXXX
XXX---XXX----XXX
XXX---XXX-#--XXX
XX-{---------XXX
XXXXX---------XX
XXXXX--X---X--XX
XXXXXXXXXXXXXXXX
XXXXXXXXXXXXXXXX
META {"type": "solver", "id": "pysat-rc2", "objective": 0}
META {"type": "geom", "shape": "path", "group": "path", "data": [[27, 3, 25, 3], [25, 3, 25, 5], [25, 5, 23, 5], [23, 5, 23, 4], [23, 4, 21, 4], [21, 4, 21, 8], [21, 8, 21, 2], [21, 2, 22, 2], [22, 2, 20, 2], [20, 2, 20, 3], [20, 3, 19, 3], [19, 3, 19, 5], [19, 5, 17, 5], [17, 5, 17, 6], [17, 6, 13, 6], [13, 6, 13, 4], [13, 4, 13, 8], [13, 8, 3, 8], [3, 8, 3, 7], [3, 7, 2, 7]]}
META {"type": "geom", "shape": "tile", "group": "path", "data": [[27, 3], [26, 3], [25, 3], [25, 4], [25, 5], [24, 5], [23, 5], [23, 4], [22, 4], [21, 4], [21, 5], [21, 6], [21, 7], [21, 8], [21, 7], [21, 6], [21, 5], [21, 4], [21, 3], [21, 2], [22, 2], [21, 2], [20, 2], [20, 3], [19, 3], [19, 4], [19, 5], [18, 5], [17, 5], [17, 6], [16, 6], [15, 6], [14, 6], [13, 6], [13, 5], [13, 4], [13, 5], [13, 6], [13, 7], [13, 8], [12, 8], [11, 8], [10, 8], [9, 8], [8, 8], [7, 8], [6, 8], [5, 8], [4, 8], [3, 8], [3, 7], [2, 7]]}
META {"type": "geom", "shape": "line", "group": "offpath", "data": [[26, 3, 26, 5], [26, 5, 26, 3], [7, 9, 3, 9], [16, 3, 16, 4], [16, 4, 16, 3], [16, 10, 16, 8], [16, 8, 16, 10], [27, 12, 27, 2], [27, 7, 28, 7], [27, 2, 27, 12], [27, 10, 29, 10], [27, 6, 29, 6], [5, 3, 4, 3], [5, 5, 5, 3], [5, 10, 5, 8], [5, 8, 5, 10], [29, 10, 27, 10], [29, 6, 27, 6], [11, 5, 10, 5], [11, 10, 11, 11], [11, 11, 11, 5], [6, 4, 4, 4], [3, 2, 2, 2], [3, 9, 7, 9], [9, 7, 15, 7], [9, 8, 9, 6], [9, 6, 9, 8], [28, 7, 27, 7], [15, 3, 17, 3], [15, 7, 9, 7], [24, 5, 24, 4], [24, 4, 24, 5], [10, 5, 10, 9], [10, 9, 12, 9], [17, 3, 15, 3], [4, 3, 4, 5], [4, 5, 5, 5], [4, 4, 6, 4], [4, 13, 2, 13], [2, 2, 3, 2], [2, 13, 4, 13], [12, 9, 12, 10], [12, 10, 11, 10]]}
