XXXXXXXXXXXXXXXX
XXXXXXXXXXXXXXXX
XXXXXXX}XXXX-XXX
XXXXXXX-XXX--XXX
XXX-XXX-------XX
XX--XXXXX---X-XX
XX--XXXXX---XXXX
XX----XXXXX--XXX
XX-XXXXXXXX--XXX
XX--XXXXXX---XXX
XX--XXXXX--#-XXX
XX--XXXXX-----XX
XX##--XXX##---XX
XX----------#-XX
XX-X-#---X----XX
XXXX----XX----XX
XXXX--#--XXX--XX
XX--------XXX-XX
XXX-X---#-XXX-XX
XXXXXXX-------XX
XXXXXXX--X----XX
XXX-XXX--XX---XX
XX--XXX---X---XX
XX------#--#--XX
XXX---#-------XX
XXX##----##---XX
XXX--#-------XXX
XXX----{----XXXX
XXX---XXXX---XXX
XXXXXXXXXXXX-XXX
XXXXXXXXXXXXXXXX
XXXXXXXXXXXXXXXX
META {"type": "solver", "id": "pysat-rc2", "objective": 0}
META {"type": "geom", "shape": "path", "group": "path", "data": [[27, 7, 27, 3], [27, 3, 28, 3], [28, 3, 28, 5], [28, 5, 27, 5], [27, 5, 27, 11], [27, 11, 28, 11], [28, 11, 28, 10], [28, 10, 26, 10], [26, 10, 26, 12], [26, 12, 26, 6], [26, 6, 25, 6], [25, 6, 25, 5], [25, 5, 23, 5], [23, 5, 23, 7], [23, 7, 13, 7], [13, 7, 13, 11], [13, 11, 15, 11], [15, 11, 15, 13], [15, 13, 11, 13], [11, 13, 11, 9], [11, 9, 10, 9], [10, 9, 10, 10], [10, 10, 11, 10], [11, 10, 9, 10], [9, 10, 9, 12], [9, 12, 7, 12], [7, 12, 7, 11], [7, 11, 9, 11], [9, 11, 3, 11], [3, 11, 3, 12], [3, 12, 4, 12], [4, 12, 4, 13], [4, 13, 4, 7], [4, 7, 2, 7]]}
META {"type": "geom", "shape": "tile", "group": "path", "data": [[27, 7], [27, 6], [27, 5], [27, 4], [27, 3], [28, 3], [28, 4], [28, 5], [27, 5], [27, 6], [27, 7], [27, 8], [27, 9], [27, 10], [27, 11], [28, 11], [28, 10], [27, 10], [26, 10], [26, 11], [26, 12], [26, 11], [26, 10], [26, 9], [26, 8], [26, 7], [26, 6], [25, 6], [25, 5], [24, 5], [23, 5], [23, 6], [23, 7], [22, 7], [21, 7], [20, 7], [19, 7], [18, 7], [17, 7], [16, 7], [15, 7], [14, 7], [13, 7], [13, 8], [13, 9], [13, 10], [13, 11], [14, 11], [15, 11], [15, 12], [15, 13], [14, 13], [13, 13], [12, 13], [11, 13], [11, 12], [11, 11], [11, 10], [11, 9], [10, 9], [10, 10], [11, 10], [10, 10], [9, 10], [9, 11], [9, 12], [8, 12], [7, 12], [7, 11], [8, 11], [9, 11], [8, 11], [7, 11], [6, 11], [5, 11], [4, 11], [3, 11], [3, 12], [4, 12], [4, 13], [4, 12], [4, 11], [4, 10], [4, 9], [4, 8], [4, 7], [3, 7], [2, 7]]}
META {"type": "geom", "shape": "line", "group": "offpath", "data": [[4, 10, 6, 10], [14, 8, 13, 8], [14, 2, 13, 2], [23, 4, 24, 4], [23, 2, 22, 2], [12, 5, 13, 5], [17, 8, 16, 8], [17, 3, 18, 3], [17, 9, 19, 9], [22, 7, 22, 9], [22, 9, 22, 7], [22, 2, 23, 2], [6, 3, 6, 2], [6, 2, 6, 3], [6, 10, 4, 10], [11, 2, 5, 2], [16, 8, 17, 8], [18, 3, 17, 3], [18, 7, 18, 5], [18, 5, 18, 7], [19, 9, 17, 9], [5, 3, 7, 3], [5, 2, 5, 3], [15, 6, 13, 6], [15, 10, 13, 10], [20, 8, 20, 7], [20, 7, 20, 8], [27, 9, 26, 9], [26, 4, 28, 4], [26, 9, 27, 9], [28, 4, 26, 4], [13, 8, 14, 8], [13, 6, 15, 6], [13, 5, 12, 5], [13, 2, 14, 2], [13, 10, 15, 10], [7, 3, 7, 2], [7, 2, 11, 2], [24, 4, 23, 4]]}
