XXXXXXXXXXXXXXXX
X0---X-X------1X
XXX-------X--XXX
XXX-------X--XXX
X----XXX--X----X
X-------------XX
X--------XX-X--X
X----XXXXXXXXXXX
X-XX-XXXXXXXXXXX
X-XX---XXX----XX
XX--XXX----XXXXX
X-XXXXXX-X-XXXXX
XXXXXXXXX--XXXXX
XXXXXXXXX---XXXX
X2-XX-XX-XX---3X
XXXXXXXXXXXXXXXX
META {"type": "solver", "id": "pysat-rc2", "objective": 0}
META {"type": "geom", "shape": "path", "group": "path", "data": [[1, 1, 1, 2], [1, 2, 1, 3], [1, 3, 1, 4], [1, 4, 2, 4], [2, 4, 2, 3], [2, 3, 3, 3], [3, 3, 3, 4], [3, 4, 3, 5], [3, 5, 3, 6], [3, 6, 3, 7], [3, 7, 3, 8], [3, 8, 2, 8], [2, 8, 1, 8], [1, 8, 1, 9], [1, 9, 1, 10], [1, 10, 1, 11], [1, 11, 1, 12], [1, 12, 1, 13], [1, 13, 1, 14]]}
META {"type": "geom", "shape": "tile", "group": "path", "data": [[1, 1], [1, 2], [1, 3], [1, 4], [2, 4], [2, 3], [3, 3], [3, 4], [3, 5], [3, 6], [3, 7], [3, 8], [2, 8], [1, 8], [1, 9], [1, 10], [1, 11], [1, 12], [1, 13], [1, 14]]}
META {"type": "geom", "shape": "line", "group": "offpath", "data": [[3, 11, 4, 11], [3, 9, 4, 9], [9, 5, 9, 4], [9, 4, 9, 5], [6, 3, 6, 2], [6, 7, 6, 6], [6, 6, 6, 7], [6, 5, 6, 4], [6, 13, 5, 13], [6, 2, 6, 3], [6, 1, 5, 1], [6, 4, 6, 5], [1, 6, 2, 6], [2, 6, 1, 6], [8, 1, 7, 1], [8, 4, 7, 4], [4, 3, 5, 3], [4, 13, 4, 14], [4, 11, 3, 11], [4, 9, 3, 9], [4, 2, 4, 1], [4, 1, 4, 2], [4, 4, 5, 4], [4, 14, 4, 13], [5, 3, 4, 3], [5, 7, 5, 6], [5, 6, 5, 7], [5, 13, 6, 13], [5, 11, 5, 10], [5, 10, 5, 11], [5, 1, 6, 1], [5, 4, 4, 4], [7, 1, 8, 1], [7, 4, 8, 4]]}
