XXXXXXXXXXXXXXXX
X0---XX-------1X
XXX-XXXXX----XXX
XXX-XXXXX-X--XXX
XXXX-XXXXX-----X
XXXXXXXXXX-X--XX
XXXXXXXX---X---X
X----XX-XX-X--XX
XXX-----XX-X-X-X
XXX-----XX-----X
X--XXX--XX-----X
X-----XXXXXX---X
XXXXX-XXXXXX-XXX
XXXXX--XX----XXX
X2------------3X
XXXXXXXXXXXXXXXX
META {"type": "solver", "id": "pysat-rc2", "objective": 0}
META {"type": "geom", "shape": "path", "group": "path", "data": [[14, 1, 14, 2], [14, 2, 14, 3], [14, 3, 14, 4], [14, 4, 14, 5], [14, 5, 14, 6], [14, 6, 14, 7], [14, 7, 14, 8], [14, 8, 14, 9], [14, 9, 13, 9], [13, 9, 13, 10], [13, 10, 13, 11], [13, 11, 13, 12], [13, 12, 14, 12], [14, 12, 14, 13], [14, 13, 14, 14]]}
META {"type": "geom", "shape": "tile", "group": "path", "data": [[14, 1], [14, 2], [14, 3], [14, 4], [14, 5], [14, 6], [14, 7], [14, 8], [14, 9], [13, 9], [13, 10], [13, 11], [13, 12], [14, 12], [14, 13], [14, 14]]}
META {"type": "geom", "shape": "line", "group": "offpath", "data": [[7, 10, 6, 10], [7, 12, 8, 12], [2, 10, 2, 9], [2, 11, 2, 10], [2, 12, 3, 12], [2, 9, 1, 9], [6, 8, 6, 9], [6, 10, 7, 10], [6, 13, 6, 12], [6, 12, 5, 12], [6, 9, 6, 8], [3, 11, 2, 11], [3, 12, 3, 11], [9, 14, 10, 14], [9, 10, 8, 10], [9, 13, 10, 13], [11, 13, 11, 12], [11, 12, 11, 13], [1, 7, 1, 8], [1, 8, 1, 7], [1, 10, 1, 11], [1, 11, 1, 12], [1, 12, 2, 12], [1, 9, 1, 10], [4, 14, 4, 13], [4, 10, 5, 10], [4, 13, 4, 14], [10, 14, 9, 14], [10, 13, 9, 13], [10, 11, 10, 12], [10, 12, 10, 11], [8, 10, 9, 10], [8, 12, 7, 12], [5, 10, 4, 10], [5, 13, 6, 13], [5, 12, 5, 13]]}
