XXXXXXXXXXXXXXXX
XXX-XX--XX-XXXXX
X0--XX-----XXXXX
XXXXXXXXX-----1X
XXXXXXXXX----XXX
X--XX-XXX-XX-XXX
XX----XXX-XX--XX
X--X-----------X
XX-X-X--X-XXXX-X
XX-X-X---X-----X
X--X-X-------XXX
XX-X--------XXXX
XXX----X----XXXX
XXX-XXX------XXX
X2-----XX-XX--3X
XXXXXXXXXXXXXXXX
META {"type": "solver", "id": "pysat-rc2", "objective": 0}
META {"type": "geom", "shape": "path", "group": "path", "data": [[14, 1, 14, 2], [14, 2, 14, 3], [14, 3, 13, 3], [13, 3, 12, 3], [12, 3, 12, 4], [12, 4, 12, 5], [12, 5, 11, 5], [11, 5, 11, 6], [11, 6, 11, 7], [11, 7, 11, 8], [11, 8, 11, 9], [11, 9, 12, 9], [12, 9, 13, 9], [13, 9, 13, 10], [13, 10, 13, 11], [13, 11, 13, 12], [13, 12, 14, 12], [14, 12, 14, 13], [14, 13, 14, 14]]}
META {"type": "geom", "shape": "tile", "group": "path", "data": [[14, 1], [14, 2], [14, 3], [13, 3], [12, 3], [12, 4], [12, 5], [11, 5], [11, 6], [11, 7], [11, 8], [11, 9], [12, 9], [13, 9], [13, 10], [13, 11], [13, 12], [14, 12], [14, 13], [14, 14]]}
META {"type": "geom", "shape": "line", "group": "offpath", "data": [[7, 5, 6, 5], [7, 9, 7, 8], [7, 8, 7, 9], [6, 4, 6, 3], [6, 3, 6, 4], [6, 5, 7, 5], [6, 2, 5, 2], [4, 11, 4, 10], [4, 10, 4, 11], [4, 9, 5, 9], [13, 8, 12, 8], [12, 8, 13, 8], [5, 9, 4, 9], [5, 2, 6, 2], [10, 7, 9, 7], [10, 10, 10, 9], [10, 9, 10, 10], [10, 8, 10, 7], [9, 7, 9, 8], [9, 8, 10, 8], [3, 11, 3, 10], [3, 10, 3, 11]]}
