XXXXXXXXXXXXXXXX
X0--XX-XX-XX--1X
XXX-XX-XX-XX-XXX
XXX----XX----XXX
X--XX-XXXX-XX--X
XXXXXXXXXX-XX-XX
XXXXXXXXX-XXXX-X
XXXXX-XXXXXXXX-X
X-----XXXXXXX--X
XX-X-X--------XX
X--X-X-XXX-X---X
X--X-X----X-X--X
XXX--X-------XXX
XXX--X-------XXX
X2------------3X
XXXXXXXXXXXXXXXX
META {"type": "solver", "id": "pysat-rc2", "objective": 0}
META {"type": "geom", "shape": "path", "group": "path", "data": [[14, 1, 14, 2], [14, 2, 14, 3], [14, 3, 14, 4], [14, 4, 14, 5], [14, 5, 14, 6], [14, 6, 13, 6], [13, 6, 12, 6], [12, 6, 11, 6], [11, 6, 11, 7], [11, 7, 11, 8], [11, 8, 11, 9], [11, 9, 12, 9], [12, 9, 12, 10], [12, 10, 12, 11], [12, 11, 12, 12], [12, 12, 13, 12], [13, 12, 14, 12], [14, 12, 14, 13], [14, 13, 14, 14]]}
META {"type": "geom", "shape": "tile", "group": "path", "data": [[14, 1], [14, 2], [14, 3], [14, 4], [14, 5], [14, 6], [13, 6], [12, 6], [11, 6], [11, 7], [11, 8], [11, 9], [12, 9], [12, 10], [12, 11], [12, 12], [13, 12], [14, 12], [14, 13], [14, 14]]}
META {"type": "geom", "shape": "line", "group": "offpath", "data": [[13, 7, 14, 7], [13, 10, 13, 9], [13, 9, 13, 10], [13, 8, 13, 7], [14, 7, 14, 8], [14, 8, 13, 8], [8, 4, 9, 4], [10, 13, 11, 13], [10, 12, 9, 12], [9, 12, 10, 12], [9, 11, 9, 10], [9, 7, 9, 6], [9, 10, 9, 11], [9, 9, 9, 8], [9, 4, 8, 4], [9, 6, 9, 7], [9, 8, 9, 9], [11, 13, 10, 13], [11, 4, 12, 4], [12, 4, 11, 4]]}
