XXXXXXXXXXXXXXXX
XXX----X-XX---1X
X0--X--------XXX
XXXX-X-XXX---XXX
XXXX-X---------X
X----X---------X
XX--X-XXXXX--XXX
XXX---XXXXXX-XXX
XXX-----XXXX---X
XX-XXXX-XXX---XX
XX------XXX-X--X
XXX----XXXX---XX
XXXXXX-XXXXXXXXX
XXXXXX--XXXXXXXX
X2----XX------3X
XXXXXXXXXXXXXXXX
META {"type": "solver", "id": "pysat-rc2", "objective": 0}
META {"type": "geom", "shape": "path", "group": "path", "data": [[2, 1, 2, 2], [2, 2, 2, 3], [2, 3, 1, 3], [1, 3, 1, 4], [1, 4, 1, 5], [1, 5, 2, 5], [2, 5, 2, 6], [2, 6, 3, 6], [3, 6, 4, 6], [4, 6, 5, 6], [5, 6, 5, 7], [5, 7, 5, 8], [5, 8, 5, 9], [5, 9, 5, 10], [5, 10, 5, 11], [5, 11, 6, 11], [6, 11, 6, 12], [6, 12, 5, 12], [5, 12, 4, 12], [4, 12, 4, 11], [4, 11, 3, 11], [3, 11, 2, 11], [2, 11, 1, 11], [1, 11, 1, 12], [1, 12, 1, 13], [1, 13, 1, 14]]}
META {"type": "geom", "shape": "tile", "group": "path", "data": [[2, 1], [2, 2], [2, 3], [1, 3], [1, 4], [1, 5], [2, 5], [2, 6], [3, 6], [4, 6], [5, 6], [5, 7], [5, 8], [5, 9], [5, 10], [5, 11], [6, 11], [6, 12], [5, 12], [4, 12], [4, 11], [3, 11], [2, 11], [1, 11], [1, 12], [1, 13], [1, 14]]}
META {"type": "geom", "shape": "line", "group": "offpath", "data": [[2, 9, 2, 8], [2, 8, 2, 9], [4, 14, 4, 13], [4, 13, 4, 14], [4, 7, 4, 8], [4, 8, 4, 7], [5, 14, 5, 13], [5, 13, 5, 14]]}
