XXXXXXXXXXXXXXXX
X0-XX--XX-XXXXXX
XXXXXXXXXXXXXXXX
XXXXXXXXXXXXX-1X
X--XX-XX--XX-XXX
X-----XX-----XXX
X-X---XX---X---X
X-----------XX-X
XX-XXX------XX-X
X-----X-X------X
XX----X-X------X
XX----X-X-XX---X
XXXX--X---XX-XXX
XXXX---------XXX
X2------------3X
XXXXXXXXXXXXXXXX
META {"type": "solver", "id": "pysat-rc2", "objective": 0}
META {"type": "geom", "shape": "path", "group": "path", "data": [[14, 1, 14, 2], [14, 2, 14, 3], [14, 3, 14, 4], [14, 4, 14, 5], [14, 5, 14, 6], [14, 6, 14, 7], [14, 7, 14, 8], [14, 8, 14, 9], [14, 9, 13, 9], [13, 9, 13, 10], [13, 10, 13, 11], [13, 11, 14, 11], [14, 11, 14, 12], [14, 12, 14, 13], [14, 13, 14, 14]]}
META {"type": "geom", "shape": "tile", "group": "path", "data": [[14, 1], [14, 2], [14, 3], [14, 4], [14, 5], [14, 6], [14, 7], [14, 8], [14, 9], [13, 9], [13, 10], [13, 11], [14, 11], [14, 12], [14, 13], [14, 14]]}
META {"type": "geom", "shape": "line", "group": "offpath", "data": [[7, 2, 8, 2], [7, 6, 7, 5], [7, 5, 6, 5], [7, 8, 7, 9], [7, 9, 7, 8], [7, 3, 7, 2], [9, 2, 10, 2], [9, 7, 8, 7], [9, 10, 10, 10], [9, 12, 9, 11], [9, 11, 9, 10], [9, 13, 10, 13], [8, 2, 9, 2], [8, 7, 8, 6], [8, 6, 7, 6], [8, 10, 8, 9], [8, 9, 8, 10], [13, 7, 12, 7], [13, 6, 13, 7], [13, 5, 13, 6], [13, 12, 12, 12], [4, 8, 5, 8], [5, 2, 5, 3], [5, 5, 5, 4], [5, 8, 4, 8], [5, 4, 6, 4], [5, 3, 5, 2], [10, 2, 10, 3], [10, 7, 9, 7], [10, 10, 10, 11], [10, 4, 11, 4], [10, 12, 9, 12], [10, 11, 10, 12], [10, 13, 9, 13], [10, 3, 10, 4], [12, 7, 11, 7], [12, 5, 13, 5], [12, 12, 13, 12], [12, 9, 11, 9], [6, 5, 5, 5], [6, 4, 6, 3], [6, 3, 7, 3], [11, 2, 11, 3], [11, 7, 10, 7], [11, 5, 12, 5], [11, 4, 11, 5], [11, 9, 12, 9], [11, 3, 11, 2]]}
