--------------------------------
--------------------------------
------------------------XX------
--------------------------------
----------------Q--Q----XX--XX--
--------------------------------
--------------------------------
---------------Q------X--XXX----
-----------X--------------------
-------------------Q------------
--------------------------------
----------<>-----------XQX------
----X-----[]--X----XX-----------
----XX----[]------XXX-----------
-{--XXX---[]-----XXXX---------}-
XXXXXXXXXXXXXXXXXXXXXXXXXXXXXXXX
META {"type": "solver", "id": "pysat-rc2", "objective": 0}
META {"type": "geom", "shape": "path", "group": "path", "data": [[14, 1, 11, 4], [11, 4, 11, 5], [11, 5, 12, 6], [12, 6, 13, 6], [13, 6, 9, 10], [9, 10, 10, 11], [10, 11, 10, 12], [10, 12, 11, 12], [11, 12, 12, 13], [12, 13, 13, 14], [13, 14, 14, 15], [14, 15, 14, 16], [14, 16, 11, 19], [11, 19, 11, 20], [11, 20, 11, 21], [11, 21, 12, 22], [12, 22, 13, 23], [13, 23, 14, 24], [14, 24, 14, 25], [14, 25, 14, 26], [14, 26, 14, 27], [14, 27, 14, 28], [14, 28, 14, 29], [14, 29, 14, 30]]}
