--------------------------------
--------------------------------
--------------------------------
--------------------------------
--------------------------------
--X-----XXX-------X--XQQXQX-----
--------------------------------
--------------------------------
---XQQX---------X---------XX----
---------XX---------------------
-----------------------X--------
--X-------------------XX----XX--
--------X------<>----XXX--------
-------XX------[]---XXXX--------
-{----XXX------[]--XXXXX------}-
XXXXXXXXX--XXXXXXXXXXXXXXXXXXXXX
META {"type": "solver", "id": "clingo-be", "objective": 0}
META {"type": "geom", "shape": "path", "group": "path", "data": [[14, 1, 14, 2], [14, 2, 14, 3], [14, 3, 14, 4], [14, 4, 14, 5], [14, 5, 11, 8], [11, 8, 11, 9], [11, 9, 12, 10], [12, 10, 13, 11], [13, 11, 14, 12], [14, 12, 11, 15], [11, 15, 11, 16], [11, 16, 11, 17], [11, 17, 12, 18], [12, 18, 13, 19], [13, 19, 9, 23], [9, 23, 9, 24], [9, 24, 10, 25], [10, 25, 11, 26], [11, 26, 12, 27], [12, 27, 13, 28], [13, 28, 14, 29], [14, 29, 14, 30]]}
