--------------------------------
--------------------------------
------------------Q------X------
-------X-----XX-----------------
----------Q---------------------
-----------------------XQX------
--------------------Q-------XX--
--------X------X----------------
--------------------------------
-----------X-------------X------
--------------------------------
--------------------------------
----X----Q---<>----XX---X-------
----XX-------[]---XXX---XX------
-{--XXX------[]--XXXX---XXX---}-
XXXXXXXXXXXXXXXXXXXXXXXXXXXXXXXX
META {"type": "solver", "id": "pysat-rc2", "objective": 0}
META {"type": "geom", "shape": "path", "group": "path", "data": [[14, 1, 11, 4], [11, 4, 11, 5], [11, 5, 12, 6], [12, 6, 13, 7], [13, 7, 14, 8], [14, 8, 14, 9], [14, 9, 14, 10], [14, 10, 11, 13], [11, 13, 11, 14], [11, 14, 11, 15], [11, 15, 12, 16], [12, 16, 13, 17], [13, 17, 11, 19], [11, 19, 11, 20], [11, 20, 9, 22], [9, 22, 10, 23], [10, 23, 11, 24], [11, 24, 11, 25], [11, 25, 12, 26], [12, 26, 13, 27], [13, 27, 14, 28], [14, 28, 14, 29], [14, 29, 14, 30]]}
