--------------------------------
--------------------------------
------X--------------XQQXQXQX---
--------------------------------
--------------------------------
------------------XXX-----------
-----------------------X--------
------X-------------------------
----------------------------XX--
-----------------------X--------
--------------------------------
--X------------<>---------------
----------X----[]----X---X------
----------XX---[]---XX---XX-----
-{--------XXX--[]--XXX---XXX--}-
XXXXX-----XXXXXXXXXXXXXXXXXXXXXX
META {"type": "solver", "id": "pysat-rc2", "objective": 0}
META {"type": "geom", "shape": "path", "group": "path", "data": [[14, 1, 14, 2], [14, 2, 10, 6], [10, 6, 11, 6], [11, 6, 12, 5], [12, 5, 13, 5], [13, 5, 14, 4], [14, 4, 10, 5], [10, 5, 11, 4], [11, 4, 12, 3], [12, 3, 13, 4], [13, 4, 14, 3], [14, 3, 10, 2], [10, 2, 6, 6], [6, 6, 3, 9], [3, 9, 4, 10], [4, 10, 5, 11], [5, 11, 6, 11], [6, 11, 7, 11], [7, 11, 8, 10], [8, 10, 9, 10], [9, 10, 10, 11], [10, 11, 11, 11], [11, 11, 12, 11], [12, 11, 8, 11], [8, 11, 9, 11], [9, 11, 10, 10], [10, 10, 11, 10], [11, 10, 8, 13], [8, 13, 9, 13], [9, 13, 10, 13], [10, 13, 11, 13], [11, 13, 12, 14], [12, 14, 13, 14], [13, 14, 14, 14], [14, 14, 13, 13], [13, 13, 14, 13], [14, 13, 13, 12], [13, 12, 10, 15], [10, 15, 6, 18], [6, 18, 7, 19], [7, 19, 8, 20], [8, 20, 9, 21], [9, 21, 10, 22], [10, 22, 11, 21], [11, 21, 7, 22], [7, 22, 8, 23], [8, 23, 5, 25], [5, 25, 6, 26], [6, 26, 7, 27], [7, 27, 8, 27], [8, 27, 9, 26], [9, 26, 10, 25], [10, 25, 11, 26], [11, 26, 12, 27], [12, 27, 13, 27], [13, 27, 9, 28], [9, 28, 10, 27], [10, 27, 11, 28], [11, 28, 12, 28], [12, 28, 13, 29], [13, 29, 14, 30]]}
META {"type": "geom", "shape": "tile", "group": "path", "data": [[14, 1], [14, 2], [13, 2], [13, 3], [12, 3], [12, 4], [11, 4], [11, 5], [10, 5], [10, 6], [11, 6], [12, 6], [12, 5], [13, 5], [14, 5], [14, 4], [13, 4], [12, 4], [11, 4], [10, 4], [10, 5], [11, 5], [11, 4], [12, 4], [12, 3], [13, 3], [13, 4], [14, 4], [14, 3], [13, 3], [12, 3], [11, 3], [10, 3], [10, 2], [9, 2], [9, 3], [8, 3], [8, 4], [7, 4], [7, 5], [6, 5], [6, 6], [5, 6], [5, 7], [4, 7], [4, 8], [3, 8], [3, 9], [4, 9], [4, 10], [5, 10], [5, 11], [6, 11], [7, 11], [8, 11], [8, 10], [9, 10], [10, 10], [10, 11], [11, 11], [12, 11], [11, 11], [10, 11], [9, 11], [8, 11], [9, 11], [10, 11], [10, 10], [11, 10], [10, 10], [10, 11], [9, 11], [9, 12], [8, 12], [8, 13], [9, 13], [10, 13], [11, 13], [12, 13], [12, 14], [13, 14], [14, 14], [13, 14], [13, 13], [14, 13], [13, 13], [13, 12], [12, 12], [12, 13], [11, 13], [11, 14], [10, 14], [10, 15], [9, 15], [9, 16], [8, 16], [8, 17], [7, 17], [7, 18], [6, 18], [7, 18], [7, 19], [8, 19], [8, 20], [9, 20], [9, 21], [10, 21], [10, 22], [11, 22], [11, 21], [10, 21], [9, 21], [8, 21], [7, 21], [7, 22], [8, 22], [8, 23], [7, 23], [7, 24], [6, 24], [6, 25], [5, 25], [6, 25], [6, 26], [7, 26], [7, 27], [8, 27], [9, 27], [9, 26], [10, 26], [10, 25], [11, 25], [11, 26], [12, 26], [12, 27], [13, 27], [12, 27], [11, 27], [10, 27], [9, 27], [9, 28], [10, 28], [10, 27], [11, 27], [11, 28], [12, 28], [13, 28], [13, 29], [14, 29], [14, 30]]}
META {"type": "geom", "shape": "line", "group": "offpath", "data": [[1, 17, 2, 16], [1, 27, 0, 27], [1, 26, 1, 25], [1, 21, 1, 22], [1, 28, 0, 28], [1, 23, 0, 23], [1, 22, 0, 21], [1, 25, 1, 26], [1, 20, 2, 20], [4, 19, 2, 19], [4, 18, 0, 22], [4, 28, 5, 29], [4, 23, 5, 23], [4, 20, 0, 17], [0, 17, 1, 17], [0, 27, 1, 28], [0, 21, 1, 20], [0, 28, 1, 27], [0, 23, 1, 23], [0, 22, 1, 21], [3, 17, 4, 18], [3, 21, 4, 20], [3, 28, 4, 28], [3, 24, 4, 23], [3, 20, 4, 19], [10, 18, 11, 19], [10, 1, 11, 1], [13, 17, 14, 17], [13, 30, 14, 31], [13, 1, 14, 0], [13, 28, 14, 29], [13, 23, 14, 23], [13, 24, 14, 24], [12, 2, 13, 1], [12, 18, 13, 17], [12, 31, 13, 30], [12, 22, 13, 23], [11, 19, 12, 18], [11, 1, 12, 2], [11, 23, 12, 22], [14, 17, 10, 18], [14, 31, 12, 31], [14, 29, 13, 28], [14, 23, 11, 23], [14, 24, 13, 24], [14, 0, 10, 1], [2, 19, 3, 20], [2, 16, 3, 17], [2, 20, 3, 21], [5, 29, 6, 29], [5, 23, 3, 24], [6, 29, 7, 29], [6, 28, 7, 28], [7, 29, 6, 28], [7, 28, 3, 28]]}
