--------------------------------
--------------------------------
--------------------------------
--------------------------------
--------------------------------
----------------------Q---------
---------X---X------------------
-----------------XX-------------
-----XX-------------------------
----------X---Q-----------------
--------------------X-----------
---Q-------------------<>-------
-------X-----X---------[]--X----
------XX--X--XX----XX--[]-------
-{---XXX-----XXX--XXX--[]-----}-
XXXXXXXX-----XXXXXXXXXXXXXXXXXXX
META {"type": "solver", "id": "pysat-rc2", "objective": 0}
META {"type": "geom", "shape": "path", "group": "path", "data": [[14, 1, 11, 1], [11, 1, 12, 0], [12, 0, 13, 1], [13, 1, 14, 2], [14, 2, 13, 2], [13, 2, 14, 3], [14, 3, 10, 7], [10, 7, 11, 7], [11, 7, 7, 10], [7, 10, 8, 10], [8, 10, 5, 13], [5, 13, 1, 16], [1, 16, 2, 16], [2, 16, 3, 15], [3, 15, 4, 15], [4, 15, 5, 15], [5, 15, 6, 16], [6, 16, 7, 15], [7, 15, 8, 14], [8, 14, 5, 17], [5, 17, 6, 17], [6, 17, 4, 17], [4, 17, 5, 16], [5, 16, 6, 15], [6, 15, 7, 14], [7, 14, 8, 13], [8, 13, 9, 13], [9, 13, 10, 14], [10, 14, 11, 15], [11, 15, 12, 16], [12, 16, 13, 17], [13, 17, 14, 16], [14, 16, 12, 17], [12, 17, 13, 18], [13, 18, 9, 18], [9, 18, 10, 17], [10, 17, 11, 18], [11, 18, 12, 19], [12, 19, 8, 20], [8, 20, 9, 19], [9, 19, 10, 18], [10, 18, 11, 19], [11, 19, 12, 20], [12, 20, 8, 24], [8, 24, 9, 24], [9, 24, 10, 24], [10, 24, 8, 22], [8, 22, 9, 23], [9, 23, 10, 23], [10, 23, 7, 25], [7, 25, 8, 26], [8, 26, 9, 25], [9, 25, 10, 26], [10, 26, 11, 26], [11, 26, 12, 25], [12, 25, 13, 25], [13, 25, 14, 25], [14, 25, 13, 26], [13, 26, 14, 27], [14, 27, 13, 28], [13, 28, 14, 28], [14, 28, 10, 28], [10, 28, 11, 27], [11, 27, 7, 31], [7, 31, 8, 30], [8, 30, 9, 29], [9, 29, 10, 30], [10, 30, 11, 31], [11, 31, 12, 31], [12, 31, 13, 30], [13, 30, 14, 29], [14, 29, 10, 29], [10, 29, 11, 28], [11, 28, 12, 28], [12, 28, 13, 29], [13, 29, 14, 30]]}
META {"type": "geom", "shape": "tile", "group": "path", "data": [[14, 1], [13, 1], [12, 1], [11, 1], [12, 1], [12, 0], [13, 0], [13, 1], [14, 1], [14, 2], [13, 2], [14, 2], [14, 3], [13, 3], [13, 4], [12, 4], [12, 5], [11, 5], [11, 6], [10, 6], [10, 7], [11, 7], [10, 7], [10, 8], [9, 8], [9, 9], [8, 9], [8, 10], [7, 10], [8, 10], [7, 10], [7, 11], [6, 11], [6, 12], [5, 12], [5, 13], [4, 13], [4, 14], [3, 14], [3, 15], [2, 15], [2, 16], [1, 16], [2, 16], [3, 16], [3, 15], [4, 15], [5, 15], [6, 15], [6, 16], [7, 16], [7, 15], [8, 15], [8, 14], [7, 14], [7, 15], [6, 15], [6, 16], [5, 16], [5, 17], [6, 17], [5, 17], [4, 17], [5, 17], [5, 16], [6, 16], [6, 15], [7, 15], [7, 14], [8, 14], [8, 13], [9, 13], [10, 13], [10, 14], [11, 14], [11, 15], [12, 15], [12, 16], [13, 16], [13, 17], [14, 17], [14, 16], [13, 16], [13, 17], [12, 17], [13, 17], [13, 18], [12, 18], [11, 18], [10, 18], [9, 18], [10, 18], [10, 17], [11, 17], [11, 18], [12, 18], [12, 19], [11, 19], [10, 19], [9, 19], [8, 19], [8, 20], [9, 20], [9, 19], [10, 19], [10, 18], [11, 18], [11, 19], [12, 19], [12, 20], [11, 20], [11, 21], [10, 21], [10, 22], [9, 22], [9, 23], [8, 23], [8, 24], [9, 24], [10, 24], [9, 24], [9, 23], [8, 23], [8, 22], [9, 22], [9, 23], [10, 23], [9, 23], [9, 24], [8, 24], [8, 25], [7, 25], [8, 25], [8, 26], [9, 26], [9, 25], [10, 25], [10, 26], [11, 26], [12, 26], [12, 25], [13, 25], [14, 25], [13, 25], [13, 26], [14, 26], [14, 27], [13, 27], [13, 28], [14, 28], [13, 28], [12, 28], [11, 28], [10, 28], [11, 28], [11, 27], [10, 27], [10, 28], [9, 28], [9, 29], [8, 29], [8, 30], [7, 30], [7, 31], [8, 31], [8, 30], [9, 30], [9, 29], [10, 29], [10, 30], [11, 30], [11, 31], [12, 31], [13, 31], [13, 30], [14, 30], [14, 29], [13, 29], [12, 29], [11, 29], [10, 29], [11, 29], [11, 28], [12, 28], [13, 28], [13, 29], [14, 29], [14, 30]]}
META {"type": "geom", "shape": "line", "group": "offpath", "data": [[10, 3, 6, 2], [10, 9, 11, 9], [10, 5, 11, 5], [10, 4, 11, 4], [2, 21, 3, 22], [2, 12, 3, 11], [2, 20, 3, 19], [5, 6, 6, 6], [5, 9, 1, 13], [5, 5, 6, 4], [5, 19, 6, 18], [0, 22, 1, 21], [4, 6, 5, 6], [4, 22, 0, 22], [4, 5, 5, 5], [4, 10, 5, 9], [4, 18, 5, 19], [12, 6, 8, 3], [12, 1, 13, 0], [12, 5, 13, 5], [12, 10, 8, 7], [12, 4, 13, 3], [3, 6, 4, 6], [3, 22, 4, 22], [3, 11, 4, 10], [3, 19, 4, 18], [3, 4, 4, 5], [14, 0, 11, 2], [14, 4, 12, 6], [7, 6, 3, 6], [7, 21, 8, 21], [7, 3, 8, 2], [7, 5, 3, 4], [9, 6, 10, 5], [9, 3, 10, 3], [9, 9, 10, 9], [9, 20, 6, 22], [9, 4, 10, 4], [6, 6, 7, 6], [6, 22, 7, 21], [6, 2, 7, 3], [6, 18, 2, 21], [6, 4, 7, 5], [8, 21, 9, 20], [8, 3, 9, 4], [8, 7, 9, 6], [8, 2, 9, 3], [1, 21, 2, 20], [1, 13, 2, 12], [13, 0, 14, 0], [13, 3, 14, 4], [13, 5, 9, 9], [11, 9, 12, 10], [11, 5, 12, 5], [11, 2, 12, 1], [11, 4, 12, 4]]}
