--------------------------------
--------------------------------
----------XXX-------------------
---------------X----------------
-----------------------------X--
--XQQXQX------------------------
--------------------------------
----------XX--------------------
--------------------------------
--------------------------------
-----------------X--XQXQX--X----
---------XX--<>-----------------
--------XXX--[]-----------------
-------XXXX--[]--------<>-------
-{----XXXXX--[]--------[]-----}-
XXXXXXXXXXXXXXXXXX---XXXXXXXXXXX
META {"type": "solver", "id": "pysat-rc2", "objective": 0}
META {"type": "geom", "shape": "path", "group": "path", "data": [[14, 1, 12, 2], [12, 2, 13, 3], [13, 3, 14, 2], [14, 2, 10, 5], [10, 5, 11, 4], [11, 4, 12, 3], [12, 3, 13, 4], [13, 4, 14, 4], [14, 4, 10, 8], [10, 8, 11, 8], [11, 8, 8, 11], [8, 11, 9, 10], [9, 10, 10, 10], [10, 10, 8, 12], [8, 12, 9, 13], [9, 13, 10, 13], [10, 13, 6, 17], [6, 17, 7, 17], [7, 17, 8, 17], [8, 17, 9, 17], [9, 17, 5, 20], [5, 20, 6, 21], [6, 21, 7, 22], [7, 22, 8, 22], [8, 22, 9, 22], [9, 22, 9, 23], [9, 23, 5, 27], [5, 27, 6, 27], [6, 27, 7, 27], [7, 27, 8, 26], [8, 26, 9, 27], [9, 27, 5, 31], [5, 31, 6, 30], [6, 30, 7, 29], [7, 29, 8, 29], [8, 29, 9, 28], [9, 28, 10, 29], [10, 29, 11, 30], [11, 30, 12, 30], [12, 30, 13, 31], [13, 31, 14, 30]]}
META {"type": "geom", "shape": "tile", "group": "path", "data": [[14, 1], [13, 1], [13, 2], [12, 2], [13, 2], [13, 3], [14, 3], [14, 2], [13, 2], [13, 3], [12, 3], [12, 4], [11, 4], [11, 5], [10, 5], [11, 5], [11, 4], [12, 4], [12, 3], [13, 3], [13, 4], [14, 4], [13, 4], [13, 5], [12, 5], [12, 6], [11, 6], [11, 7], [10, 7], [10, 8], [11, 8], [10, 8], [10, 9], [9, 9], [9, 10], [8, 10], [8, 11], [9, 11], [9, 10], [10, 10], [9, 10], [9, 11], [8, 11], [8, 12], [9, 12], [9, 13], [10, 13], [9, 13], [9, 14], [8, 14], [8, 15], [7, 15], [7, 16], [6, 16], [6, 17], [7, 17], [8, 17], [9, 17], [8, 17], [8, 18], [7, 18], [7, 19], [6, 19], [6, 20], [5, 20], [6, 20], [6, 21], [7, 21], [7, 22], [8, 22], [9, 22], [9, 23], [8, 23], [8, 24], [7, 24], [7, 25], [6, 25], [6, 26], [5, 26], [5, 27], [6, 27], [7, 27], [8, 27], [8, 26], [9, 26], [9, 27], [8, 27], [8, 28], [7, 28], [7, 29], [6, 29], [6, 30], [5, 30], [5, 31], [6, 31], [6, 30], [7, 30], [7, 29], [8, 29], [9, 29], [9, 28], [10, 28], [10, 29], [11, 29], [11, 30], [12, 30], [13, 30], [13, 31], [14, 31], [14, 30]]}
META {"type": "geom", "shape": "line", "group": "offpath", "data": [[3, 8, 4, 7], [3, 4, 4, 4], [3, 5, 4, 6], [3, 29, 0, 27], [3, 1, 4, 2], [3, 6, 4, 5], [3, 2, 4, 3], [5, 10, 6, 11], [5, 18, 6, 18], [5, 11, 6, 10], [5, 24, 6, 25], [11, 0, 12, 0], [11, 12, 12, 12], [11, 18, 12, 19], [11, 28, 12, 28], [11, 11, 12, 11], [11, 27, 12, 26], [11, 19, 12, 20], [11, 31, 12, 31], [11, 2, 12, 1], [6, 10, 5, 10], [6, 18, 7, 18], [6, 11, 4, 10], [6, 25, 7, 24], [6, 15, 7, 14], [0, 4, 1, 3], [0, 12, 1, 11], [0, 11, 1, 12], [0, 27, 1, 28], [0, 6, 1, 5], [0, 2, 1, 1], [13, 12, 14, 12], [13, 18, 14, 17], [13, 11, 14, 11], [13, 27, 14, 28], [13, 29, 14, 29], [13, 1, 14, 0], [13, 15, 14, 15], [13, 30, 14, 31], [13, 20, 14, 21], [13, 17, 14, 16], [13, 2, 14, 3], [10, 0, 11, 0], [10, 12, 11, 11], [10, 28, 11, 27], [10, 14, 6, 15], [1, 4, 2, 4], [1, 10, 1, 9], [1, 5, 2, 6], [1, 12, 0, 12], [1, 28, 2, 28], [1, 11, 1, 10], [1, 1, 2, 0], [1, 3, 2, 2], [1, 9, 2, 8], [12, 0, 13, 1], [12, 12, 13, 12], [12, 28, 13, 29], [12, 11, 13, 11], [12, 19, 13, 18], [12, 31, 13, 30], [12, 26, 13, 27], [12, 1, 13, 2], [12, 20, 13, 20], [12, 16, 13, 17], [9, 24, 5, 24], [9, 15, 10, 14], [9, 20, 7, 19], [9, 21, 5, 18], [14, 0, 11, 2], [14, 12, 11, 12], [14, 28, 10, 28], [14, 11, 10, 12], [14, 31, 11, 28], [14, 29, 11, 31], [14, 15, 11, 18], [14, 21, 11, 19], [14, 17, 12, 16], [14, 3, 10, 0], [14, 16, 13, 15], [7, 18, 8, 19], [7, 24, 8, 25], [7, 14, 8, 14], [7, 19, 8, 20], [8, 25, 9, 24], [8, 14, 9, 15], [8, 19, 9, 20], [8, 20, 9, 21], [2, 0, 3, 1], [2, 8, 3, 8], [2, 4, 3, 4], [2, 5, 3, 5], [2, 28, 3, 29], [2, 6, 3, 6], [2, 2, 3, 2], [4, 4, 2, 5], [4, 10, 5, 11], [4, 5, 0, 4], [4, 7, 0, 11], [4, 6, 1, 4], [4, 3, 0, 2], [4, 2, 0, 6]]}
