--------------------------------
--------------------------------
--------------------------------
--------------------------------
---------------------X------X---
-------X------------------------
--------------------------------
--------------------X-----------
--------Q--------X-----X---XQX--
------------XXX-----------------
--------------------Q-----------
---------Q-------X--------<>----
----------------XX--------[]----
---------------XXX----XX--[]----
-{------------XXXX---XXX--[]--}-
XXXXXXXXXXXXXXXXXXXXXXXXXXXXXXXX
META {"type": "solver", "id": "pysat-rc2-boolonly", "objective": 0}
META {"type": "geom", "shape": "path", "group": "path", "data": [[14, 1, 10, 4], [10, 4, 11, 4], [11, 4, 12, 3], [12, 3, 13, 3], [13, 3, 14, 3], [14, 3, 10, 7], [10, 7, 11, 7], [11, 7, 12, 6], [12, 6, 13, 6], [13, 6, 14, 6], [14, 6, 11, 8], [11, 8, 12, 9], [12, 9, 13, 10], [13, 10, 14, 11], [14, 11, 12, 10], [12, 10, 13, 11], [13, 11, 14, 10], [14, 10, 12, 11], [12, 11, 13, 12], [13, 12, 14, 12], [14, 12, 12, 13], [12, 13, 13, 14], [13, 14, 12, 15], [12, 15, 8, 19], [8, 19, 9, 20], [9, 20, 5, 17], [5, 17, 6, 16], [6, 16, 7, 17], [7, 17, 3, 18], [3, 18, 4, 18], [4, 18, 5, 19], [5, 19, 6, 20], [6, 20, 2, 21], [2, 21, 3, 22], [3, 22, 4, 23], [4, 23, 5, 22], [5, 22, 6, 23], [6, 23, 7, 23], [7, 23, 3, 27], [3, 27, 4, 26], [4, 26, 5, 25], [5, 25, 6, 26], [6, 26, 7, 25], [7, 25, 8, 25], [8, 25, 9, 26], [9, 26, 10, 26], [10, 26, 6, 27], [6, 27, 7, 28], [7, 28, 5, 29], [5, 29, 6, 28], [6, 28, 7, 29], [7, 29, 3, 28], [3, 28, 0, 28], [0, 28, 1, 28], [1, 28, 2, 29], [2, 29, 3, 29], [3, 29, 4, 30], [4, 30, 5, 31], [5, 31, 6, 30], [6, 30, 7, 31], [7, 31, 8, 30], [8, 30, 9, 29], [9, 29, 10, 28], [10, 28, 11, 29], [11, 29, 12, 28], [12, 28, 13, 29], [13, 29, 14, 30]]}
META {"type": "geom", "shape": "tile", "group": "path", "data": [[14, 1], [13, 1], [13, 2], [12, 2], [12, 3], [11, 3], [11, 4], [10, 4], [11, 4], [12, 4], [12, 3], [13, 3], [14, 3], [13, 3], [13, 4], [12, 4], [12, 5], [11, 5], [11, 6], [10, 6], [10, 7], [11, 7], [12, 7], [12, 6], [13, 6], [14, 6], [13, 6], [13, 7], [12, 7], [12, 8], [11, 8], [12, 8], [12, 9], [13, 9], [13, 10], [14, 10], [14, 11], [13, 11], [13, 10], [12, 10], [13, 10], [13, 11], [14, 11], [14, 10], [13, 10], [13, 11], [12, 11], [13, 11], [13, 12], [14, 12], [13, 12], [13, 13], [12, 13], [13, 13], [13, 14], [12, 14], [12, 15], [11, 15], [11, 16], [10, 16], [10, 17], [9, 17], [9, 18], [8, 18], [8, 19], [9, 19], [9, 20], [8, 20], [8, 19], [7, 19], [7, 18], [6, 18], [6, 17], [5, 17], [6, 17], [6, 16], [7, 16], [7, 17], [6, 17], [5, 17], [4, 17], [3, 17], [3, 18], [4, 18], [5, 18], [5, 19], [6, 19], [6, 20], [5, 20], [4, 20], [3, 20], [2, 20], [2, 21], [3, 21], [3, 22], [4, 22], [4, 23], [5, 23], [5, 22], [6, 22], [6, 23], [7, 23], [6, 23], [6, 24], [5, 24], [5, 25], [4, 25], [4, 26], [3, 26], [3, 27], [4, 27], [4, 26], [5, 26], [5, 25], [6, 25], [6, 26], [7, 26], [7, 25], [8, 25], [9, 25], [9, 26], [10, 26], [9, 26], [8, 26], [7, 26], [6, 26], [6, 27], [7, 27], [7, 28], [6, 28], [6, 29], [5, 29], [6, 29], [6, 28], [7, 28], [7, 29], [6, 29], [5, 29], [4, 29], [3, 29], [3, 28], [2, 28], [1, 28], [0, 28], [1, 28], [2, 28], [2, 29], [3, 29], [4, 29], [4, 30], [5, 30], [5, 31], [6, 31], [6, 30], [7, 30], [7, 31], [8, 31], [8, 30], [9, 30], [9, 29], [10, 29], [10, 28], [11, 28], [11, 29], [12, 29], [12, 28], [13, 28], [13, 29], [14, 29], [14, 30]]}
META {"type": "geom", "shape": "line", "group": "offpath", "data": [[9, 16, 10, 17], [9, 10, 10, 11], [9, 28, 10, 27], [7, 16, 8, 15], [7, 15, 8, 14], [7, 11, 8, 12], [7, 8, 3, 7], [7, 14, 8, 13], [10, 23, 11, 24], [10, 17, 6, 14], [10, 9, 8, 9], [10, 11, 11, 12], [10, 2, 11, 1], [10, 24, 11, 25], [10, 22, 11, 21], [10, 29, 11, 30], [10, 27, 9, 28], [4, 9, 5, 8], [4, 7, 0, 10], [4, 13, 5, 13], [4, 12, 5, 11], [13, 30, 14, 29], [13, 8, 14, 9], [13, 2, 14, 2], [13, 24, 14, 25], [13, 7, 14, 8], [13, 13, 14, 13], [13, 1, 14, 0], [13, 5, 14, 4], [13, 28, 14, 28], [13, 25, 14, 24], [13, 31, 14, 31], [1, 23, 2, 22], [1, 11, 2, 11], [11, 23, 12, 24], [11, 0, 12, 1], [11, 30, 12, 31], [11, 24, 12, 23], [11, 21, 12, 22], [11, 1, 12, 0], [11, 25, 12, 25], [11, 12, 12, 12], [11, 31, 12, 30], [6, 15, 7, 16], [6, 10, 7, 11], [6, 8, 7, 8], [6, 13, 7, 14], [6, 14, 7, 15], [0, 10, 1, 11], [0, 24, 1, 23], [2, 11, 3, 11], [2, 22, 3, 21], [12, 23, 10, 22], [12, 0, 13, 1], [12, 30, 13, 30], [12, 8, 13, 8], [12, 24, 13, 24], [12, 7, 13, 7], [12, 22, 10, 24], [12, 1, 13, 2], [12, 25, 13, 25], [12, 12, 13, 13], [12, 31, 13, 31], [8, 15, 9, 16], [8, 9, 9, 10], [8, 13, 4, 9], [8, 14, 5, 14], [8, 12, 4, 13], [14, 4, 13, 5], [14, 0, 11, 0], [14, 9, 12, 7], [14, 8, 12, 8], [14, 2, 10, 2], [14, 24, 10, 23], [14, 13, 10, 9], [14, 29, 10, 29], [14, 28, 13, 28], [14, 25, 11, 23], [14, 31, 11, 31], [5, 11, 6, 10], [5, 8, 6, 8], [5, 13, 6, 13], [5, 14, 6, 15], [3, 11, 4, 12], [3, 7, 4, 7], [3, 21, 0, 24]]}
