--------------------------------
--------------------------------
----Q------------------------X--
--------------------------X-----
---------------Q----------------
--------------------------------
-------------------XX--------X--
------------------------Q-------
---------X----------------------
----------------X--XX------X----
--------------------------------
--------------------------------
----------X----<>-------X-------
-----XX---XX---[]---XX----------
-{--XXX---XXX--[]--XXX--------}-
XXXXXXXXXXXXXXXXXXXXXXXXXXXXXXXX
META {"type": "solver", "id": "pysat-rc2", "objective": 0}
META {"type": "geom", "shape": "path", "group": "path", "data": [[14, 1, 10, 5], [10, 5, 11, 6], [11, 6, 12, 7], [12, 7, 13, 7], [13, 7, 14, 7], [14, 7, 14, 8], [14, 8, 13, 9], [13, 9, 14, 9], [14, 9, 10, 9], [10, 9, 11, 10], [11, 10, 7, 9], [7, 9, 3, 13], [3, 13, 4, 12], [4, 12, 5, 11], [5, 11, 6, 11], [6, 11, 7, 12], [7, 12, 8, 13], [8, 13, 9, 14], [9, 14, 10, 14], [10, 14, 11, 14], [11, 14, 12, 14], [12, 14, 13, 14], [13, 14, 14, 14], [14, 14, 10, 15], [10, 15, 11, 15], [11, 15, 11, 16], [11, 16, 7, 19], [7, 19, 8, 20], [8, 20, 4, 23], [4, 23, 5, 23], [5, 23, 6, 24], [6, 24, 2, 20], [2, 20, 3, 19], [3, 19, 4, 20], [4, 20, 5, 19], [5, 19, 1, 18], [1, 18, 2, 17], [2, 17, 3, 18], [3, 18, 4, 19], [4, 19, 5, 20], [5, 20, 1, 16], [1, 16, 2, 16], [2, 16, 3, 15], [3, 15, 0, 13], [0, 13, 1, 12], [1, 12, 2, 11], [2, 11, 3, 12], [3, 12, 4, 13], [4, 13, 5, 13], [5, 13, 6, 12], [6, 12, 7, 13], [7, 13, 8, 12], [8, 12, 9, 13], [9, 13, 10, 12], [10, 12, 11, 11], [11, 11, 12, 11], [12, 11, 12, 12], [12, 12, 13, 12], [13, 12, 9, 15], [9, 15, 10, 16], [10, 16, 11, 17], [11, 17, 12, 17], [12, 17, 13, 18], [13, 18, 14, 18], [14, 18, 10, 21], [10, 21, 11, 21], [11, 21, 12, 21], [12, 21, 8, 22], [8, 22, 9, 22], [9, 22, 10, 22], [10, 22, 11, 22], [11, 22, 12, 22], [12, 22, 13, 23], [13, 23, 14, 23], [14, 23, 13, 24], [13, 24, 14, 25], [14, 25, 14, 26], [14, 26, 11, 26], [11, 26, 12, 26], [12, 26, 13, 26], [13, 26, 14, 27], [14, 27, 13, 27], [13, 27, 14, 28], [14, 28, 10, 29], [10, 29, 11, 28], [11, 28, 12, 28], [12, 28, 13, 28], [13, 28, 14, 29], [14, 29, 12, 31], [12, 31, 13, 30], [13, 30, 14, 31], [14, 31, 12, 29], [12, 29, 13, 29], [13, 29, 14, 30]]}
META {"type": "geom", "shape": "tile", "group": "path", "data": [[14, 1], [13, 1], [13, 2], [12, 2], [12, 3], [11, 3], [11, 4], [10, 4], [10, 5], [11, 5], [11, 6], [12, 6], [12, 7], [13, 7], [14, 7], [14, 8], [13, 8], [13, 9], [14, 9], [13, 9], [12, 9], [11, 9], [10, 9], [11, 9], [11, 10], [10, 10], [9, 10], [8, 10], [7, 10], [7, 9], [6, 9], [6, 10], [5, 10], [5, 11], [4, 11], [4, 12], [3, 12], [3, 13], [4, 13], [4, 12], [5, 12], [5, 11], [6, 11], [7, 11], [7, 12], [8, 12], [8, 13], [9, 13], [9, 14], [10, 14], [11, 14], [12, 14], [13, 14], [14, 14], [13, 14], [12, 14], [11, 14], [10, 14], [10, 15], [11, 15], [11, 16], [10, 16], [10, 17], [9, 17], [9, 18], [8, 18], [8, 19], [7, 19], [8, 19], [8, 20], [7, 20], [7, 21], [6, 21], [6, 22], [5, 22], [5, 23], [4, 23], [5, 23], [6, 23], [6, 24], [5, 24], [5, 23], [4, 23], [4, 22], [3, 22], [3, 21], [2, 21], [2, 20], [3, 20], [3, 19], [4, 19], [4, 20], [5, 20], [5, 19], [4, 19], [3, 19], [2, 19], [1, 19], [1, 18], [2, 18], [2, 17], [3, 17], [3, 18], [4, 18], [4, 19], [5, 19], [5, 20], [4, 20], [4, 19], [3, 19], [3, 18], [2, 18], [2, 17], [1, 17], [1, 16], [2, 16], [3, 16], [3, 15], [2, 15], [2, 14], [1, 14], [1, 13], [0, 13], [1, 13], [1, 12], [2, 12], [2, 11], [3, 11], [3, 12], [4, 12], [4, 13], [5, 13], [6, 13], [6, 12], [7, 12], [7, 13], [8, 13], [8, 12], [9, 12], [9, 13], [10, 13], [10, 12], [11, 12], [11, 11], [12, 11], [12, 12], [13, 12], [12, 12], [12, 13], [11, 13], [11, 14], [10, 14], [10, 15], [9, 15], [10, 15], [10, 16], [11, 16], [11, 17], [12, 17], [13, 17], [13, 18], [14, 18], [13, 18], [13, 19], [12, 19], [12, 20], [11, 20], [11, 21], [10, 21], [11, 21], [12, 21], [11, 21], [10, 21], [9, 21], [8, 21], [8, 22], [9, 22], [10, 22], [11, 22], [12, 22], [13, 22], [13, 23], [14, 23], [13, 23], [13, 24], [14, 24], [14, 25], [14, 26], [13, 26], [12, 26], [11, 26], [12, 26], [13, 26], [14, 26], [14, 27], [13, 27], [14, 27], [14, 28], [13, 28], [12, 28], [11, 28], [10, 28], [10, 29], [11, 29], [11, 28], [12, 28], [13, 28], [14, 28], [14, 29], [13, 29], [13, 30], [12, 30], [12, 31], [13, 31], [13, 30], [14, 30], [14, 31], [13, 31], [13, 30], [12, 30], [12, 29], [13, 29], [14, 29], [14, 30]]}
META {"type": "geom", "shape": "line", "group": "offpath", "data": [[9, 7, 10, 7], [9, 23, 10, 23], [5, 14, 6, 15], [5, 29, 2, 26], [5, 26, 6, 27], [1, 4, 0, 4], [1, 29, 0, 28], [1, 26, 2, 25], [11, 4, 12, 4], [11, 1, 12, 2], [11, 7, 12, 6], [11, 24, 9, 23], [11, 3, 12, 3], [6, 15, 7, 16], [6, 27, 7, 27], [2, 25, 3, 24], [2, 26, 0, 25], [7, 16, 8, 16], [7, 27, 8, 27], [3, 24, 4, 25], [12, 4, 13, 4], [12, 6, 12, 5], [12, 2, 13, 1], [12, 5, 10, 4], [12, 3, 13, 2], [8, 16, 5, 14], [8, 27, 4, 28], [14, 0, 10, 0], [14, 2, 14, 3], [14, 3, 10, 3], [0, 4, 1, 4], [0, 28, 1, 29], [0, 25, 1, 26], [4, 28, 5, 29], [4, 25, 5, 26], [10, 4, 11, 3], [10, 0, 11, 1], [10, 7, 11, 7], [10, 23, 11, 24], [10, 3, 11, 4], [13, 4, 9, 7], [13, 1, 14, 0], [13, 2, 14, 2]]}
