XXXXXXXXXXXXXXXX
----------------
--------------}-
--------XX---XXX
XXXX----XX---XXX
XXXX----XX------
--------XX----XX
--------XX----XX
--------XX------
-----XXXXXXX----
-----XXXXXXX----
--------------XX
-XXX-------XX-XX
-XXX----XX-XX---
--------XX------
XXXXX--------{--
XXXXX-XXXXXXXXXX
------XXXXXXXXXX
----------------
XXXXXXXXXXXXXXXX
META {"type": "solver", "id": "pysat-rc2-boolonly", "objective": 0}
META {"type": "geom", "shape": "path", "group": "path", "data": [[15, 13, 15, 12], [15, 12, 15, 11], [15, 11, 15, 10], [15, 10, 15, 9], [15, 9, 15, 8], [15, 8, 15, 7], [15, 7, 15, 6], [15, 6, 14, 4], [14, 4, 12, 9], [12, 9, 11, 11], [11, 11, 11, 12], [11, 12, 9, 14], [9, 14, 10, 14], [10, 14, 8, 10], [8, 10, 3, 10], [3, 10, 4, 10], [4, 10, 2, 13], [2, 13, 2, 14]]}
META {"type": "geom", "shape": "tile", "group": "path", "data": [[15, 13], [15, 12], [15, 11], [15, 10], [15, 9], [15, 8], [15, 7], [15, 6], [15, 5], [14, 5], [14, 4], [14, 5], [13, 5], [13, 6], [12, 6], [12, 7], [12, 8], [12, 9], [12, 10], [11, 10], [11, 11], [11, 12], [11, 13], [10, 13], [10, 14], [9, 14], [10, 14], [10, 13], [9, 13], [9, 12], [8, 12], [8, 11], [8, 10], [7, 10], [6, 10], [5, 10], [4, 10], [3, 10], [4, 10], [4, 11], [3, 11], [3, 12], [2, 12], [2, 13], [2, 14]]}
META {"type": "geom", "shape": "line", "group": "offpath", "data": [[4, 6, 5, 7], [2, 8, 1, 6], [2, 6, 3, 5], [2, 3, 3, 3], [10, 4, 11, 3], [18, 1, 18, 0], [18, 8, 18, 9], [18, 6, 18, 7], [18, 0, 18, 1], [18, 7, 18, 6], [18, 9, 18, 8], [18, 3, 18, 4], [18, 10, 18, 11], [18, 11, 18, 10], [18, 4, 18, 3], [1, 6, 2, 6], [1, 7, 2, 8], [7, 12, 8, 11], [14, 1, 14, 2], [14, 2, 14, 1], [8, 6, 8, 5], [8, 5, 8, 6], [8, 11, 7, 12], [11, 3, 10, 4], [5, 7, 2, 3], [5, 14, 5, 15], [5, 15, 5, 14], [3, 1, 3, 2], [3, 2, 3, 1], [3, 5, 4, 6], [3, 3, 1, 7]]}
