XXXXXXXXXXXXXXXX
----------------
-}--------------
XXX-------XX----
XXX---XXX-XX--XX
------XXX-XX--XX
XXXX------XX----
XXXX------XX----
------XXXXXXXXXX
------XXXXXXXXXX
-XX-------------
-XX-------------
-------XXXX-----
-------XXXX-----
-XXX------------
-XXX-------{----
--------XXXXXX--
-----XX-XXXXXX--
-----XX---------
XXXXXXXXXXXXXXXX
META {"type": "solver", "id": "pysat-rc2-boolonly", "objective": 0}
META {"type": "geom", "shape": "path", "group": "path", "data": [[15, 11, 15, 10], [15, 10, 15, 9], [15, 9, 15, 8], [15, 8, 13, 3], [13, 3, 11, 8], [11, 8, 11, 7], [11, 7, 9, 2], [9, 2, 7, 7], [7, 7, 7, 6], [7, 6, 5, 1], [5, 1, 5, 2], [5, 2, 5, 3], [5, 3, 3, 8], [3, 8, 1, 13], [1, 13, 2, 12], [2, 12, 3, 13], [3, 13, 4, 12], [4, 12, 2, 14], [2, 14, 3, 14], [3, 14, 1, 9], [1, 9, 2, 8], [2, 8, 3, 7], [3, 7, 3, 6], [3, 6, 1, 2], [1, 2, 2, 2], [2, 2, 2, 1]]}
META {"type": "geom", "shape": "tile", "group": "path", "data": [[15, 11], [15, 10], [15, 9], [15, 8], [15, 7], [14, 7], [14, 6], [13, 6], [13, 5], [13, 4], [13, 3], [13, 4], [12, 4], [12, 5], [11, 5], [11, 6], [11, 7], [11, 8], [11, 7], [11, 6], [10, 6], [10, 5], [9, 5], [9, 4], [9, 3], [9, 2], [9, 3], [8, 3], [8, 4], [7, 4], [7, 5], [7, 6], [7, 7], [7, 6], [7, 5], [6, 5], [6, 4], [5, 4], [5, 3], [5, 2], [5, 1], [5, 2], [5, 3], [5, 4], [4, 4], [4, 5], [3, 5], [3, 6], [3, 7], [3, 8], [3, 9], [2, 9], [2, 10], [1, 10], [1, 11], [1, 12], [1, 13], [2, 13], [2, 12], [3, 12], [3, 13], [4, 13], [4, 12], [4, 13], [3, 13], [3, 14], [2, 14], [3, 14], [3, 13], [2, 13], [2, 12], [1, 12], [1, 11], [1, 10], [1, 9], [2, 9], [2, 8], [3, 8], [3, 7], [3, 6], [3, 5], [2, 5], [2, 4], [1, 4], [1, 3], [1, 2], [2, 2], [2, 1]]}
META {"type": "geom", "shape": "line", "group": "offpath", "data": [[7, 9, 3, 9], [2, 11, 1, 12], [13, 2, 13, 1], [13, 1, 13, 2], [18, 4, 18, 3], [18, 3, 18, 4], [18, 2, 18, 1], [18, 1, 18, 2], [6, 8, 7, 9], [4, 9, 5, 9], [1, 12, 2, 11], [5, 9, 6, 8], [9, 1, 8, 0], [8, 0, 9, 1], [3, 9, 4, 9]]}
