XXXXXXXXXXXXXXXX
----------------
-}-----XXXXX----
XXXX---XXXXX----
XXXX----------XX
------XX------XX
------XX--XX----
------XX--XX----
------XX--------
----XXXXXXX-----
XX--XXXXXXX-----
XX------------XX
--XX------XX--XX
--XX------XX----
------XX--------
------XX----{---
----------XXXXX-
----------XXXXX-
----------------
XXXXXXXXXXXXXXXX
META {"type": "solver", "id": "pysat-rc2", "objective": 0}
META {"type": "geom", "shape": "path", "group": "path", "data": [[15, 12, 15, 11], [15, 11, 15, 10], [15, 10, 13, 7], [13, 7, 11, 10], [11, 10, 11, 11], [11, 11, 9, 13], [9, 13, 10, 14], [10, 14, 8, 10], [8, 10, 8, 9], [8, 9, 8, 8], [8, 8, 5, 8], [5, 8, 6, 8], [6, 8, 5, 10], [5, 10, 5, 11], [5, 11, 3, 14], [3, 14, 1, 10], [1, 10, 1, 9], [1, 9, 1, 8], [1, 8, 1, 7], [1, 7, 1, 6], [1, 6, 2, 5], [2, 5, 3, 6], [3, 6, 4, 7], [4, 7, 4, 6], [4, 6, 2, 3], [2, 3, 2, 2], [2, 2, 2, 1]]}
META {"type": "geom", "shape": "tile", "group": "path", "data": [[15, 12], [15, 11], [15, 10], [15, 9], [14, 9], [14, 8], [13, 8], [13, 7], [13, 8], [12, 8], [12, 9], [11, 9], [11, 10], [11, 11], [11, 12], [10, 12], [10, 13], [9, 13], [10, 13], [10, 14], [10, 13], [9, 13], [9, 12], [8, 12], [8, 11], [8, 10], [8, 9], [8, 8], [7, 8], [6, 8], [5, 8], [6, 8], [6, 9], [5, 9], [5, 10], [5, 11], [5, 12], [4, 12], [4, 13], [3, 13], [3, 14], [3, 13], [2, 13], [2, 12], [1, 12], [1, 11], [1, 10], [1, 9], [1, 8], [1, 7], [1, 6], [2, 6], [2, 5], [3, 5], [3, 6], [4, 6], [4, 7], [4, 6], [4, 5], [3, 5], [3, 4], [2, 4], [2, 3], [2, 2], [2, 1]]}
META {"type": "geom", "shape": "line", "group": "offpath", "data": [[13, 6, 12, 5], [12, 5, 13, 6], [18, 7, 18, 8], [18, 8, 18, 7], [8, 4, 8, 5], [8, 5, 5, 5], [6, 4, 7, 5], [6, 2, 7, 3], [6, 5, 5, 4], [5, 4, 6, 4], [5, 5, 6, 5], [5, 3, 6, 2], [11, 2, 11, 3], [11, 3, 11, 2], [7, 5, 5, 3], [7, 3, 8, 4]]}
