XXXXXXXXXXXXXXXX
----------------
----}--------XX-
-XXXXX-------XX-
-XXXXX-----XX---
--------XX-XX---
----XXX-XX------
----XXX---XXXXXX
XX--------XXXXXX
XX--------------
-----XXX----XX--
-----XXX----XX--
------------XX--
XXXXXXXX----XX--
XXXXXXXX----XX--
---------{--XX--
XXX-XX--XXXXXXXX
XXX-XX--XXXXXXXX
----------------
XXXXXXXXXXXXXXXX
META {"type": "solver", "id": "pysat-rc2-boolonly", "objective": 0}
META {"type": "geom", "shape": "path", "group": "path", "data": [[15, 9, 15, 10], [15, 10, 15, 11], [15, 11, 10, 11], [10, 11, 11, 11], [11, 11, 8, 8], [8, 8, 9, 7], [9, 7, 9, 6], [9, 6, 9, 5], [9, 5, 7, 0], [7, 0, 7, 1], [7, 1, 5, 4], [5, 4, 5, 5], [5, 5, 5, 6], [5, 6, 3, 11], [3, 11, 1, 6], [1, 6, 2, 7], [2, 7, 3, 8], [3, 8, 4, 9], [4, 9, 4, 8], [4, 8, 2, 3], [2, 3, 2, 4]]}
META {"type": "geom", "shape": "tile", "group": "path", "data": [[15, 9], [15, 10], [15, 11], [14, 11], [13, 11], [12, 11], [11, 11], [10, 11], [11, 11], [11, 10], [10, 10], [10, 9], [9, 9], [9, 8], [8, 8], [9, 8], [9, 7], [9, 6], [9, 5], [9, 4], [8, 4], [8, 3], [7, 3], [7, 2], [7, 1], [7, 0], [7, 1], [7, 2], [6, 2], [6, 3], [5, 3], [5, 4], [5, 5], [5, 6], [5, 7], [4, 7], [4, 8], [3, 8], [3, 9], [3, 10], [3, 11], [3, 10], [2, 10], [2, 9], [1, 9], [1, 8], [1, 7], [1, 6], [2, 6], [2, 7], [3, 7], [3, 8], [4, 8], [4, 9], [4, 8], [4, 7], [3, 7], [3, 6], [2, 6], [2, 5], [2, 4], [2, 3], [2, 4]]}
META {"type": "geom", "shape": "line", "group": "offpath", "data": [[18, 8, 18, 9], [18, 10, 18, 11], [18, 9, 18, 8], [18, 11, 18, 10], [12, 10, 13, 11], [12, 11, 11, 10], [13, 11, 12, 10], [11, 10, 12, 11]]}
