XXXXXXXXXXXXXXXX
----------------
-----XX------}--
-----XX-----XXXX
XXX--XX-----XXXX
XXX--XX-XX------
-----XX-XX------
-----XX------XXX
---XXXXXX----XXX
---XXXXXX-------
------------XX--
XXX---------XX--
XXX---XX-XX-----
------XX-XX-----
-------------XXX
----{--------XXX
XXXXXXXXXX------
XXXXXXXXXX------
----------------
XXXXXXXXXXXXXXXX
META {"type": "solver", "id": "pysat-rc2-boolonly", "objective": 0}
META {"type": "geom", "shape": "path", "group": "path", "data": [[15, 4, 15, 5], [15, 5, 15, 6], [15, 6, 15, 7], [15, 7, 15, 8], [15, 8, 15, 9], [15, 9, 13, 13], [13, 13, 11, 9], [11, 9, 10, 8], [10, 8, 11, 7], [11, 7, 9, 12], [9, 12, 7, 7], [7, 7, 4, 7], [4, 7, 1, 11], [1, 11, 2, 12], [2, 12, 1, 10], [1, 10, 2, 10], [2, 10, 3, 11], [3, 11, 4, 11], [4, 11, 5, 12], [5, 12, 6, 13], [6, 13, 4, 9], [4, 9, 2, 14], [2, 14, 2, 13]]}
META {"type": "geom", "shape": "tile", "group": "path", "data": [[15, 4], [15, 5], [15, 6], [15, 7], [15, 8], [15, 9], [15, 10], [14, 10], [14, 11], [13, 11], [13, 12], [13, 13], [13, 12], [12, 12], [12, 11], [11, 11], [11, 10], [11, 9], [11, 8], [10, 8], [11, 8], [11, 7], [11, 8], [10, 8], [10, 9], [9, 9], [9, 10], [9, 11], [9, 12], [9, 11], [8, 11], [8, 10], [7, 10], [7, 9], [7, 8], [7, 7], [6, 7], [5, 7], [4, 7], [4, 8], [3, 8], [3, 9], [2, 9], [2, 10], [1, 10], [1, 11], [2, 11], [2, 12], [2, 11], [1, 11], [1, 10], [2, 10], [3, 10], [3, 11], [4, 11], [5, 11], [5, 12], [6, 12], [6, 13], [6, 12], [5, 12], [5, 11], [4, 11], [4, 10], [4, 9], [4, 10], [3, 10], [3, 11], [2, 11], [2, 12], [2, 13], [2, 14], [2, 13]]}
META {"type": "geom", "shape": "line", "group": "offpath", "data": [[18, 2, 18, 1], [18, 10, 18, 9], [18, 9, 18, 10], [18, 1, 18, 2], [11, 10, 10, 11], [11, 6, 10, 5], [2, 4, 3, 4], [2, 9, 3, 8], [2, 1, 3, 1], [6, 4, 7, 4], [1, 4, 2, 4], [1, 2, 2, 1], [1, 9, 2, 9], [10, 5, 11, 6], [10, 11, 11, 10], [7, 4, 6, 4], [4, 8, 3, 7], [3, 4, 1, 2], [3, 8, 4, 8], [3, 2, 1, 4], [3, 1, 3, 2], [3, 7, 1, 9]]}
