XXXXXXXXXXXXXXXX
XXXXXXXXXXXXXXXX
XXXXX--XXXXXX}XX
XX-----XXXX---XX
XX---#-XXXX---XX
XX-#----XXX---XX
XX------XXX##-XX
XX--X-X-XXX---XX
XXXXX-XX------XX
XXXXX--X---X--XX
XXX--X----XX--XX
XXX--XX-#--X--XX
XX-#--X-------XX
XX-----------XXX
XXX---#-#---XXXX
XXX-X-------XXXX
XXXXX-------XXXX
XXXXXXXXXX--XXXX
XXXX-XXXXXX---XX
XXX--XXXXXX---XX
XXX--XXXX---XXXX
XXX--XXXX---XXXX
XX---XXX----XXXX
XX-X-------#--XX
XX-XX-XXX-----XX
XX--X-XXX##--XXX
XX----XXX---XXXX
XXX---XXX-{-XXXX
XXX##----XXXXXXX
XXX-----XXXXXXXX
XXXXXXXXXXXXXXXX
XXXXXXXXXXXXXXXX
META {"type": "solver", "id": "pysat-rc2", "objective": 0}
META {"type": "geom", "shape": "path", "group": "path", "data": [[27, 10, 26, 10], [26, 10, 26, 11], [26, 11, 24, 11], [24, 11, 24, 9], [24, 9, 20, 9], [20, 9, 20, 11], [20, 11, 22, 11], [22, 11, 12, 11], [12, 11, 12, 7], [12, 7, 16, 7], [16, 7, 10, 7], [10, 7, 10, 9], [10, 9, 16, 9], [16, 9, 16, 5], [16, 5, 12, 5], [12, 5, 12, 4], [12, 4, 14, 4], [14, 4, 14, 3], [14, 3, 13, 3], [13, 3, 13, 2], [13, 2, 13, 12], [13, 12, 7, 12], [7, 12, 7, 11], [7, 11, 8, 11], [8, 11, 8, 13], [8, 13, 2, 13]]}
META {"type": "geom", "shape": "tile", "group": "path", "data": [[27, 10], [26, 10], [26, 11], [25, 11], [24, 11], [24, 10], [24, 9], [23, 9], [22, 9], [21, 9], [20, 9], [20, 10], [20, 11], [21, 11], [22, 11], [21, 11], [20, 11], [19, 11], [18, 11], [17, 11], [16, 11], [15, 11], [14, 11], [13, 11], [12, 11], [12, 10], [12, 9], [12, 8], [12, 7], [13, 7], [14, 7], [15, 7], [16, 7], [15, 7], [14, 7], [13, 7], [12, 7], [11, 7], [10, 7], [10, 8], [10, 9], [11, 9], [12, 9], [13, 9], [14, 9], [15, 9], [16, 9], [16, 8], [16, 7], [16, 6], [16, 5], [15, 5], [14, 5], [13, 5], [12, 5], [12, 4], [13, 4], [14, 4], [14, 3], [13, 3], [13, 2], [13, 3], [13, 4], [13, 5], [13, 6], [13, 7], [13, 8], [13, 9], [13, 10], [13, 11], [13, 12], [12, 12], [11, 12], [10, 12], [9, 12], [8, 12], [7, 12], [7, 11], [8, 11], [8, 12], [8, 13], [7, 13], [6, 13], [5, 13], [4, 13], [3, 13], [2, 13]]}
META {"type": "geom", "shape": "line", "group": "offpath", "data": [[18, 13, 19, 13], [29, 7, 28, 7], [29, 6, 28, 6], [29, 3, 29, 7], [29, 5, 29, 3], [14, 11, 14, 9], [14, 9, 14, 11], [22, 8, 23, 8], [5, 11, 3, 11], [7, 2, 7, 3], [7, 3, 7, 2], [12, 8, 13, 8], [13, 8, 12, 8], [28, 7, 28, 5], [28, 6, 29, 6], [28, 5, 29, 5], [23, 8, 22, 8], [23, 12, 25, 12], [23, 13, 24, 13], [10, 4, 10, 3], [10, 8, 8, 8], [10, 6, 9, 6], [10, 3, 10, 4], [2, 6, 2, 5], [2, 5, 3, 5], [19, 13, 18, 13], [24, 13, 23, 13], [9, 12, 9, 13], [9, 10, 8, 10], [9, 6, 10, 6], [9, 13, 9, 12], [8, 8, 10, 8], [8, 10, 9, 10], [11, 4, 11, 3], [11, 3, 11, 4], [15, 8, 16, 8], [15, 6, 16, 6], [3, 11, 5, 11], [3, 6, 2, 6], [3, 3, 4, 3], [3, 5, 3, 6], [25, 12, 23, 12], [27, 11, 27, 9], [27, 9, 27, 11], [4, 4, 4, 2], [4, 11, 4, 13], [4, 2, 4, 4], [4, 13, 4, 11], [4, 3, 3, 3], [16, 8, 15, 8], [16, 6, 15, 6]]}
