XXXXXXXXXXXXXXXX
XXX----------XXX
X0------------1X
XXX----XX----XXX
XXXX-X-XX---XXXX
XXXX-X------XXXX
X----X-----XXXXX
XXXXX--X---XXXXX
XXXXXXX-XXX----X
XXXXXXX-----XXXX
X-----------XXXX
X--------X-----X
XXX---------XXXX
XXX----XX---XXXX
X2--XX-XX-XX--3X
XXXXXXXXXXXXXXXX
META {"type": "solver", "id": "pysat-rc2", "objective": 0}
META {"type": "geom", "shape": "path", "group": "path", "data": [[2, 1, 2, 2], [2, 2, 2, 3], [2, 3, 3, 3], [3, 3, 3, 4], [3, 4, 2, 4], [2, 4, 1, 4], [1, 4, 1, 5], [1, 5, 1, 6], [1, 6, 1, 7], [1, 7, 1, 8], [1, 8, 1, 9], [1, 9, 1, 10], [1, 10, 1, 11], [1, 11, 1, 12], [1, 12, 2, 12], [2, 12, 2, 13], [2, 13, 2, 14]]}
META {"type": "geom", "shape": "tile", "group": "path", "data": [[2, 1], [2, 2], [2, 3], [3, 3], [3, 4], [2, 4], [1, 4], [1, 5], [1, 6], [1, 7], [1, 8], [1, 9], [1, 10], [1, 11], [1, 12], [2, 12], [2, 13], [2, 14]]}
META {"type": "geom", "shape": "line", "group": "offpath", "data": [[4, 6, 3, 6], [4, 10, 4, 9], [4, 11, 4, 10], [4, 9, 5, 9], [3, 6, 3, 5], [3, 11, 4, 11], [3, 5, 2, 5], [5, 6, 4, 6], [5, 10, 5, 11], [5, 7, 5, 6], [5, 11, 5, 10], [5, 8, 5, 7], [5, 9, 5, 8], [5, 4, 6, 4], [12, 6, 12, 7], [12, 10, 11, 10], [12, 7, 12, 8], [12, 11, 12, 10], [12, 8, 12, 9], [12, 3, 12, 4], [12, 9, 13, 9], [12, 5, 12, 6], [12, 4, 13, 4], [9, 11, 10, 11], [6, 8, 6, 9], [6, 9, 6, 8], [6, 4, 5, 4], [2, 6, 2, 7], [2, 10, 2, 11], [2, 7, 2, 8], [2, 11, 3, 11], [2, 8, 2, 9], [2, 9, 2, 10], [2, 5, 2, 6], [10, 2, 11, 2], [10, 10, 10, 9], [10, 7, 11, 7], [10, 11, 9, 11], [10, 8, 10, 7], [10, 3, 10, 4], [10, 9, 10, 8], [10, 4, 10, 3], [13, 6, 14, 6], [13, 10, 13, 11], [13, 11, 12, 11], [13, 9, 13, 10], [13, 5, 12, 5], [13, 4, 13, 5], [11, 2, 10, 2], [11, 6, 11, 5], [11, 13, 11, 14], [11, 10, 10, 10], [11, 7, 11, 6], [11, 11, 11, 12], [11, 3, 12, 3], [11, 14, 11, 13], [11, 5, 11, 4], [11, 4, 11, 3], [11, 12, 11, 11], [14, 2, 14, 3], [14, 6, 13, 6], [14, 3, 14, 2], [7, 10, 7, 9], [7, 9, 7, 10]]}
