XXXXXXXXXXXXXXXX
X0-X-------X--1X
XXX-------X--XXX
XXX---X---X--XXX
X-----X---X--XXX
X--XX-X----X--XX
X--XX---XXX-X-XX
XXXXXXXX---X-XXX
XXXXXXXX-----XXX
X---------XX---X
X-XX----XXXXXXXX
X-XX----XXXXXXXX
XXXXX--XXXX--XXX
XXXXX--XXXX--XXX
X2------------3X
XXXXXXXXXXXXXXXX
META {"type": "solver", "id": "pysat-rc2-boolonly", "objective": 0}
META {"type": "geom", "shape": "path", "group": "path", "data": [[14, 1, 14, 2], [14, 2, 14, 3], [14, 3, 14, 4], [14, 4, 14, 5], [14, 5, 13, 5], [13, 5, 13, 6], [13, 6, 14, 6], [14, 6, 14, 7], [14, 7, 14, 8], [14, 8, 14, 9], [14, 9, 14, 10], [14, 10, 14, 11], [14, 11, 14, 12], [14, 12, 14, 13], [14, 13, 14, 14]]}
META {"type": "geom", "shape": "tile", "group": "path", "data": [[14, 1], [14, 2], [14, 3], [14, 4], [14, 5], [13, 5], [13, 6], [14, 6], [14, 7], [14, 8], [14, 9], [14, 10], [14, 11], [14, 12], [14, 13], [14, 14]]}
META {"type": "geom", "shape": "line", "group": "offpath", "data": [[1, 9, 1, 8], [1, 5, 1, 4], [1, 6, 1, 7], [1, 7, 1, 6], [1, 12, 2, 12], [1, 4, 2, 4], [1, 8, 1, 9], [4, 9, 3, 9], [4, 1, 5, 1], [4, 3, 4, 4], [4, 5, 3, 5], [4, 7, 4, 8], [4, 4, 4, 5], [4, 8, 4, 7], [3, 9, 4, 9], [3, 11, 3, 12], [3, 3, 4, 3], [3, 5, 2, 5], [3, 7, 3, 8], [3, 12, 3, 11], [3, 4, 3, 3], [3, 8, 2, 8], [6, 1, 6, 2], [6, 2, 6, 1], [6, 5, 5, 5], [6, 7, 5, 7], [2, 5, 1, 5], [2, 7, 3, 7], [2, 12, 1, 12], [2, 4, 3, 4], [2, 8, 2, 7], [5, 1, 4, 1], [5, 5, 6, 5], [5, 7, 6, 7]]}
