XXXXXXXXXXXXXXXX
X0-X-X-XXXX-X-1X
XXX----XXXX--XXX
XXX-X---XX---XXX
X---X-XX--XXX--X
X---X-XX------XX
XX------XXX-X-XX
XXX-----XXX----X
XXX-----XXX----X
XX-------------X
X-XX--XX-XX----X
XXXXXXXXXXXX---X
XXXXXXXXXXXX-XXX
XXX----------XXX
X2--XX----XX--3X
XXXXXXXXXXXXXXXX
META {"type": "solver", "id": "pysat-rc2", "objective": 0}
META {"type": "geom", "shape": "path", "group": "path", "data": [[14, 1, 14, 2], [14, 2, 14, 3], [14, 3, 13, 3], [13, 3, 13, 4], [13, 4, 13, 5], [13, 5, 13, 6], [13, 6, 14, 6], [14, 6, 14, 7], [14, 7, 13, 7], [13, 7, 13, 8], [13, 8, 14, 8], [14, 8, 14, 9], [14, 9, 13, 9], [13, 9, 13, 10], [13, 10, 13, 11], [13, 11, 13, 12], [13, 12, 14, 12], [14, 12, 14, 13], [14, 13, 14, 14]]}
META {"type": "geom", "shape": "tile", "group": "path", "data": [[14, 1], [14, 2], [14, 3], [13, 3], [13, 4], [13, 5], [13, 6], [14, 6], [14, 7], [13, 7], [13, 8], [14, 8], [14, 9], [13, 9], [13, 10], [13, 11], [13, 12], [14, 12], [14, 13], [14, 14]]}
META {"type": "geom", "shape": "line", "group": "offpath", "data": [[5, 11, 5, 12], [5, 12, 5, 11], [5, 8, 5, 9], [5, 9, 5, 8], [10, 12, 11, 12], [10, 13, 9, 13], [10, 14, 11, 14], [8, 14, 7, 14], [7, 11, 6, 11], [7, 14, 8, 14], [11, 12, 10, 12], [11, 14, 10, 14], [9, 11, 9, 12], [9, 12, 9, 11], [9, 13, 10, 13], [6, 11, 7, 11]]}
