XXXXXXXXXXXXXXXX
X0----X-----XXXX
XXX-----XXXX--1X
XXX----X----XXXX
X--XXX--XXX-XXXX
X----------X---X
XX-XXX-XXX-X--XX
X--XXXXXXX-X-XXX
XXXXXXXXXX---XXX
XXXXXXXX--XXX--X
XXXX-XX-------XX
X---XXXX------XX
XXX-XXXX--XX-XXX
XXX-XXXX--XX-XXX
X2------------3X
XXXXXXXXXXXXXXXX
META {"type": "solver", "id": "clingo-be", "objective": 0}
META {"type": "geom", "shape": "path", "group": "path", "data": [[14, 1, 14, 2], [14, 2, 14, 3], [14, 3, 14, 4], [14, 4, 14, 5], [14, 5, 14, 6], [14, 6, 14, 7], [14, 7, 14, 8], [14, 8, 14, 9], [14, 9, 14, 10], [14, 10, 14, 11], [14, 11, 14, 12], [14, 12, 14, 13], [14, 13, 14, 14]]}
META {"type": "geom", "shape": "tile", "group": "path", "data": [[14, 1], [14, 2], [14, 3], [14, 4], [14, 5], [14, 6], [14, 7], [14, 8], [14, 9], [14, 10], [14, 11], [14, 12], [14, 13], [14, 14]]}
META {"type": "geom", "shape": "line", "group": "offpath", "data": [[12, 8, 13, 8], [13, 8, 12, 8], [7, 12, 8, 12], [7, 10, 6, 10], [9, 13, 9, 14], [9, 8, 10, 8], [9, 14, 9, 13], [9, 9, 10, 9], [4, 7, 5, 7], [4, 6, 3, 6], [4, 11, 3, 11], [3, 6, 4, 6], [3, 8, 3, 9], [3, 4, 3, 5], [3, 9, 3, 8], [3, 5, 3, 4], [3, 11, 4, 11], [8, 12, 7, 12], [8, 10, 8, 11], [8, 11, 8, 10], [10, 13, 11, 13], [10, 10, 10, 11], [10, 8, 9, 8], [10, 9, 9, 9], [10, 11, 10, 10], [2, 13, 2, 12], [2, 7, 2, 6], [2, 6, 2, 7], [2, 12, 2, 13], [2, 4, 2, 3], [2, 3, 1, 3], [2, 5, 2, 4], [11, 13, 10, 13], [11, 10, 11, 11], [11, 8, 11, 9], [11, 2, 11, 1], [11, 1, 11, 2], [11, 9, 11, 8], [11, 11, 11, 10], [1, 7, 1, 8], [1, 8, 1, 7], [1, 4, 1, 5], [1, 3, 1, 4], [1, 5, 2, 5], [6, 13, 6, 12], [6, 6, 5, 6], [6, 12, 6, 13], [6, 10, 7, 10], [5, 13, 5, 12], [5, 7, 4, 7], [5, 6, 6, 6], [5, 12, 5, 13], [5, 8, 5, 9], [5, 4, 5, 3], [5, 3, 5, 4], [5, 9, 5, 8]]}
