XXXXXXXXXXXXXXXX
XXX-----------1X
X0--XX-------XXX
XXX-XX-------XXX
XXX---------X-XX
X----XXXXXX-X--X
X-X---------X-XX
X--XXX-XX--X---X
X------XX-X--XXX
X-XXX--------XXX
X-XXX----XX--XXX
X-XXX----XX-XXXX
XXXXXXXXXXXXXXXX
XXXXXXXXXXXXXXXX
X2-XX---XX-XX-3X
XXXXXXXXXXXXXXXX
META {"type": "solver", "id": "pysat-rc2", "objective": 0}
META {"type": "geom", "shape": "path", "group": "path", "data": [[2, 1, 2, 2], [2, 2, 2, 3], [2, 3, 1, 3], [1, 3, 1, 4], [1, 4, 1, 5], [1, 5, 1, 6], [1, 6, 1, 7], [1, 7, 1, 8], [1, 8, 1, 9], [1, 9, 1, 10], [1, 10, 2, 10], [2, 10, 2, 11], [2, 11, 1, 11], [1, 11, 1, 12], [1, 12, 1, 13], [1, 13, 1, 14]]}
META {"type": "geom", "shape": "tile", "group": "path", "data": [[2, 1], [2, 2], [2, 3], [1, 3], [1, 4], [1, 5], [1, 6], [1, 7], [1, 8], [1, 9], [1, 10], [2, 10], [2, 11], [1, 11], [1, 12], [1, 13], [1, 14]]}
META {"type": "geom", "shape": "line", "group": "offpath", "data": [[8, 4, 8, 3], [8, 3, 8, 2], [8, 2, 8, 1], [8, 6, 8, 5], [8, 1, 7, 1], [8, 5, 8, 4], [2, 8, 2, 7], [2, 12, 3, 12], [2, 7, 2, 8], [11, 6, 11, 7], [11, 7, 10, 7], [5, 4, 6, 4], [5, 3, 4, 3], [5, 2, 5, 3], [5, 1, 5, 2], [5, 11, 6, 11], [3, 8, 4, 8], [3, 6, 3, 7], [3, 12, 2, 12], [3, 7, 3, 6], [3, 9, 3, 8], [4, 4, 5, 4], [4, 3, 4, 4], [4, 8, 4, 9], [4, 9, 3, 9], [6, 4, 6, 5], [6, 6, 7, 6], [6, 1, 5, 1], [6, 5, 6, 6], [6, 11, 5, 11], [6, 10, 7, 10], [6, 9, 6, 10], [10, 8, 9, 8], [10, 6, 11, 6], [10, 5, 9, 5], [10, 7, 10, 8], [9, 8, 9, 7], [9, 6, 10, 6], [9, 5, 10, 5], [9, 7, 9, 6], [7, 6, 8, 6], [7, 1, 6, 1], [7, 10, 7, 9], [7, 9, 6, 9]]}
