XXXXXXXXXXXXXXXX
X0--XX-XXXX-1XXX
XXXXXXX-XX-XXXXX
XXXXXXX-XX-XXXXX
X--------------X
X-X--XXX-----X-X
XX-XX---------XX
X-XXXX-----X--XX
X-XXXX-----X--XX
X--XX------X-X-X
XXX------------X
XXX------XX---XX
XXX------XX--XXX
XXX------XX--XXX
X2----XX------3X
XXXXXXXXXXXXXXXX
META {"type": "solver", "id": "pysat-rc2", "objective": 0}
META {"type": "geom", "shape": "path", "group": "path", "data": [[14, 1, 14, 2], [14, 2, 14, 3], [14, 3, 13, 3], [13, 3, 12, 3], [12, 3, 11, 3], [11, 3, 10, 3], [10, 3, 10, 4], [10, 4, 11, 4], [11, 4, 12, 4], [12, 4, 12, 5], [12, 5, 12, 6], [12, 6, 13, 6], [13, 6, 13, 7], [13, 7, 12, 7], [12, 7, 11, 7], [11, 7, 10, 7], [10, 7, 10, 8], [10, 8, 11, 8], [11, 8, 12, 8], [12, 8, 13, 8], [13, 8, 14, 8], [14, 8, 14, 9], [14, 9, 14, 10], [14, 10, 14, 11], [14, 11, 14, 12], [14, 12, 14, 13], [14, 13, 14, 14]]}
META {"type": "geom", "shape": "tile", "group": "path", "data": [[14, 1], [14, 2], [14, 3], [13, 3], [12, 3], [11, 3], [10, 3], [10, 4], [11, 4], [12, 4], [12, 5], [12, 6], [13, 6], [13, 7], [12, 7], [11, 7], [10, 7], [10, 8], [11, 8], [12, 8], [13, 8], [14, 8], [14, 9], [14, 10], [14, 11], [14, 12], [14, 13], [14, 14]]}
META {"type": "geom", "shape": "line", "group": "offpath", "data": [[13, 5, 13, 4], [13, 4, 13, 5], [4, 5, 4, 6], [4, 9, 4, 10], [4, 10, 4, 9], [4, 6, 4, 5], [4, 8, 5, 8], [4, 11, 4, 12], [4, 1, 5, 1], [4, 12, 5, 12], [2, 7, 3, 7], [5, 9, 6, 9], [5, 10, 5, 9], [5, 8, 4, 8], [5, 11, 4, 11], [5, 1, 4, 1], [5, 12, 5, 11], [11, 13, 10, 13], [3, 7, 2, 7], [10, 5, 10, 6], [10, 9, 10, 10], [10, 13, 11, 13], [10, 14, 9, 14], [10, 10, 9, 10], [10, 6, 10, 5], [9, 2, 9, 1], [9, 9, 10, 9], [9, 14, 10, 14], [9, 10, 8, 10], [9, 8, 9, 9], [9, 1, 9, 2], [6, 9, 7, 9], [6, 13, 7, 13], [6, 10, 5, 10], [6, 11, 6, 12], [6, 12, 6, 11], [7, 9, 8, 9], [7, 13, 6, 13], [7, 10, 6, 10], [7, 6, 8, 6], [7, 1, 8, 1], [7, 12, 8, 12], [7, 7, 7, 6], [8, 9, 8, 8], [8, 10, 7, 10], [8, 6, 8, 7], [8, 8, 9, 8], [8, 1, 7, 1], [8, 12, 7, 12], [8, 7, 7, 7]]}
