--------------------------------
--------------------------------
--------------------------------
--------------------------------
--------------------------------
-----------X--------------------
--------------X------------Q----
--------------------------------
-------------------XXXXXX-------
---------------------------Q----
----------------X---------------
-----<>-------------------------
-----[]---X--------------X------
-----[]---XX----XX---XX--XX-----
-{---[]---XXX--XXX--XXX--XXX--}-
XXXXXXXXXXXXXXXXXXXXXXXXXXXXXXXX
META {"type": "solver", "id": "pysat-rc2-boolonly", "objective": 0}
META {"type": "geom", "shape": "path", "group": "path", "data": [[14, 1, 10, 5], [10, 5, 8, 7], [8, 7, 9, 7], [9, 7, 10, 6], [10, 6, 6, 10], [6, 10, 7, 11], [7, 11, 8, 12], [8, 12, 9, 13], [9, 13, 10, 14], [10, 14, 11, 15], [11, 15, 12, 14], [12, 14, 13, 13], [13, 13, 14, 14], [14, 14, 11, 17], [11, 17, 12, 16], [12, 16, 12, 15], [12, 15, 13, 15], [13, 15, 9, 18], [9, 18, 10, 19], [10, 19, 11, 19], [11, 19, 12, 19], [12, 19, 13, 20], [13, 20, 13, 19], [13, 19, 14, 19], [14, 19, 10, 23], [10, 23, 11, 23], [11, 23, 12, 24], [12, 24, 13, 24], [13, 24, 14, 23], [14, 23, 14, 24], [14, 24, 12, 22], [12, 22, 8, 25], [8, 25, 9, 26], [9, 26, 10, 25], [10, 25, 11, 26], [11, 26, 12, 27], [12, 27, 13, 27], [13, 27, 12, 26], [12, 26, 9, 28], [9, 28, 10, 29], [10, 29, 11, 30], [11, 30, 12, 31], [12, 31, 13, 30], [13, 30, 14, 29], [14, 29, 11, 29], [11, 29, 12, 28], [12, 28, 13, 28], [13, 28, 14, 28], [14, 28, 12, 30], [12, 30, 13, 31], [13, 31, 14, 31], [14, 31, 14, 30]]}
META {"type": "geom", "shape": "tile", "group": "path", "data": [[14, 1], [13, 1], [13, 2], [12, 2], [12, 3], [11, 3], [11, 4], [10, 4], [10, 5], [9, 5], [9, 6], [8, 6], [8, 7], [9, 7], [10, 7], [10, 6], [9, 6], [9, 7], [8, 7], [8, 8], [7, 8], [7, 9], [6, 9], [6, 10], [7, 10], [7, 11], [8, 11], [8, 12], [9, 12], [9, 13], [10, 13], [10, 14], [11, 14], [11, 15], [12, 15], [12, 14], [13, 14], [13, 13], [14, 13], [14, 14], [13, 14], [13, 15], [12, 15], [12, 16], [11, 16], [11, 17], [12, 17], [12, 16], [12, 15], [13, 15], [12, 15], [12, 16], [11, 16], [11, 17], [10, 17], [10, 18], [9, 18], [10, 18], [10, 19], [11, 19], [12, 19], [13, 19], [13, 20], [13, 19], [14, 19], [13, 19], [13, 20], [12, 20], [12, 21], [11, 21], [11, 22], [10, 22], [10, 23], [11, 23], [12, 23], [12, 24], [13, 24], [14, 24], [14, 23], [14, 24], [13, 24], [13, 23], [12, 23], [12, 22], [11, 22], [11, 23], [10, 23], [10, 24], [9, 24], [9, 25], [8, 25], [9, 25], [9, 26], [10, 26], [10, 25], [11, 25], [11, 26], [12, 26], [12, 27], [13, 27], [12, 27], [12, 26], [11, 26], [11, 27], [10, 27], [10, 28], [9, 28], [10, 28], [10, 29], [11, 29], [11, 30], [12, 30], [12, 31], [13, 31], [13, 30], [14, 30], [14, 29], [13, 29], [12, 29], [11, 29], [12, 29], [12, 28], [13, 28], [14, 28], [13, 28], [13, 29], [12, 29], [12, 30], [13, 30], [13, 31], [14, 31], [14, 30]]}
META {"type": "geom", "shape": "line", "group": "offpath", "data": [[0, 14, 1, 13], [1, 13, 2, 12], [1, 17, 2, 16], [5, 23, 6, 24], [5, 25, 6, 25], [5, 14, 1, 17], [5, 27, 2, 27], [3, 11, 4, 11], [3, 16, 4, 15], [3, 27, 4, 28], [3, 21, 4, 22], [10, 24, 11, 25], [10, 9, 11, 10], [2, 16, 3, 16], [2, 27, 3, 27], [2, 12, 3, 11], [7, 24, 3, 21], [7, 20, 7, 19], [7, 22, 6, 21], [7, 19, 7, 20], [7, 26, 8, 27], [7, 15, 8, 15], [7, 21, 7, 22], [12, 13, 13, 12], [14, 8, 14, 7], [14, 7, 14, 8], [14, 2, 14, 3], [14, 3, 14, 2], [9, 16, 7, 15], [9, 8, 10, 9], [9, 23, 10, 24], [13, 12, 11, 14], [4, 11, 0, 14], [4, 24, 5, 25], [4, 22, 5, 23], [4, 28, 5, 27], [4, 15, 5, 14], [8, 27, 4, 24], [8, 15, 9, 16], [11, 10, 9, 8], [11, 25, 9, 23], [11, 14, 12, 13], [6, 24, 7, 24], [6, 25, 7, 26], [6, 21, 7, 21]]}
