--------------------------------
--------------------------------
--------X----------XXX----------
-----X------X---Q---------------
------------------------Q-------
---------Q----------------------
--------------------------------
------X-------------------------
-------------XQX------------X---
---------X----------------------
--------------------------------
------------Q----X--<>-----X----
---------X----------[]----XX----
--------XX----------[]---XXX----
-{-----XXX----------[]--XXXX--}-
XXXXXXXXXXXXXXXXXXXXXXXXXXXXXXXX
META {"type": "solver", "id": "pysat-rc2-boolonly", "objective": 0}
META {"type": "geom", "shape": "path", "group": "path", "data": [[14, 1, 12, 0], [12, 0, 13, 0], [13, 0, 14, 0], [14, 0, 13, 1], [13, 1, 14, 2], [14, 2, 10, 3], [10, 3, 11, 2], [11, 2, 12, 2], [12, 2, 13, 3], [13, 3, 14, 4], [14, 4, 11, 4], [11, 4, 12, 4], [12, 4, 13, 5], [13, 5, 14, 6], [14, 6, 10, 9], [10, 9, 11, 10], [11, 10, 12, 11], [12, 11, 13, 12], [13, 12, 14, 11], [14, 11, 11, 14], [11, 14, 12, 15], [12, 15, 13, 16], [13, 16, 14, 16], [14, 16, 11, 18], [11, 18, 12, 19], [12, 19, 13, 19], [13, 19, 14, 18], [14, 18, 14, 19], [14, 19, 10, 20], [10, 20, 7, 23], [7, 23, 8, 23], [8, 23, 9, 24], [9, 24, 10, 24], [10, 24, 11, 25], [11, 25, 12, 25], [12, 25, 10, 23], [10, 23, 11, 23], [11, 23, 12, 24], [12, 24, 13, 23], [13, 23, 14, 22], [14, 22, 10, 25], [10, 25, 11, 26], [11, 26, 9, 26], [9, 26, 10, 27], [10, 27, 6, 28], [6, 28, 7, 28], [7, 28, 3, 24], [3, 24, 0, 21], [0, 21, 1, 20], [1, 20, 1, 19], [1, 19, 0, 18], [0, 18, 1, 17], [1, 17, 2, 16], [2, 16, 0, 15], [0, 15, 1, 14], [1, 14, 2, 15], [2, 15, 3, 15], [3, 15, 4, 14], [4, 14, 5, 13], [5, 13, 6, 12], [6, 12, 7, 13], [7, 13, 4, 15], [4, 15, 5, 14], [5, 14, 6, 15], [6, 15, 7, 16], [7, 16, 8, 16], [8, 16, 9, 17], [9, 17, 10, 17], [10, 17, 6, 21], [6, 21, 7, 20], [7, 20, 8, 20], [8, 20, 9, 21], [9, 21, 10, 22], [10, 22, 11, 22], [11, 22, 12, 23], [12, 23, 13, 22], [13, 22, 14, 23], [14, 23, 13, 24], [13, 24, 9, 28], [9, 28, 10, 29], [10, 29, 11, 30], [11, 30, 12, 30], [12, 30, 13, 29], [13, 29, 14, 30]]}
META {"type": "geom", "shape": "tile", "group": "path", "data": [[14, 1], [13, 1], [13, 0], [12, 0], [13, 0], [14, 0], [13, 0], [13, 1], [14, 1], [14, 2], [13, 2], [12, 2], [11, 2], [10, 2], [10, 3], [11, 3], [11, 2], [12, 2], [13, 2], [13, 3], [14, 3], [14, 4], [13, 4], [12, 4], [11, 4], [12, 4], [13, 4], [13, 5], [14, 5], [14, 6], [13, 6], [13, 7], [12, 7], [12, 8], [11, 8], [11, 9], [10, 9], [11, 9], [11, 10], [12, 10], [12, 11], [13, 11], [13, 12], [14, 12], [14, 11], [13, 11], [13, 12], [12, 12], [12, 13], [11, 13], [11, 14], [12, 14], [12, 15], [13, 15], [13, 16], [14, 16], [13, 16], [13, 17], [12, 17], [12, 18], [11, 18], [12, 18], [12, 19], [13, 19], [14, 19], [14, 18], [14, 19], [13, 19], [12, 19], [11, 19], [10, 19], [10, 20], [9, 20], [9, 21], [8, 21], [8, 22], [7, 22], [7, 23], [8, 23], [9, 23], [9, 24], [10, 24], [11, 24], [11, 25], [12, 25], [11, 25], [11, 24], [10, 24], [10, 23], [11, 23], [12, 23], [12, 24], [13, 24], [13, 23], [14, 23], [14, 22], [13, 22], [13, 23], [12, 23], [12, 24], [11, 24], [11, 25], [10, 25], [11, 25], [11, 26], [10, 26], [9, 26], [10, 26], [10, 27], [9, 27], [8, 27], [7, 27], [6, 27], [6, 28], [7, 28], [6, 28], [6, 27], [5, 27], [5, 26], [4, 26], [4, 25], [3, 25], [3, 24], [2, 24], [2, 23], [1, 23], [1, 22], [0, 22], [0, 21], [1, 21], [1, 20], [1, 19], [0, 19], [0, 18], [1, 18], [1, 17], [2, 17], [2, 16], [1, 16], [1, 15], [0, 15], [1, 15], [1, 14], [2, 14], [2, 15], [3, 15], [4, 15], [4, 14], [5, 14], [5, 13], [6, 13], [6, 12], [7, 12], [7, 13], [6, 13], [6, 14], [5, 14], [5, 15], [4, 15], [5, 15], [5, 14], [6, 14], [6, 15], [7, 15], [7, 16], [8, 16], [9, 16], [9, 17], [10, 17], [9, 17], [9, 18], [8, 18], [8, 19], [7, 19], [7, 20], [6, 20], [6, 21], [7, 21], [7, 20], [8, 20], [9, 20], [9, 21], [10, 21], [10, 22], [11, 22], [12, 22], [12, 23], [13, 23], [13, 22], [14, 22], [14, 23], [13, 23], [13, 24], [12, 24], [12, 25], [11, 25], [11, 26], [10, 26], [10, 27], [9, 27], [9, 28], [10, 28], [10, 29], [11, 29], [11, 30], [12, 30], [13, 30], [13, 29], [14, 29], [14, 30]]}
META {"type": "geom", "shape": "line", "group": "offpath", "data": [[13, 15, 14, 14], [13, 13, 14, 12], [13, 30, 14, 29], [13, 11, 14, 10], [13, 7, 11, 7], [13, 4, 14, 5], [1, 11, 2, 12], [1, 8, 0, 9], [1, 9, 2, 9], [1, 12, 2, 13], [1, 21, 0, 20], [8, 6, 9, 5], [8, 19, 9, 20], [8, 9, 4, 6], [8, 12, 9, 11], [11, 3, 12, 3], [11, 7, 12, 8], [11, 9, 8, 12], [11, 28, 12, 29], [11, 16, 12, 16], [2, 5, 0, 7], [2, 13, 3, 14], [2, 9, 3, 9], [2, 12, 0, 13], [10, 15, 11, 16], [10, 8, 11, 9], [10, 12, 6, 8], [10, 21, 7, 18], [10, 4, 11, 3], [9, 5, 10, 4], [9, 11, 10, 12], [9, 20, 10, 21], [0, 13, 1, 12], [0, 7, 1, 8], [0, 9, 1, 9], [0, 20, 1, 21], [12, 3, 13, 4], [12, 10, 13, 11], [12, 7, 13, 7], [12, 8, 12, 7], [12, 29, 13, 30], [12, 16, 13, 15], [14, 5, 10, 8], [14, 13, 13, 13], [14, 14, 14, 13], [14, 10, 12, 10], [14, 12, 10, 15], [14, 29, 14, 28], [14, 28, 11, 28], [4, 13, 5, 12], [4, 17, 5, 16], [4, 6, 5, 7], [4, 9, 1, 11], [3, 14, 4, 13], [3, 9, 4, 9], [3, 18, 4, 17], [6, 11, 7, 10], [6, 6, 2, 5], [6, 8, 7, 7], [6, 16, 7, 15], [5, 7, 6, 6], [5, 12, 6, 11], [5, 16, 6, 16], [7, 15, 3, 18], [7, 10, 8, 9], [7, 7, 8, 6], [7, 18, 8, 19]]}
