--------------------------------
--------------------------------
---X---------------------X--X---
--------------------------------
--------------------------------
----X--X--------------X----X----
--------------------------------
-------------------X------------
--------X---X-----XX------XQQX--
--XQQX-----------XXX--<>--------
----------------XXXX--[]--------
---------------XXXXX--[]--------
--------------XXXXXX--[]--------
-------------XXXXXXX--[]--------
-{----------XXXXXXXX--[]------}-
XXXXXXXXXXXXXXXXXXXXXXXXXXXXXXXX
META {"type": "solver", "id": "pysat-rc2", "objective": 0}
META {"type": "geom", "shape": "path", "group": "path", "data": [[14, 1, 11, 1], [11, 1, 12, 2], [12, 2, 13, 3], [13, 3, 14, 4], [14, 4, 10, 1], [10, 1, 11, 0], [11, 0, 12, 1], [12, 1, 13, 1], [13, 1, 14, 2], [14, 2, 14, 3], [14, 3, 11, 6], [11, 6, 12, 7], [12, 7, 13, 8], [13, 8, 14, 8], [14, 8, 10, 12], [10, 12, 11, 12], [11, 12, 12, 13], [12, 13, 8, 14], [8, 14, 9, 14], [9, 14, 10, 15], [10, 15, 6, 19], [6, 19, 4, 20], [4, 20, 5, 21], [5, 21, 6, 22], [6, 22, 7, 21], [7, 21, 8, 22], [8, 22, 6, 24], [6, 24, 7, 25], [7, 25, 8, 24], [8, 24, 9, 25], [9, 25, 10, 26], [10, 26, 11, 26], [11, 26, 12, 27], [12, 27, 13, 26], [13, 26, 14, 27], [14, 27, 14, 26], [14, 26, 10, 30], [10, 30, 11, 31], [11, 31, 12, 30], [12, 30, 13, 29], [13, 29, 14, 30]]}
META {"type": "geom", "shape": "tile", "group": "path", "data": [[14, 1], [13, 1], [12, 1], [11, 1], [12, 1], [12, 2], [13, 2], [13, 3], [14, 3], [14, 4], [13, 4], [13, 3], [12, 3], [12, 2], [11, 2], [11, 1], [10, 1], [11, 1], [11, 0], [12, 0], [12, 1], [13, 1], [14, 1], [14, 2], [14, 3], [13, 3], [13, 4], [12, 4], [12, 5], [11, 5], [11, 6], [12, 6], [12, 7], [13, 7], [13, 8], [14, 8], [13, 8], [13, 9], [12, 9], [12, 10], [11, 10], [11, 11], [10, 11], [10, 12], [11, 12], [12, 12], [12, 13], [11, 13], [10, 13], [9, 13], [8, 13], [8, 14], [9, 14], [10, 14], [10, 15], [9, 15], [9, 16], [8, 16], [8, 17], [7, 17], [7, 18], [6, 18], [6, 19], [5, 19], [5, 20], [4, 20], [5, 20], [5, 21], [6, 21], [6, 22], [7, 22], [7, 21], [8, 21], [8, 22], [7, 22], [7, 23], [6, 23], [6, 24], [7, 24], [7, 25], [8, 25], [8, 24], [9, 24], [9, 25], [10, 25], [10, 26], [11, 26], [12, 26], [12, 27], [13, 27], [13, 26], [14, 26], [14, 27], [14, 26], [13, 26], [13, 27], [12, 27], [12, 28], [11, 28], [11, 29], [10, 29], [10, 30], [11, 30], [11, 31], [12, 31], [12, 30], [13, 30], [13, 29], [14, 29], [14, 30]]}
META {"type": "geom", "shape": "line", "group": "offpath", "data": [[6, 27, 7, 27], [6, 7, 7, 8], [6, 28, 7, 29], [6, 26, 7, 26], [6, 25, 7, 24], [6, 2, 7, 3], [6, 1, 7, 2], [6, 0, 7, 1], [13, 4, 14, 5], [13, 30, 14, 31], [13, 28, 14, 29], [13, 6, 14, 7], [13, 25, 14, 24], [14, 31, 13, 30], [14, 29, 14, 28], [14, 7, 11, 4], [14, 28, 10, 29], [14, 5, 12, 6], [14, 24, 12, 26], [3, 7, 4, 8], [3, 28, 4, 28], [3, 6, 4, 7], [3, 26, 4, 27], [3, 5, 4, 4], [1, 29, 2, 29], [1, 28, 0, 28], [1, 25, 0, 25], [1, 5, 2, 4], [1, 3, 0, 3], [4, 4, 0, 5], [4, 27, 0, 27], [4, 7, 3, 6], [4, 28, 5, 28], [4, 2, 5, 1], [4, 8, 5, 8], [4, 3, 5, 2], [5, 28, 6, 28], [5, 26, 6, 26], [5, 25, 6, 25], [5, 2, 6, 1], [5, 1, 6, 0], [5, 8, 6, 7], [5, 3, 6, 2], [2, 4, 3, 5], [2, 29, 3, 28], [7, 27, 5, 25], [7, 29, 7, 28], [7, 28, 6, 27], [7, 26, 3, 26], [7, 2, 8, 3], [7, 1, 8, 2], [7, 24, 8, 23], [7, 8, 3, 7], [7, 3, 8, 4], [10, 29, 11, 29], [12, 28, 13, 28], [12, 6, 13, 6], [12, 26, 13, 25], [12, 3, 13, 4], [11, 4, 12, 3], [11, 29, 12, 28], [0, 27, 1, 28], [0, 28, 1, 29], [0, 25, 1, 25], [0, 5, 1, 5], [0, 3, 1, 3], [8, 4, 8, 5], [8, 2, 4, 3], [8, 23, 5, 26], [8, 5, 5, 3], [8, 3, 4, 2]]}
