--------------------------------
--------------------------------
--------------------------------
---------------XQXQX------------
--------X--XX---------X---------
-------------------------XQQX---
--------------------------------
--------------------------------
-------X-----X------XX----------
------------XX--<>----------Q---
-----------XXX--[]--XX----------
----------XXXX--[]--------------
---------XXXXX--[]--------------
--------XXXXXX--[]--------------
-{-----XXXXXXX--[]------------}-
XXXXXXXXXXXXXXXXXXXXXXXX--XXXXXX
META {"type": "solver", "id": "pysat-rc2", "objective": 0}
META {"type": "geom", "shape": "path", "group": "path", "data": [[14, 1, 10, 2], [10, 2, 11, 2], [11, 2, 12, 1], [12, 1, 13, 1], [13, 1, 14, 0], [14, 0, 12, 2], [12, 2, 13, 3], [13, 3, 14, 2], [14, 2, 10, 6], [10, 6, 11, 7], [11, 7, 12, 8], [12, 8, 9, 11], [9, 11, 5, 8], [5, 8, 6, 8], [6, 8, 7, 7], [7, 7, 3, 8], [3, 8, 1, 9], [1, 9, 2, 10], [2, 10, 3, 11], [3, 11, 0, 14], [0, 14, 1, 15], [1, 15, 2, 16], [2, 16, 1, 17], [1, 17, 2, 18], [2, 18, 2, 19], [2, 19, 0, 21], [0, 21, 1, 21], [1, 21, 2, 21], [2, 21, 3, 20], [3, 20, 4, 21], [4, 21, 5, 22], [5, 22, 6, 21], [6, 21, 7, 21], [7, 21, 3, 25], [3, 25, 4, 26], [4, 26, 0, 30], [0, 30, 1, 29], [1, 29, 2, 29], [2, 29, 3, 30], [3, 30, 4, 31], [4, 31, 5, 30], [5, 30, 6, 31], [6, 31, 7, 31], [7, 31, 8, 31], [8, 31, 9, 31], [9, 31, 10, 31], [10, 31, 11, 30], [11, 30, 12, 31], [12, 31, 13, 30], [13, 30, 14, 31], [14, 31, 11, 29], [11, 29, 12, 30], [12, 30, 13, 29], [13, 29, 14, 30]]}
META {"type": "geom", "shape": "tile", "group": "path", "data": [[14, 1], [13, 1], [12, 1], [11, 1], [10, 1], [10, 2], [11, 2], [12, 2], [12, 1], [13, 1], [14, 1], [14, 0], [13, 0], [13, 1], [12, 1], [12, 2], [13, 2], [13, 3], [14, 3], [14, 2], [13, 2], [13, 3], [12, 3], [12, 4], [11, 4], [11, 5], [10, 5], [10, 6], [11, 6], [11, 7], [12, 7], [12, 8], [11, 8], [11, 9], [10, 9], [10, 10], [9, 10], [9, 11], [8, 11], [8, 10], [7, 10], [7, 9], [6, 9], [6, 8], [5, 8], [6, 8], [7, 8], [7, 7], [6, 7], [5, 7], [4, 7], [3, 7], [3, 8], [2, 8], [2, 9], [1, 9], [2, 9], [2, 10], [3, 10], [3, 11], [2, 11], [2, 12], [1, 12], [1, 13], [0, 13], [0, 14], [1, 14], [1, 15], [2, 15], [2, 16], [1, 16], [1, 17], [2, 17], [2, 18], [2, 19], [1, 19], [1, 20], [0, 20], [0, 21], [1, 21], [2, 21], [3, 21], [3, 20], [4, 20], [4, 21], [5, 21], [5, 22], [6, 22], [6, 21], [7, 21], [6, 21], [6, 22], [5, 22], [5, 23], [4, 23], [4, 24], [3, 24], [3, 25], [4, 25], [4, 26], [3, 26], [3, 27], [2, 27], [2, 28], [1, 28], [1, 29], [0, 29], [0, 30], [1, 30], [1, 29], [2, 29], [3, 29], [3, 30], [4, 30], [4, 31], [5, 31], [5, 30], [6, 30], [6, 31], [7, 31], [8, 31], [9, 31], [10, 31], [11, 31], [11, 30], [12, 30], [12, 31], [13, 31], [13, 30], [14, 30], [14, 31], [13, 31], [13, 30], [12, 30], [12, 29], [11, 29], [12, 29], [12, 30], [13, 30], [13, 29], [14, 29], [14, 30]]}
META {"type": "geom", "shape": "line", "group": "offpath", "data": [[12, 25, 13, 24], [12, 7, 13, 7], [12, 6, 13, 5], [12, 28, 13, 27], [12, 29, 13, 28], [12, 21, 13, 22], [5, 19, 6, 18], [5, 9, 6, 10], [5, 14, 6, 13], [13, 24, 14, 23], [13, 7, 13, 6], [13, 6, 14, 6], [13, 27, 14, 26], [13, 5, 14, 4], [13, 22, 14, 22], [13, 28, 14, 27], [13, 21, 14, 20], [8, 16, 4, 13], [8, 12, 4, 9], [8, 8, 9, 8], [8, 28, 6, 28], [8, 10, 9, 10], [8, 17, 8, 16], [14, 23, 10, 26], [14, 6, 14, 5], [14, 27, 14, 28], [14, 5, 10, 5], [14, 20, 13, 21], [14, 22, 12, 21], [14, 4, 11, 6], [14, 26, 10, 27], [14, 28, 14, 29], [14, 29, 10, 28], [2, 25, 3, 24], [2, 27, 3, 26], [2, 20, 3, 21], [2, 22, 3, 22], [2, 15, 0, 17], [2, 28, 3, 27], [2, 17, 0, 19], [9, 8, 10, 9], [9, 10, 10, 10], [6, 13, 7, 13], [6, 18, 7, 18], [6, 28, 7, 28], [6, 10, 7, 11], [1, 23, 2, 22], [1, 16, 2, 15], [1, 27, 2, 27], [1, 20, 2, 20], [1, 18, 2, 17], [1, 26, 2, 25], [11, 6, 12, 7], [11, 27, 12, 28], [11, 5, 12, 6], [11, 9, 7, 9], [11, 26, 12, 25], [11, 28, 12, 29], [3, 24, 4, 25], [3, 27, 4, 28], [3, 22, 1, 23], [3, 12, 0, 15], [3, 26, 4, 27], [3, 21, 4, 20], [4, 25, 0, 26], [4, 27, 2, 28], [4, 20, 5, 19], [4, 13, 5, 14], [4, 9, 5, 9], [4, 28, 0, 28], [0, 19, 1, 20], [0, 15, 1, 16], [0, 26, 1, 26], [0, 28, 1, 27], [0, 17, 1, 18], [7, 11, 8, 10], [7, 13, 3, 12], [7, 18, 8, 17], [7, 12, 8, 12], [7, 9, 8, 8], [7, 28, 8, 28], [10, 27, 11, 27], [10, 5, 11, 5], [10, 9, 11, 9], [10, 26, 11, 26], [10, 28, 11, 28], [10, 10, 7, 12]]}
