--------------------------------
--------------------------------
---------------X----------X-----
-----------X------Q-------------
----------------------X---------
--------------Q-----------------
---------------------------XXX--
----------XX-------Q------------
---------------<>---------------
---------------[]---------------
------------X--[]--Q------------
-----------XX--[]---------------
----------XXX--[]-------X-------
---------XXXX--[]------XX-------
-{------XXXXX--[]-----XXX-----}-
XXXXXXXXXXXXXXXXXXXXXXXXX--XXXXX
META {"type": "solver", "id": "pysat-rc2", "objective": 0}
META {"type": "geom", "shape": "path", "group": "path", "data": [[14, 1, 10, 4], [10, 4, 11, 4], [11, 4, 12, 4], [12, 4, 13, 5], [13, 5, 14, 4], [14, 4, 13, 4], [13, 4, 14, 5], [14, 5, 14, 6], [14, 6, 13, 6], [13, 6, 14, 7], [14, 7, 11, 10], [11, 10, 9, 12], [9, 12, 5, 11], [5, 11, 6, 10], [6, 10, 2, 13], [2, 13, 3, 12], [3, 12, 4, 12], [4, 12, 5, 13], [5, 13, 6, 14], [6, 14, 7, 15], [7, 15, 3, 14], [3, 14, 4, 14], [4, 14, 0, 15], [0, 15, 1, 14], [1, 14, 2, 14], [2, 14, 3, 15], [3, 15, 4, 16], [4, 16, 5, 15], [5, 15, 6, 15], [6, 15, 7, 16], [7, 16, 3, 17], [3, 17, 4, 18], [4, 18, 5, 19], [5, 19, 6, 19], [6, 19, 2, 18], [2, 18, 0, 19], [0, 19, 1, 20], [1, 20, 2, 21], [2, 21, 3, 22], [3, 22, 0, 24], [0, 24, 1, 23], [1, 23, 2, 24], [2, 24, 3, 25], [3, 25, 4, 24], [4, 24, 5, 25], [5, 25, 6, 26], [6, 26, 7, 25], [7, 25, 8, 24], [8, 24, 9, 25], [9, 25, 10, 25], [10, 25, 11, 26], [11, 26, 12, 27], [12, 27, 13, 26], [13, 26, 14, 27], [14, 27, 14, 28], [14, 28, 10, 27], [10, 27, 11, 27], [11, 27, 12, 28], [12, 28, 13, 28], [13, 28, 14, 29], [14, 29, 10, 28], [10, 28, 11, 29], [11, 29, 12, 29], [12, 29, 13, 29], [13, 29, 14, 30]]}
META {"type": "geom", "shape": "tile", "group": "path", "data": [[14, 1], [13, 1], [13, 2], [12, 2], [12, 3], [11, 3], [11, 4], [10, 4], [11, 4], [12, 4], [13, 4], [13, 5], [14, 5], [14, 4], [13, 4], [14, 4], [14, 5], [14, 6], [13, 6], [14, 6], [14, 7], [13, 7], [13, 8], [12, 8], [12, 9], [11, 9], [11, 10], [10, 10], [10, 11], [9, 11], [9, 12], [8, 12], [7, 12], [6, 12], [5, 12], [5, 11], [6, 11], [6, 10], [5, 10], [5, 11], [4, 11], [4, 12], [3, 12], [3, 13], [2, 13], [3, 13], [3, 12], [4, 12], [5, 12], [5, 13], [6, 13], [6, 14], [7, 14], [7, 15], [6, 15], [5, 15], [4, 15], [3, 15], [3, 14], [4, 14], [3, 14], [2, 14], [1, 14], [0, 14], [0, 15], [1, 15], [1, 14], [2, 14], [3, 14], [3, 15], [4, 15], [4, 16], [5, 16], [5, 15], [6, 15], [7, 15], [7, 16], [6, 16], [5, 16], [4, 16], [3, 16], [3, 17], [4, 17], [4, 18], [5, 18], [5, 19], [6, 19], [5, 19], [4, 19], [3, 19], [2, 19], [2, 18], [1, 18], [1, 19], [0, 19], [1, 19], [1, 20], [2, 20], [2, 21], [3, 21], [3, 22], [2, 22], [2, 23], [1, 23], [1, 24], [0, 24], [1, 24], [1, 23], [2, 23], [2, 24], [3, 24], [3, 25], [4, 25], [4, 24], [5, 24], [5, 25], [6, 25], [6, 26], [7, 26], [7, 25], [8, 25], [8, 24], [9, 24], [9, 25], [10, 25], [11, 25], [11, 26], [12, 26], [12, 27], [13, 27], [13, 26], [14, 26], [14, 27], [14, 28], [13, 28], [12, 28], [11, 28], [10, 28], [10, 27], [11, 27], [12, 27], [12, 28], [13, 28], [14, 28], [14, 29], [13, 29], [12, 29], [11, 29], [10, 29], [10, 28], [11, 28], [11, 29], [12, 29], [13, 29], [14, 29], [14, 30]]}
META {"type": "geom", "shape": "line", "group": "offpath", "data": [[5, 29, 1, 30], [5, 28, 1, 29], [5, 12, 6, 11], [5, 23, 6, 22], [5, 27, 1, 26], [14, 31, 13, 30], [14, 2, 10, 3], [14, 18, 11, 21], [14, 17, 14, 18], [14, 3, 10, 2], [14, 0, 10, 0], [14, 21, 10, 18], [11, 24, 7, 20], [11, 1, 12, 0], [11, 2, 12, 3], [11, 18, 12, 18], [11, 22, 12, 23], [11, 3, 12, 2], [11, 23, 12, 22], [11, 21, 12, 21], [6, 22, 7, 21], [6, 11, 5, 12], [1, 29, 2, 29], [1, 15, 0, 16], [1, 28, 2, 28], [1, 11, 2, 11], [1, 26, 0, 27], [1, 30, 2, 30], [12, 2, 13, 1], [12, 18, 13, 18], [12, 22, 13, 22], [12, 3, 13, 3], [12, 23, 11, 24], [12, 0, 13, 0], [12, 21, 13, 21], [2, 29, 3, 28], [2, 28, 3, 29], [2, 11, 0, 10], [2, 30, 3, 30], [8, 19, 9, 19], [8, 21, 9, 22], [4, 29, 5, 28], [4, 28, 5, 27], [4, 30, 5, 29], [9, 19, 5, 23], [9, 22, 10, 23], [9, 23, 10, 24], [13, 1, 14, 2], [13, 18, 14, 17], [13, 22, 9, 23], [13, 3, 14, 3], [13, 30, 14, 31], [13, 0, 14, 0], [13, 21, 14, 21], [0, 10, 1, 11], [0, 27, 1, 28], [0, 16, 1, 15], [10, 24, 11, 23], [10, 2, 11, 2], [10, 18, 11, 18], [10, 3, 11, 3], [10, 23, 11, 22], [10, 0, 11, 1], [3, 29, 4, 30], [3, 28, 4, 28], [3, 30, 4, 29], [7, 20, 8, 19], [7, 21, 8, 21]]}
