--------------------------------
--------------------------------
-----------------XX---------XX--
--------------------------------
----------------------XQQX------
----------------------------X---
-------------X------------------
--------------------------------
------------------Q-------------
-------------<>-----------------
---------X---[]-----------------
--------XX---[]---XQXQX---------
-------XXX---[]----------X------
------XXXX---[]-----------------
-{---XXXXX---[]---------------}-
XXXXXXXXXXXXXXXXXXXXXXXXX--XXXXX
META {"type": "solver", "id": "pysat-rc2", "objective": 0}
META {"type": "geom", "shape": "path", "group": "path", "data": [[14, 1, 14, 2], [14, 2, 14, 3], [14, 3, 14, 4], [14, 4, 13, 5], [13, 5, 9, 9], [9, 9, 5, 13], [5, 13, 5, 14], [5, 14, 6, 15], [6, 15, 7, 16], [7, 16, 8, 17], [8, 17, 9, 18], [9, 18, 10, 19], [10, 19, 10, 20], [10, 20, 10, 21], [10, 21, 10, 22], [10, 22, 9, 23], [9, 23, 10, 24], [10, 24, 11, 25], [11, 25, 11, 26], [11, 26, 12, 27], [12, 27, 13, 28], [13, 28, 14, 29], [14, 29, 14, 30]]}
