--------------------------------
--------------------------------
--------------------------------
------------X-------------------
--------------------------------
--XQQXQQX------X----------------
--------------------------------
-----------X--------------------
--------------------------------
--------------------------------
--Q-------X---------------------
---------XX--<>-----------------
--------XXX--[]-----------------
-------XXXX--[]----XX----XX-----
-{----XXXXX--[]---XXX---XXX---}-
XXXXXXXXXXXXXXXXXXXXXXXXXXXXXXXX
META {"type": "solver", "id": "pysat-rc2", "objective": 0}
META {"type": "geom", "shape": "path", "group": "path", "data": [[14, 1, 14, 2], [14, 2, 14, 3], [14, 3, 14, 4], [14, 4, 14, 5], [14, 5, 12, 7], [12, 7, 8, 11], [8, 11, 9, 12], [9, 12, 10, 13], [10, 13, 10, 14], [10, 14, 10, 15], [10, 15, 11, 16], [11, 16, 12, 17], [12, 17, 13, 18], [13, 18, 12, 19], [12, 19, 12, 20], [12, 20, 12, 21], [12, 21, 13, 22], [13, 22, 14, 23], [14, 23, 12, 25], [12, 25, 12, 26], [12, 26, 12, 27], [12, 27, 13, 28], [13, 28, 14, 29], [14, 29, 14, 30]]}
