--------------------------------
--------------------------------
--------------------------XX----
--------------------------------
--------------------------XX----
----------------Q---------------
---------XX--Q-----X--X---XX----
--------------------------------
--------------------------------
--------Q---------Q----X--------
--------------XX----------------
--------------------------------
------<>----------X-------XX----
------[]----------XX-----XXX----
-{----[]----------XXX---XXXX--}-
XXXXXXXXXXXXXX----XXXXXXXXXXXXXX
META {"type": "solver", "id": "pysat-rc2", "objective": 0}
META {"type": "geom", "shape": "path", "group": "path", "data": [[14, 1, 14, 2], [14, 2, 14, 3], [14, 3, 11, 6], [11, 6, 11, 7], [11, 7, 11, 8], [11, 8, 12, 9], [12, 9, 13, 10], [13, 10, 14, 11], [14, 11, 14, 12], [14, 12, 14, 13], [14, 13, 10, 17], [10, 17, 11, 18], [11, 18, 11, 19], [11, 19, 12, 20], [12, 20, 13, 21], [13, 21, 14, 22], [14, 22, 14, 23], [14, 23, 11, 26], [11, 26, 11, 27], [11, 27, 11, 28], [11, 28, 12, 28], [12, 28, 13, 29], [13, 29, 14, 30]]}
