XXXXXXXXXXXXXXXX
----------------
-}---------XX---
XXX--------XX---
XXX-XX-XX--XX---
----XX-XX--XX-XX
-----------XX-XX
---XXX-----XX---
---XXX---XXXXXXX
---------XXXXXXX
-----XX---------
-----XX-----XXXX
---------XX-XXXX
---------XX-----
----XX----------
----XX-XXXX--{--
-------XXXX-XXXX
------------XXXX
----------------
XXXXXXXXXXXXXXXX
META {"type": "solver", "id": "pysat-rc2-boolonly", "objective": 0}
META {"type": "geom", "shape": "path", "group": "path", "data": [[15, 13, 15, 12], [15, 12, 14, 10], [14, 10, 14, 9], [14, 9, 14, 8], [14, 8, 14, 7], [14, 7, 12, 3], [12, 3, 13, 4], [13, 4, 13, 5], [13, 5, 11, 10], [11, 10, 11, 9], [11, 9, 9, 6], [9, 6, 7, 10], [7, 10, 4, 10], [4, 10, 1, 6], [1, 6, 2, 6], [2, 6, 3, 5], [3, 5, 1, 9], [1, 9, 2, 8], [2, 8, 3, 7], [3, 7, 1, 3], [1, 3, 2, 2], [2, 2, 2, 1]]}
META {"type": "geom", "shape": "tile", "group": "path", "data": [[15, 13], [15, 12], [15, 11], [14, 11], [14, 10], [14, 9], [14, 8], [14, 7], [14, 6], [13, 6], [13, 5], [12, 5], [12, 4], [12, 3], [13, 3], [13, 4], [13, 5], [13, 6], [12, 6], [12, 7], [11, 7], [11, 8], [11, 9], [11, 10], [11, 9], [11, 8], [10, 8], [10, 7], [9, 7], [9, 6], [9, 7], [8, 7], [8, 8], [7, 8], [7, 9], [7, 10], [6, 10], [5, 10], [4, 10], [4, 9], [3, 9], [3, 8], [2, 8], [2, 7], [1, 7], [1, 6], [2, 6], [3, 6], [3, 5], [3, 6], [2, 6], [2, 7], [1, 7], [1, 8], [1, 9], [2, 9], [2, 8], [3, 8], [3, 7], [3, 6], [2, 6], [2, 5], [1, 5], [1, 4], [1, 3], [2, 3], [2, 2], [2, 1]]}
META {"type": "geom", "shape": "line", "group": "offpath", "data": [[10, 14, 10, 13], [10, 13, 10, 14], [15, 14, 15, 15], [15, 15, 15, 14], [4, 14, 4, 15], [4, 15, 4, 14], [4, 9, 5, 10], [18, 14, 18, 15], [18, 5, 18, 6], [18, 4, 18, 3], [18, 2, 18, 1], [18, 15, 18, 14], [18, 6, 18, 5], [18, 1, 18, 2], [18, 3, 18, 4], [6, 4, 6, 3], [6, 3, 6, 4], [1, 12, 1, 11], [1, 11, 1, 12], [5, 10, 4, 9]]}
