XXXXXXXXXXXXXXXX
----------------
-----}-------XXX
----XXX------XXX
----XXX----XX---
XX-----XX--XX---
XX-----XX--XX---
-----XXXXXXXXXXX
-----XXXXXXXXXXX
XXX-------------
XXX-XX----------
----XX------XX--
---------XX-XX--
---------XX-----
XXXXXX----------
XXXXXX------{---
------XX--XXXXXX
------XX--XXXXXX
----------------
XXXXXXXXXXXXXXXX
META {"type": "solver", "id": "pysat-rc2-boolonly", "objective": 0}
META {"type": "geom", "shape": "path", "group": "path", "data": [[15, 12, 15, 11], [15, 11, 15, 10], [15, 10, 13, 5], [13, 5, 11, 10], [11, 10, 9, 13], [9, 13, 10, 12], [10, 12, 9, 11], [9, 11, 10, 10], [10, 10, 11, 9], [11, 9, 9, 4], [9, 4, 8, 2], [8, 2, 6, 6], [6, 6, 6, 5], [6, 5, 4, 1], [4, 1, 2, 4], [2, 4, 2, 5]]}
META {"type": "geom", "shape": "tile", "group": "path", "data": [[15, 12], [15, 11], [15, 10], [15, 9], [14, 9], [14, 8], [13, 8], [13, 7], [13, 6], [13, 5], [13, 6], [12, 6], [12, 7], [11, 7], [11, 8], [11, 9], [11, 10], [11, 11], [10, 11], [10, 12], [9, 12], [9, 13], [10, 13], [10, 12], [10, 11], [9, 11], [10, 11], [10, 10], [11, 10], [11, 9], [11, 8], [10, 8], [10, 7], [9, 7], [9, 6], [9, 5], [9, 4], [9, 3], [8, 3], [8, 2], [8, 3], [7, 3], [7, 4], [6, 4], [6, 5], [6, 6], [6, 5], [6, 4], [5, 4], [5, 3], [4, 3], [4, 2], [4, 1], [4, 2], [3, 2], [3, 3], [2, 3], [2, 4], [2, 5]]}
META {"type": "geom", "shape": "line", "group": "offpath", "data": [[13, 4, 13, 3], [13, 3, 13, 4], [6, 10, 6, 9], [6, 9, 6, 10], [15, 6, 14, 6], [2, 11, 3, 12], [2, 6, 1, 7], [2, 9, 3, 8], [2, 8, 3, 7], [5, 10, 2, 6], [14, 6, 15, 6], [4, 7, 4, 8], [4, 9, 5, 10], [4, 8, 2, 11], [1, 7, 2, 8], [18, 12, 18, 13], [18, 13, 18, 12], [18, 1, 18, 0], [18, 0, 18, 1], [3, 7, 4, 7], [3, 11, 2, 9], [3, 12, 3, 11], [3, 8, 4, 9]]}
