XXXXXXXXXXXXXXXX
----------------
-}--------------
XXX-----XX------
XXX-----XX----XX
--------XX----XX
--------XX------
------XXXXXX----
XX----XXXXXX----
XX--------------
-----XX------XXX
-----XX------XXX
---------XXX----
-----XX--XXX----
-----XX-------XX
-{------------XX
XXXXXXXXXXX-----
XXXXXXXXXXX-----
----------------
XXXXXXXXXXXXXXXX
META {"type": "solver", "id": "pysat-rc2", "objective": 0}
META {"type": "geom", "shape": "path", "group": "path", "data": [[15, 1, 15, 2], [15, 2, 15, 3], [15, 3, 15, 4], [15, 4, 15, 5], [15, 5, 15, 6], [15, 6, 15, 7], [15, 7, 15, 8], [15, 8, 15, 9], [15, 9, 15, 10], [15, 10, 13, 15], [13, 15, 13, 14], [13, 14, 11, 11], [11, 11, 11, 10], [11, 10, 11, 9], [11, 9, 9, 5], [9, 5, 7, 0], [7, 0, 7, 1], [7, 1, 5, 5], [5, 5, 6, 6], [6, 6, 6, 7], [6, 7, 3, 7], [3, 7, 4, 7], [4, 7, 1, 3], [1, 3, 2, 2], [2, 2, 2, 1]]}
META {"type": "geom", "shape": "tile", "group": "path", "data": [[15, 1], [15, 2], [15, 3], [15, 4], [15, 5], [15, 6], [15, 7], [15, 8], [15, 9], [15, 10], [15, 11], [14, 11], [14, 12], [13, 12], [13, 13], [13, 14], [13, 15], [13, 14], [13, 13], [12, 13], [12, 12], [11, 12], [11, 11], [11, 10], [11, 9], [11, 8], [10, 8], [10, 7], [9, 7], [9, 6], [9, 5], [9, 4], [8, 4], [8, 3], [7, 3], [7, 2], [7, 1], [7, 0], [7, 1], [7, 2], [6, 2], [6, 3], [5, 3], [5, 4], [5, 5], [6, 5], [6, 6], [6, 7], [5, 7], [4, 7], [3, 7], [4, 7], [4, 6], [3, 6], [3, 5], [2, 5], [2, 4], [1, 4], [1, 3], [2, 3], [2, 2], [2, 1]]}
META {"type": "geom", "shape": "line", "group": "offpath", "data": [[18, 9, 18, 8], [18, 2, 18, 3], [18, 3, 18, 2], [18, 4, 18, 5], [18, 14, 18, 15], [18, 15, 18, 14], [18, 5, 18, 4], [18, 8, 18, 9]]}
