XXXXXXXXXXXXXXXX
----------------
-XX---------}---
-XX----XX-XXXX--
-XX----XX-XXXX--
-XX-------------
XXXXX-XX--------
XXXXX-XX-XX-----
---------XX-----
XXX-----------XX
XXX-----------XX
-------XXXXX----
-------XXXXX--XX
XXX-----------XX
XXX-------------
------XX----{---
------XX--XXXXXX
----------XXXXXX
----------------
XXXXXXXXXXXXXXXX
META {"type": "solver", "id": "pysat-rc2", "objective": 0}
META {"type": "geom", "shape": "path", "group": "path", "data": [[15, 12, 15, 11], [15, 11, 15, 10], [15, 10, 13, 6], [13, 6, 14, 6], [14, 6, 12, 1], [12, 1, 12, 2], [12, 2, 10, 7], [10, 7, 10, 8], [10, 8, 10, 9], [10, 9, 10, 10], [10, 10, 10, 11], [10, 11, 8, 15], [8, 15, 8, 14], [8, 14, 6, 10], [6, 10, 6, 9], [6, 9, 5, 7], [5, 7, 5, 6], [5, 6, 4, 4], [4, 4, 5, 3], [5, 3, 4, 3], [4, 3, 1, 7], [1, 7, 2, 8], [2, 8, 1, 10], [1, 10, 2, 11], [2, 11, 2, 12]]}
META {"type": "geom", "shape": "tile", "group": "path", "data": [[15, 12], [15, 11], [15, 10], [15, 9], [14, 9], [14, 8], [13, 8], [13, 7], [13, 6], [14, 6], [14, 5], [13, 5], [13, 4], [12, 4], [12, 3], [12, 2], [12, 1], [12, 2], [12, 3], [11, 3], [11, 4], [10, 4], [10, 5], [10, 6], [10, 7], [10, 8], [10, 9], [10, 10], [10, 11], [10, 12], [9, 12], [9, 13], [8, 13], [8, 14], [8, 15], [8, 14], [8, 13], [7, 13], [7, 12], [6, 12], [6, 11], [6, 10], [6, 9], [6, 8], [5, 8], [5, 7], [5, 6], [5, 5], [4, 5], [4, 4], [5, 4], [5, 3], [4, 3], [4, 4], [3, 4], [3, 5], [2, 5], [2, 6], [1, 6], [1, 7], [2, 7], [2, 8], [2, 9], [1, 9], [1, 10], [2, 10], [2, 11], [2, 12]]}
META {"type": "geom", "shape": "line", "group": "offpath", "data": [[13, 8, 14, 7], [11, 14, 11, 15], [11, 15, 11, 14], [2, 7, 1, 5], [2, 4, 3, 3], [3, 3, 1, 6], [1, 5, 2, 4], [1, 6, 2, 7], [18, 9, 18, 8], [18, 13, 18, 12], [18, 5, 18, 4], [18, 12, 18, 13], [18, 4, 18, 5], [18, 8, 18, 9], [14, 7, 13, 8]]}
