XXXXXXXXXXXXXXXX
----------------
-------}--------
----XXXXXXX-XXX-
----XXXXXXX-XXX-
XX--------------
XX-XX-----XXX-XX
---XX-----XXX-XX
-------XX-------
-XX----XX-------
-XX-------------
-XX---------XXXX
-XX---------XXXX
XXXXX-----------
XXXXX-XX--------
------XX-----{--
----XX-----XXXXX
----XX-----XXXXX
----------------
XXXXXXXXXXXXXXXX
META {"type": "solver", "id": "pysat-rc2-boolonly", "objective": 0}
META {"type": "geom", "shape": "path", "group": "path", "data": [[15, 13, 15, 12], [15, 12, 15, 11], [15, 11, 13, 6], [13, 6, 11, 3], [11, 3, 12, 3], [12, 3, 10, 3], [10, 3, 7, 7], [7, 7, 5, 3], [5, 3, 4, 1], [4, 1, 2, 5], [2, 5, 2, 6], [2, 6, 2, 7]]}
META {"type": "geom", "shape": "tile", "group": "path", "data": [[15, 13], [15, 12], [15, 11], [15, 10], [14, 10], [14, 9], [13, 9], [13, 8], [13, 7], [13, 6], [13, 5], [12, 5], [12, 4], [11, 4], [11, 3], [12, 3], [11, 3], [10, 3], [10, 4], [9, 4], [9, 5], [8, 5], [8, 6], [7, 6], [7, 7], [7, 6], [6, 6], [6, 5], [5, 5], [5, 4], [5, 3], [5, 2], [4, 2], [4, 1], [4, 2], [3, 2], [3, 3], [2, 3], [2, 4], [2, 5], [2, 6], [2, 7]]}
META {"type": "geom", "shape": "line", "group": "offpath", "data": [[10, 13, 10, 14], [10, 6, 11, 5], [10, 12, 9, 11], [10, 14, 10, 13], [2, 4, 1, 3], [2, 10, 1, 11], [2, 12, 1, 10], [18, 8, 18, 9], [18, 1, 18, 2], [18, 5, 18, 4], [18, 9, 18, 8], [18, 2, 18, 1], [18, 4, 18, 5], [1, 3, 2, 4], [1, 10, 2, 10], [1, 11, 2, 12], [11, 5, 12, 4], [12, 4, 10, 6], [9, 11, 10, 12], [5, 10, 5, 11], [5, 11, 5, 10], [7, 8, 6, 9], [6, 9, 7, 8]]}
