XXXXXXXXXXXXXXXX
----------------
--------------}-
XXXX---------XXX
XXXX-XX-XX---XXX
-----XX-XX------
XXXXX---XX--XXXX
XXXXX---XX--XXXX
--------XX------
XXXXXXXXXXXX----
XXXXXXXXXXXX----
--------------XX
XXXX----------XX
XXXX------XX----
----------XX----
-------{------XX
------XXXXXXX-XX
-XX---XXXXXXX---
-XX-------------
XXXXXXXXXXXXXXXX
META {"type": "solver", "id": "pysat-rc2-boolonly", "objective": 0}
META {"type": "geom", "shape": "path", "group": "path", "data": [[15, 7, 15, 8], [15, 8, 15, 9], [15, 9, 15, 10], [15, 10, 15, 11], [15, 11, 15, 12], [15, 12, 14, 14], [14, 14, 12, 11], [12, 11, 10, 14], [10, 14, 8, 11], [8, 11, 8, 10], [8, 10, 6, 10], [6, 10, 4, 12], [4, 12, 5, 13], [5, 13, 5, 12], [5, 12, 3, 9], [3, 9, 1, 12], [1, 12, 2, 13], [2, 13, 2, 14]]}
META {"type": "geom", "shape": "tile", "group": "path", "data": [[15, 7], [15, 8], [15, 9], [15, 10], [15, 11], [15, 12], [15, 13], [14, 13], [14, 14], [14, 13], [13, 13], [13, 12], [12, 12], [12, 11], [12, 12], [11, 12], [11, 13], [10, 13], [10, 14], [10, 13], [9, 13], [9, 12], [8, 12], [8, 11], [8, 10], [7, 10], [6, 10], [6, 11], [5, 11], [5, 12], [4, 12], [5, 12], [5, 13], [5, 12], [5, 11], [4, 11], [4, 10], [3, 10], [3, 9], [3, 10], [2, 10], [2, 11], [1, 11], [1, 12], [2, 12], [2, 13], [2, 14]]}
META {"type": "geom", "shape": "line", "group": "offpath", "data": [[2, 6, 3, 6], [2, 3, 1, 5], [2, 9, 3, 8], [2, 1, 2, 2], [2, 4, 3, 5], [2, 2, 2, 1], [3, 6, 1, 8], [3, 8, 2, 6], [3, 5, 2, 3], [1, 8, 2, 9], [1, 5, 2, 4], [18, 3, 18, 4], [18, 10, 18, 11], [18, 4, 18, 3], [18, 11, 18, 10], [5, 3, 5, 4], [5, 7, 6, 7], [5, 4, 5, 3], [8, 7, 4, 7], [7, 6, 8, 7], [7, 7, 6, 5], [6, 5, 7, 6], [6, 7, 7, 7], [4, 7, 5, 7]]}
