XXXXXXXXXXXXXXXX
XXXX-XX-XX-X-XXX
XX0--XX-XX----1X
XXXX-XX-XX---XXX
XXXX------XX-XXX
X----XX-X-XX---X
X--X-XX-X-XX-XXX
X-X--XX-X----XXX
X-X-XXXX-------X
X-X-XXXX----X-XX
XX------XXX-X-XX
X-X--X------X--X
XXXXX-X---XX-XXX
XXXXX--XX-XX-XXX
X2-----XX-----3X
XXXXXXXXXXXXXXXX
META {"type": "solver", "id": "pysat-rc2", "objective": 0}
META {"type": "geom", "shape": "path", "group": "path", "data": [[2, 2, 2, 3], [2, 3, 2, 4], [2, 4, 3, 4], [3, 4, 4, 4], [4, 4, 5, 4], [5, 4, 6, 4], [6, 4, 7, 4], [7, 4, 7, 3], [7, 3, 8, 3], [8, 3, 9, 3], [9, 3, 10, 3], [10, 3, 11, 3], [11, 3, 11, 4], [11, 4, 10, 4], [10, 4, 10, 5], [10, 5, 10, 6], [10, 6, 11, 6], [11, 6, 11, 7], [11, 7, 12, 7], [12, 7, 12, 8], [12, 8, 12, 9], [12, 9, 11, 9], [11, 9, 11, 10], [11, 10, 11, 11], [11, 11, 10, 11], [10, 11, 9, 11], [9, 11, 9, 10], [9, 10, 8, 10], [8, 10, 8, 11], [8, 11, 7, 11], [7, 11, 7, 12], [7, 12, 6, 12], [6, 12, 5, 12], [5, 12, 4, 12], [4, 12, 3, 12], [3, 12, 2, 12], [2, 12, 2, 13], [2, 13, 2, 14]]}
META {"type": "geom", "shape": "tile", "group": "path", "data": [[2, 2], [2, 3], [2, 4], [3, 4], [4, 4], [5, 4], [6, 4], [7, 4], [7, 3], [8, 3], [9, 3], [10, 3], [11, 3], [11, 4], [10, 4], [10, 5], [10, 6], [11, 6], [11, 7], [12, 7], [12, 8], [12, 9], [11, 9], [11, 10], [11, 11], [10, 11], [9, 11], [9, 10], [8, 10], [8, 11], [7, 11], [7, 12], [6, 12], [5, 12], [4, 12], [3, 12], [2, 12], [2, 13], [2, 14]]}
META {"type": "geom", "shape": "line", "group": "offpath", "data": [[6, 9, 5, 9], [9, 9, 8, 9], [9, 13, 10, 13], [9, 8, 8, 8], [5, 9, 6, 9], [14, 9, 13, 9], [14, 11, 14, 10], [14, 10, 14, 11], [10, 13, 9, 13], [8, 9, 9, 9], [8, 12, 8, 13], [8, 13, 8, 12], [8, 8, 9, 8], [13, 9, 14, 9], [7, 9, 7, 10], [7, 10, 7, 9]]}
