XXXXXXXXXXXXXXXX
X0--------XX--1X
XXXXXXXXX----XXX
XXXXXXXXX----XXX
X--------------X
XX---------X-X-X
XX-XX--------X-X
X-XXXXXXX----X-X
XXXXXXXXX-----XX
XXXXX------XX--X
XXXX-XXX---XX--X
XXXX----X--XX-XX
XXX--X---XXXXXXX
XXX------XXXXXXX
X2--------XX--3X
XXXXXXXXXXXXXXXX
META {"type": "solver", "id": "pysat-rc2", "objective": 0}
META {"type": "geom", "shape": "path", "group": "path", "data": [[1, 1, 1, 2], [1, 2, 1, 3], [1, 3, 1, 4], [1, 4, 1, 5], [1, 5, 1, 6], [1, 6, 1, 7], [1, 7, 1, 8], [1, 8, 1, 9], [1, 9, 2, 9], [2, 9, 3, 9], [3, 9, 4, 9], [4, 9, 5, 9], [5, 9, 5, 10], [5, 10, 6, 10], [6, 10, 6, 11], [6, 11, 7, 11], [7, 11, 7, 12], [7, 12, 6, 12], [6, 12, 5, 12], [5, 12, 4, 12], [4, 12, 4, 11], [4, 11, 4, 10], [4, 10, 3, 10], [3, 10, 3, 11], [3, 11, 2, 11], [2, 11, 2, 12], [2, 12, 1, 12], [1, 12, 1, 13], [1, 13, 1, 14]]}
META {"type": "geom", "shape": "tile", "group": "path", "data": [[1, 1], [1, 2], [1, 3], [1, 4], [1, 5], [1, 6], [1, 7], [1, 8], [1, 9], [2, 9], [3, 9], [4, 9], [5, 9], [5, 10], [6, 10], [6, 11], [7, 11], [7, 12], [6, 12], [5, 12], [4, 12], [4, 11], [4, 10], [3, 10], [3, 11], [2, 11], [2, 12], [1, 12], [1, 13], [1, 14]]}
META {"type": "geom", "shape": "line", "group": "offpath", "data": [[9, 9, 8, 9], [9, 6, 9, 5], [9, 7, 9, 8], [9, 8, 9, 7], [9, 5, 9, 6], [8, 9, 9, 9], [8, 13, 8, 12], [8, 12, 8, 13], [10, 9, 10, 10], [10, 10, 11, 10], [6, 6, 6, 5], [6, 14, 5, 14], [6, 7, 6, 6], [6, 5, 5, 5], [11, 9, 10, 9], [11, 10, 11, 9], [4, 2, 5, 2], [4, 6, 4, 7], [4, 7, 4, 8], [4, 8, 5, 8], [4, 5, 4, 6], [5, 2, 4, 2], [5, 14, 6, 14], [5, 7, 6, 7], [5, 8, 5, 7], [5, 5, 4, 5], [7, 9, 7, 10], [7, 10, 7, 9]]}
