XXXXXXXXXXXXXXXX
XXXXXXXXXXXXXXXX
XXXX}XXX-XXX--XX
XX---XXX------XX
XX--#-------X-XX
XX-----#----XXXX
XX---#-------XXX
XXX----------XXX
XXX-#-----X--XXX
XXX----XXXX---XX
XXXX---XXXX-#-XX
XXXXXX-XXX----XX
XXXXXXX---#---XX
XXXXXXX##-----XX
XXXXXXX----XX-XX
XXXXX------XX-XX
XXXXXXX-XX--X-XX
XXXXXXX--X----XX
XXXXX-----X---XX
XXXXX--XXXX-XXXX
XXX-----XXX--XXX
XXX-----XXX--XXX
XXX----XXXX---XX
XX--XXXXXXX-#-XX
XX---XXXXXX---XX
XX-#-XXXX----XXX
XX---XXXX---XXXX
XXX---------XXXX
XXX---XXX----XXX
XXXXXXXXX-{--XXX
XXXXXXXXXXXXXXXX
XXXXXXXXXXXXXXXX
META {"type": "solver", "id": "pysat-rc2", "objective": 0}
META {"type": "geom", "shape": "path", "group": "path", "data": [[29, 10, 25, 10], [25, 10, 25, 12], [25, 12, 24, 12], [24, 12, 24, 11], [24, 11, 24, 13], [24, 13, 22, 13], [22, 13, 22, 11], [22, 11, 16, 11], [16, 11, 16, 10], [16, 10, 17, 10], [17, 10, 13, 10], [13, 10, 13, 9], [13, 9, 13, 13], [13, 13, 9, 13], [9, 13, 9, 11], [9, 11, 3, 11], [3, 11, 3, 13], [3, 13, 4, 13], [4, 13, 2, 13], [2, 13, 2, 12], [2, 12, 3, 12], [3, 12, 3, 8], [3, 8, 2, 8], [2, 8, 8, 8], [8, 8, 8, 9], [8, 9, 8, 5], [8, 5, 10, 5], [10, 5, 10, 4], [10, 4, 10, 6], [10, 6, 4, 6], [4, 6, 4, 5], [4, 5, 5, 5], [5, 5, 5, 6], [5, 6, 5, 2], [5, 2, 3, 2], [3, 2, 3, 4], [3, 4, 2, 4]]}
META {"type": "geom", "shape": "tile", "group": "path", "data": [[29, 10], [28, 10], [27, 10], [26, 10], [25, 10], [25, 11], [25, 12], [24, 12], [24, 11], [24, 12], [24, 13], [23, 13], [22, 13], [22, 12], [22, 11], [21, 11], [20, 11], [19, 11], [18, 11], [17, 11], [16, 11], [16, 10], [17, 10], [16, 10], [15, 10], [14, 10], [13, 10], [13, 9], [13, 10], [13, 11], [13, 12], [13, 13], [12, 13], [11, 13], [10, 13], [9, 13], [9, 12], [9, 11], [8, 11], [7, 11], [6, 11], [5, 11], [4, 11], [3, 11], [3, 12], [3, 13], [4, 13], [3, 13], [2, 13], [2, 12], [3, 12], [3, 11], [3, 10], [3, 9], [3, 8], [2, 8], [3, 8], [4, 8], [5, 8], [6, 8], [7, 8], [8, 8], [8, 9], [8, 8], [8, 7], [8, 6], [8, 5], [9, 5], [10, 5], [10, 4], [10, 5], [10, 6], [9, 6], [8, 6], [7, 6], [6, 6], [5, 6], [4, 6], [4, 5], [5, 5], [5, 6], [5, 5], [5, 4], [5, 3], [5, 2], [4, 2], [3, 2], [3, 3], [3, 4], [2, 4]]}
META {"type": "geom", "shape": "line", "group": "offpath", "data": [[13, 12, 11, 12], [23, 3, 23, 2], [23, 2, 23, 3], [9, 3, 3, 3], [17, 12, 18, 12], [26, 9, 26, 11], [26, 4, 26, 2], [26, 3, 28, 3], [26, 11, 26, 9], [26, 2, 26, 4], [28, 12, 29, 12], [28, 3, 28, 5], [28, 5, 27, 5], [29, 9, 25, 9], [29, 12, 28, 12], [6, 4, 6, 2], [6, 2, 6, 4], [3, 3, 9, 3], [11, 12, 13, 12], [18, 12, 17, 12], [18, 5, 22, 5], [18, 6, 18, 5], [25, 9, 29, 9], [22, 5, 22, 6], [22, 6, 18, 6], [24, 4, 24, 2], [24, 2, 24, 4], [21, 3, 21, 7], [21, 7, 21, 3], [27, 3, 26, 3], [27, 5, 27, 3], [19, 5, 19, 6], [19, 6, 19, 5]]}
