XXXXXXXXXXXXXXXX
XXXXXXXXXXXXXXXX
XXXX-----XXXXXXX
XXX----#--XXXXXX
XXX-------XXX}XX
XX--X-X-------XX
XXXXXXX-##---XXX
XXXXXXX-----XXXX
XXX----------XXX
XXX-------X--XXX
XXXX----XXX---XX
XXXX-XXXXXX##-XX
XXXX-XXXXXX---XX
XXXX-XXXXXX--XXX
XXXX--XXXX-XXXXX
XXX---XXX---XXXX
XXXXX-------XXXX
XXXXX---XXX--XXX
XXXXX-XXXXXX-XXX
XXXXX-XXXXXX--XX
XXXXXXXXXX--#-XX
XXXXXXXXX-X---XX
XX-XXXX---XX--XX
XX--XXXX---X--XX
XX--XXXX-#--#-XX
XXX--XXX------XX
XXXX-XXX--{--XXX
XXXX-----XXXXXXX
XXXXX-----XXXXXX
XXXXX--X--XXXXXX
XXXXXXXXXXXXXXXX
XXXXXXXXXXXXXXXX
META {"type": "solver", "id": "pysat-rc2", "objective": 0}
META {"type": "geom", "shape": "path", "group": "path", "data": [[26, 10, 26, 8], [26, 8, 26, 12], [26, 12, 25, 12], [25, 12, 25, 13], [25, 13, 19, 13], [19, 13, 19, 12], [19, 12, 17, 12], [17, 12, 17, 11], [17, 11, 15, 11], [15, 11, 15, 9], [15, 9, 16, 9], [16, 9, 16, 5], [16, 5, 14, 5], [14, 5, 14, 4], [14, 4, 8, 4], [8, 4, 8, 3], [8, 3, 9, 3], [9, 3, 9, 9], [9, 9, 7, 9], [7, 9, 7, 7], [7, 7, 7, 11], [7, 11, 5, 11], [5, 11, 5, 13], [5, 13, 4, 13]]}
META {"type": "geom", "shape": "tile", "group": "path", "data": [[26, 10], [26, 9], [26, 8], [26, 9], [26, 10], [26, 11], [26, 12], [25, 12], [25, 13], [24, 13], [23, 13], [22, 13], [21, 13], [20, 13], [19, 13], [19, 12], [18, 12], [17, 12], [17, 11], [16, 11], [15, 11], [15, 10], [15, 9], [16, 9], [16, 8], [16, 7], [16, 6], [16, 5], [15, 5], [14, 5], [14, 4], [13, 4], [12, 4], [11, 4], [10, 4], [9, 4], [8, 4], [8, 3], [9, 3], [9, 4], [9, 5], [9, 6], [9, 7], [9, 8], [9, 9], [8, 9], [7, 9], [7, 8], [7, 7], [7, 8], [7, 9], [7, 10], [7, 11], [6, 11], [5, 11], [5, 12], [5, 13], [4, 13]]}
META {"type": "geom", "shape": "line", "group": "offpath", "data": [[17, 6, 16, 6], [17, 5, 17, 7], [17, 7, 17, 5], [22, 8, 22, 7], [22, 9, 21, 9], [22, 2, 24, 2], [22, 12, 22, 13], [22, 13, 22, 12], [22, 7, 22, 9], [23, 8, 22, 8], [23, 9, 23, 8], [23, 2, 22, 2], [23, 3, 23, 2], [10, 5, 8, 5], [10, 12, 8, 12], [10, 7, 4, 7], [14, 10, 16, 10], [2, 8, 2, 4], [2, 4, 4, 4], [8, 5, 10, 5], [8, 12, 10, 12], [5, 9, 3, 9], [5, 12, 6, 12], [5, 3, 3, 3], [29, 8, 29, 9], [29, 9, 28, 9], [29, 6, 27, 6], [29, 5, 29, 6], [13, 11, 13, 12], [13, 12, 12, 12], [20, 11, 20, 10], [20, 10, 20, 11], [3, 8, 2, 8], [3, 9, 3, 8], [3, 3, 5, 3], [16, 10, 14, 10], [16, 6, 17, 6], [6, 12, 5, 12], [25, 3, 23, 3], [27, 8, 29, 8], [27, 6, 27, 4], [27, 4, 27, 8], [21, 9, 23, 9], [4, 9, 5, 9], [4, 4, 4, 3], [4, 3, 4, 9], [4, 7, 10, 7], [12, 11, 13, 11], [12, 12, 12, 13], [12, 13, 12, 11], [28, 9, 28, 5], [28, 5, 29, 5], [24, 2, 24, 3], [24, 3, 25, 3]]}
