--------------------------------
--------------------------------
----------X--XX---Q--X--X-------
---------------------------XX---
--------------------------------
-------------X------------------
------------------X-------Q--Q--
---------------------Q----------
--------------------------------
--------------------------XX----
-------------------X------------
-----------X--------------------
----------XX--X-----------------
---------XXX--XX--------<>------
-{------XXXX--XXX-------[]----}-
XXXXXXXXXXXXXXXXXXXX--XXXXXXXXXX
META {"type": "solver", "id": "pysat-rc2", "objective": 0}
META {"type": "geom", "shape": "path", "group": "path", "data": [[14, 1, 10, 2], [10, 2, 11, 3], [11, 3, 12, 2], [12, 2, 13, 2], [13, 2, 14, 2], [14, 2, 11, 4], [11, 4, 12, 5], [12, 5, 13, 5], [13, 5, 14, 6], [14, 6, 10, 10], [10, 10, 11, 10], [11, 10, 7, 10], [7, 10, 8, 9], [8, 9, 9, 10], [9, 10, 10, 11], [10, 11, 7, 14], [7, 14, 8, 15], [8, 15, 9, 16], [9, 16, 10, 16], [10, 16, 11, 17], [11, 17, 12, 18], [12, 18, 13, 17], [13, 17, 14, 17], [14, 17, 13, 16], [13, 16, 12, 15], [12, 15, 8, 19], [8, 19, 9, 20], [9, 20, 10, 20], [10, 20, 11, 21], [11, 21, 12, 21], [12, 21, 13, 20], [13, 20, 14, 19], [14, 19, 10, 15], [10, 15, 11, 14], [11, 14, 7, 18], [7, 18, 8, 18], [8, 18, 9, 19], [9, 19, 6, 19], [6, 19, 7, 20], [7, 20, 8, 20], [8, 20, 9, 21], [9, 21, 10, 22], [10, 22, 11, 22], [11, 22, 12, 23], [12, 23, 13, 22], [13, 22, 14, 23], [14, 23, 10, 24], [10, 24, 11, 25], [11, 25, 12, 25], [12, 25, 9, 25], [9, 25, 10, 25], [10, 25, 11, 26], [11, 26, 12, 26], [12, 26, 13, 26], [13, 26, 14, 26], [14, 26, 12, 27], [12, 27, 13, 27], [13, 27, 14, 27], [14, 27, 12, 29], [12, 29, 13, 28], [13, 28, 14, 29], [14, 29, 13, 29], [13, 29, 14, 28], [14, 28, 10, 31], [10, 31, 11, 31], [11, 31, 12, 31], [12, 31, 13, 30], [13, 30, 14, 30]]}
META {"type": "geom", "shape": "tile", "group": "path", "data": [[14, 1], [13, 1], [12, 1], [11, 1], [10, 1], [10, 2], [11, 2], [11, 3], [12, 3], [12, 2], [13, 2], [14, 2], [13, 2], [13, 3], [12, 3], [12, 4], [11, 4], [12, 4], [12, 5], [13, 5], [14, 5], [14, 6], [13, 6], [13, 7], [12, 7], [12, 8], [11, 8], [11, 9], [10, 9], [10, 10], [11, 10], [10, 10], [9, 10], [8, 10], [7, 10], [8, 10], [8, 9], [9, 9], [9, 10], [10, 10], [10, 11], [9, 11], [9, 12], [8, 12], [8, 13], [7, 13], [7, 14], [8, 14], [8, 15], [9, 15], [9, 16], [10, 16], [11, 16], [11, 17], [12, 17], [12, 18], [13, 18], [13, 17], [14, 17], [13, 17], [13, 16], [12, 16], [12, 15], [11, 15], [11, 16], [10, 16], [10, 17], [9, 17], [9, 18], [8, 18], [8, 19], [9, 19], [9, 20], [10, 20], [11, 20], [11, 21], [12, 21], [13, 21], [13, 20], [14, 20], [14, 19], [13, 19], [13, 18], [12, 18], [12, 17], [11, 17], [11, 16], [10, 16], [10, 15], [11, 15], [11, 14], [10, 14], [10, 15], [9, 15], [9, 16], [8, 16], [8, 17], [7, 17], [7, 18], [8, 18], [9, 18], [9, 19], [8, 19], [7, 19], [6, 19], [7, 19], [7, 20], [8, 20], [9, 20], [9, 21], [10, 21], [10, 22], [11, 22], [12, 22], [12, 23], [13, 23], [13, 22], [14, 22], [14, 23], [13, 23], [12, 23], [11, 23], [10, 23], [10, 24], [11, 24], [11, 25], [12, 25], [11, 25], [10, 25], [9, 25], [10, 25], [11, 25], [11, 26], [12, 26], [13, 26], [14, 26], [13, 26], [13, 27], [12, 27], [13, 27], [14, 27], [13, 27], [13, 28], [12, 28], [12, 29], [13, 29], [13, 28], [14, 28], [14, 29], [13, 29], [14, 29], [14, 28], [13, 28], [13, 29], [12, 29], [12, 30], [11, 30], [11, 31], [10, 31], [11, 31], [12, 31], [13, 31], [13, 30], [14, 30]]}
META {"type": "geom", "shape": "line", "group": "offpath", "data": [[2, 28, 0, 26], [2, 26, 3, 26], [2, 25, 3, 24], [2, 27, 0, 25], [2, 12, 3, 12], [2, 16, 3, 17], [12, 0, 13, 1], [12, 24, 8, 21], [12, 19, 13, 18], [12, 30, 13, 31], [0, 13, 1, 13], [0, 26, 1, 25], [0, 24, 1, 24], [0, 15, 1, 16], [0, 25, 1, 26], [0, 11, 1, 10], [0, 17, 1, 18], [5, 29, 1, 28], [5, 26, 1, 27], [5, 22, 6, 21], [5, 24, 6, 24], [5, 18, 1, 14], [5, 25, 6, 25], [8, 26, 4, 30], [8, 27, 4, 26], [8, 21, 9, 22], [13, 31, 14, 31], [13, 1, 14, 0], [13, 18, 14, 18], [9, 22, 10, 23], [7, 26, 8, 27], [7, 25, 8, 26], [6, 24, 7, 25], [6, 25, 7, 26], [6, 21, 3, 21], [10, 0, 11, 1], [10, 28, 11, 29], [10, 23, 11, 23], [3, 26, 4, 25], [3, 24, 4, 23], [3, 12, 4, 13], [3, 21, 4, 22], [3, 17, 4, 18], [11, 29, 12, 30], [11, 1, 12, 0], [11, 23, 12, 24], [4, 13, 1, 11], [4, 26, 5, 26], [4, 22, 5, 22], [4, 18, 5, 18], [4, 25, 5, 25], [4, 23, 5, 24], [4, 30, 5, 29], [14, 0, 10, 0], [14, 31, 10, 28], [14, 18, 12, 19], [1, 13, 0, 13], [1, 28, 2, 28], [1, 26, 2, 26], [1, 24, 0, 24], [1, 18, 0, 17], [1, 25, 2, 25], [1, 27, 2, 27], [1, 14, 0, 15], [1, 11, 2, 12], [1, 10, 0, 11], [1, 16, 2, 16]]}
