--------------------------------
--------------------------------
--------------------------------
--------------XQX--Q------------
--------------------------------
---------Q---------------XXXXX--
--------------------------------
---------------Q---------XXXXX--
-----X--------------------------
--------------------XQX---------
------------<>------------------
--X---------[]------------------
------------[]-----XX-----------
------------[]----XXX----XX-----
-{----------[]---XXXX---XXX---}-
XXXXXXXXXXXXXXXXXXXXXXXXXXXXXXXX
META {"type": "solver", "id": "pysat-rc2", "objective": 0}
META {"type": "geom", "shape": "path", "group": "path", "data": [[14, 1, 12, 0], [12, 0, 13, 1], [13, 1, 14, 0], [14, 0, 12, 2], [12, 2, 13, 2], [13, 2, 14, 3], [14, 3, 10, 2], [10, 2, 6, 6], [6, 6, 7, 5], [7, 5, 3, 9], [3, 9, 4, 9], [4, 9, 0, 13], [0, 13, 1, 14], [1, 14, 2, 14], [2, 14, 0, 14], [0, 14, 1, 15], [1, 15, 2, 16], [2, 16, 0, 18], [0, 18, 1, 19], [1, 19, 2, 20], [2, 20, 3, 20], [3, 20, 4, 19], [4, 19, 5, 18], [5, 18, 6, 17], [6, 17, 7, 17], [7, 17, 8, 16], [8, 16, 9, 15], [9, 15, 10, 16], [10, 16, 11, 17], [11, 17, 12, 18], [12, 18, 8, 18], [8, 18, 9, 18], [9, 18, 10, 19], [10, 19, 11, 20], [11, 20, 10, 21], [10, 21, 11, 22], [11, 22, 12, 23], [12, 23, 13, 24], [13, 24, 12, 25], [12, 25, 8, 28], [8, 28, 9, 27], [9, 27, 10, 28], [10, 28, 11, 27], [11, 27, 12, 26], [12, 26, 10, 27], [10, 27, 11, 28], [11, 28, 12, 28], [12, 28, 13, 29], [13, 29, 14, 28], [14, 28, 13, 28], [13, 28, 14, 29], [14, 29, 12, 29], [12, 29, 13, 30], [13, 30, 14, 31], [14, 31, 11, 29], [11, 29, 12, 30], [12, 30, 13, 31], [13, 31, 14, 30]]}
META {"type": "geom", "shape": "tile", "group": "path", "data": [[14, 1], [13, 1], [13, 0], [12, 0], [13, 0], [13, 1], [14, 1], [14, 0], [13, 0], [13, 1], [12, 1], [12, 2], [13, 2], [14, 2], [14, 3], [13, 3], [12, 3], [11, 3], [10, 3], [10, 2], [9, 2], [9, 3], [8, 3], [8, 4], [7, 4], [7, 5], [6, 5], [6, 6], [7, 6], [7, 5], [6, 5], [6, 6], [5, 6], [5, 7], [4, 7], [4, 8], [3, 8], [3, 9], [4, 9], [3, 9], [3, 10], [2, 10], [2, 11], [1, 11], [1, 12], [0, 12], [0, 13], [1, 13], [1, 14], [2, 14], [1, 14], [0, 14], [1, 14], [1, 15], [2, 15], [2, 16], [1, 16], [1, 17], [0, 17], [0, 18], [1, 18], [1, 19], [2, 19], [2, 20], [3, 20], [4, 20], [4, 19], [5, 19], [5, 18], [6, 18], [6, 17], [7, 17], [8, 17], [8, 16], [9, 16], [9, 15], [10, 15], [10, 16], [11, 16], [11, 17], [12, 17], [12, 18], [11, 18], [10, 18], [9, 18], [8, 18], [9, 18], [10, 18], [10, 19], [11, 19], [11, 20], [10, 20], [10, 21], [11, 21], [11, 22], [12, 22], [12, 23], [13, 23], [13, 24], [12, 24], [12, 25], [11, 25], [11, 26], [10, 26], [10, 27], [9, 27], [9, 28], [8, 28], [9, 28], [9, 27], [10, 27], [10, 28], [11, 28], [11, 27], [12, 27], [12, 26], [11, 26], [11, 27], [10, 27], [11, 27], [11, 28], [12, 28], [13, 28], [13, 29], [14, 29], [14, 28], [13, 28], [14, 28], [14, 29], [13, 29], [12, 29], [13, 29], [13, 30], [14, 30], [14, 31], [13, 31], [13, 30], [12, 30], [12, 29], [11, 29], [12, 29], [12, 30], [13, 30], [13, 31], [14, 31], [14, 30]]}
META {"type": "geom", "shape": "line", "group": "offpath", "data": [[2, 26, 3, 27], [2, 28, 3, 29], [2, 29, 3, 28], [2, 24, 3, 25], [2, 19, 0, 21], [2, 21, 3, 21], [6, 16, 7, 16], [6, 22, 7, 22], [6, 15, 2, 19], [6, 21, 7, 20], [11, 23, 12, 24], [11, 15, 12, 16], [7, 16, 8, 15], [7, 22, 8, 21], [7, 20, 8, 20], [1, 25, 2, 24], [1, 21, 2, 21], [1, 30, 2, 29], [5, 15, 6, 16], [5, 21, 6, 22], [5, 14, 6, 15], [4, 26, 4, 25], [4, 16, 5, 15], [4, 28, 0, 31], [4, 29, 2, 28], [4, 25, 2, 26], [4, 20, 5, 21], [4, 27, 0, 26], [0, 26, 1, 25], [0, 31, 1, 30], [0, 21, 1, 21], [12, 16, 13, 17], [12, 24, 13, 23], [12, 14, 13, 15], [10, 23, 11, 23], [10, 15, 11, 15], [14, 2, 13, 3], [14, 23, 10, 23], [14, 15, 13, 16], [14, 14, 12, 14], [3, 28, 4, 28], [3, 29, 4, 29], [3, 25, 4, 26], [3, 27, 4, 27], [3, 21, 4, 20], [13, 17, 9, 13], [13, 16, 14, 15], [13, 3, 14, 2], [13, 23, 14, 23], [13, 15, 14, 14], [9, 14, 10, 15], [9, 12, 8, 12], [9, 13, 5, 14], [8, 20, 4, 16], [8, 15, 9, 14], [8, 21, 6, 21], [8, 12, 9, 12]]}
