XXXXXXXXXXXXXXXX
XXXXXXXXXXXXXXXX
XXXX---XXXXXXXXX
XX------XXXX}XXX
XXX-----XXXX--XX
XXX-#---XXX---XX
XXX----X----XXXX
XXX--#-XX----XXX
XXX-----X--X-XXX
XX----#---XXXXXX
XX-#------XXXXXX
XX---#-#--XXXXXX
XXX-------XXXXXX
XXX-X-X-##--XXXX
XXXXXXX-----XXXX
XXXXXXX---##--XX
XXXXXXX-------XX
XXXXXXX-----XXXX
XXXXX----XX--XXX
XXXXX--X--X--XXX
XX--XXXX---#-XXX
XX--XXXX##---XXX
XXX-XXXX--#---XX
XXXX--------X-XX
XXXX--------XXXX
XX-----##-#--XXX
XX--{--------XXX
XXXXXXX-------XX
XXXXXXX##-XXX-XX
XXXXXXX--XXXXXXX
XXXXXXXXXXXXXXXX
XXXXXXXXXXXXXXXX
META {"type": "solver", "id": "pysat-rc2", "objective": 0}
META {"type": "geom", "shape": "path", "group": "path", "data": [[26, 4, 26, 2], [26, 2, 26, 12], [26, 12, 27, 12], [27, 12, 25, 12], [25, 12, 25, 11], [25, 11, 27, 11], [27, 11, 21, 11], [21, 11, 21, 12], [21, 12, 22, 12], [22, 12, 18, 12], [18, 12, 18, 11], [18, 11, 16, 11], [16, 11, 16, 13], [16, 13, 16, 7], [16, 7, 18, 7], [18, 7, 18, 5], [18, 5, 19, 5], [19, 5, 19, 6], [19, 6, 18, 6], [18, 6, 18, 8], [18, 8, 20, 8], [20, 8, 14, 8], [14, 8, 14, 7], [14, 7, 12, 7], [12, 7, 12, 3], [12, 3, 13, 3], [13, 3, 11, 3], [11, 3, 11, 4], [11, 4, 12, 4], [12, 4, 6, 4], [6, 4, 6, 6], [6, 6, 2, 6], [2, 6, 2, 4], [2, 4, 4, 4], [4, 4, 4, 3], [4, 3, 3, 3], [3, 3, 9, 3], [9, 3, 9, 5], [9, 5, 8, 5], [8, 5, 10, 5], [10, 5, 10, 9], [10, 9, 6, 9], [6, 9, 6, 11], [6, 11, 7, 11], [7, 11, 5, 11], [5, 11, 5, 13], [5, 13, 4, 13], [4, 13, 4, 12], [4, 12, 3, 12]]}
META {"type": "geom", "shape": "tile", "group": "path", "data": [[26, 4], [26, 3], [26, 2], [26, 3], [26, 4], [26, 5], [26, 6], [26, 7], [26, 8], [26, 9], [26, 10], [26, 11], [26, 12], [27, 12], [26, 12], [25, 12], [25, 11], [26, 11], [27, 11], [26, 11], [25, 11], [24, 11], [23, 11], [22, 11], [21, 11], [21, 12], [22, 12], [21, 12], [20, 12], [19, 12], [18, 12], [18, 11], [17, 11], [16, 11], [16, 12], [16, 13], [16, 12], [16, 11], [16, 10], [16, 9], [16, 8], [16, 7], [17, 7], [18, 7], [18, 6], [18, 5], [19, 5], [19, 6], [18, 6], [18, 7], [18, 8], [19, 8], [20, 8], [19, 8], [18, 8], [17, 8], [16, 8], [15, 8], [14, 8], [14, 7], [13, 7], [12, 7], [12, 6], [12, 5], [12, 4], [12, 3], [13, 3], [12, 3], [11, 3], [11, 4], [12, 4], [11, 4], [10, 4], [9, 4], [8, 4], [7, 4], [6, 4], [6, 5], [6, 6], [5, 6], [4, 6], [3, 6], [2, 6], [2, 5], [2, 4], [3, 4], [4, 4], [4, 3], [3, 3], [4, 3], [5, 3], [6, 3], [7, 3], [8, 3], [9, 3], [9, 4], [9, 5], [8, 5], [9, 5], [10, 5], [10, 6], [10, 7], [10, 8], [10, 9], [9, 9], [8, 9], [7, 9], [6, 9], [6, 10], [6, 11], [7, 11], [6, 11], [5, 11], [5, 12], [5, 13], [4, 13], [4, 12], [3, 12]]}
META {"type": "geom", "shape": "line", "group": "offpath", "data": [[28, 9, 22, 9], [12, 6, 10, 6], [21, 3, 22, 3], [21, 10, 20, 10], [21, 2, 21, 3], [27, 8, 26, 8], [27, 7, 27, 13], [27, 13, 27, 7], [24, 8, 22, 8], [6, 10, 8, 10], [14, 10, 13, 10], [14, 11, 13, 11], [9, 2, 11, 2], [3, 7, 5, 7], [20, 3, 20, 2], [20, 10, 21, 10], [20, 2, 21, 2], [15, 7, 15, 9], [15, 9, 15, 7], [26, 8, 27, 8], [10, 6, 12, 6], [10, 7, 8, 7], [19, 12, 19, 11], [19, 11, 19, 12], [17, 7, 17, 11], [17, 11, 17, 7], [25, 6, 25, 2], [25, 2, 25, 6], [22, 8, 24, 8], [22, 3, 20, 3], [22, 11, 22, 13], [22, 9, 28, 9], [22, 13, 22, 11], [13, 10, 14, 10], [13, 11, 14, 11], [8, 7, 10, 7], [8, 10, 6, 10], [11, 8, 11, 9], [11, 9, 11, 8], [11, 2, 9, 2], [5, 7, 3, 7]]}
