XXXXXXXXXXXXXXXX
XX--}XXX-X---XXX
XX-XXXXXX-XXX-XX
X--XXXXXX----XXX
X-X---------XXXX
X-X-X---XX--XXXX
X-X-----XX----XX
X------X--XX-X-X
X---XX---XXXX--X
X--XXXX--XXXXX-X
X--XXXX--XXXXX-X
X--------XXX{--X
X--------XXXXX-X
X--------XXXXX-X
X--------------X
XXXXXXXXXXXXXXXX
META {"type": "solver", "id": "pysat-rc2", "objective": 0}
META {"type": "geom", "shape": "path", "group": "path", "data": [[11, 12, 11, 13], [11, 13, 11, 14], [11, 14, 12, 14], [12, 14, 13, 14], [13, 14, 14, 14], [14, 14, 14, 13], [14, 13, 14, 12], [14, 12, 14, 11], [14, 11, 14, 10], [14, 10, 14, 9], [14, 9, 14, 8], [14, 8, 13, 8], [13, 8, 12, 8], [12, 8, 11, 8], [11, 8, 10, 8], [10, 8, 9, 8], [9, 8, 8, 8], [8, 8, 8, 7], [8, 7, 8, 6], [8, 6, 7, 6], [7, 6, 7, 5], [7, 5, 7, 4], [7, 4, 7, 3], [7, 3, 7, 2], [7, 2, 7, 1], [7, 1, 6, 1], [6, 1, 5, 1], [5, 1, 4, 1], [4, 1, 3, 1], [3, 1, 3, 2], [3, 2, 2, 2], [2, 2, 1, 2], [1, 2, 1, 3], [1, 3, 1, 4]]}
