--------------------------------
--------------------------------
--X--------------------------X--
--------------------------------
--------------------------------
----------X--X------------------
----------------XXXXXX--X-------
------Q-------------------------
--------------------------------
-----------<>-----------X-------
-----------[]--------------Q----
-----------[]-------------------
-------Q---[]-------XX--X-------
-----------[]------XXX--XX------
-{---------[]-----XXXX--XXX---}-
XXXXXX--XXXXXXXXXXXXXXXXXXXXXXXX
META {"type": "solver", "id": "pysat-rc2", "objective": 0}
META {"type": "geom", "shape": "path", "group": "path", "data": [[14, 1, 12, 0], [12, 0, 13, 1], [13, 1, 14, 0], [14, 0, 11, 3], [11, 3, 12, 2], [12, 2, 13, 3], [13, 3, 14, 2], [14, 2, 11, 4], [11, 4, 12, 5], [12, 5, 13, 6], [13, 6, 14, 5], [14, 5, 13, 5], [13, 5, 14, 4], [14, 4, 12, 3], [12, 3, 13, 2], [13, 2, 14, 3], [14, 3, 10, 6], [10, 6, 11, 6], [11, 6, 12, 6], [12, 6, 13, 7], [13, 7, 14, 8], [14, 8, 10, 8], [10, 8, 11, 8], [11, 8, 12, 9], [12, 9, 13, 10], [13, 10, 14, 10], [14, 10, 11, 7], [11, 7, 7, 11], [7, 11, 8, 11], [8, 11, 4, 11], [4, 11, 5, 12], [5, 12, 6, 12], [6, 12, 7, 13], [7, 13, 8, 12], [8, 12, 4, 13], [4, 13, 0, 17], [0, 17, 1, 18], [1, 18, 2, 18], [2, 18, 3, 17], [3, 17, 4, 16], [4, 16, 5, 17], [5, 17, 1, 20], [1, 20, 2, 20], [2, 20, 3, 21], [3, 21, 4, 20], [4, 20, 5, 21], [5, 21, 1, 21], [1, 21, 2, 22], [2, 22, 3, 22], [3, 22, 4, 23], [4, 23, 5, 24], [5, 24, 1, 24], [1, 24, 2, 23], [2, 23, 3, 23], [3, 23, 4, 24], [4, 24, 5, 25], [5, 25, 6, 26], [6, 26, 7, 26], [7, 26, 8, 26], [8, 26, 9, 27], [9, 27, 5, 27], [5, 27, 6, 27], [6, 27, 7, 27], [7, 27, 8, 28], [8, 28, 9, 29], [9, 29, 10, 29], [10, 29, 11, 30], [11, 30, 12, 30], [12, 30, 13, 31], [13, 31, 14, 30]]}
META {"type": "geom", "shape": "tile", "group": "path", "data": [[14, 1], [13, 1], [13, 0], [12, 0], [13, 0], [13, 1], [14, 1], [14, 0], [13, 0], [13, 1], [12, 1], [12, 2], [11, 2], [11, 3], [12, 3], [12, 2], [13, 2], [13, 3], [14, 3], [14, 2], [13, 2], [13, 3], [12, 3], [12, 4], [11, 4], [12, 4], [12, 5], [13, 5], [13, 6], [14, 6], [14, 5], [13, 5], [14, 5], [14, 4], [13, 4], [13, 3], [12, 3], [13, 3], [13, 2], [14, 2], [14, 3], [13, 3], [13, 4], [12, 4], [12, 5], [11, 5], [11, 6], [10, 6], [11, 6], [12, 6], [13, 6], [13, 7], [14, 7], [14, 8], [13, 8], [12, 8], [11, 8], [10, 8], [11, 8], [12, 8], [12, 9], [13, 9], [13, 10], [14, 10], [13, 10], [13, 9], [12, 9], [12, 8], [11, 8], [11, 7], [10, 7], [10, 8], [9, 8], [9, 9], [8, 9], [8, 10], [7, 10], [7, 11], [8, 11], [7, 11], [6, 11], [5, 11], [4, 11], [5, 11], [5, 12], [6, 12], [7, 12], [7, 13], [8, 13], [8, 12], [7, 12], [6, 12], [5, 12], [4, 12], [4, 13], [3, 13], [3, 14], [2, 14], [2, 15], [1, 15], [1, 16], [0, 16], [0, 17], [1, 17], [1, 18], [2, 18], [3, 18], [3, 17], [4, 17], [4, 16], [5, 16], [5, 17], [4, 17], [4, 18], [3, 18], [3, 19], [2, 19], [2, 20], [1, 20], [2, 20], [3, 20], [3, 21], [4, 21], [4, 20], [5, 20], [5, 21], [4, 21], [3, 21], [2, 21], [1, 21], [2, 21], [2, 22], [3, 22], [4, 22], [4, 23], [5, 23], [5, 24], [4, 24], [3, 24], [2, 24], [1, 24], [2, 24], [2, 23], [3, 23], [4, 23], [4, 24], [5, 24], [5, 25], [6, 25], [6, 26], [7, 26], [8, 26], [9, 26], [9, 27], [8, 27], [7, 27], [6, 27], [5, 27], [6, 27], [7, 27], [8, 27], [8, 28], [9, 28], [9, 29], [10, 29], [11, 29], [11, 30], [12, 30], [13, 30], [13, 31], [14, 31], [14, 30]]}
META {"type": "geom", "shape": "line", "group": "offpath", "data": [[1, 15, 2, 15], [1, 29, 0, 29], [1, 2, 0, 2], [9, 20, 10, 20], [9, 19, 10, 19], [9, 23, 10, 23], [9, 15, 10, 15], [9, 22, 10, 21], [9, 31, 10, 31], [11, 14, 12, 13], [11, 20, 7, 17], [11, 16, 12, 17], [11, 17, 12, 16], [11, 24, 8, 22], [11, 21, 8, 19], [11, 26, 12, 25], [11, 28, 12, 27], [11, 29, 12, 28], [11, 18, 12, 19], [11, 31, 12, 31], [3, 15, 4, 15], [3, 6, 4, 6], [4, 19, 5, 18], [4, 15, 5, 16], [4, 6, 5, 6], [4, 28, 5, 29], [14, 14, 13, 14], [14, 13, 11, 16], [14, 27, 12, 29], [14, 16, 13, 16], [14, 17, 10, 18], [14, 15, 14, 14], [14, 28, 11, 28], [14, 29, 11, 26], [14, 31, 10, 30], [6, 30, 7, 30], [6, 6, 2, 7], [12, 13, 13, 13], [12, 25, 8, 24], [12, 27, 13, 27], [12, 16, 13, 17], [12, 19, 9, 19], [12, 17, 13, 18], [12, 28, 13, 29], [12, 29, 13, 28], [12, 31, 13, 30], [0, 29, 1, 29], [0, 2, 1, 2], [5, 16, 1, 15], [5, 19, 4, 19], [5, 6, 6, 6], [5, 29, 6, 30], [5, 18, 5, 19], [13, 14, 14, 15], [13, 30, 14, 31], [13, 13, 14, 13], [13, 27, 14, 27], [13, 16, 14, 17], [13, 17, 14, 16], [13, 28, 14, 28], [13, 29, 14, 29], [13, 18, 9, 22], [10, 30, 11, 29], [10, 20, 11, 20], [10, 19, 11, 18], [10, 23, 11, 24], [10, 15, 11, 14], [10, 21, 11, 21], [10, 18, 11, 17], [10, 31, 11, 31], [8, 16, 9, 15], [8, 19, 9, 20], [8, 22, 9, 23], [8, 24, 4, 28], [8, 31, 9, 31], [2, 7, 3, 6], [2, 15, 3, 15], [7, 30, 8, 31], [7, 17, 8, 16]]}
