--------------------------------
--------------------------------
------------X------------Q------
---X------------------------Q---
--------------------------------
-------XXXX--XXXX---------------
--------------------------------
--Q-----------------------------
-----Q---X----------------------
--------------------------------
--------------------------------
----<>--------------------------
----[]-----------------X--------
----[]---XX-------XX---XX-------
-{--[]--XXX------XXX---XXX----}-
XXXXXXXXXXXXXXXXXXXXXXXXXXXXXXXX
META {"type": "solver", "id": "pysat-rc2", "objective": 0}
META {"type": "geom", "shape": "path", "group": "path", "data": [[14, 1, 10, 0], [10, 0, 11, 0], [11, 0, 12, 1], [12, 1, 13, 2], [13, 2, 14, 3], [14, 3, 12, 3], [12, 3, 13, 3], [13, 3, 14, 2], [14, 2, 12, 0], [12, 0, 13, 0], [13, 0, 14, 0], [14, 0, 10, 4], [10, 4, 6, 5], [6, 5, 7, 5], [7, 5, 3, 1], [3, 1, 4, 0], [4, 0, 5, 1], [5, 1, 6, 2], [6, 2, 2, 3], [2, 3, 0, 5], [0, 5, 1, 6], [1, 6, 2, 7], [2, 7, 3, 7], [3, 7, 4, 7], [4, 7, 4, 8], [4, 8, 0, 11], [0, 11, 1, 12], [1, 12, 0, 13], [0, 13, 1, 14], [1, 14, 2, 15], [2, 15, 3, 15], [3, 15, 4, 16], [4, 16, 2, 16], [2, 16, 3, 16], [3, 16, 4, 17], [4, 17, 5, 18], [5, 18, 6, 18], [6, 18, 7, 17], [7, 17, 8, 16], [8, 16, 9, 17], [9, 17, 10, 16], [10, 16, 11, 16], [11, 16, 12, 16], [12, 16, 13, 17], [13, 17, 12, 18], [12, 18, 8, 22], [8, 22, 9, 23], [9, 23, 10, 24], [10, 24, 11, 23], [11, 23, 7, 24], [7, 24, 8, 25], [8, 25, 9, 26], [9, 26, 10, 26], [10, 26, 11, 25], [11, 25, 12, 25], [12, 25, 13, 25], [13, 25, 10, 28], [10, 28, 11, 27], [11, 27, 12, 26], [12, 26, 13, 27], [13, 27, 14, 27], [14, 27, 11, 24], [11, 24, 12, 24], [12, 24, 8, 24], [8, 24, 9, 25], [9, 25, 10, 25], [10, 25, 11, 26], [11, 26, 12, 27], [12, 27, 13, 26], [13, 26, 14, 26], [14, 26, 10, 30], [10, 30, 11, 31], [11, 31, 12, 30], [12, 30, 13, 30], [13, 30, 14, 31], [14, 31, 10, 31], [10, 31, 11, 30], [11, 30, 12, 29], [12, 29, 13, 28], [13, 28, 14, 28], [14, 28, 14, 29], [14, 29, 14, 30]]}
META {"type": "geom", "shape": "tile", "group": "path", "data": [[14, 1], [13, 1], [12, 1], [11, 1], [10, 1], [10, 0], [11, 0], [12, 0], [12, 1], [13, 1], [13, 2], [14, 2], [14, 3], [13, 3], [12, 3], [13, 3], [14, 3], [14, 2], [13, 2], [13, 1], [12, 1], [12, 0], [13, 0], [14, 0], [13, 0], [13, 1], [12, 1], [12, 2], [11, 2], [11, 3], [10, 3], [10, 4], [9, 4], [8, 4], [7, 4], [6, 4], [6, 5], [7, 5], [6, 5], [6, 4], [5, 4], [5, 3], [4, 3], [4, 2], [3, 2], [3, 1], [4, 1], [4, 0], [5, 0], [5, 1], [6, 1], [6, 2], [5, 2], [4, 2], [3, 2], [2, 2], [2, 3], [1, 3], [1, 4], [0, 4], [0, 5], [1, 5], [1, 6], [2, 6], [2, 7], [3, 7], [4, 7], [4, 8], [3, 8], [3, 9], [2, 9], [2, 10], [1, 10], [1, 11], [0, 11], [1, 11], [1, 12], [0, 12], [0, 13], [1, 13], [1, 14], [2, 14], [2, 15], [3, 15], [4, 15], [4, 16], [3, 16], [2, 16], [3, 16], [4, 16], [4, 17], [5, 17], [5, 18], [6, 18], [7, 18], [7, 17], [8, 17], [8, 16], [9, 16], [9, 17], [10, 17], [10, 16], [11, 16], [12, 16], [13, 16], [13, 17], [12, 17], [12, 18], [11, 18], [11, 19], [10, 19], [10, 20], [9, 20], [9, 21], [8, 21], [8, 22], [9, 22], [9, 23], [10, 23], [10, 24], [11, 24], [11, 23], [10, 23], [9, 23], [8, 23], [7, 23], [7, 24], [8, 24], [8, 25], [9, 25], [9, 26], [10, 26], [11, 26], [11, 25], [12, 25], [13, 25], [12, 25], [12, 26], [11, 26], [11, 27], [10, 27], [10, 28], [11, 28], [11, 27], [12, 27], [12, 26], [13, 26], [13, 27], [14, 27], [13, 27], [13, 26], [12, 26], [12, 25], [11, 25], [11, 24], [12, 24], [11, 24], [10, 24], [9, 24], [8, 24], [9, 24], [9, 25], [10, 25], [11, 25], [11, 26], [12, 26], [12, 27], [13, 27], [13, 26], [14, 26], [13, 26], [13, 27], [12, 27], [12, 28], [11, 28], [11, 29], [10, 29], [10, 30], [11, 30], [11, 31], [12, 31], [12, 30], [13, 30], [14, 30], [14, 31], [13, 31], [12, 31], [11, 31], [10, 31], [11, 31], [11, 30], [12, 30], [12, 29], [13, 29], [13, 28], [14, 28], [14, 29], [14, 30]]}
META {"type": "geom", "shape": "line", "group": "offpath", "data": [[2, 28, 0, 26], [2, 8, 3, 9], [2, 10, 3, 11], [2, 13, 3, 14], [2, 14, 3, 13], [12, 8, 13, 8], [12, 22, 13, 22], [12, 21, 13, 21], [12, 19, 9, 19], [12, 10, 10, 10], [12, 12, 13, 11], [12, 9, 12, 8], [6, 10, 7, 11], [6, 9, 7, 9], [0, 24, 1, 25], [0, 26, 1, 27], [0, 9, 1, 9], [13, 11, 14, 12], [13, 16, 14, 15], [13, 8, 10, 5], [13, 22, 14, 21], [13, 21, 14, 20], [13, 12, 14, 13], [13, 13, 14, 14], [11, 22, 12, 22], [11, 10, 12, 10], [11, 20, 12, 21], [11, 9, 12, 9], [8, 11, 9, 10], [1, 11, 2, 10], [1, 27, 2, 28], [1, 25, 0, 24], [1, 15, 2, 14], [1, 13, 2, 13], [1, 9, 2, 8], [10, 23, 11, 22], [10, 19, 11, 20], [10, 5, 6, 9], [10, 10, 11, 9], [10, 9, 11, 10], [14, 11, 12, 12], [14, 16, 13, 16], [14, 15, 14, 16], [14, 21, 12, 19], [14, 12, 14, 11], [14, 13, 13, 12], [14, 14, 13, 13], [14, 20, 10, 23], [3, 11, 4, 10], [3, 13, 4, 13], [3, 14, 4, 15], [3, 9, 4, 9], [7, 11, 8, 11], [7, 9, 6, 10], [9, 19, 10, 19], [9, 10, 10, 9], [4, 15, 1, 13], [4, 10, 0, 9], [4, 13, 1, 15], [4, 9, 1, 11]]}
