XXXXXXXXXXXXXXXX
XXX----------XXX
X0-X--XXXXXX--1X
XXX---XXXXXX-XXX
XXX----------XXX
X---XX---------X
X-XXXXX--XXX---X
X-XXXXX--XXX---X
XX--XX--------XX
XX--------XXXX-X
X-X--X---------X
XX---X-XXX---XXX
XXXX-X----X--XXX
XXXX--XXXX---XXX
X2------------3X
XXXXXXXXXXXXXXXX
META {"type": "solver", "id": "pysat-rc2", "objective": 0}
META {"type": "geom", "shape": "path", "group": "path", "data": [[14, 1, 14, 2], [14, 2, 14, 3], [14, 3, 14, 4], [14, 4, 14, 5], [14, 5, 14, 6], [14, 6, 14, 7], [14, 7, 14, 8], [14, 8, 14, 9], [14, 9, 14, 10], [14, 10, 13, 10], [13, 10, 13, 11], [13, 11, 13, 12], [13, 12, 14, 12], [14, 12, 14, 13], [14, 13, 14, 14]]}
META {"type": "geom", "shape": "tile", "group": "path", "data": [[14, 1], [14, 2], [14, 3], [14, 4], [14, 5], [14, 6], [14, 7], [14, 8], [14, 9], [14, 10], [13, 10], [13, 11], [13, 12], [14, 12], [14, 13], [14, 14]]}
META {"type": "geom", "shape": "line", "group": "offpath", "data": [[6, 14, 5, 14], [9, 14, 10, 14], [9, 5, 9, 4], [9, 4, 9, 5], [9, 7, 9, 8], [9, 8, 9, 7], [12, 9, 12, 8], [12, 6, 12, 7], [12, 4, 11, 4], [12, 12, 11, 12], [12, 7, 12, 6], [12, 11, 11, 11], [12, 8, 12, 9], [10, 9, 10, 8], [10, 14, 9, 14], [10, 13, 10, 12], [10, 6, 10, 7], [10, 12, 10, 13], [10, 10, 10, 11], [10, 7, 10, 6], [10, 11, 10, 10], [10, 8, 10, 9], [5, 14, 6, 14], [5, 13, 5, 12], [5, 12, 5, 13], [8, 10, 8, 11], [8, 7, 8, 8], [8, 11, 8, 10], [8, 8, 8, 7], [7, 7, 7, 8], [7, 8, 7, 7], [11, 4, 12, 4], [11, 12, 12, 12], [11, 11, 12, 11]]}
