XXXXXXXXXXXXXXXX
XXX------X-XXXXX
X0--X---X-----1X
XXX-X--X--XXXXXX
XXX-X--X--XXXXXX
X---X--X-X-XXXXX
XX-----X-----XXX
XXXX-X----XXX-XX
XXXX-X-XXXXXX-XX
X----X-XXXXXX--X
XX-----XXXX----X
X---XXX-XX-X---X
XXXX---XXXXXXXXX
XXXX-X-XXXXXXXXX
X2------XX----3X
XXXXXXXXXXXXXXXX
META {"type": "solver", "id": "clingo-be", "objective": 0}
META {"type": "geom", "shape": "path", "group": "path", "data": [[2, 1, 2, 2], [2, 2, 2, 3], [2, 3, 3, 3], [3, 3, 4, 3], [4, 3, 5, 3], [5, 3, 6, 3], [6, 3, 6, 4], [6, 4, 7, 4], [7, 4, 8, 4], [8, 4, 9, 4], [9, 4, 10, 4], [10, 4, 10, 5], [10, 5, 10, 6], [10, 6, 9, 6], [9, 6, 8, 6], [8, 6, 7, 6], [7, 6, 7, 7], [7, 7, 7, 8], [7, 8, 6, 8], [6, 8, 5, 8], [5, 8, 4, 8], [4, 8, 3, 8], [3, 8, 3, 9], [3, 9, 2, 9], [2, 9, 2, 10], [2, 10, 2, 11], [2, 11, 2, 12], [2, 12, 2, 13], [2, 13, 2, 14]]}
META {"type": "geom", "shape": "tile", "group": "path", "data": [[2, 1], [2, 2], [2, 3], [3, 3], [4, 3], [5, 3], [6, 3], [6, 4], [7, 4], [8, 4], [9, 4], [10, 4], [10, 5], [10, 6], [9, 6], [8, 6], [7, 6], [7, 7], [7, 8], [6, 8], [5, 8], [4, 8], [3, 8], [3, 9], [2, 9], [2, 10], [2, 11], [2, 12], [2, 13], [2, 14]]}
META {"type": "geom", "shape": "line", "group": "offpath", "data": [[14, 10, 14, 11], [14, 11, 14, 10], [11, 12, 10, 12], [11, 14, 11, 13], [11, 13, 11, 12], [8, 13, 7, 13], [3, 6, 3, 5], [3, 5, 2, 5], [2, 6, 3, 6], [2, 5, 1, 5], [7, 13, 8, 13], [10, 12, 10, 13], [10, 3, 10, 2], [10, 14, 11, 14], [10, 2, 9, 2], [10, 13, 9, 13], [5, 6, 4, 6], [1, 6, 2, 6], [1, 3, 1, 4], [1, 7, 1, 8], [1, 4, 1, 3], [1, 8, 1, 7], [1, 5, 1, 6], [4, 6, 5, 6], [6, 10, 6, 9], [6, 9, 6, 10], [9, 3, 10, 3], [9, 14, 10, 14], [9, 2, 9, 3], [9, 13, 9, 14]]}
