XXXXXXXXXXXXXXXX
XXX---X-X---X-1X
X0-----------XXX
XXXXX--X---X-XXX
XXXXXXXXXXX---XX
XXXXXXXXXXX-XX-X
X--XX---XXX-XX-X
X-X-----XXX-XX-X
X-X-XX--XXX---XX
X-X-XX-X----X-XX
XX------------XX
X--X--XXXXXXX--X
XXXXXX-------XXX
XXXXXX-------XXX
X2-------XX---3X
XXXXXXXXXXXXXXXX
META {"type": "solver", "id": "pysat-rc2", "objective": 0}
META {"type": "geom", "shape": "path", "group": "path", "data": [[14, 1, 14, 2], [14, 2, 14, 3], [14, 3, 14, 4], [14, 4, 14, 5], [14, 5, 14, 6], [14, 6, 13, 6], [13, 6, 12, 6], [12, 6, 12, 7], [12, 7, 12, 8], [12, 8, 12, 9], [12, 9, 13, 9], [13, 9, 13, 10], [13, 10, 12, 10], [12, 10, 12, 11], [12, 11, 12, 12], [12, 12, 13, 12], [13, 12, 14, 12], [14, 12, 14, 13], [14, 13, 14, 14]]}
META {"type": "geom", "shape": "tile", "group": "path", "data": [[14, 1], [14, 2], [14, 3], [14, 4], [14, 5], [14, 6], [13, 6], [12, 6], [12, 7], [12, 8], [12, 9], [13, 9], [13, 10], [12, 10], [12, 11], [12, 12], [13, 12], [14, 12], [14, 13], [14, 14]]}
META {"type": "geom", "shape": "line", "group": "offpath", "data": [[9, 9, 9, 10], [9, 10, 10, 10], [14, 8, 14, 7], [14, 7, 14, 8], [10, 6, 10, 7], [10, 9, 9, 9], [10, 10, 10, 9], [10, 7, 10, 6]]}
