XXXXXXXXXXXXXXXX
XXXXX---------1X
X0------XX---XXX
XXX-XXX-XX---XXX
XXX----X-------X
X--XXXX-X-----XX
X-------X-----XX
X---XXX-X-----XX
XXXX-----X-----X
XXXXXXXXXXXXXXXX
XXXXXXXXXXXXXXXX
X-XX-------XXXXX
XXXXX-XXX-X-XXXX
XXXXX--------XXX
X2-----XX--XX-3X
XXXXXXXXXXXXXXXX
META {"type": "solver", "id": "pysat-rc2", "objective": 0}
META {"type": "geom", "shape": "path", "group": "path", "data": [[2, 1, 2, 2], [2, 2, 2, 3], [2, 3, 2, 4], [2, 4, 2, 5], [2, 5, 1, 5], [1, 5, 1, 6], [1, 6, 1, 7], [1, 7, 1, 8], [1, 8, 1, 9], [1, 9, 1, 10], [1, 10, 1, 11], [1, 11, 2, 11], [2, 11, 2, 12], [2, 12, 1, 12], [1, 12, 1, 13], [1, 13, 1, 14]]}
META {"type": "geom", "shape": "tile", "group": "path", "data": [[2, 1], [2, 2], [2, 3], [2, 4], [2, 5], [1, 5], [1, 6], [1, 7], [1, 8], [1, 9], [1, 10], [1, 11], [2, 11], [2, 12], [1, 12], [1, 13], [1, 14]]}
META {"type": "geom", "shape": "line", "group": "offpath", "data": [[6, 3, 6, 2], [6, 11, 7, 11], [6, 13, 5, 13], [6, 2, 6, 3], [6, 10, 7, 10], [6, 9, 5, 9], [7, 1, 7, 2], [7, 11, 6, 11], [7, 2, 7, 1], [7, 10, 6, 10], [5, 13, 6, 13], [5, 9, 6, 9], [14, 5, 14, 6], [14, 6, 14, 5], [3, 11, 4, 11], [3, 10, 3, 11], [8, 12, 8, 11], [8, 11, 8, 12], [8, 7, 8, 8], [8, 13, 8, 14], [8, 14, 8, 13], [8, 8, 8, 7], [4, 11, 4, 10], [4, 10, 3, 10], [11, 9, 11, 8], [11, 8, 11, 9]]}
