XXXXXXXXXXXXXXXX
X---}XXX-------X
X--XXXXXX-----XX
X--XXXXXXXXX---X
XX----XXXXXX-XXX
X------XXXXX-XXX
XX---XX-XXXXX--X
XX-XXXXX-XXXX-XX
X--XXXXX--XXX--X
X--------XXXXXXX
XX-X--X-XXXXXXXX
X--X----XXXX{--X
X--X-----XXXXX-X
XX--XXX--XXXXX-X
X--------------X
XXXXXXXXXXXXXXXX
META {"type": "solver", "id": "pysat-rc2-boolonly", "objective": 0}
META {"type": "geom", "shape": "path", "group": "path", "data": [[11, 12, 11, 13], [11, 13, 11, 14], [11, 14, 12, 14], [12, 14, 13, 14], [13, 14, 14, 14], [14, 14, 14, 13], [14, 13, 14, 12], [14, 12, 14, 11], [14, 11, 14, 10], [14, 10, 14, 9], [14, 9, 14, 8], [14, 8, 14, 7], [14, 7, 13, 7], [13, 7, 12, 7], [12, 7, 12, 6], [12, 6, 12, 5], [12, 5, 11, 5], [11, 5, 11, 6], [11, 6, 11, 7], [11, 7, 10, 7], [10, 7, 9, 7], [9, 7, 9, 6], [9, 6, 9, 5], [9, 5, 9, 4], [9, 4, 9, 3], [9, 3, 9, 2], [9, 2, 8, 2], [8, 2, 7, 2], [7, 2, 6, 2], [6, 2, 6, 3], [6, 3, 5, 3], [5, 3, 5, 2], [5, 2, 4, 2], [4, 2, 3, 2], [3, 2, 2, 2], [2, 2, 1, 2], [1, 2, 1, 3], [1, 3, 1, 4]]}
META {"type": "geom", "shape": "tile", "group": "path", "data": [[11, 12], [11, 13], [11, 14], [12, 14], [13, 14], [14, 14], [14, 13], [14, 12], [14, 11], [14, 10], [14, 9], [14, 8], [14, 7], [13, 7], [12, 7], [12, 6], [12, 5], [11, 5], [11, 6], [11, 7], [10, 7], [9, 7], [9, 6], [9, 5], [9, 4], [9, 3], [9, 2], [8, 2], [7, 2], [6, 2], [6, 3], [5, 3], [5, 2], [4, 2], [3, 2], [2, 2], [1, 2], [1, 3], [1, 4]]}
META {"type": "geom", "shape": "line", "group": "offpath", "data": [[3, 1, 2, 1], [8, 8, 7, 8], [12, 2, 11, 2], [12, 1, 12, 2], [7, 8, 8, 8], [1, 9, 1, 10], [1, 10, 1, 11], [1, 11, 2, 11], [14, 6, 14, 5], [14, 2, 14, 3], [14, 5, 14, 6], [14, 3, 13, 3], [11, 2, 11, 1], [11, 1, 12, 1], [13, 2, 14, 2], [13, 3, 13, 2], [2, 9, 1, 9], [2, 10, 2, 9], [2, 11, 2, 10], [2, 1, 3, 1]]}
