XXXXXXXXXXXXXXXX
X---}XXXX----XXX
X--XXXXX--X---XX
X--XXXXX-----X-X
XX-----------X-X
XX---XX------X-X
X---XXXX-XXX---X
XX--XXXX-------X
XXX-----XXX-X--X
XXX----XXXXXXXXX
XX-XXX-XXXXXXXXX
X--XXX--XXX{---X
X-------XXXXX-XX
XX------XXXXX-XX
X--------------X
XXXXXXXXXXXXXXXX
META {"type": "solver", "id": "pysat-rc2", "objective": 0}
META {"type": "geom", "shape": "path", "group": "path", "data": [[11, 11, 11, 12], [11, 12, 11, 13], [11, 13, 12, 13], [12, 13, 13, 13], [13, 13, 14, 13], [14, 13, 14, 12], [14, 12, 14, 11], [14, 11, 14, 10], [14, 10, 14, 9], [14, 9, 14, 8], [14, 8, 14, 7], [14, 7, 13, 7], [13, 7, 13, 6], [13, 6, 12, 6], [12, 6, 12, 7], [12, 7, 11, 7], [11, 7, 11, 6], [11, 6, 10, 6], [10, 6, 9, 6], [9, 6, 8, 6], [8, 6, 8, 5], [8, 5, 9, 5], [9, 5, 9, 4], [9, 4, 9, 3], [9, 3, 8, 3], [8, 3, 7, 3], [7, 3, 7, 2], [7, 2, 6, 2], [6, 2, 5, 2], [5, 2, 4, 2], [4, 2, 3, 2], [3, 2, 3, 1], [3, 1, 2, 1], [2, 1, 1, 1], [1, 1, 1, 2], [1, 2, 1, 3], [1, 3, 1, 4]]}
META {"type": "geom", "shape": "tile", "group": "path", "data": [[11, 11], [11, 12], [11, 13], [12, 13], [13, 13], [14, 13], [14, 12], [14, 11], [14, 10], [14, 9], [14, 8], [14, 7], [13, 7], [13, 6], [12, 6], [12, 7], [11, 7], [11, 6], [10, 6], [9, 6], [8, 6], [8, 5], [9, 5], [9, 4], [9, 3], [8, 3], [7, 3], [7, 2], [6, 2], [5, 2], [4, 2], [3, 2], [3, 1], [2, 1], [1, 1], [1, 2], [1, 3], [1, 4]]}
META {"type": "geom", "shape": "line", "group": "offpath", "data": [[5, 3, 5, 4], [5, 7, 4, 7], [5, 12, 6, 12], [5, 8, 5, 7], [5, 14, 4, 14], [5, 10, 5, 9], [5, 4, 5, 3], [5, 9, 5, 8], [1, 11, 2, 11], [1, 10, 1, 11], [1, 9, 1, 10], [6, 12, 5, 12], [6, 8, 7, 8], [6, 14, 6, 13], [6, 13, 6, 14], [2, 11, 3, 11], [2, 12, 3, 12], [2, 8, 2, 9], [2, 9, 1, 9], [8, 11, 7, 11], [8, 14, 8, 13], [8, 13, 8, 14], [7, 11, 8, 11], [7, 8, 6, 8], [7, 10, 7, 9], [7, 9, 7, 10], [4, 7, 4, 8], [4, 6, 4, 5], [4, 8, 3, 8], [4, 14, 5, 14], [4, 10, 5, 10], [4, 5, 4, 6], [4, 9, 4, 10], [14, 3, 14, 4], [14, 5, 13, 5], [14, 4, 14, 3], [11, 1, 12, 1], [11, 2, 12, 2], [13, 3, 12, 3], [13, 5, 14, 5], [13, 4, 12, 4], [3, 11, 3, 10], [3, 12, 2, 12], [3, 8, 2, 8], [3, 10, 3, 9], [3, 9, 4, 9], [12, 3, 13, 3], [12, 1, 11, 1], [12, 4, 13, 4], [12, 2, 11, 2]]}
