XXXXXXXXXXXXXXXX
XXXXXXXXXXXXXXXX
XXXXXX-XXX}XXXXX
XX-XXX-XXX-XXXXX
XX-XXX-----XXXXX
XXX-----XX----XX
XXX--#---X----XX
XXX----#---##-XX
XX--X---------XX
XX-XXX---##---XX
XX-XXX##----XXXX
XX------#--XXXXX
XX---------XXXXX
XXXX-#---#--XXXX
XXXX---#----XXXX
XXX-#-----#-XXXX
XXX-----------XX
XXX--X-#-X----XX
XX--XX---XX-#-XX
XX---X----X---XX
XX##---#--XX--XX
XX---#-----XX-XX
XX---------XX-XX
XX##--XX-#--X-XX
XX--#--X------XX
XX------#---#-XX
XX-#-X----#---XX
XX---XXX-----XXX
XX--XXXX##--XXXX
XXXXXXXX--{-XXXX
XXXXXXXXXXXXXXXX
XXXXXXXXXXXXXXXX
META {"type": "solver", "id": "pysat-rc2", "objective": 0}
META {"type": "geom", "shape": "path", "group": "path", "data": [[29, 10, 29, 11], [29, 11, 23, 11], [23, 11, 23, 10], [23, 10, 25, 10], [25, 10, 21, 10], [21, 10, 21, 6], [21, 6, 11, 6], [11, 6, 11, 7], [11, 7, 13, 7], [13, 7, 13, 8], [13, 8, 12, 8], [12, 8, 12, 10], [12, 10, 10, 10], [10, 10, 10, 11], [10, 11, 8, 11], [8, 11, 8, 5], [8, 5, 7, 5], [7, 5, 7, 3], [7, 3, 5, 3], [5, 3, 5, 7], [5, 7, 4, 7], [4, 7, 4, 6], [4, 6, 4, 10], [4, 10, 8, 10], [8, 10, 2, 10]]}
META {"type": "geom", "shape": "tile", "group": "path", "data": [[29, 10], [29, 11], [28, 11], [27, 11], [26, 11], [25, 11], [24, 11], [23, 11], [23, 10], [24, 10], [25, 10], [24, 10], [23, 10], [22, 10], [21, 10], [21, 9], [21, 8], [21, 7], [21, 6], [20, 6], [19, 6], [18, 6], [17, 6], [16, 6], [15, 6], [14, 6], [13, 6], [12, 6], [11, 6], [11, 7], [12, 7], [13, 7], [13, 8], [12, 8], [12, 9], [12, 10], [11, 10], [10, 10], [10, 11], [9, 11], [8, 11], [8, 10], [8, 9], [8, 8], [8, 7], [8, 6], [8, 5], [7, 5], [7, 4], [7, 3], [6, 3], [5, 3], [5, 4], [5, 5], [5, 6], [5, 7], [4, 7], [4, 6], [4, 7], [4, 8], [4, 9], [4, 10], [5, 10], [6, 10], [7, 10], [8, 10], [7, 10], [6, 10], [5, 10], [4, 10], [3, 10], [2, 10]]}
META {"type": "geom", "shape": "line", "group": "offpath", "data": [[21, 2, 21, 4], [21, 4, 21, 2], [21, 7, 22, 7], [5, 4, 7, 4], [11, 9, 11, 10], [11, 10, 11, 9], [11, 3, 12, 3], [19, 12, 20, 12], [19, 4, 23, 4], [19, 3, 19, 4], [12, 2, 8, 2], [12, 3, 11, 3], [20, 9, 20, 8], [20, 12, 19, 12], [20, 8, 20, 9], [27, 12, 26, 12], [27, 2, 27, 4], [27, 4, 25, 4], [27, 8, 26, 8], [27, 3, 27, 2], [24, 9, 24, 13], [24, 13, 26, 13], [24, 2, 28, 2], [24, 6, 26, 6], [26, 9, 24, 9], [26, 12, 27, 12], [26, 13, 16, 13], [26, 8, 27, 8], [26, 6, 24, 6], [26, 7, 26, 9], [7, 9, 8, 9], [7, 4, 5, 4], [23, 4, 23, 5], [23, 5, 25, 5], [22, 7, 21, 7], [28, 2, 28, 3], [28, 11, 28, 10], [28, 10, 28, 11], [28, 3, 27, 3], [15, 9, 15, 5], [15, 5, 15, 9], [15, 3, 19, 3], [16, 9, 14, 9], [16, 12, 17, 12], [16, 13, 16, 3], [16, 4, 17, 4], [16, 3, 15, 3], [9, 12, 8, 12], [9, 8, 9, 6], [9, 6, 9, 8], [14, 9, 16, 9], [18, 8, 18, 6], [18, 6, 18, 8], [8, 9, 7, 9], [8, 12, 9, 12], [8, 2, 12, 2], [17, 12, 16, 12], [17, 4, 16, 4], [25, 2, 24, 2], [25, 4, 25, 2], [25, 5, 25, 7], [25, 7, 26, 7]]}
