XXXXXXXXXXXXXXXX
XXXXXXXXXXXXXXXX
XX-------XXXX}XX
XX-----#-XXXX-XX
XXXXXX--------XX
XXXXXX--#---X-XX
XXX-------XXXXXX
XX-#---#--XXXXXX
XX--------XXXXXX
XXX-----XX---XXX
XXX##----X-#--XX
XXX---##------XX
XX------------XX
XX---#--#---X-XX
XXX-------XXX-XX
XXX----X--XXX-XX
XXX----XX-----XX
XXX-----X-----XX
XXX-XX---#----XX
XXX--X--------XX
XXX----#--##--XX
XX--X--------XXX
XX-XX-------XXXX
XX--X-XX--#--XXX
XX-----X-----XXX
XX-----------XXX
XX--#--X-X---XXX
XXX---XX-XX--XXX
XXXX---X--X---XX
XXXX-X--X---{-XX
XXXXXXXXXXXXXXXX
XXXXXXXXXXXXXXXX
META {"type": "solver", "id": "pysat-rc2", "objective": 0}
META {"type": "geom", "shape": "path", "group": "path", "data": [[29, 12, 23, 12], [23, 12, 23, 11], [23, 11, 21, 11], [21, 11, 21, 5], [21, 5, 20, 5], [20, 5, 20, 3], [20, 3, 21, 3], [21, 3, 11, 3], [11, 3, 11, 5], [11, 5, 12, 5], [12, 5, 6, 5], [6, 5, 6, 3], [6, 3, 6, 9], [6, 9, 8, 9], [8, 9, 4, 9], [4, 9, 4, 13], [4, 13, 2, 13]]}
META {"type": "geom", "shape": "tile", "group": "path", "data": [[29, 12], [28, 12], [27, 12], [26, 12], [25, 12], [24, 12], [23, 12], [23, 11], [22, 11], [21, 11], [21, 10], [21, 9], [21, 8], [21, 7], [21, 6], [21, 5], [20, 5], [20, 4], [20, 3], [21, 3], [20, 3], [19, 3], [18, 3], [17, 3], [16, 3], [15, 3], [14, 3], [13, 3], [12, 3], [11, 3], [11, 4], [11, 5], [12, 5], [11, 5], [10, 5], [9, 5], [8, 5], [7, 5], [6, 5], [6, 4], [6, 3], [6, 4], [6, 5], [6, 6], [6, 7], [6, 8], [6, 9], [7, 9], [8, 9], [7, 9], [6, 9], [5, 9], [4, 9], [4, 10], [4, 11], [4, 12], [4, 13], [3, 13], [2, 13]]}
META {"type": "geom", "shape": "line", "group": "offpath", "data": [[19, 9, 25, 9], [19, 4, 20, 4], [19, 13, 20, 13], [19, 7, 19, 13], [12, 8, 12, 2], [12, 2, 13, 2], [12, 6, 22, 6], [16, 12, 16, 13], [16, 13, 10, 13], [7, 4, 7, 6], [7, 6, 7, 4], [28, 9, 28, 8], [28, 8, 28, 9], [28, 4, 27, 4], [28, 13, 28, 11], [28, 5, 28, 4], [28, 11, 29, 11], [22, 6, 12, 6], [22, 5, 22, 11], [22, 11, 22, 5], [23, 9, 23, 8], [23, 8, 23, 9], [24, 10, 26, 10], [14, 9, 14, 3], [14, 3, 14, 9], [20, 9, 20, 8], [20, 12, 16, 12], [20, 8, 20, 9], [20, 4, 19, 4], [20, 13, 20, 12], [11, 9, 11, 8], [11, 8, 10, 8], [11, 11, 13, 11], [5, 9, 5, 11], [5, 6, 5, 7], [5, 7, 5, 6], [5, 11, 5, 9], [17, 4, 17, 3], [17, 7, 19, 7], [17, 3, 17, 7], [29, 9, 29, 13], [29, 6, 29, 7], [29, 13, 28, 13], [29, 7, 29, 6], [29, 11, 29, 9], [25, 9, 19, 9], [25, 12, 25, 2], [25, 2, 25, 12], [13, 9, 11, 9], [13, 10, 13, 9], [13, 2, 13, 4], [13, 4, 17, 4], [13, 11, 11, 11], [4, 8, 4, 6], [4, 6, 2, 6], [3, 5, 2, 5], [3, 3, 2, 3], [10, 12, 9, 12], [10, 8, 12, 8], [10, 13, 10, 12], [27, 4, 27, 5], [27, 5, 28, 5], [2, 8, 4, 8], [2, 2, 2, 8], [2, 6, 2, 2], [2, 5, 3, 5], [2, 3, 3, 3], [9, 12, 9, 10], [9, 10, 13, 10], [9, 7, 9, 3], [9, 3, 9, 7], [26, 10, 24, 10], [18, 8, 18, 6], [18, 6, 18, 8]]}
