XXXXXXXXXXXXXXXX
XXXXXXXXXXXXXXXX
XXXXXXX---XXX}XX
XXXXX-----XXX-XX
XXXX-XX-------XX
XXXX--X-----XXXX
XXX-#--##-X--XXX
XXX-------XX-XXX
XXX--X-----X-XXX
XXXXXX--#-----XX
XXXXXX----XX--XX
XXXXXX-----X--XX
XXXXX--X-X---XXX
XX--XXXX-XX-XXXX
XX--XXXX--X--XXX
XXXXXXXX-----XXX
XXXXXX---##---XX
XXXXXX--------XX
XXXXX--##-----XX
XXX--X-------XXX
XX--XX---XX-XXXX
XX---X---XX-XXXX
XXXX---#--X-XXXX
XXXXX-------XXXX
XXXXX##-------XX
XXX-----------XX
XXX---##-#---XXX
XX--X-------XXXX
XXXXX--------XXX
XXXXX---{-XX-XXX
XXXXXXXXXXXXXXXX
XXXXXXXXXXXXXXXX
META {"type": "solver", "id": "pysat-rc2", "objective": 0}
META {"type": "geom", "shape": "path", "group": "path", "data": [[29, 8, 19, 8], [19, 8, 19, 12], [19, 12, 19, 6], [19, 6, 23, 6], [23, 6, 23, 5], [23, 5, 22, 5], [22, 5, 22, 4], [22, 4, 22, 6], [22, 6, 16, 6], [16, 6, 16, 8], [16, 8, 10, 8], [10, 8, 10, 6], [10, 6, 12, 6], [12, 6, 6, 6], [6, 6, 6, 5], [6, 5, 7, 5], [7, 5, 7, 9], [7, 9, 11, 9], [11, 9, 11, 10], [11, 10, 12, 10], [12, 10, 12, 12], [12, 12, 6, 12], [6, 12, 6, 11], [6, 11, 4, 11], [4, 11, 4, 7], [4, 7, 4, 13], [4, 13, 2, 13]]}
META {"type": "geom", "shape": "tile", "group": "path", "data": [[29, 8], [28, 8], [27, 8], [26, 8], [25, 8], [24, 8], [23, 8], [22, 8], [21, 8], [20, 8], [19, 8], [19, 9], [19, 10], [19, 11], [19, 12], [19, 11], [19, 10], [19, 9], [19, 8], [19, 7], [19, 6], [20, 6], [21, 6], [22, 6], [23, 6], [23, 5], [22, 5], [22, 4], [22, 5], [22, 6], [21, 6], [20, 6], [19, 6], [18, 6], [17, 6], [16, 6], [16, 7], [16, 8], [15, 8], [14, 8], [13, 8], [12, 8], [11, 8], [10, 8], [10, 7], [10, 6], [11, 6], [12, 6], [11, 6], [10, 6], [9, 6], [8, 6], [7, 6], [6, 6], [6, 5], [7, 5], [7, 6], [7, 7], [7, 8], [7, 9], [8, 9], [9, 9], [10, 9], [11, 9], [11, 10], [12, 10], [12, 11], [12, 12], [11, 12], [10, 12], [9, 12], [8, 12], [7, 12], [6, 12], [6, 11], [5, 11], [4, 11], [4, 10], [4, 9], [4, 8], [4, 7], [4, 8], [4, 9], [4, 10], [4, 11], [4, 12], [4, 13], [3, 13], [2, 13]]}
META {"type": "geom", "shape": "line", "group": "offpath", "data": [[11, 7, 7, 7], [11, 13, 9, 13], [21, 2, 20, 2], [19, 10, 17, 10], [19, 4, 19, 3], [19, 3, 19, 4], [28, 5, 29, 5], [28, 11, 28, 5], [28, 12, 29, 12], [14, 3, 14, 2], [14, 2, 13, 2], [6, 3, 8, 3], [24, 7, 25, 7], [24, 13, 24, 7], [20, 2, 21, 2], [8, 3, 6, 3], [16, 7, 17, 7], [16, 11, 16, 13], [16, 13, 16, 11], [10, 12, 10, 13], [10, 13, 10, 12], [29, 5, 29, 9], [29, 7, 27, 7], [29, 12, 28, 12], [29, 9, 27, 9], [29, 6, 27, 6], [27, 7, 29, 7], [27, 11, 28, 11], [27, 9, 27, 11], [27, 6, 29, 6], [3, 5, 3, 9], [3, 9, 3, 5], [7, 7, 11, 7], [9, 7, 9, 6], [9, 13, 11, 13], [9, 6, 9, 7], [26, 10, 26, 12], [26, 4, 25, 4], [26, 12, 26, 10], [17, 10, 19, 10], [17, 7, 16, 7], [13, 3, 14, 3], [13, 2, 13, 3], [5, 4, 4, 4], [4, 4, 5, 4], [18, 13, 18, 9], [18, 9, 18, 13], [25, 4, 26, 4], [25, 3, 25, 13], [25, 7, 25, 3], [25, 13, 24, 13]]}
