XXXXXXXXXXXXXXXX
XXXXXXXXXXXXXXXX
XX}XXXXX------XX
XX-XXXXX--XX--XX
XX---------X--XX
XX-X----------XX
XXXXXX--####--XX
XXXXXX--------XX
XXXXX-------XXXX
XXX---XX-XX--XXX
XX--#-XX--X--XXX
XX-----X-----XXX
XX-X----XX----XX
XX-XXXX--X----XX
XX--XXX----##-XX
XX--XXX##-----XX
XX--XXX-------XX
XXX----#--#-X-XX
XXX-XX------XXXX
XXX-XX-------XXX
XXX--X-----X-XXX
XX---XX---XXXXXX
XX-#--X---XXXXXX
XX--------XXXXXX
XX--X-#---XXXXXX
XXXXX-------XXXX
XXXXX---XX--XXXX
XXXX-XX--X-#--XX
XXX---X-------XX
XX-{--------XXXX
XXXXXXXXXXXXXXXX
XXXXXXXXXXXXXXXX
META {"type": "solver", "id": "pysat-rc2", "objective": 0}
META {"type": "geom", "shape": "path", "group": "path", "data": [[29, 3, 28, 3], [28, 3, 28, 5], [28, 5, 29, 5], [29, 5, 29, 11], [29, 11, 28, 11], [28, 11, 28, 13], [28, 13, 28, 7], [28, 7, 18, 7], [18, 7, 18, 6], [18, 6, 20, 6], [20, 6, 20, 10], [20, 10, 18, 10], [18, 10, 18, 11], [18, 11, 19, 11], [19, 11, 15, 11], [15, 11, 15, 9], [15, 9, 25, 9], [25, 9, 25, 5], [25, 5, 26, 5], [26, 5, 22, 5], [22, 5, 22, 4], [22, 4, 20, 4], [20, 4, 20, 3], [20, 3, 14, 3], [14, 3, 14, 2], [14, 2, 16, 2], [16, 2, 10, 2], [10, 2, 10, 3], [10, 3, 9, 3], [9, 3, 9, 5], [9, 5, 8, 5], [8, 5, 8, 11], [8, 11, 7, 11], [7, 11, 13, 11], [13, 11, 13, 10], [13, 10, 11, 10], [11, 10, 11, 12], [11, 12, 11, 8], [11, 8, 7, 8], [7, 8, 7, 6], [7, 6, 8, 6], [8, 6, 4, 6], [4, 6, 4, 10], [4, 10, 5, 10], [5, 10, 5, 4], [5, 4, 4, 4], [4, 4, 4, 2], [4, 2, 2, 2]]}
META {"type": "geom", "shape": "tile", "group": "path", "data": [[29, 3], [28, 3], [28, 4], [28, 5], [29, 5], [29, 6], [29, 7], [29, 8], [29, 9], [29, 10], [29, 11], [28, 11], [28, 12], [28, 13], [28, 12], [28, 11], [28, 10], [28, 9], [28, 8], [28, 7], [27, 7], [26, 7], [25, 7], [24, 7], [23, 7], [22, 7], [21, 7], [20, 7], [19, 7], [18, 7], [18, 6], [19, 6], [20, 6], [20, 7], [20, 8], [20, 9], [20, 10], [19, 10], [18, 10], [18, 11], [19, 11], [18, 11], [17, 11], [16, 11], [15, 11], [15, 10], [15, 9], [16, 9], [17, 9], [18, 9], [19, 9], [20, 9], [21, 9], [22, 9], [23, 9], [24, 9], [25, 9], [25, 8], [25, 7], [25, 6], [25, 5], [26, 5], [25, 5], [24, 5], [23, 5], [22, 5], [22, 4], [21, 4], [20, 4], [20, 3], [19, 3], [18, 3], [17, 3], [16, 3], [15, 3], [14, 3], [14, 2], [15, 2], [16, 2], [15, 2], [14, 2], [13, 2], [12, 2], [11, 2], [10, 2], [10, 3], [9, 3], [9, 4], [9, 5], [8, 5], [8, 6], [8, 7], [8, 8], [8, 9], [8, 10], [8, 11], [7, 11], [8, 11], [9, 11], [10, 11], [11, 11], [12, 11], [13, 11], [13, 10], [12, 10], [11, 10], [11, 11], [11, 12], [11, 11], [11, 10], [11, 9], [11, 8], [10, 8], [9, 8], [8, 8], [7, 8], [7, 7], [7, 6], [8, 6], [7, 6], [6, 6], [5, 6], [4, 6], [4, 7], [4, 8], [4, 9], [4, 10], [5, 10], [5, 9], [5, 8], [5, 7], [5, 6], [5, 5], [5, 4], [4, 4], [4, 3], [4, 2], [3, 2], [2, 2]]}
META {"type": "geom", "shape": "line", "group": "offpath", "data": [[14, 7, 12, 7], [28, 9, 29, 9], [28, 12, 27, 12], [13, 8, 13, 7], [13, 7, 13, 8], [13, 12, 9, 12], [12, 7, 14, 7], [6, 7, 6, 6], [6, 6, 6, 7], [21, 4, 23, 4], [21, 2, 21, 4], [7, 10, 8, 10], [27, 12, 28, 12], [15, 3, 15, 2], [15, 2, 15, 3], [9, 12, 13, 12], [8, 10, 7, 10], [8, 7, 4, 7], [3, 8, 3, 9], [3, 9, 3, 8], [3, 13, 3, 12], [3, 12, 3, 13], [25, 10, 29, 10], [24, 9, 24, 7], [24, 7, 24, 9], [24, 3, 23, 3], [4, 7, 8, 7], [29, 10, 25, 10], [29, 9, 28, 9], [23, 3, 24, 3], [23, 4, 23, 2], [23, 2, 21, 2], [19, 12, 19, 6], [19, 6, 19, 12]]}
