XXXXXXXXXXXXXXXX
XXXXXXXXXXXXXXXX
XXXX----XXXXXXXX
XX--XXX-XXXXXXXX
XXXXXXX-XXXXXXXX
XXXXXXX-XXX}XXXX
XXX-----XXX--XXX
XX--##-#-----XXX
XX-------##---XX
XX----#-------XX
XX-XX------X--XX
XX--X--#--XX--XX
XX---------X--XX
XX------#-----XX
XXXX------#-X-XX
XXXXXX-#----XXXX
XXXXXX---#---XXX
XXXXXX-------XXX
XXXXX---X--#--XX
XXXXX---XX----XX
XXX---#--XX-XXXX
XX--#----XX-XXXX
XX--------X-XXXX
XX-----##---XXXX
XX---#------XXXX
XX--------#---XX
XX##----------XX
XX-------#--{-XX
XX---XXX---XXXXX
XX---XXXX--XXXXX
XXXXXXXXXXXXXXXX
XXXXXXXXXXXXXXXX
META {"type": "solver", "id": "pysat-rc2", "objective": 0}
META {"type": "geom", "shape": "path", "group": "path", "data": [[27, 12, 25, 12], [25, 12, 25, 11], [25, 11, 19, 11], [19, 11, 19, 13], [19, 13, 18, 13], [18, 13, 18, 12], [18, 12, 16, 12], [16, 12, 16, 10], [16, 10, 15, 10], [15, 10, 15, 11], [15, 11, 13, 11], [13, 11, 13, 13], [13, 13, 14, 13], [14, 13, 8, 13], [8, 13, 8, 11], [8, 11, 9, 11], [9, 11, 9, 7], [9, 7, 8, 7], [8, 7, 8, 8], [8, 8, 7, 8], [7, 8, 7, 12], [7, 12, 6, 12], [6, 12, 6, 11], [6, 11, 5, 11]]}
META {"type": "geom", "shape": "tile", "group": "path", "data": [[27, 12], [26, 12], [25, 12], [25, 11], [24, 11], [23, 11], [22, 11], [21, 11], [20, 11], [19, 11], [19, 12], [19, 13], [18, 13], [18, 12], [17, 12], [16, 12], [16, 11], [16, 10], [15, 10], [15, 11], [14, 11], [13, 11], [13, 12], [13, 13], [14, 13], [13, 13], [12, 13], [11, 13], [10, 13], [9, 13], [8, 13], [8, 12], [8, 11], [9, 11], [9, 10], [9, 9], [9, 8], [9, 7], [8, 7], [8, 8], [7, 8], [7, 9], [7, 10], [7, 11], [7, 12], [6, 12], [6, 11], [5, 11]]}
META {"type": "geom", "shape": "line", "group": "offpath", "data": [[26, 9, 22, 9], [26, 10, 26, 4], [26, 4, 22, 4], [14, 7, 12, 7], [14, 4, 12, 4], [14, 5, 14, 4], [18, 7, 22, 7], [18, 5, 18, 7], [16, 8, 17, 8], [16, 7, 16, 6], [16, 6, 16, 8], [24, 4, 24, 2], [24, 2, 24, 4], [28, 10, 26, 10], [28, 8, 28, 10], [28, 4, 28, 2], [28, 2, 28, 4], [8, 5, 14, 5], [8, 6, 6, 6], [23, 9, 23, 11], [23, 5, 23, 6], [23, 11, 23, 9], [23, 6, 27, 6], [6, 6, 8, 6], [13, 10, 12, 10], [13, 3, 11, 3], [13, 2, 7, 2], [17, 8, 17, 12], [17, 12, 17, 6], [17, 6, 19, 6], [12, 10, 13, 10], [12, 7, 14, 7], [12, 13, 12, 12], [12, 12, 12, 13], [12, 4, 12, 2], [12, 2, 13, 2], [7, 3, 9, 3], [7, 2, 7, 3], [22, 9, 26, 9], [22, 7, 16, 7], [22, 4, 22, 2], [22, 2, 21, 2], [21, 3, 20, 3], [21, 2, 21, 3], [19, 5, 23, 5], [19, 6, 19, 5], [10, 13, 10, 12], [10, 12, 10, 13], [9, 5, 8, 5], [9, 3, 9, 5], [11, 9, 11, 8], [11, 8, 11, 9], [11, 13, 11, 12], [11, 12, 11, 13], [11, 3, 13, 3], [29, 4, 29, 2], [29, 2, 29, 4], [27, 8, 28, 8], [27, 6, 27, 8], [20, 5, 18, 5], [20, 3, 20, 5], [3, 3, 3, 2], [3, 2, 3, 3]]}
