XXXXXXXXXXXXXXXX
XXXXXXXXXXXXXXXX
XXXXX--XXX}XXXXX
XXX--------XXXXX
XX---X-----XXXXX
XXXXXXX--##---XX
XXXXXXX-----#-XX
XXXXXXX-X-----XX
XXX---XXX--#--XX
XXX##-XXX-----XX
XXX---XXX----XXX
XX-------#-XXXXX
XX-#-------XXXXX
XX---#-----XXXXX
XX-----###-XXXXX
XX-XX------XXXXX
XXXXX-#-------XX
XXXXX-----#---XX
XXX----XX---XXXX
XXX-----X---XXXX
XXX---X---#--XXX
XXX-XXX------XXX
XX--XXX--X---XXX
XX-------XX--XXX
XX-----#--X---XX
XXX-##------#-XX
XXX-----#-----XX
XXX---X---{---XX
XX---XXX-XXX--XX
XX-X-XXXXXXXXXXX
XXXXXXXXXXXXXXXX
XXXXXXXXXXXXXXXX
META {"type": "solver", "id": "pysat-rc2", "objective": 0}
META {"type": "geom", "shape": "path", "group": "path", "data": [[27, 10, 25, 10], [25, 10, 25, 6], [25, 6, 23, 6], [23, 6, 23, 2], [23, 2, 24, 2], [24, 2, 22, 2], [22, 2, 22, 3], [22, 3, 18, 3], [18, 3, 28, 3], [28, 3, 28, 2], [28, 2, 28, 4], [28, 4, 26, 4], [26, 4, 26, 3], [26, 3, 26, 7], [26, 7, 27, 7], [27, 7, 25, 7], [25, 7, 25, 11], [25, 11, 27, 11], [27, 11, 27, 13], [27, 13, 28, 13], [28, 13, 28, 12], [28, 12, 26, 12], [26, 12, 26, 13], [26, 13, 26, 9], [26, 9, 24, 9], [24, 9, 24, 8], [24, 8, 20, 8], [20, 8, 20, 7], [20, 7, 20, 9], [20, 9, 21, 9], [21, 9, 15, 9], [15, 9, 15, 5], [15, 5, 14, 5], [14, 5, 14, 6], [14, 6, 14, 2], [14, 2, 15, 2], [15, 2, 11, 2], [11, 2, 11, 8], [11, 8, 13, 8], [13, 8, 13, 10], [13, 10, 13, 6], [13, 6, 15, 6], [15, 6, 15, 10], [15, 10, 16, 10], [16, 10, 6, 10], [6, 10, 6, 11], [6, 11, 7, 11], [7, 11, 7, 9], [7, 9, 7, 13], [7, 13, 5, 13], [5, 13, 9, 13], [9, 13, 9, 9], [9, 9, 10, 9], [10, 9, 6, 9], [6, 9, 6, 7], [6, 7, 7, 7], [7, 7, 3, 7], [3, 7, 3, 3], [3, 3, 4, 3], [4, 3, 4, 4], [4, 4, 3, 4], [3, 4, 3, 10], [3, 10, 2, 10]]}
META {"type": "geom", "shape": "tile", "group": "path", "data": [[27, 10], [26, 10], [25, 10], [25, 9], [25, 8], [25, 7], [25, 6], [24, 6], [23, 6], [23, 5], [23, 4], [23, 3], [23, 2], [24, 2], [23, 2], [22, 2], [22, 3], [21, 3], [20, 3], [19, 3], [18, 3], [19, 3], [20, 3], [21, 3], [22, 3], [23, 3], [24, 3], [25, 3], [26, 3], [27, 3], [28, 3], [28, 2], [28, 3], [28, 4], [27, 4], [26, 4], [26, 3], [26, 4], [26, 5], [26, 6], [26, 7], [27, 7], [26, 7], [25, 7], [25, 8], [25, 9], [25, 10], [25, 11], [26, 11], [27, 11], [27, 12], [27, 13], [28, 13], [28, 12], [27, 12], [26, 12], [26, 13], [26, 12], [26, 11], [26, 10], [26, 9], [25, 9], [24, 9], [24, 8], [23, 8], [22, 8], [21, 8], [20, 8], [20, 7], [20, 8], [20, 9], [21, 9], [20, 9], [19, 9], [18, 9], [17, 9], [16, 9], [15, 9], [15, 8], [15, 7], [15, 6], [15, 5], [14, 5], [14, 6], [14, 5], [14, 4], [14, 3], [14, 2], [15, 2], [14, 2], [13, 2], [12, 2], [11, 2], [11, 3], [11, 4], [11, 5], [11, 6], [11, 7], [11, 8], [12, 8], [13, 8], [13, 9], [13, 10], [13, 9], [13, 8], [13, 7], [13, 6], [14, 6], [15, 6], [15, 7], [15, 8], [15, 9], [15, 10], [16, 10], [15, 10], [14, 10], [13, 10], [12, 10], [11, 10], [10, 10], [9, 10], [8, 10], [7, 10], [6, 10], [6, 11], [7, 11], [7, 10], [7, 9], [7, 10], [7, 11], [7, 12], [7, 13], [6, 13], [5, 13], [6, 13], [7, 13], [8, 13], [9, 13], [9, 12], [9, 11], [9, 10], [9, 9], [10, 9], [9, 9], [8, 9], [7, 9], [6, 9], [6, 8], [6, 7], [7, 7], [6, 7], [5, 7], [4, 7], [3, 7], [3, 6], [3, 5], [3, 4], [3, 3], [4, 3], [4, 4], [3, 4], [3, 5], [3, 6], [3, 7], [3, 8], [3, 9], [3, 10], [2, 10]]}
META {"type": "geom", "shape": "line", "group": "offpath", "data": [[20, 3, 20, 5], [20, 12, 24, 12], [20, 5, 20, 3], [20, 4, 18, 4], [27, 8, 28, 8], [2, 6, 4, 6], [2, 5, 3, 5], [24, 12, 20, 12], [24, 4, 23, 4], [8, 3, 8, 5], [8, 10, 8, 9], [8, 9, 8, 10], [8, 5, 8, 3], [3, 9, 4, 9], [3, 5, 2, 5], [13, 3, 14, 3], [12, 5, 12, 4], [12, 4, 10, 4], [22, 7, 22, 8], [22, 8, 22, 7], [22, 10, 21, 10], [17, 8, 15, 8], [5, 7, 5, 8], [5, 8, 5, 7], [11, 3, 10, 3], [10, 3, 11, 3], [10, 5, 12, 5], [10, 4, 10, 5], [21, 10, 22, 10], [4, 6, 2, 6], [4, 9, 3, 9], [14, 3, 13, 3], [23, 11, 23, 12], [23, 12, 23, 11], [23, 4, 24, 4], [19, 10, 18, 10], [28, 8, 27, 8], [18, 10, 19, 10], [18, 4, 20, 4], [15, 8, 17, 8]]}
