XXXXXXXXXXXXXXXX
XXXXXXXXXXXXXXXX
XXXX--XXXXXXXXXX
XX----XXXXXXXXXX
XX--XXXXXXXXXXXX
XXX--XXXX}XXX-XX
XXXX-XXXX-XXX-XX
XXXX-XXX------XX
XXXX-XXX--XXXXXX
XXXX-------XXXXX
XXXXX------XXXXX
XX-XXXXX----XXXX
XXXXXXXX--#-XXXX
XXXXXXX-----XXXX
XXXXXXX-----XXXX
XXXXX---#----XXX
XXXX-#----XX-XXX
XXXX---X---XXXXX
XXX-#-XXXX-XXXXX
XXX----XXXXXXXXX
XX-----XXXXXXXXX
XX-X---XXXXXXXXX
XX-XX---XXXXX-XX
XX--X---XXX---XX
XX---##-XXXXX-XX
XXX-----XXXXX-XX
XXX------XXXX-XX
XXX-X--{-XXX--XX
XX-XXXXXXXXX--XX
XXXXXXXXXXXXXXXX
XXXXXXXXXXXXXXXX
XXXXXXXXXXXXXXXX
META {"type": "solver", "id": "pysat-rc2-boolonly", "objective": 0}
META {"type": "geom", "shape": "path", "group": "path", "data": [[27, 7, 27, 5], [27, 5, 25, 5], [25, 5, 25, 7], [25, 7, 25, 3], [25, 3, 23, 3], [23, 3, 23, 2], [23, 2, 24, 2], [24, 2, 20, 2], [20, 2, 20, 6], [20, 6, 19, 6], [19, 6, 23, 6], [23, 6, 23, 7], [23, 7, 23, 5], [23, 5, 17, 5], [17, 5, 17, 6], [17, 6, 15, 6], [15, 6, 15, 7], [15, 7, 13, 7], [13, 7, 13, 11], [13, 11, 11, 11], [11, 11, 15, 11], [15, 11, 15, 9], [15, 9, 5, 9]]}
META {"type": "geom", "shape": "tile", "group": "path", "data": [[27, 7], [27, 6], [27, 5], [26, 5], [25, 5], [25, 6], [25, 7], [25, 6], [25, 5], [25, 4], [25, 3], [24, 3], [23, 3], [23, 2], [24, 2], [23, 2], [22, 2], [21, 2], [20, 2], [20, 3], [20, 4], [20, 5], [20, 6], [19, 6], [20, 6], [21, 6], [22, 6], [23, 6], [23, 7], [23, 6], [23, 5], [22, 5], [21, 5], [20, 5], [19, 5], [18, 5], [17, 5], [17, 6], [16, 6], [15, 6], [15, 7], [14, 7], [13, 7], [13, 8], [13, 9], [13, 10], [13, 11], [12, 11], [11, 11], [12, 11], [13, 11], [14, 11], [15, 11], [15, 10], [15, 9], [14, 9], [13, 9], [12, 9], [11, 9], [10, 9], [9, 9], [8, 9], [7, 9], [6, 9], [5, 9]]}
META {"type": "geom", "shape": "line", "group": "offpath", "data": [[28, 13, 28, 12], [28, 12, 28, 13], [5, 13, 7, 13], [5, 3, 5, 4], [5, 4, 5, 3], [23, 11, 23, 13], [23, 13, 23, 11], [7, 13, 5, 13], [9, 7, 10, 7], [9, 10, 9, 4], [9, 6, 10, 6], [9, 4, 9, 10], [9, 5, 10, 5], [19, 4, 21, 4], [15, 10, 13, 10], [13, 10, 15, 10], [21, 4, 19, 4], [10, 7, 9, 7], [10, 6, 9, 6], [10, 5, 9, 5]]}
