--------------------------------
--------------------------------
--------------------------------
-----XXX------------------------
--------------------------------
-------------X---XX-----XX------
----X-----X----------Q----------
-------X------------------------
-------------Q---X--------------
----Q---------------------<>----
---------Q----------------[]----
-----------------------X--[]----
----------------------XX--[]----
------XX----XX-------XXX--[]----
-{---XXX---XXX------XXXX--[]--}-
XXXXXXXXXXXXXX---XXXXXXXXXXXXXXX
META {"type": "solver", "id": "pysat-rc2", "objective": 0}
META {"type": "geom", "shape": "path", "group": "path", "data": [[14, 1, 10, 1], [10, 1, 11, 2], [11, 2, 12, 1], [12, 1, 13, 2], [13, 2, 14, 3], [14, 3, 10, 0], [10, 0, 11, 0], [11, 0, 12, 0], [12, 0, 13, 1], [13, 1, 14, 2], [14, 2, 12, 2], [12, 2, 13, 3], [13, 3, 14, 4], [14, 4, 12, 6], [12, 6, 8, 6], [8, 6, 9, 7], [9, 7, 10, 8], [10, 8, 11, 8], [11, 8, 12, 7], [12, 7, 8, 8], [8, 8, 9, 9], [9, 9, 5, 10], [5, 10, 1, 14], [1, 14, 2, 14], [2, 14, 3, 14], [3, 14, 4, 15], [4, 15, 5, 14], [5, 14, 6, 15], [6, 15, 7, 14], [7, 14, 8, 15], [8, 15, 9, 16], [9, 16, 10, 17], [10, 17, 11, 18], [11, 18, 12, 19], [12, 19, 13, 18], [13, 18, 14, 18], [14, 18, 11, 21], [11, 21, 12, 21], [12, 21, 11, 22], [11, 22, 7, 26], [7, 26, 8, 27], [8, 27, 8, 26], [8, 26, 4, 25], [4, 25, 0, 22], [0, 22, 1, 21], [1, 21, 2, 20], [2, 20, 3, 19], [3, 19, 4, 18], [4, 18, 0, 14], [0, 14, 1, 15], [1, 15, 2, 15], [2, 15, 3, 16], [3, 16, 4, 17], [4, 17, 0, 13], [0, 13, 1, 12], [1, 12, 2, 11], [2, 11, 3, 11], [3, 11, 4, 11], [4, 11, 5, 12], [5, 12, 6, 11], [6, 11, 7, 12], [7, 12, 8, 11], [8, 11, 9, 12], [9, 12, 10, 11], [10, 11, 11, 12], [11, 12, 12, 12], [12, 12, 8, 16], [8, 16, 9, 17], [9, 17, 10, 18], [10, 18, 11, 19], [11, 19, 12, 20], [12, 20, 13, 20], [13, 20, 9, 24], [9, 24, 10, 23], [10, 23, 6, 27], [6, 27, 7, 28], [7, 28, 8, 28], [8, 28, 9, 29], [9, 29, 10, 28], [10, 28, 11, 29], [11, 29, 12, 28], [12, 28, 13, 28], [13, 28, 14, 29], [14, 29, 14, 28], [14, 28, 12, 29], [12, 29, 13, 30], [13, 30, 14, 31], [14, 31, 10, 31], [10, 31, 11, 30], [11, 30, 12, 31], [12, 31, 13, 31], [13, 31, 14, 30]]}
META {"type": "geom", "shape": "tile", "group": "path", "data": [[14, 1], [13, 1], [12, 1], [11, 1], [10, 1], [11, 1], [11, 2], [12, 2], [12, 1], [13, 1], [13, 2], [14, 2], [14, 3], [13, 3], [13, 2], [12, 2], [12, 1], [11, 1], [11, 0], [10, 0], [11, 0], [12, 0], [13, 0], [13, 1], [14, 1], [14, 2], [13, 2], [12, 2], [13, 2], [13, 3], [14, 3], [14, 4], [13, 4], [13, 5], [12, 5], [12, 6], [11, 6], [10, 6], [9, 6], [8, 6], [9, 6], [9, 7], [10, 7], [10, 8], [11, 8], [12, 8], [12, 7], [11, 7], [10, 7], [9, 7], [8, 7], [8, 8], [9, 8], [9, 9], [8, 9], [7, 9], [6, 9], [5, 9], [5, 10], [4, 10], [4, 11], [3, 11], [3, 12], [2, 12], [2, 13], [1, 13], [1, 14], [2, 14], [3, 14], [4, 14], [4, 15], [5, 15], [5, 14], [6, 14], [6, 15], [7, 15], [7, 14], [8, 14], [8, 15], [9, 15], [9, 16], [10, 16], [10, 17], [11, 17], [11, 18], [12, 18], [12, 19], [13, 19], [13, 18], [14, 18], [13, 18], [13, 19], [12, 19], [12, 20], [11, 20], [11, 21], [12, 21], [11, 21], [11, 22], [10, 22], [10, 23], [9, 23], [9, 24], [8, 24], [8, 25], [7, 25], [7, 26], [8, 26], [8, 27], [8, 26], [7, 26], [6, 26], [5, 26], [4, 26], [4, 25], [3, 25], [3, 24], [2, 24], [2, 23], [1, 23], [1, 22], [0, 22], [1, 22], [1, 21], [2, 21], [2, 20], [3, 20], [3, 19], [4, 19], [4, 18], [3, 18], [3, 17], [2, 17], [2, 16], [1, 16], [1, 15], [0, 15], [0, 14], [1, 14], [1, 15], [2, 15], [3, 15], [3, 16], [4, 16], [4, 17], [3, 17], [3, 16], [2, 16], [2, 15], [1, 15], [1, 14], [0, 14], [0, 13], [1, 13], [1, 12], [2, 12], [2, 11], [3, 11], [4, 11], [5, 11], [5, 12], [6, 12], [6, 11], [7, 11], [7, 12], [8, 12], [8, 11], [9, 11], [9, 12], [10, 12], [10, 11], [11, 11], [11, 12], [12, 12], [11, 12], [11, 13], [10, 13], [10, 14], [9, 14], [9, 15], [8, 15], [8, 16], [9, 16], [9, 17], [10, 17], [10, 18], [11, 18], [11, 19], [12, 19], [12, 20], [13, 20], [12, 20], [12, 21], [11, 21], [11, 22], [10, 22], [10, 23], [9, 23], [9, 24], [10, 24], [10, 23], [9, 23], [9, 24], [8, 24], [8, 25], [7, 25], [7, 26], [6, 26], [6, 27], [7, 27], [7, 28], [8, 28], [9, 28], [9, 29], [10, 29], [10, 28], [11, 28], [11, 29], [12, 29], [12, 28], [13, 28], [14, 28], [14, 29], [14, 28], [13, 28], [13, 29], [12, 29], [13, 29], [13, 30], [14, 30], [14, 31], [13, 31], [12, 31], [11, 31], [10, 31], [11, 31], [11, 30], [12, 30], [12, 31], [13, 31], [14, 31], [14, 30]]}
META {"type": "geom", "shape": "line", "group": "offpath", "data": [[6, 7, 3, 9], [6, 16, 7, 17], [6, 6, 7, 5], [6, 12, 7, 13], [14, 8, 12, 8], [1, 20, 2, 21], [1, 8, 2, 7], [1, 11, 2, 12], [1, 4, 2, 5], [1, 5, 2, 6], [1, 3, 2, 2], [13, 8, 14, 8], [8, 4, 4, 8], [3, 22, 4, 22], [3, 10, 4, 9], [3, 9, 4, 10], [3, 23, 4, 24], [3, 12, 4, 13], [3, 13, 4, 14], [3, 3, 4, 3], [2, 7, 1, 8], [2, 6, 0, 4], [2, 2, 3, 3], [2, 5, 0, 3], [2, 12, 3, 12], [2, 21, 3, 22], [5, 7, 6, 6], [5, 8, 6, 7], [5, 11, 6, 12], [5, 15, 6, 16], [5, 4, 1, 4], [5, 21, 3, 23], [0, 4, 1, 5], [0, 3, 1, 3], [0, 21, 1, 20], [12, 8, 13, 8], [7, 5, 8, 4], [7, 17, 3, 13], [7, 13, 3, 10], [4, 14, 5, 15], [4, 8, 5, 7], [4, 22, 5, 21], [4, 10, 5, 11], [4, 9, 5, 8], [4, 24, 0, 21], [4, 13, 1, 11], [4, 3, 5, 4]]}
