--------------------------------
--------------------------------
----------Q--Q------------XQX---
-------X----------X-------------
---------------------XX---------
------------XX------------------
----X------------------------Q--
------------XX---X--------------
--------XX----------------X-----
--------------------------------
----X-----------<>--------------
----------X--X--[]--------XX----
---------XX-----[]-------XXX----
--------XXX-----[]------XXXX----
-{-----XXXX-----[]-----XXXXX--}-
XXXXXXXXXXXXXXXXXXXXXXXXXXXXXXXX
META {"type": "solver", "id": "pysat-rc2", "objective": 0}
META {"type": "geom", "shape": "path", "group": "path", "data": [[14, 1, 10, 0], [10, 0, 11, 1], [11, 1, 12, 1], [12, 1, 13, 1], [13, 1, 14, 0], [14, 0, 12, 2], [12, 2, 13, 2], [13, 2, 14, 2], [14, 2, 10, 5], [10, 5, 11, 6], [11, 6, 12, 6], [12, 6, 13, 7], [13, 7, 9, 7], [9, 7, 10, 8], [10, 8, 11, 9], [11, 9, 11, 8], [11, 8, 12, 7], [12, 7, 13, 6], [13, 6, 14, 6], [14, 6, 10, 10], [10, 10, 6, 10], [6, 10, 7, 9], [7, 9, 3, 5], [3, 5, 4, 4], [4, 4, 5, 4], [5, 4, 1, 8], [1, 8, 2, 7], [2, 7, 0, 9], [0, 9, 1, 10], [1, 10, 0, 10], [0, 10, 1, 11], [1, 11, 2, 11], [2, 11, 3, 11], [3, 11, 4, 12], [4, 12, 0, 12], [0, 12, 1, 13], [1, 13, 0, 14], [0, 14, 1, 14], [1, 14, 2, 14], [2, 14, 3, 13], [3, 13, 4, 13], [4, 13, 1, 15], [1, 15, 2, 16], [2, 16, 3, 17], [3, 17, 4, 17], [4, 17, 5, 16], [5, 16, 6, 16], [6, 16, 7, 15], [7, 15, 8, 16], [8, 16, 9, 17], [9, 17, 5, 14], [5, 14, 6, 14], [6, 14, 7, 14], [7, 14, 8, 15], [8, 15, 9, 16], [9, 16, 5, 17], [5, 17, 6, 17], [6, 17, 2, 18], [2, 18, 0, 19], [0, 19, 1, 20], [1, 20, 2, 20], [2, 20, 3, 21], [3, 21, 1, 22], [1, 22, 2, 23], [2, 23, 3, 24], [3, 24, 4, 25], [4, 25, 5, 26], [5, 26, 6, 27], [6, 27, 7, 26], [7, 26, 4, 28], [4, 28, 5, 29], [5, 29, 1, 28], [1, 28, 0, 27], [0, 27, 1, 26], [1, 26, 0, 25], [0, 25, 1, 24], [1, 24, 2, 25], [2, 25, 3, 26], [3, 26, 4, 27], [4, 27, 5, 28], [5, 28, 6, 28], [6, 28, 7, 29], [7, 29, 8, 29], [8, 29, 9, 29], [9, 29, 10, 28], [10, 28, 11, 28], [11, 28, 12, 28], [12, 28, 13, 28], [13, 28, 14, 28], [14, 28, 10, 31], [10, 31, 11, 31], [11, 31, 12, 30], [12, 30, 13, 30], [13, 30, 14, 31], [14, 31, 14, 30]]}
META {"type": "geom", "shape": "tile", "group": "path", "data": [[14, 1], [13, 1], [12, 1], [11, 1], [10, 1], [10, 0], [11, 0], [11, 1], [12, 1], [13, 1], [14, 1], [14, 0], [13, 0], [13, 1], [12, 1], [12, 2], [13, 2], [14, 2], [13, 2], [13, 3], [12, 3], [12, 4], [11, 4], [11, 5], [10, 5], [11, 5], [11, 6], [12, 6], [13, 6], [13, 7], [12, 7], [11, 7], [10, 7], [9, 7], [10, 7], [10, 8], [11, 8], [11, 9], [11, 8], [12, 8], [12, 7], [13, 7], [13, 6], [14, 6], [13, 6], [13, 7], [12, 7], [12, 8], [11, 8], [11, 9], [10, 9], [10, 10], [9, 10], [8, 10], [7, 10], [6, 10], [7, 10], [7, 9], [6, 9], [6, 8], [5, 8], [5, 7], [4, 7], [4, 6], [3, 6], [3, 5], [4, 5], [4, 4], [5, 4], [4, 4], [4, 5], [3, 5], [3, 6], [2, 6], [2, 7], [1, 7], [1, 8], [2, 8], [2, 7], [1, 7], [1, 8], [0, 8], [0, 9], [1, 9], [1, 10], [0, 10], [1, 10], [1, 11], [2, 11], [3, 11], [4, 11], [4, 12], [3, 12], [2, 12], [1, 12], [0, 12], [1, 12], [1, 13], [0, 13], [0, 14], [1, 14], [2, 14], [3, 14], [3, 13], [4, 13], [3, 13], [3, 14], [2, 14], [2, 15], [1, 15], [2, 15], [2, 16], [3, 16], [3, 17], [4, 17], [5, 17], [5, 16], [6, 16], [7, 16], [7, 15], [8, 15], [8, 16], [9, 16], [9, 17], [8, 17], [8, 16], [7, 16], [7, 15], [6, 15], [6, 14], [5, 14], [6, 14], [7, 14], [8, 14], [8, 15], [9, 15], [9, 16], [8, 16], [7, 16], [6, 16], [5, 16], [5, 17], [6, 17], [5, 17], [4, 17], [3, 17], [2, 17], [2, 18], [1, 18], [1, 19], [0, 19], [1, 19], [1, 20], [2, 20], [3, 20], [3, 21], [2, 21], [2, 22], [1, 22], [2, 22], [2, 23], [3, 23], [3, 24], [4, 24], [4, 25], [5, 25], [5, 26], [6, 26], [6, 27], [7, 27], [7, 26], [6, 26], [6, 27], [5, 27], [5, 28], [4, 28], [5, 28], [5, 29], [4, 29], [3, 29], [2, 29], [1, 29], [1, 28], [0, 28], [0, 27], [1, 27], [1, 26], [0, 26], [0, 25], [1, 25], [1, 24], [2, 24], [2, 25], [3, 25], [3, 26], [4, 26], [4, 27], [5, 27], [5, 28], [6, 28], [7, 28], [7, 29], [8, 29], [9, 29], [10, 29], [10, 28], [11, 28], [12, 28], [13, 28], [14, 28], [13, 28], [13, 29], [12, 29], [12, 30], [11, 30], [11, 31], [10, 31], [11, 31], [12, 31], [12, 30], [13, 30], [14, 30], [14, 31], [14, 30]]}
META {"type": "geom", "shape": "line", "group": "offpath", "data": [[12, 29, 13, 29], [12, 3, 13, 3], [12, 20, 13, 20], [12, 12, 13, 13], [12, 21, 13, 21], [12, 4, 13, 4], [12, 24, 10, 22], [12, 19, 13, 18], [12, 8, 8, 11], [12, 15, 13, 15], [12, 18, 13, 19], [12, 22, 13, 23], [3, 4, 4, 3], [3, 22, 0, 24], [8, 11, 9, 12], [8, 4, 9, 4], [8, 6, 9, 6], [8, 22, 9, 21], [8, 27, 9, 27], [11, 20, 12, 19], [11, 12, 12, 12], [11, 25, 7, 28], [11, 2, 12, 3], [11, 21, 12, 20], [11, 24, 12, 24], [11, 7, 12, 8], [11, 23, 12, 22], [11, 18, 12, 18], [11, 22, 12, 21], [11, 30, 12, 29], [5, 3, 6, 2], [0, 24, 1, 23], [1, 23, 2, 22], [14, 29, 10, 29], [14, 3, 12, 4], [14, 11, 14, 12], [14, 20, 10, 21], [14, 12, 14, 13], [14, 13, 13, 12], [14, 21, 10, 24], [14, 4, 10, 1], [14, 14, 10, 13], [14, 19, 14, 20], [14, 15, 12, 15], [14, 18, 11, 18], [14, 22, 10, 23], [13, 29, 14, 29], [13, 3, 14, 3], [13, 20, 14, 21], [13, 12, 14, 11], [13, 13, 14, 14], [13, 21, 14, 22], [13, 4, 14, 4], [13, 19, 14, 18], [13, 23, 9, 26], [13, 15, 14, 15], [13, 18, 14, 19], [10, 29, 11, 30], [10, 1, 11, 2], [10, 11, 11, 12], [10, 20, 11, 20], [10, 13, 6, 9], [10, 25, 11, 24], [10, 21, 11, 21], [10, 24, 11, 25], [10, 7, 11, 7], [10, 23, 11, 23], [10, 22, 11, 22], [10, 26, 6, 23], [9, 12, 10, 11], [9, 21, 10, 20], [9, 4, 6, 6], [9, 6, 10, 7], [9, 27, 10, 26], [9, 26, 10, 25], [2, 22, 3, 22], [7, 3, 8, 4], [7, 23, 8, 22], [7, 8, 3, 4], [7, 28, 8, 27], [7, 6, 8, 6], [6, 9, 7, 8], [6, 12, 6, 13], [6, 13, 6, 12], [6, 2, 7, 3], [6, 23, 7, 23], [6, 6, 7, 6], [4, 3, 5, 3]]}
