--------------------------------
--------------------------------
---------------X-----X----------
------------------Q------XX-----
--------------------------------
------------XQQX-----XX---------
------------------X------Q------
--------------------------------
-------X-------------XX---------
-------------Q----X-------------
----------X------XX------X------
----X-----------XXX--<>---------
---------------XXXX--[]---------
---------<>---XXXXX--[]---------
-{-------[]--XXXXXX--[]-------}-
XXXXX--XXXXXXXXXXXXXXXXXXXXXXXXX
META {"type": "solver", "id": "pysat-rc2-boolonly", "objective": 0}
META {"type": "geom", "shape": "path", "group": "path", "data": [[14, 1, 14, 2], [14, 2, 14, 3], [14, 3, 10, 4], [10, 4, 6, 7], [6, 7, 7, 7], [7, 7, 4, 7], [4, 7, 5, 8], [5, 8, 6, 9], [6, 9, 7, 9], [7, 9, 8, 10], [8, 10, 9, 11], [9, 11, 10, 12], [10, 12, 11, 12], [11, 12, 12, 12], [12, 12, 13, 13], [13, 13, 10, 16], [10, 16, 7, 14], [7, 14, 8, 14], [8, 14, 9, 15], [9, 15, 10, 15], [10, 15, 11, 15], [11, 15, 7, 16], [7, 16, 8, 17], [8, 17, 9, 17], [9, 17, 6, 20], [6, 20, 7, 21], [7, 21, 7, 22], [7, 22, 5, 23], [5, 23, 6, 24], [6, 24, 7, 25], [7, 25, 8, 25], [8, 25, 9, 25], [9, 25, 5, 28], [5, 28, 6, 27], [6, 27, 7, 28], [7, 28, 8, 29], [8, 29, 9, 29], [9, 29, 10, 28], [10, 28, 11, 28], [11, 28, 12, 28], [12, 28, 13, 29], [13, 29, 14, 29], [14, 29, 14, 30]]}
META {"type": "geom", "shape": "tile", "group": "path", "data": [[14, 1], [14, 2], [14, 3], [13, 3], [12, 3], [11, 3], [10, 3], [10, 4], [9, 4], [9, 5], [8, 5], [8, 6], [7, 6], [7, 7], [6, 7], [7, 7], [6, 7], [5, 7], [4, 7], [5, 7], [5, 8], [6, 8], [6, 9], [7, 9], [8, 9], [8, 10], [9, 10], [9, 11], [10, 11], [10, 12], [11, 12], [12, 12], [13, 12], [13, 13], [12, 13], [12, 14], [11, 14], [11, 15], [10, 15], [10, 16], [9, 16], [9, 15], [8, 15], [8, 14], [7, 14], [8, 14], [9, 14], [9, 15], [10, 15], [11, 15], [10, 15], [9, 15], [8, 15], [7, 15], [7, 16], [8, 16], [8, 17], [9, 17], [8, 17], [8, 18], [7, 18], [7, 19], [6, 19], [6, 20], [7, 20], [7, 21], [7, 22], [6, 22], [6, 23], [5, 23], [6, 23], [6, 24], [7, 24], [7, 25], [8, 25], [9, 25], [8, 25], [8, 26], [7, 26], [7, 27], [6, 27], [6, 28], [5, 28], [6, 28], [6, 27], [7, 27], [7, 28], [8, 28], [8, 29], [9, 29], [10, 29], [10, 28], [11, 28], [12, 28], [13, 28], [13, 29], [14, 29], [14, 30]]}
META {"type": "geom", "shape": "line", "group": "offpath", "data": [[8, 13, 7, 12], [7, 12, 8, 13], [12, 14, 11, 13], [3, 14, 4, 13], [3, 21, 4, 22], [3, 12, 4, 12], [14, 28, 14, 27], [14, 27, 14, 28], [11, 13, 12, 14], [4, 22, 3, 21], [4, 13, 3, 14], [4, 12, 3, 12]]}
