XXXXXXXXXXXXXXXX
X0-------X----1X
XXX---XX---XXXXX
XXX---XX---XXXXX
XXX---XX-------X
XX--X-XX--X---XX
X-XXXXXXXX-XXX-X
X-XXXXXXXX----XX
X-----XX---X-XXX
X--XXXXXX----XXX
XX-XXXXXX--X---X
X--XXXXXX--X---X
XXX--------X-XXX
XXX-----XXX--XXX
X2---XX-------3X
XXXXXXXXXXXXXXXX
META {"type": "solver", "id": "pysat-rc2-boolonly", "objective": 0}
META {"type": "geom", "shape": "path", "group": "path", "data": [[1, 1, 1, 2], [1, 2, 1, 3], [1, 3, 1, 4], [1, 4, 1, 5], [1, 5, 1, 6], [1, 6, 1, 7], [1, 7, 1, 8], [1, 8, 2, 8], [2, 8, 2, 9], [2, 9, 2, 10], [2, 10, 1, 10], [1, 10, 1, 11], [1, 11, 1, 12], [1, 12, 1, 13], [1, 13, 1, 14]]}
META {"type": "geom", "shape": "path", "group": "path", "data": [[14, 1, 14, 2], [14, 2, 14, 3], [14, 3, 13, 3], [13, 3, 13, 4], [13, 4, 13, 5], [13, 5, 13, 6], [13, 6, 13, 7], [13, 7, 14, 7], [14, 7, 14, 8], [14, 8, 14, 9], [14, 9, 14, 10], [14, 10, 14, 11], [14, 11, 14, 12], [14, 12, 14, 13], [14, 13, 14, 14]]}
META {"type": "geom", "shape": "tile", "group": "reachable", "data": [[1, 1], [1, 2], [1, 3], [2, 3], [1, 4], [2, 4], [1, 5], [3, 3], [2, 5], [1, 6], [3, 4], [4, 3], [1, 7], [3, 5], [4, 4], [5, 3], [1, 8], [4, 5], [5, 2], [2, 8], [5, 5], [3, 8], [2, 9], [3, 9], [2, 10], [4, 8], [1, 10], [3, 10], [4, 9], [5, 8], [1, 11], [4, 10], [5, 9], [1, 12], [4, 11], [1, 13], [5, 11], [4, 12], [5, 12], [4, 13], [5, 13], [4, 14]]}
