XXXXXXXXXXXXXXXX
XXXXX-X-X----XXX
XXXXX-----X--XXX
X0--------X---1X
XXX-------X--XXX
XXX-XXX-XX-X-XXX
XXX-----XX-X---X
X--XX---XX-X---X
XXXXXXXX--X-XXXX
XXXXXXXX-X--XXXX
X--XX----------X
X-XXXX---XX----X
XXXXXX---XX--XXX
XXXXX-XXX--X-XXX
X2------------3X
XXXXXXXXXXXXXXXX
META {"type": "solver", "id": "pysat-rc2", "objective": 0}
META {"type": "geom", "shape": "path", "group": "path", "data": [[3, 1, 3, 2], [3, 2, 3, 3], [3, 3, 3, 4], [3, 4, 3, 5], [3, 5, 2, 5], [2, 5, 2, 6], [2, 6, 2, 7], [2, 7, 2, 8], [2, 8, 2, 9], [2, 9, 1, 9], [1, 9, 1, 10], [1, 10, 1, 11], [1, 11, 1, 12], [1, 12, 2, 12], [2, 12, 3, 12], [3, 12, 3, 13], [3, 13, 3, 14]]}
META {"type": "geom", "shape": "path", "group": "path", "data": [[14, 1, 14, 2], [14, 2, 14, 3], [14, 3, 14, 4], [14, 4, 14, 5], [14, 5, 14, 6], [14, 6, 14, 7], [14, 7, 14, 8], [14, 8, 14, 9], [14, 9, 14, 10], [14, 10, 14, 11], [14, 11, 14, 12], [14, 12, 14, 13], [14, 13, 14, 14]]}
META {"type": "geom", "shape": "tile", "group": "reachable", "data": [[3, 1], [3, 2], [3, 3], [4, 3], [3, 4], [4, 4], [3, 5], [5, 3], [2, 5], [4, 5], [3, 6], [6, 3], [1, 5], [2, 6], [4, 6], [3, 7], [6, 4], [2, 7], [4, 7], [3, 8], [6, 5], [1, 7], [2, 8], [4, 8], [3, 9], [5, 7], [7, 5], [6, 6], [2, 9], [4, 9], [6, 7], [7, 6], [1, 9], [7, 7], [1, 10], [1, 11], [2, 11], [1, 12], [2, 12], [3, 11], [3, 12], [4, 11], [4, 12], [3, 13], [5, 12], [6, 12], [7, 12], [6, 13], [7, 13], [6, 14], [7, 14]]}
