XXXXXXXXXXXXXXXX
X0----------XXXX
XXX---------XXXX
XXX-XX-------1XX
X--XXXX-----XXXX
X--XXXX-----XXXX
XXX-XX-X-X-X-XXX
XXX------X-X-XXX
X--XXX---X-X---X
XX----XXX---X--X
X---XX---XXX---X
X---XX-X-----X-X
XXXXXXX----XXXXX
XXXXXXX----XXXXX
X2------------3X
XXXXXXXXXXXXXXXX
META {"type": "solver", "id": "pysat-rc2", "objective": 0}
META {"type": "geom", "shape": "path", "group": "path", "data": [[1, 1, 1, 2], [1, 2, 1, 3], [1, 3, 1, 4], [1, 4, 1, 5], [1, 5, 1, 6], [1, 6, 1, 7], [1, 7, 1, 8], [1, 8, 1, 9], [1, 9, 1, 10], [1, 10, 1, 11], [1, 11, 2, 11], [2, 11, 3, 11], [3, 11, 3, 12], [3, 12, 3, 13]]}
META {"type": "geom", "shape": "path", "group": "path", "data": [[14, 1, 14, 2], [14, 2, 14, 3], [14, 3, 14, 4], [14, 4, 14, 5], [14, 5, 14, 6], [14, 6, 14, 7], [14, 7, 14, 8], [14, 8, 14, 9], [14, 9, 14, 10], [14, 10, 14, 11], [14, 11, 14, 12], [14, 12, 14, 13], [14, 13, 14, 14]]}
META {"type": "geom", "shape": "tile", "group": "reachable", "data": [[1, 1], [1, 2], [1, 3], [2, 3], [1, 4], [2, 4], [1, 5], [3, 3], [2, 5], [1, 6], [2, 6], [1, 7], [2, 7], [1, 8], [3, 6], [2, 8], [1, 9], [3, 7], [2, 9], [1, 10], [3, 8], [4, 7], [2, 10], [1, 11], [3, 9], [4, 8], [5, 7], [2, 11], [3, 10], [4, 9], [5, 8], [3, 11], [4, 10], [5, 9], [6, 8], [4, 11], [3, 12], [5, 10], [7, 8], [5, 11], [6, 10], [8, 8], [7, 7], [7, 10], [8, 7], [7, 6], [8, 10], [6, 6], [8, 6], [7, 5], [9, 10], [7, 4], [9, 9], [9, 11], [7, 3], [6, 3]]}
