XXXXXXXXXXXXXXXX
X0--------X--XXX
XXX-----------1X
XXX-XXXX-----XXX
X-------X----XXX
XX----X--------X
X-X------XX-XX-X
XX-X-----XX-XX-X
XX-X-----XX----X
X--X-------XXXXX
XX-X--X-X-XXXXXX
X---XXXXXXXXXXXX
XXX-XXXXXXXXXXXX
XXX---------XXXX
X2--XX-XX-----3X
XXXXXXXXXXXXXXXX
META {"type": "solver", "id": "pysat-rc2", "objective": 0}
META {"type": "geom", "shape": "path", "group": "path", "data": [[1, 1, 1, 2], [1, 2, 1, 3], [1, 3, 1, 4], [1, 4, 1, 5], [1, 5, 1, 6], [1, 6, 1, 7], [1, 7, 1, 8], [1, 8, 1, 9], [1, 9, 2, 9], [2, 9, 2, 10], [2, 10, 2, 11], [2, 11, 2, 12], [2, 12, 2, 13], [2, 13, 2, 14]]}
META {"type": "geom", "shape": "path", "group": "path", "data": [[14, 1, 14, 2], [14, 2, 14, 3], [14, 3, 13, 3], [13, 3, 13, 4], [13, 4, 13, 5], [13, 5, 13, 6], [13, 6, 13, 7], [13, 7, 13, 8], [13, 8, 13, 9], [13, 9, 13, 10], [13, 10, 13, 11], [13, 11, 14, 11], [14, 11, 14, 12], [14, 12, 14, 13], [14, 13, 14, 14]]}
META {"type": "geom", "shape": "tile", "group": "reachable", "data": [[1, 1], [1, 2], [1, 3], [2, 3], [1, 4], [2, 4], [1, 5], [3, 3], [2, 5], [1, 6], [4, 3], [2, 6], [1, 7], [5, 3], [4, 2], [4, 4], [2, 7], [1, 8], [5, 2], [4, 1], [5, 4], [4, 5], [6, 3], [2, 8], [1, 9], [5, 5], [4, 6], [6, 4], [2, 9], [3, 8], [4, 7], [6, 5], [7, 4], [3, 9], [2, 10], [5, 7], [7, 5], [6, 6], [8, 4], [3, 10], [2, 11], [4, 9], [6, 7], [5, 8], [7, 6], [8, 5], [9, 4], [1, 11], [3, 11], [2, 12], [4, 10], [5, 9], [6, 8], [7, 7], [8, 6], [9, 5], [10, 4], [1, 12], [3, 12], [2, 13], [4, 11], [5, 10], [7, 8], [8, 7], [9, 6], [10, 5], [4, 12], [5, 11], [8, 8], [9, 7], [5, 12], [6, 11], [9, 8], [10, 7], [5, 13], [7, 11], [9, 9], [5, 14], [8, 11], [10, 9], [9, 10], [6, 14], [8, 12], [7, 14], [8, 13], [8, 14]]}
