XXXXXXXXXXXXXXXX
X0------XXXX--1X
XXX---X--XX--XXX
XXX-XXXXXXXX-XXX
X---XXXXXXXX---X
X-X------XX----X
X-X---XX-XX----X
X-X---XX-XX----X
X--X-----------X
X------------X-X
XX----XX------XX
XXXXX-XX-XXX--XX
XXXXXXXXX---XXXX
XXXXXXXXX---XXXX
X2------------3X
XXXXXXXXXXXXXXXX
META {"type": "solver", "id": "pysat-rc2-boolonly", "objective": 0}
META {"type": "geom", "shape": "path", "group": "path", "data": [[1, 1, 1, 2], [1, 2, 1, 3], [1, 3, 2, 3], [2, 3, 3, 3], [3, 3, 4, 3], [4, 3, 5, 3], [5, 3, 5, 4], [5, 4, 5, 5], [5, 5, 5, 6], [5, 6, 5, 7], [5, 7, 5, 8], [5, 8, 6, 8], [6, 8, 7, 8], [7, 8, 8, 8], [8, 8, 8, 9], [8, 9, 8, 10], [8, 10, 8, 11], [8, 11, 7, 11], [7, 11, 6, 11], [6, 11, 5, 11], [5, 11, 5, 12], [5, 12, 4, 12], [4, 12, 3, 12], [3, 12, 2, 12], [2, 12, 1, 12], [1, 12, 1, 13], [1, 13, 1, 14]]}
META {"type": "geom", "shape": "path", "group": "path", "data": [[14, 1, 14, 2], [14, 2, 14, 3], [14, 3, 14, 4], [14, 4, 14, 5], [14, 5, 14, 6], [14, 6, 14, 7], [14, 7, 14, 8], [14, 8, 14, 9], [14, 9, 14, 10], [14, 10, 14, 11], [14, 11, 14, 12], [14, 12, 14, 13], [14, 13, 14, 14]]}
META {"type": "geom", "shape": "tile", "group": "reachable", "data": [[1, 1], [1, 2], [1, 3], [2, 3], [1, 4], [2, 4], [1, 5], [3, 3], [2, 5], [1, 6], [4, 3], [1, 7], [5, 3], [4, 2], [2, 7], [4, 1], [6, 3], [5, 4], [2, 8], [5, 1], [6, 4], [5, 5], [7, 3], [6, 1], [6, 5], [5, 6], [7, 4], [7, 1], [5, 7], [7, 5], [8, 4], [8, 1], [5, 8], [8, 5], [9, 4], [9, 1], [8, 2], [6, 8], [9, 5], [8, 6], [10, 4], [9, 3], [9, 2], [7, 8], [9, 6], [8, 7], [10, 5], [10, 3], [10, 2], [8, 8], [9, 7], [11, 5], [9, 8], [8, 9], [9, 9], [8, 10], [10, 8], [9, 10], [8, 11], [10, 9], [11, 8], [7, 11], [9, 11], [8, 12], [10, 10], [6, 11], [7, 12], [9, 12], [8, 13], [10, 11], [5, 11], [6, 12], [7, 13], [8, 14], [10, 12], [5, 12], [6, 13], [7, 14], [9, 14], [11, 12], [10, 13], [4, 12], [5, 13], [6, 14], [11, 13], [3, 12], [4, 13], [5, 14], [2, 12], [4, 14], [1, 12], [2, 11], [1, 13]]}
