XXXXXXXXXXXXXXXX
XXXX--XXXXXX--1X
X0-----------XXX
XXXXX--X-X-X-XXX
XXXXX-X-----X--X
X-----X-XX--X-XX
XX----X-XX--X--X
X-----X-XX-----X
X----------XXX-X
XX-------------X
X----XXX-------X
X--X------XX--XX
XXXXXXXXXXXXXXXX
XXXXXXXXXXXXXXXX
X2------------3X
XXXXXXXXXXXXXXXX
META {"type": "solver", "id": "pysat-rc2", "objective": 0}
META {"type": "geom", "shape": "path", "group": "path", "data": [[2, 1, 2, 2], [2, 2, 2, 3], [2, 3, 2, 4], [2, 4, 2, 5], [2, 5, 2, 6], [2, 6, 2, 7], [2, 7, 2, 8], [2, 8, 3, 8], [3, 8, 4, 8], [4, 8, 4, 9], [4, 9, 4, 10], [4, 10, 3, 10], [3, 10, 2, 10], [2, 10, 2, 11], [2, 11, 2, 12], [2, 12, 1, 12], [1, 12, 1, 13], [1, 13, 1, 14]]}
META {"type": "geom", "shape": "tile", "group": "path", "data": [[2, 1], [2, 2], [2, 3], [2, 4], [2, 5], [2, 6], [2, 7], [2, 8], [3, 8], [4, 8], [4, 9], [4, 10], [3, 10], [2, 10], [2, 11], [2, 12], [1, 12], [1, 13], [1, 14]]}
META {"type": "geom", "shape": "line", "group": "offpath", "data": [[4, 11, 5, 11], [4, 13, 4, 14], [4, 14, 4, 13], [8, 7, 8, 8], [8, 6, 8, 7], [8, 4, 8, 5], [8, 10, 7, 10], [8, 3, 8, 4], [8, 9, 8, 10], [8, 5, 8, 6], [8, 8, 8, 9], [8, 14, 9, 14], [7, 11, 7, 12], [7, 4, 7, 3], [7, 12, 7, 13], [7, 10, 6, 10], [7, 3, 6, 3], [7, 13, 6, 13], [7, 14, 8, 14], [11, 2, 11, 1], [11, 7, 11, 6], [11, 6, 11, 5], [11, 4, 10, 4], [11, 1, 11, 2], [11, 9, 11, 8], [11, 5, 11, 4], [11, 8, 11, 7], [3, 6, 3, 5], [3, 5, 3, 6], [9, 2, 10, 2], [9, 7, 9, 6], [9, 6, 9, 7], [9, 11, 9, 10], [9, 10, 10, 10], [9, 3, 8, 3], [9, 8, 10, 8], [9, 14, 10, 14], [5, 2, 5, 1], [5, 7, 6, 7], [5, 11, 4, 11], [5, 4, 6, 4], [5, 3, 5, 4], [5, 1, 5, 2], [5, 5, 6, 5], [6, 7, 5, 7], [6, 11, 7, 11], [6, 4, 7, 4], [6, 10, 6, 11], [6, 3, 5, 3], [6, 13, 6, 14], [6, 5, 5, 5], [6, 14, 7, 14], [10, 2, 9, 2], [10, 11, 9, 11], [10, 4, 10, 3], [10, 12, 10, 11], [10, 10, 10, 9], [10, 3, 9, 3], [10, 13, 10, 12], [10, 9, 11, 9], [10, 8, 9, 8], [10, 14, 10, 13]]}
META {"type": "geom", "shape": "path", "group": "path", "data": [[14, 1, 14, 2], [14, 2, 14, 3], [14, 3, 14, 4], [14, 4, 14, 5], [14, 5, 14, 6], [14, 6, 14, 7], [14, 7, 14, 8], [14, 8, 14, 9], [14, 9, 14, 10], [14, 10, 14, 11], [14, 11, 14, 12], [14, 12, 14, 13], [14, 13, 14, 14]]}
META {"type": "geom", "shape": "tile", "group": "path", "data": [[14, 1], [14, 2], [14, 3], [14, 4], [14, 5], [14, 6], [14, 7], [14, 8], [14, 9], [14, 10], [14, 11], [14, 12], [14, 13], [14, 14]]}
META {"type": "geom", "shape": "line", "group": "offpath", "data": [[4, 7, 5, 7], [4, 9, 4, 8], [4, 8, 4, 9], [8, 7, 7, 7], [8, 6, 9, 6], [8, 5, 8, 6], [7, 7, 8, 7], [7, 11, 6, 11], [7, 4, 6, 4], [11, 7, 11, 8], [11, 4, 10, 4], [11, 12, 11, 13], [11, 13, 11, 12], [11, 8, 11, 7], [9, 6, 9, 5], [9, 10, 10, 10], [9, 9, 9, 10], [9, 5, 8, 5], [5, 7, 4, 7], [5, 4, 5, 5], [5, 5, 5, 4], [6, 11, 7, 11], [6, 4, 7, 4], [10, 4, 11, 4], [10, 10, 10, 9], [10, 9, 9, 9]]}
