XXXXXXXXXXXXXXXX
X---}XXX-----X-X
X-XXXXXX------XX
X-XXXXXX--XXX-XX
X--------X-----X
X------XXXXXXXXX
X--X---XXXXXXXXX
X-X------------X
X-X--XXXXXX----X
X-X-XXXXXXXXX--X
XX--XXXXXXXXX--X
X-XX-XX-XXX{---X
XXXXX--XXXXXX--X
XXXXX--XXXXXX--X
X--------------X
XXXXXXXXXXXXXXXX
META {"type": "solver", "id": "pysat-rc2", "objective": 0}
META {"type": "geom", "shape": "path", "group": "path", "data": [[11, 11, 11, 12], [11, 12, 11, 13], [11, 13, 10, 13], [10, 13, 10, 14], [10, 14, 9, 14], [9, 14, 9, 13], [9, 13, 8, 13], [8, 13, 7, 13], [7, 13, 7, 12], [7, 12, 7, 11], [7, 11, 7, 10], [7, 10, 7, 9], [7, 9, 7, 8], [7, 8, 7, 7], [7, 7, 7, 6], [7, 6, 7, 5], [7, 5, 7, 4], [7, 4, 6, 4], [6, 4, 5, 4], [5, 4, 4, 4], [4, 4, 4, 3], [4, 3, 5, 3], [5, 3, 5, 2], [5, 2, 6, 2], [6, 2, 6, 1], [6, 1, 5, 1], [5, 1, 4, 1], [4, 1, 3, 1], [3, 1, 2, 1], [2, 1, 1, 1], [1, 1, 1, 2], [1, 2, 1, 3], [1, 3, 1, 4]]}
META {"type": "geom", "shape": "tile", "group": "path", "data": [[11, 11], [11, 12], [11, 13], [10, 13], [10, 14], [9, 14], [9, 13], [8, 13], [7, 13], [7, 12], [7, 11], [7, 10], [7, 9], [7, 8], [7, 7], [7, 6], [7, 5], [7, 4], [6, 4], [5, 4], [4, 4], [4, 3], [5, 3], [5, 2], [6, 2], [6, 1], [5, 1], [4, 1], [3, 1], [2, 1], [1, 1], [1, 2], [1, 3], [1, 4]]}
META {"type": "geom", "shape": "line", "group": "offpath", "data": [[3, 8, 3, 9], [3, 9, 3, 8], [12, 13, 13, 13], [5, 5, 5, 6], [5, 6, 5, 5], [8, 12, 8, 11], [8, 3, 8, 4], [8, 11, 8, 12], [8, 4, 8, 3], [14, 12, 14, 13], [14, 10, 14, 11], [14, 8, 14, 9], [14, 11, 14, 10], [14, 9, 14, 8], [14, 13, 14, 12], [1, 12, 2, 12], [1, 10, 1, 9], [1, 9, 2, 9], [10, 3, 9, 3], [9, 3, 10, 3], [13, 13, 12, 13], [2, 12, 1, 12], [2, 10, 1, 10], [2, 9, 2, 10], [4, 12, 4, 13], [4, 7, 4, 8], [4, 8, 4, 7], [4, 13, 4, 12]]}
