XXXXXXXXXXXXXXXX
XX0-----------1X
XXXX------X--XXX
XXXX---------XXX
XX---XXX----X--X
X--XX-------X--X
XX-XX---XXX-X--X
XX-----XXXXX--XX
XX--XX-XXXXX-XXX
XXXXXXX--XX--XXX
XXXXXXX--------X
XX-XX---XX--X--X
XXX-----XX---XXX
XXX-------XX-XXX
X2--------XX--3X
XXXXXXXXXXXXXXXX
META {"type": "solver", "id": "pysat-rc2", "objective": 0}
META {"type": "geom", "shape": "path", "group": "path", "data": [[1, 2, 1, 3], [1, 3, 1, 4], [1, 4, 2, 4], [2, 4, 2, 5], [2, 5, 3, 5], [3, 5, 3, 6], [3, 6, 3, 7], [3, 7, 2, 7], [2, 7, 2, 8], [2, 8, 1, 8], [1, 8, 1, 9], [1, 9, 2, 9], [2, 9, 3, 9], [3, 9, 4, 9], [4, 9, 4, 10], [4, 10, 3, 10], [3, 10, 3, 11], [3, 11, 3, 12], [3, 12, 2, 12], [2, 12, 2, 11], [2, 11, 1, 11], [1, 11, 1, 12], [1, 12, 1, 13], [1, 13, 1, 14]]}
META {"type": "geom", "shape": "tile", "group": "path", "data": [[1, 2], [1, 3], [1, 4], [2, 4], [2, 5], [3, 5], [3, 6], [3, 7], [2, 7], [2, 8], [1, 8], [1, 9], [2, 9], [3, 9], [4, 9], [4, 10], [3, 10], [3, 11], [3, 12], [2, 12], [2, 11], [1, 11], [1, 12], [1, 13], [1, 14]]}
META {"type": "geom", "shape": "line", "group": "offpath", "data": [[12, 11, 11, 11], [12, 7, 13, 7], [12, 3, 12, 4], [12, 10, 12, 11], [12, 4, 13, 4], [12, 5, 11, 5], [1, 6, 2, 6], [7, 13, 7, 12], [7, 3, 7, 4], [7, 4, 7, 3], [7, 12, 7, 13], [7, 2, 6, 2], [4, 14, 5, 14], [4, 8, 5, 8], [4, 3, 4, 2], [4, 2, 4, 3], [14, 8, 14, 7], [14, 7, 14, 8], [14, 6, 14, 5], [14, 5, 14, 6], [14, 12, 13, 12], [6, 14, 6, 13], [6, 7, 6, 6], [6, 13, 6, 14], [6, 6, 5, 6], [6, 2, 7, 2], [9, 8, 10, 8], [9, 7, 10, 7], [9, 12, 10, 12], [5, 11, 5, 10], [5, 14, 4, 14], [5, 8, 4, 8], [5, 7, 6, 7], [5, 6, 5, 7], [5, 10, 5, 11], [5, 1, 5, 2], [5, 2, 5, 1], [13, 7, 13, 6], [13, 3, 12, 3], [13, 6, 13, 5], [13, 4, 13, 3], [13, 5, 12, 5], [13, 12, 14, 12], [11, 11, 10, 11], [11, 7, 12, 7], [11, 6, 11, 7], [11, 10, 12, 10], [11, 5, 11, 6], [8, 3, 8, 2], [8, 2, 8, 3], [10, 11, 10, 10], [10, 8, 9, 8], [10, 7, 9, 7], [10, 10, 11, 10], [10, 12, 9, 12], [2, 6, 1, 6]]}
META {"type": "geom", "shape": "path", "group": "path", "data": [[14, 1, 14, 2], [14, 2, 14, 3], [14, 3, 14, 4], [14, 4, 14, 5], [14, 5, 13, 5], [13, 5, 13, 6], [13, 6, 13, 7], [13, 7, 12, 7], [12, 7, 11, 7], [11, 7, 10, 7], [10, 7, 10, 8], [10, 8, 10, 9], [10, 9, 10, 10], [10, 10, 11, 10], [11, 10, 12, 10], [12, 10, 12, 11], [12, 11, 12, 12], [12, 12, 13, 12], [13, 12, 14, 12], [14, 12, 14, 13], [14, 13, 14, 14]]}
META {"type": "geom", "shape": "tile", "group": "path", "data": [[14, 1], [14, 2], [14, 3], [14, 4], [14, 5], [13, 5], [13, 6], [13, 7], [12, 7], [11, 7], [10, 7], [10, 8], [10, 9], [10, 10], [11, 10], [12, 10], [12, 11], [12, 12], [13, 12], [14, 12], [14, 13], [14, 14]]}
META {"type": "geom", "shape": "line", "group": "offpath", "data": []}
