XXXXXXXXXXXXXXXX
XX0------XX-XXXX
XXXXXX--------1X
XXXXXXXXX--XXXXX
XX-XXXXXX--XXXXX
XX-XXXXXX-X---XX
XX----XXXX-XXX-X
X-XX--XXXX----XX
X-XX---XX-X----X
XXXXX-----X----X
XXXXX---X-X---XX
X-XX----X------X
XXXXX---X-XX-XXX
XXXXX-----XX-XXX
X2------------3X
XXXXXXXXXXXXXXXX
META {"type": "solver", "id": "pysat-rc2-boolonly", "objective": 0}
META {"type": "geom", "shape": "path", "group": "path", "data": [[1, 2, 1, 3], [1, 3, 1, 4], [1, 4, 1, 5], [1, 5, 1, 6], [1, 6, 1, 7], [1, 7, 1, 8], [1, 8, 2, 8], [2, 8, 2, 9], [2, 9, 2, 10], [2, 10, 2, 11], [2, 11, 2, 12], [2, 12, 2, 13], [2, 13, 2, 14]]}
META {"type": "geom", "shape": "tile", "group": "path", "data": [[1, 2], [1, 3], [1, 4], [1, 5], [1, 6], [1, 7], [1, 8], [2, 8], [2, 9], [2, 10], [2, 11], [2, 12], [2, 13], [2, 14]]}
META {"type": "geom", "shape": "line", "group": "offpath", "data": [[4, 9, 3, 9], [10, 12, 10, 11], [10, 11, 10, 12], [3, 9, 4, 9], [2, 7, 2, 6], [2, 6, 2, 7], [7, 13, 8, 13], [7, 12, 7, 11], [7, 11, 7, 12], [14, 2, 14, 3], [14, 3, 14, 2], [5, 13, 5, 12], [5, 12, 5, 13], [11, 13, 11, 14], [11, 14, 11, 13], [8, 13, 7, 13]]}
META {"type": "geom", "shape": "path", "group": "path", "data": [[14, 1, 14, 2], [14, 2, 14, 3], [14, 3, 14, 4], [14, 4, 14, 5], [14, 5, 14, 6], [14, 6, 14, 7], [14, 7, 14, 8], [14, 8, 14, 9], [14, 9, 14, 10], [14, 10, 14, 11], [14, 11, 14, 12], [14, 12, 14, 13], [14, 13, 14, 14]]}
META {"type": "geom", "shape": "tile", "group": "path", "data": [[14, 1], [14, 2], [14, 3], [14, 4], [14, 5], [14, 6], [14, 7], [14, 8], [14, 9], [14, 10], [14, 11], [14, 12], [14, 13], [14, 14]]}
META {"type": "geom", "shape": "line", "group": "offpath", "data": [[11, 13, 11, 12], [11, 12, 11, 13]]}
