XXXXXXXXXXXXXXXX
X0----XXXX----1X
XXX-X-XXXX-X-XXX
XXX-X--------XXX
X---X----XXX---X
XX----XXX----XXX
X-XXXX-----X-XXX
X-XXXX-XXX--X-XX
XX----XXXXXX---X
X-----XXXXXX---X
X------XX------X
X-X-X--XX-X----X
XXXXXXXXXXXXXXXX
XXXXXXXXXXXXXXXX
X2------------3X
XXXXXXXXXXXXXXXX
META {"type": "solver", "id": "pysat-rc2", "objective": 0}
META {"type": "geom", "shape": "path", "group": "path", "data": [[1, 1, 1, 2], [1, 2, 1, 3], [1, 3, 1, 4], [1, 4, 1, 5], [1, 5, 2, 5], [2, 5, 3, 5], [3, 5, 4, 5], [4, 5, 4, 6], [4, 6, 3, 6], [3, 6, 3, 7], [3, 7, 3, 8], [3, 8, 3, 9], [3, 9, 3, 10], [3, 10, 2, 10], [2, 10, 1, 10], [1, 10, 1, 11], [1, 11, 1, 12], [1, 12, 1, 13], [1, 13, 1, 14]]}
META {"type": "geom", "shape": "tile", "group": "path", "data": [[1, 1], [1, 2], [1, 3], [1, 4], [1, 5], [2, 5], [3, 5], [4, 5], [4, 6], [3, 6], [3, 7], [3, 8], [3, 9], [3, 10], [2, 10], [1, 10], [1, 11], [1, 12], [1, 13], [1, 14]]}
META {"type": "geom", "shape": "line", "group": "offpath", "data": [[4, 7, 4, 8], [4, 8, 4, 7], [4, 12, 3, 12], [6, 12, 5, 12], [6, 10, 7, 10], [7, 10, 6, 10], [5, 11, 5, 10], [5, 12, 6, 12], [5, 10, 5, 11], [3, 12, 4, 12]]}
META {"type": "geom", "shape": "path", "group": "path", "data": [[14, 1, 14, 2], [14, 2, 14, 3], [14, 3, 14, 4], [14, 4, 14, 5], [14, 5, 14, 6], [14, 6, 14, 7], [14, 7, 14, 8], [14, 8, 14, 9], [14, 9, 14, 10], [14, 10, 14, 11], [14, 11, 14, 12], [14, 12, 14, 13], [14, 13, 14, 14]]}
META {"type": "geom", "shape": "tile", "group": "path", "data": [[14, 1], [14, 2], [14, 3], [14, 4], [14, 5], [14, 6], [14, 7], [14, 8], [14, 9], [14, 10], [14, 11], [14, 12], [14, 13], [14, 14]]}
META {"type": "geom", "shape": "line", "group": "offpath", "data": []}
