XXXXXXXXXXXXXXXX
X0--X---------1X
XXX------XX--XXX
XXX-----XXXXXXXX
XXX---X-XXXXXXXX
XX-XX----XX-XX-X
XX-XX-XX-XX-XX-X
XXXXXXXXXXXXXXXX
XXXXXXXXXXXXXXXX
XX-XX----XX-XX-X
XX----XXX-----XX
XX---X----X-XX-X
XXXX-X-XXX-XXXXX
XXXX-X-----XXXXX
X2------XX----3X
XXXXXXXXXXXXXXXX
META {"type": "solver", "id": "pysat-rc2-boolonly", "objective": 0}
META {"type": "geom", "shape": "path", "group": "path", "data": [[1, 1, 1, 2], [1, 2, 1, 3], [1, 3, 2, 3], [2, 3, 3, 3], [3, 3, 3, 4], [3, 4, 3, 5], [3, 5, 3, 6], [3, 6, 2, 6], [2, 6, 2, 7], [2, 7, 2, 8], [2, 8, 1, 8], [1, 8, 1, 9], [1, 9, 1, 10], [1, 10, 1, 11], [1, 11, 1, 12], [1, 12, 1, 13], [1, 13, 1, 14]]}
META {"type": "geom", "shape": "tile", "group": "path", "data": [[1, 1], [1, 2], [1, 3], [2, 3], [3, 3], [3, 4], [3, 5], [3, 6], [2, 6], [2, 7], [2, 8], [1, 8], [1, 9], [1, 10], [1, 11], [1, 12], [1, 13], [1, 14]]}
META {"type": "geom", "shape": "line", "group": "offpath", "data": [[1, 5, 2, 5], [2, 5, 1, 5], [5, 6, 5, 7], [5, 7, 5, 6], [5, 5, 4, 5], [11, 3, 11, 2], [11, 2, 11, 3], [4, 7, 3, 7], [4, 5, 5, 5], [3, 7, 4, 7]]}
META {"type": "geom", "shape": "path", "group": "path", "data": [[14, 1, 14, 2], [14, 2, 14, 3], [14, 3, 14, 4], [14, 4, 14, 5], [14, 5, 14, 6], [14, 6, 14, 7], [14, 7, 13, 7], [13, 7, 13, 8], [13, 8, 13, 9], [13, 9, 13, 10], [13, 10, 14, 10], [14, 10, 14, 11], [14, 11, 14, 12], [14, 12, 14, 13], [14, 13, 14, 14]]}
META {"type": "geom", "shape": "tile", "group": "path", "data": [[14, 1], [14, 2], [14, 3], [14, 4], [14, 5], [14, 6], [14, 7], [13, 7], [13, 8], [13, 9], [13, 10], [14, 10], [14, 11], [14, 12], [14, 13], [14, 14]]}
META {"type": "geom", "shape": "line", "group": "offpath", "data": [[10, 11, 10, 12], [10, 10, 10, 9], [10, 12, 10, 11], [10, 9, 10, 10], [12, 6, 13, 6], [11, 7, 11, 8], [11, 8, 11, 7], [13, 6, 12, 6]]}
