--------------------------------
--------------------------------
---------------------------X----
----------------X---------------
--------------------------------
------------X-------------------
--------------------------------
--------X-------------X------Q--
--------------------------------
--XX----------------------------
-------------------X---Q--------
-------X--Q---------------XQX---
------XX------------------------
-----XXX--------<>---XX---------
-{--XXXX--------[]--XXX-------}-
XXXXXXXXXXX---XXXXXXXXX--XXXXXXX
META {"type": "solver", "id": "pysat-rc2", "objective": 0}
META {"type": "geom", "shape": "path", "group": "path", "data": [[14, 1, 12, 3], [12, 3, 13, 2], [13, 2, 14, 2], [14, 2, 10, 2], [10, 2, 11, 2], [11, 2, 12, 1], [12, 1, 13, 1], [13, 1, 14, 0], [14, 0, 10, 4], [10, 4, 11, 5], [11, 5, 12, 5], [12, 5, 10, 7], [10, 7, 6, 8], [6, 8, 2, 7], [2, 7, 3, 8], [3, 8, 4, 8], [4, 8, 5, 7], [5, 7, 6, 6], [6, 6, 7, 7], [7, 7, 8, 6], [8, 6, 9, 7], [9, 7, 10, 8], [10, 8, 11, 8], [11, 8, 12, 8], [12, 8, 13, 9], [13, 9, 14, 9], [14, 9, 10, 13], [10, 13, 11, 12], [11, 12, 12, 13], [12, 13, 13, 13], [13, 13, 14, 14], [14, 14, 11, 17], [11, 17, 12, 18], [12, 18, 13, 18], [13, 18, 14, 18], [14, 18, 10, 17], [10, 17, 11, 18], [11, 18, 12, 19], [12, 19, 13, 19], [13, 19, 14, 19], [14, 19, 12, 21], [12, 21, 8, 22], [8, 22, 9, 23], [9, 23, 6, 26], [6, 26, 7, 27], [7, 27, 8, 28], [8, 28, 9, 27], [9, 27, 10, 27], [10, 27, 7, 24], [7, 24, 8, 23], [8, 23, 9, 24], [9, 24, 10, 25], [10, 25, 11, 25], [11, 25, 12, 24], [12, 24, 13, 24], [13, 24, 14, 25], [14, 25, 12, 26], [12, 26, 13, 26], [13, 26, 14, 26], [14, 26, 12, 27], [12, 27, 13, 28], [13, 28, 14, 29], [14, 29, 14, 30]]}
META {"type": "geom", "shape": "tile", "group": "path", "data": [[14, 1], [13, 1], [13, 2], [12, 2], [12, 3], [13, 3], [13, 2], [14, 2], [13, 2], [12, 2], [11, 2], [10, 2], [11, 2], [12, 2], [12, 1], [13, 1], [14, 1], [14, 0], [13, 0], [13, 1], [12, 1], [12, 2], [11, 2], [11, 3], [10, 3], [10, 4], [11, 4], [11, 5], [12, 5], [11, 5], [11, 6], [10, 6], [10, 7], [9, 7], [8, 7], [7, 7], [6, 7], [6, 8], [5, 8], [4, 8], [3, 8], [2, 8], [2, 7], [3, 7], [3, 8], [4, 8], [5, 8], [5, 7], [6, 7], [6, 6], [7, 6], [7, 7], [8, 7], [8, 6], [9, 6], [9, 7], [10, 7], [10, 8], [11, 8], [12, 8], [13, 8], [13, 9], [14, 9], [13, 9], [13, 10], [12, 10], [12, 11], [11, 11], [11, 12], [10, 12], [10, 13], [11, 13], [11, 12], [12, 12], [12, 13], [13, 13], [14, 13], [14, 14], [13, 14], [13, 15], [12, 15], [12, 16], [11, 16], [11, 17], [12, 17], [12, 18], [13, 18], [14, 18], [13, 18], [12, 18], [11, 18], [10, 18], [10, 17], [11, 17], [11, 18], [12, 18], [12, 19], [13, 19], [14, 19], [13, 19], [13, 20], [12, 20], [12, 21], [11, 21], [10, 21], [9, 21], [8, 21], [8, 22], [9, 22], [9, 23], [8, 23], [8, 24], [7, 24], [7, 25], [6, 25], [6, 26], [7, 26], [7, 27], [8, 27], [8, 28], [9, 28], [9, 27], [10, 27], [9, 27], [9, 26], [8, 26], [8, 25], [7, 25], [7, 24], [8, 24], [8, 23], [9, 23], [9, 24], [10, 24], [10, 25], [11, 25], [12, 25], [12, 24], [13, 24], [14, 24], [14, 25], [13, 25], [13, 26], [12, 26], [13, 26], [14, 26], [13, 26], [13, 27], [12, 27], [13, 27], [13, 28], [14, 28], [14, 29], [14, 30]]}
META {"type": "geom", "shape": "line", "group": "offpath", "data": [[12, 20, 13, 20], [12, 16, 8, 12], [12, 2, 13, 3], [12, 14, 13, 14], [12, 9, 13, 8], [12, 10, 13, 11], [12, 31, 13, 30], [12, 29, 13, 29], [5, 24, 6, 23], [5, 16, 6, 17], [5, 6, 6, 5], [5, 3, 6, 4], [0, 15, 1, 15], [0, 12, 1, 12], [14, 8, 12, 9], [14, 28, 12, 29], [14, 15, 10, 15], [14, 10, 10, 14], [14, 31, 10, 31], [14, 3, 11, 3], [2, 16, 0, 15], [2, 11, 3, 11], [3, 24, 4, 24], [3, 11, 4, 12], [9, 5, 10, 6], [9, 17, 10, 18], [9, 9, 10, 9], [9, 25, 10, 26], [9, 19, 5, 16], [9, 11, 10, 10], [9, 29, 10, 28], [10, 18, 11, 19], [10, 28, 8, 30], [10, 15, 11, 15], [10, 14, 11, 13], [10, 6, 11, 6], [10, 9, 11, 9], [10, 10, 6, 9], [10, 26, 6, 22], [10, 31, 11, 31], [8, 24, 9, 25], [8, 16, 9, 17], [8, 2, 4, 2], [8, 5, 9, 5], [8, 12, 9, 11], [8, 10, 9, 9], [8, 30, 9, 29], [8, 3, 4, 7], [13, 20, 9, 19], [13, 8, 14, 8], [13, 14, 14, 15], [13, 30, 14, 31], [13, 11, 14, 10], [13, 3, 14, 3], [13, 29, 14, 28], [1, 15, 2, 16], [1, 12, 2, 11], [7, 2, 8, 2], [7, 5, 8, 5], [7, 17, 8, 16], [7, 4, 8, 3], [7, 10, 8, 10], [7, 23, 8, 24], [4, 24, 5, 24], [4, 7, 5, 6], [4, 2, 5, 3], [4, 12, 0, 12], [6, 5, 7, 4], [6, 17, 7, 17], [6, 9, 7, 10], [6, 4, 7, 5], [6, 23, 7, 23], [6, 22, 3, 24], [11, 15, 12, 16], [11, 6, 7, 2], [11, 9, 12, 10], [11, 19, 12, 20], [11, 31, 12, 31], [11, 3, 12, 2], [11, 13, 12, 14]]}
