XXXXXXXXXXXXXXXX
X---}XXX---XXX-X
XX-XXXXX---XXXXX
XX-XXXXX---XXXXX
X--------------X
XX-----------X-X
X---XX-XXXXX-X-X
X---XX-------X-X
XX-------XXXX--X
XXX----X-XXXXXXX
XXX-XXX--XXXXXXX
XX-----X-XXX{--X
X-------XXXXXX-X
XX------XXXXXX-X
X-XX-XX--------X
XXXXXXXXXXXXXXXX
META {"type": "solver", "id": "pysat-rc2", "objective": 0}
META {"type": "geom", "shape": "path", "group": "path", "data": [[11, 12, 11, 13], [11, 13, 11, 14], [11, 14, 12, 14], [12, 14, 13, 14], [13, 14, 14, 14], [14, 14, 14, 13], [14, 13, 14, 12], [14, 12, 14, 11], [14, 11, 14, 10], [14, 10, 14, 9], [14, 9, 14, 8], [14, 8, 14, 7], [14, 7, 13, 7], [13, 7, 12, 7], [12, 7, 12, 6], [12, 6, 11, 6], [11, 6, 11, 5], [11, 5, 11, 4], [11, 4, 11, 3], [11, 3, 10, 3], [10, 3, 9, 3], [9, 3, 8, 3], [8, 3, 7, 3], [7, 3, 6, 3], [6, 3, 5, 3], [5, 3, 4, 3], [4, 3, 4, 2], [4, 2, 3, 2], [3, 2, 2, 2], [2, 2, 1, 2], [1, 2, 1, 3], [1, 3, 1, 4]]}
