XXXXXXXXXXXXXXXX
XXXXXXXXXXXXXXXX
XXXX------XXX}XX
XXX-#-###-XXX-XX
XXX-------XXX-XX
XXX-------XXX-XX
XX---XX-------XX
XX##--X--XX-#-XX
XX-------XX---XX
XXXXXX----XX--XX
XXXXXX##--XX--XX
XXXX----#--X--XX
XXXXXX--------XX
XX-XXXXX------XX
XX--XXXX--##--XX
XXX-XXXX------XX
XXX-XXX--#----XX
XXXX----------XX
XXXX--#---XX--XX
XXXXX-----XXXXXX
XX-XX------XXXXX
XX--X-###--XXXXX
XX---------XXXXX
XX---#-----XXXXX
XX##--------XXXX
XX-----XX---XXXX
XX---#--X---XXXX
XXX-------#-XXXX
XXXXX-------XXXX
XXXXXXX--{-X--XX
XXXXXXXXXXXXXXXX
XXXXXXXXXXXXXXXX
META {"type": "solver", "id": "pysat-rc2", "objective": 0}
META {"type": "geom", "shape": "path", "group": "path", "data": [[29, 9, 29, 10], [29, 10, 28, 10], [28, 10, 28, 11], [28, 11, 28, 5], [28, 5, 27, 5], [27, 5, 27, 9], [27, 9, 17, 9], [17, 9, 17, 13], [17, 13, 18, 13], [18, 13, 18, 12], [18, 12, 8, 12], [8, 12, 8, 13], [8, 13, 2, 13]]}
META {"type": "geom", "shape": "tile", "group": "path", "data": [[29, 9], [29, 10], [28, 10], [28, 11], [28, 10], [28, 9], [28, 8], [28, 7], [28, 6], [28, 5], [27, 5], [27, 6], [27, 7], [27, 8], [27, 9], [26, 9], [25, 9], [24, 9], [23, 9], [22, 9], [21, 9], [20, 9], [19, 9], [18, 9], [17, 9], [17, 10], [17, 11], [17, 12], [17, 13], [18, 13], [18, 12], [17, 12], [16, 12], [15, 12], [14, 12], [13, 12], [12, 12], [11, 12], [10, 12], [9, 12], [8, 12], [8, 13], [7, 13], [6, 13], [5, 13], [4, 13], [3, 13], [2, 13]]}
META {"type": "geom", "shape": "line", "group": "offpath", "data": [[4, 9, 4, 3], [4, 3, 6, 3], [4, 8, 4, 9], [18, 4, 18, 5], [18, 5, 17, 5], [10, 8, 4, 8], [27, 4, 27, 3], [27, 3, 25, 3], [24, 5, 25, 5], [24, 8, 22, 8], [16, 7, 20, 7], [8, 4, 8, 8], [8, 8, 10, 8], [8, 6, 9, 6], [8, 11, 6, 11], [29, 12, 29, 13], [29, 13, 29, 12], [28, 6, 22, 6], [22, 8, 24, 8], [22, 6, 28, 6], [6, 4, 8, 4], [6, 3, 6, 4], [6, 11, 8, 11], [7, 7, 7, 8], [7, 8, 7, 7], [26, 2, 26, 4], [26, 4, 27, 4], [26, 7, 26, 6], [26, 6, 26, 7], [25, 2, 26, 2], [25, 3, 25, 2], [25, 5, 24, 5], [21, 9, 21, 10], [21, 10, 21, 9], [19, 6, 20, 6], [9, 9, 15, 9], [9, 6, 8, 6], [14, 2, 14, 3], [14, 3, 14, 2], [20, 7, 16, 7], [20, 6, 19, 6], [15, 9, 9, 9], [15, 11, 17, 11], [15, 10, 17, 10], [17, 4, 18, 4], [17, 5, 17, 4], [17, 11, 15, 11], [17, 10, 15, 10], [23, 2, 23, 4], [23, 4, 23, 2], [23, 6, 23, 10], [23, 10, 23, 6]]}
