XXXXXXXXXXXXXXXX
XXXXXXXXXXXXXXXX
XX}XXX-------XXX
XX-XXX-XXX---XXX
XX-----XXX##--XX
XX-XX---------XX
XX--X-------XXXX
XXX------##--XXX
XXX----------XXX
XXX--XX------XXX
XXX--XXXX--#--XX
XX-#-XXXX-----XX
XX---XXXX---X-XX
XXX-----XX-XX-XX
XXXXXXX--X--X-XX
XXXXXXX-------XX
XXXXXX--#---XXXX
XXXXXX----#-XXXX
XXXX---X-----XXX
XXXX---XXX-#-XXX
XX-----XXX---XXX
XXX----------XXX
XXX-XX-------XXX
XXX-XXX--#-#-XXX
XXX-XXX------XXX
XX--XXX---X--XXX
XX-------XXX-XXX
XX-XX-XX-XXX-XXX
XX--X--X-----XXX
XX------{-XXXXXX
XXXXXXXXXXXXXXXX
XXXXXXXXXXXXXXXX
META {"type": "solver", "id": "pysat-rc2", "objective": 0}
META {"type": "geom", "shape": "path", "group": "path", "data": [[29, 8, 29, 2], [29, 2, 25, 2], [25, 2, 25, 3], [25, 3, 26, 3], [26, 3, 20, 3], [20, 3, 20, 2], [20, 2, 20, 6], [20, 6, 16, 6], [16, 6, 16, 7], [16, 7, 17, 7], [17, 7, 13, 7], [13, 7, 13, 3], [13, 3, 12, 3], [12, 3, 12, 4], [12, 4, 13, 4], [13, 4, 7, 4], [7, 4, 7, 8], [7, 8, 9, 8], [9, 8, 9, 12], [9, 12, 7, 12], [7, 12, 7, 11], [7, 11, 5, 11], [5, 11, 5, 5], [5, 5, 4, 5], [4, 5, 8, 5], [8, 5, 8, 3], [8, 3, 10, 3], [10, 3, 6, 3], [6, 3, 6, 2], [6, 2, 2, 2]]}
META {"type": "geom", "shape": "tile", "group": "path", "data": [[29, 8], [29, 7], [29, 6], [29, 5], [29, 4], [29, 3], [29, 2], [28, 2], [27, 2], [26, 2], [25, 2], [25, 3], [26, 3], [25, 3], [24, 3], [23, 3], [22, 3], [21, 3], [20, 3], [20, 2], [20, 3], [20, 4], [20, 5], [20, 6], [19, 6], [18, 6], [17, 6], [16, 6], [16, 7], [17, 7], [16, 7], [15, 7], [14, 7], [13, 7], [13, 6], [13, 5], [13, 4], [13, 3], [12, 3], [12, 4], [13, 4], [12, 4], [11, 4], [10, 4], [9, 4], [8, 4], [7, 4], [7, 5], [7, 6], [7, 7], [7, 8], [8, 8], [9, 8], [9, 9], [9, 10], [9, 11], [9, 12], [8, 12], [7, 12], [7, 11], [6, 11], [5, 11], [5, 10], [5, 9], [5, 8], [5, 7], [5, 6], [5, 5], [4, 5], [5, 5], [6, 5], [7, 5], [8, 5], [8, 4], [8, 3], [9, 3], [10, 3], [9, 3], [8, 3], [7, 3], [6, 3], [6, 2], [5, 2], [4, 2], [3, 2], [2, 2]]}
META {"type": "geom", "shape": "line", "group": "offpath", "data": [[14, 8, 15, 8], [14, 10, 16, 10], [14, 11, 14, 10], [12, 2, 11, 2], [12, 9, 12, 11], [12, 11, 11, 11], [20, 11, 22, 11], [3, 12, 3, 10], [3, 10, 3, 12], [28, 12, 28, 8], [28, 8, 28, 12], [28, 3, 29, 3], [17, 8, 17, 9], [17, 9, 18, 9], [5, 12, 5, 13], [5, 10, 6, 10], [5, 13, 4, 13], [9, 3, 9, 4], [9, 4, 9, 3], [19, 6, 19, 4], [19, 4, 19, 6], [16, 10, 16, 11], [16, 11, 14, 11], [23, 7, 23, 8], [23, 8, 23, 7], [15, 8, 14, 8], [4, 12, 5, 12], [4, 13, 4, 12], [25, 11, 24, 11], [6, 10, 5, 10], [29, 3, 28, 3], [24, 10, 18, 10], [24, 11, 25, 11], [18, 8, 17, 8], [18, 10, 24, 10], [18, 9, 18, 8], [11, 2, 12, 2], [11, 9, 12, 9], [11, 11, 11, 9], [22, 6, 22, 12], [22, 12, 22, 6], [22, 11, 20, 11]]}
