XXXXXXXXXXXXXXXX
XXXXXXXXXXXXXXXX
XXXX-----XXXXXXX
XXXX-----XXXX}XX
XX----XXXXXXX-XX
XX----XXXXXXX-XX
XX----XXXXX---XX
XX---#--------XX
XX-X---XXXXX--XX
XX-XX--XXXXX--XX
XX--X--XXX---XXX
XX---##-----XXXX
XXXX-------XXXXX
XXXXX-----XXXXXX
XXXXX--XX-XXXXXX
XXX--X--X-XXXXXX
XX-XXX------XXXX
XX-XXX-XXX---XXX
XX-XXX-XXX##-XXX
XX-----XXX---XXX
XXX-#------#-XXX
XXX---X--X---XXX
XXX--XXXXX---XXX
XX---XXXXX-#-XXX
XX---XXX------XX
XX---XXX##--X-XX
XX--------#-XXXX
XX------{---XXXX
XXX-XXXXXX---XXX
XXXXXXXXXXX--XXX
XXXXXXXXXXXXXXXX
XXXXXXXXXXXXXXXX
META {"type": "solver", "id": "pysat-rc2", "objective": 0}
META {"type": "geom", "shape": "path", "group": "path", "data": [[27, 8, 26, 8], [26, 8, 26, 2], [26, 2, 27, 2], [27, 2, 23, 2], [23, 2, 23, 4], [23, 4, 27, 4], [27, 4, 21, 4], [21, 4, 21, 3], [21, 3, 19, 3], [19, 3, 19, 2], [19, 2, 19, 6], [19, 6, 20, 6], [20, 6, 20, 10], [20, 10, 19, 10], [19, 10, 19, 12], [19, 12, 17, 12], [17, 12, 17, 10], [17, 10, 16, 10], [16, 10, 16, 6], [16, 6, 12, 6], [12, 6, 12, 4], [12, 4, 12, 10], [12, 10, 10, 10], [10, 10, 10, 12], [10, 12, 6, 12], [6, 12, 6, 11], [6, 11, 7, 11], [7, 11, 7, 13], [7, 13, 3, 13]]}
META {"type": "geom", "shape": "tile", "group": "path", "data": [[27, 8], [26, 8], [26, 7], [26, 6], [26, 5], [26, 4], [26, 3], [26, 2], [27, 2], [26, 2], [25, 2], [24, 2], [23, 2], [23, 3], [23, 4], [24, 4], [25, 4], [26, 4], [27, 4], [26, 4], [25, 4], [24, 4], [23, 4], [22, 4], [21, 4], [21, 3], [20, 3], [19, 3], [19, 2], [19, 3], [19, 4], [19, 5], [19, 6], [20, 6], [20, 7], [20, 8], [20, 9], [20, 10], [19, 10], [19, 11], [19, 12], [18, 12], [17, 12], [17, 11], [17, 10], [16, 10], [16, 9], [16, 8], [16, 7], [16, 6], [15, 6], [14, 6], [13, 6], [12, 6], [12, 5], [12, 4], [12, 5], [12, 6], [12, 7], [12, 8], [12, 9], [12, 10], [11, 10], [10, 10], [10, 11], [10, 12], [9, 12], [8, 12], [7, 12], [6, 12], [6, 11], [7, 11], [7, 12], [7, 13], [6, 13], [5, 13], [4, 13], [3, 13]]}
META {"type": "geom", "shape": "line", "group": "offpath", "data": [[25, 11, 25, 10], [25, 13, 24, 13], [25, 10, 25, 11], [8, 6, 8, 4], [8, 4, 8, 6], [22, 10, 22, 12], [22, 12, 22, 10], [10, 3, 11, 3], [16, 7, 15, 7], [7, 2, 7, 4], [7, 4, 7, 2], [24, 13, 25, 13], [14, 5, 12, 5], [19, 5, 21, 5], [11, 2, 11, 4], [11, 3, 10, 3], [11, 9, 11, 7], [11, 4, 11, 2], [11, 7, 13, 7], [29, 11, 29, 12], [29, 12, 29, 11], [26, 6, 27, 6], [26, 5, 27, 5], [21, 8, 21, 7], [21, 5, 19, 5], [21, 7, 21, 8], [9, 13, 9, 12], [9, 6, 9, 5], [9, 5, 9, 6], [9, 12, 9, 13], [2, 8, 3, 8], [2, 4, 2, 8], [13, 5, 13, 9], [13, 9, 11, 9], [13, 7, 13, 5], [15, 7, 16, 7], [3, 8, 3, 4], [3, 4, 2, 4], [12, 5, 14, 5], [28, 10, 28, 12], [28, 12, 28, 10], [27, 6, 26, 6], [27, 5, 26, 5]]}
