XXXXXXXXXXXXXXXX
XXX------X----1X
X0---------XXXXX
XXX-X--X-XXXXXXX
XXXXXXXXXXXXXXXX
XXXXXXXXXXXX---X
XX-------XX--XXX
XX---X-XXXXX-XXX
X--X-X-XXXXX---X
XX-X-X---XXX--XX
X--X-X--------XX
X--X-X-XXXXXX--X
XXX-X-X------XXX
XXX------XXX-XXX
X2--XX--------3X
XXXXXXXXXXXXXXXX
META {"type": "solver", "id": "pysat-rc2-boolonly", "objective": 0}
META {"type": "geom", "shape": "path", "group": "path", "data": [[2, 1, 2, 2], [2, 2, 2, 3], [2, 3, 1, 3], [1, 3, 1, 4], [1, 4, 1, 5], [1, 5, 1, 6], [1, 6, 1, 7], [1, 7, 1, 8], [1, 8, 2, 8], [2, 8, 2, 9], [2, 9, 2, 10], [2, 10, 1, 10], [1, 10, 1, 11], [1, 11, 1, 12], [1, 12, 1, 13], [1, 13, 1, 14]]}
META {"type": "geom", "shape": "tile", "group": "path", "data": [[2, 1], [2, 2], [2, 3], [1, 3], [1, 4], [1, 5], [1, 6], [1, 7], [1, 8], [2, 8], [2, 9], [2, 10], [1, 10], [1, 11], [1, 12], [1, 13], [1, 14]]}
META {"type": "geom", "shape": "line", "group": "offpath", "data": [[10, 2, 11, 2], [14, 13, 14, 12], [14, 12, 14, 13], [12, 11, 12, 12], [12, 12, 12, 11], [11, 2, 10, 2], [2, 6, 2, 7], [2, 7, 2, 6]]}
META {"type": "geom", "shape": "path", "group": "path", "data": [[14, 1, 14, 2], [14, 2, 14, 3], [14, 3, 13, 3], [13, 3, 13, 4], [13, 4, 13, 5], [13, 5, 13, 6], [13, 6, 14, 6], [14, 6, 14, 7], [14, 7, 13, 7], [13, 7, 13, 8], [13, 8, 12, 8], [12, 8, 12, 9], [12, 9, 12, 10], [12, 10, 12, 11], [12, 11, 12, 12], [12, 12, 13, 12], [13, 12, 14, 12], [14, 12, 14, 13], [14, 13, 14, 14]]}
META {"type": "geom", "shape": "tile", "group": "path", "data": [[14, 1], [14, 2], [14, 3], [13, 3], [13, 4], [13, 5], [13, 6], [14, 6], [14, 7], [13, 7], [13, 8], [12, 8], [12, 9], [12, 10], [12, 11], [12, 12], [13, 12], [14, 12], [14, 13], [14, 14]]}
META {"type": "geom", "shape": "line", "group": "offpath", "data": [[14, 8, 14, 9], [14, 9, 14, 8]]}
