XXXXXXXXXXXXXXXX
XXXXXXXXXXXXXXXX
XX-XXX--XXXXXXXX
XX------XXXXXXXX
XXX---#-XXXXX}XX
XXX##---XXXXX-XX
XXX--#--------XX
XXX------#----XX
XXX-#-XX------XX
XXX----X------XX
XX-----------XXX
XX----#-##--XXXX
XX##-------XXXXX
XX---X----XXXXXX
XXX--XX-#--XXXXX
XXXX--X----XXXXX
XXXX-------XXXXX
XXX-#--XX----XXX
XXX---XXX----XXX
XX----XXX##---XX
XX##----------XX
XX-------#----XX
XX-#--X-----XXXX
XX---XX-#---XXXX
XX----X---#--XXX
XX-----------XXX
XX---X-----#--XX
XX--XXXX------XX
XXX--XXX-{----XX
XXX--XXXXXXXXXXX
XXXXXXXXXXXXXXXX
XXXXXXXXXXXXXXXX
META {"type": "solver", "id": "pysat-rc2", "objective": 0}
META {"type": "geom", "shape": "path", "group": "path", "data": [[28, 9, 22, 9], [22, 9, 22, 7], [22, 7, 26, 7], [26, 7, 26, 6], [26, 6, 26, 10], [26, 10, 28, 10], [28, 10, 28, 8], [28, 8, 24, 8], [24, 8, 24, 7], [24, 7, 20, 7], [20, 7, 20, 13], [20, 13, 21, 13], [21, 13, 19, 13], [19, 13, 19, 11], [19, 11, 17, 11], [17, 11, 17, 12], [17, 12, 21, 12], [21, 12, 21, 10], [21, 10, 23, 10], [23, 10, 23, 11], [23, 11, 25, 11], [25, 11, 25, 12], [25, 12, 25, 2], [25, 2, 27, 2], [27, 2, 21, 2], [21, 2, 21, 8], [21, 8, 22, 8], [22, 8, 20, 8], [20, 8, 20, 4], [20, 4, 18, 4], [18, 4, 18, 3], [18, 3, 19, 3], [19, 3, 19, 5], [19, 5, 15, 5], [15, 5, 15, 4], [15, 4, 9, 4], [9, 4, 9, 6], [9, 6, 10, 6], [10, 6, 10, 12], [10, 12, 6, 12], [6, 12, 6, 13], [6, 13, 4, 13]]}
META {"type": "geom", "shape": "tile", "group": "path", "data": [[28, 9], [27, 9], [26, 9], [25, 9], [24, 9], [23, 9], [22, 9], [22, 8], [22, 7], [23, 7], [24, 7], [25, 7], [26, 7], [26, 6], [26, 7], [26, 8], [26, 9], [26, 10], [27, 10], [28, 10], [28, 9], [28, 8], [27, 8], [26, 8], [25, 8], [24, 8], [24, 7], [23, 7], [22, 7], [21, 7], [20, 7], [20, 8], [20, 9], [20, 10], [20, 11], [20, 12], [20, 13], [21, 13], [20, 13], [19, 13], [19, 12], [19, 11], [18, 11], [17, 11], [17, 12], [18, 12], [19, 12], [20, 12], [21, 12], [21, 11], [21, 10], [22, 10], [23, 10], [23, 11], [24, 11], [25, 11], [25, 12], [25, 11], [25, 10], [25, 9], [25, 8], [25, 7], [25, 6], [25, 5], [25, 4], [25, 3], [25, 2], [26, 2], [27, 2], [26, 2], [25, 2], [24, 2], [23, 2], [22, 2], [21, 2], [21, 3], [21, 4], [21, 5], [21, 6], [21, 7], [21, 8], [22, 8], [21, 8], [20, 8], [20, 7], [20, 6], [20, 5], [20, 4], [19, 4], [18, 4], [18, 3], [19, 3], [19, 4], [19, 5], [18, 5], [17, 5], [16, 5], [15, 5], [15, 4], [14, 4], [13, 4], [12, 4], [11, 4], [10, 4], [9, 4], [9, 5], [9, 6], [10, 6], [10, 7], [10, 8], [10, 9], [10, 10], [10, 11], [10, 12], [9, 12], [8, 12], [7, 12], [6, 12], [6, 13], [5, 13], [4, 13]]}
META {"type": "geom", "shape": "line", "group": "offpath", "data": [[2, 7, 2, 6], [2, 6, 2, 7], [16, 8, 15, 8], [16, 6, 17, 6], [16, 10, 14, 10], [16, 4, 16, 10], [10, 2, 11, 2], [7, 7, 7, 3], [7, 4, 6, 4], [7, 3, 11, 3], [24, 5, 25, 5], [5, 5, 3, 5], [5, 6, 5, 5], [25, 5, 24, 5], [12, 9, 12, 10], [12, 8, 13, 8], [12, 5, 12, 4], [12, 10, 6, 10], [12, 4, 16, 4], [22, 5, 22, 4], [22, 4, 22, 5], [13, 8, 12, 8], [13, 2, 13, 4], [13, 4, 13, 2], [13, 3, 14, 3], [18, 9, 12, 9], [4, 4, 3, 4], [4, 3, 3, 3], [11, 5, 12, 5], [11, 2, 10, 2], [11, 11, 11, 10], [11, 10, 11, 11], [11, 3, 11, 5], [29, 4, 29, 3], [29, 3, 29, 4], [14, 9, 18, 9], [14, 10, 14, 9], [14, 3, 13, 3], [3, 7, 7, 7], [3, 5, 3, 7], [3, 4, 4, 4], [3, 3, 4, 3], [28, 13, 26, 13], [28, 12, 28, 13], [28, 11, 27, 11], [20, 6, 21, 6], [15, 8, 16, 8], [17, 6, 16, 6], [27, 11, 28, 11], [21, 6, 20, 6], [26, 2, 26, 4], [26, 13, 26, 12], [26, 12, 28, 12], [26, 4, 26, 2], [6, 6, 5, 6], [6, 10, 6, 6], [6, 4, 7, 4]]}
