XXXXXXXXXXXXXXXX
XXXXXXXXXXXXXXXX
XX}XXX-------XXX
XX-------#-X--XX
XXX--------XX-XX
XXX--XXXX---X-XX
XXX---XXX##---XX
XXXX--XXX--#--XX
XXXXX--------XXX
XXXXX---X---XXXX
XXXXX--XX-#--XXX
XXXX----X----XXX
XXXX--#--X---XXX
XXXX-----XXX-XXX
XX-----X-XXX--XX
XX----XX-XXX--XX
XX-##--X------XX
XX-----XXXX-#-XX
XX-----XXXX---XX
XX---#-XXX----XX
XX##--------X-XX
XX--------#-XXXX
XX-#-X-------XXX
XX---XX-##---XXX
XX----X------XXX
XX-----X-----XXX
XX##-XXX-##---XX
XX---XXX------XX
XXX-----------XX
XXX---XXX--{-XXX
XXXXXXXXXXXXXXXX
XXXXXXXXXXXXXXXX
META {"type": "solver", "id": "pysat-rc2", "objective": 0}
META {"type": "geom", "shape": "path", "group": "path", "data": [[29, 11, 29, 9], [29, 9, 27, 9], [27, 9, 27, 13], [27, 13, 26, 13], [26, 13, 26, 11], [26, 11, 16, 11], [16, 11, 16, 13], [16, 13, 20, 13], [20, 13, 14, 13], [14, 13, 14, 12], [14, 12, 16, 12], [16, 12, 10, 12], [10, 12, 10, 11], [10, 11, 8, 11], [8, 11, 8, 12], [8, 12, 6, 12], [6, 12, 6, 13], [6, 13, 7, 13], [7, 13, 3, 13], [3, 13, 3, 12], [3, 12, 2, 12], [2, 12, 2, 6], [2, 6, 4, 6], [4, 6, 4, 10], [4, 10, 5, 10], [5, 10, 5, 9], [5, 9, 4, 9], [4, 9, 4, 3], [4, 3, 3, 3], [3, 3, 3, 2], [3, 2, 2, 2]]}
META {"type": "geom", "shape": "tile", "group": "path", "data": [[29, 11], [29, 10], [29, 9], [28, 9], [27, 9], [27, 10], [27, 11], [27, 12], [27, 13], [26, 13], [26, 12], [26, 11], [25, 11], [24, 11], [23, 11], [22, 11], [21, 11], [20, 11], [19, 11], [18, 11], [17, 11], [16, 11], [16, 12], [16, 13], [17, 13], [18, 13], [19, 13], [20, 13], [19, 13], [18, 13], [17, 13], [16, 13], [15, 13], [14, 13], [14, 12], [15, 12], [16, 12], [15, 12], [14, 12], [13, 12], [12, 12], [11, 12], [10, 12], [10, 11], [9, 11], [8, 11], [8, 12], [7, 12], [6, 12], [6, 13], [7, 13], [6, 13], [5, 13], [4, 13], [3, 13], [3, 12], [2, 12], [2, 11], [2, 10], [2, 9], [2, 8], [2, 7], [2, 6], [3, 6], [4, 6], [4, 7], [4, 8], [4, 9], [4, 10], [5, 10], [5, 9], [4, 9], [4, 8], [4, 7], [4, 6], [4, 5], [4, 4], [4, 3], [3, 3], [3, 2], [2, 2]]}
META {"type": "geom", "shape": "line", "group": "offpath", "data": [[29, 5, 28, 5], [29, 3, 29, 5], [15, 4, 15, 2], [15, 3, 14, 3], [15, 2, 14, 2], [18, 6, 18, 2], [18, 5, 18, 6], [18, 12, 19, 12], [18, 11, 18, 13], [18, 13, 18, 11], [18, 2, 19, 2], [14, 6, 13, 6], [14, 3, 15, 3], [14, 2, 14, 6], [25, 6, 25, 2], [25, 8, 25, 12], [25, 12, 25, 8], [25, 3, 23, 3], [25, 2, 25, 6], [11, 4, 15, 4], [11, 10, 12, 10], [11, 9, 7, 9], [11, 7, 13, 7], [28, 5, 28, 3], [28, 3, 29, 3], [12, 10, 11, 10], [22, 6, 22, 12], [22, 12, 22, 6], [7, 4, 7, 5], [7, 10, 9, 10], [7, 9, 7, 10], [7, 5, 7, 4], [6, 5, 6, 3], [6, 11, 5, 11], [6, 3, 6, 5], [5, 4, 5, 3], [5, 11, 6, 11], [5, 3, 5, 4], [8, 7, 9, 7], [16, 6, 16, 5], [16, 5, 18, 5], [19, 4, 17, 4], [19, 10, 20, 10], [19, 12, 18, 12], [19, 3, 17, 3], [19, 2, 19, 4], [17, 6, 16, 6], [17, 4, 17, 6], [17, 3, 19, 3], [27, 4, 27, 2], [27, 2, 27, 4], [9, 10, 9, 9], [9, 9, 11, 9], [9, 7, 8, 7], [13, 6, 13, 4], [13, 4, 11, 4], [13, 7, 11, 7], [2, 8, 4, 8], [2, 7, 4, 7], [20, 10, 19, 10], [23, 4, 23, 2], [23, 10, 23, 12], [23, 12, 23, 10], [23, 3, 25, 3], [23, 2, 23, 4], [4, 8, 2, 8], [4, 7, 2, 7]]}
