XXXXXXXXXXXXXXXX
XXXXXXXXXXXXXXXX
XX}XXXXXXXX---XX
XX-XXX--XXX---XX
XX------XXXX--XX
XX---#----XX--XX
XXX--------X--XX
XXX-#---#-----XX
XXX---#---#---XX
XX-#--------XXXX
XX-----------XXX
XX--X--------XXX
XXXXXXX-XX-#--XX
XXXXXXX--X----XX
XXXXX-------XXXX
XXX-XX--X----XXX
XX---X-XXX---XXX
XX-#---XXX---XXX
XX-----XXX----XX
XX--#------#--XX
XXX-----------XX
XXX-----X-----XX
XXX--X-XX-----XX
XXXXXX--X-XX--XX
XXXXXX-----X--XX
XXXX-XX-#-----XX
XXXX--X---XXX-XX
XX-----{--XXX-XX
XX----XXX-----XX
XX---XXXX----XXX
XXXXXXXXXXXXXXXX
XXXXXXXXXXXXXXXX
META {"type": "solver", "id": "pysat-rc2", "objective": 0}
META {"type": "geom", "shape": "path", "group": "path", "data": [[27, 7, 23, 7], [23, 7, 23, 6], [23, 6, 24, 6], [24, 6, 14, 6], [14, 6, 14, 5], [14, 5, 14, 11], [14, 11, 18, 11], [18, 11, 18, 10], [18, 10, 22, 10], [22, 10, 22, 9], [22, 9, 22, 13], [22, 13, 18, 13], [18, 13, 28, 13], [28, 13, 28, 9], [28, 9, 29, 9], [29, 9, 19, 9], [19, 9, 19, 10], [19, 10, 9, 10], [9, 10, 9, 4], [9, 4, 8, 4], [8, 4, 8, 5], [8, 5, 6, 5], [6, 5, 6, 3], [6, 3, 4, 3], [4, 3, 4, 2], [4, 2, 2, 2]]}
META {"type": "geom", "shape": "tile", "group": "path", "data": [[27, 7], [26, 7], [25, 7], [24, 7], [23, 7], [23, 6], [24, 6], [23, 6], [22, 6], [21, 6], [20, 6], [19, 6], [18, 6], [17, 6], [16, 6], [15, 6], [14, 6], [14, 5], [14, 6], [14, 7], [14, 8], [14, 9], [14, 10], [14, 11], [15, 11], [16, 11], [17, 11], [18, 11], [18, 10], [19, 10], [20, 10], [21, 10], [22, 10], [22, 9], [22, 10], [22, 11], [22, 12], [22, 13], [21, 13], [20, 13], [19, 13], [18, 13], [19, 13], [20, 13], [21, 13], [22, 13], [23, 13], [24, 13], [25, 13], [26, 13], [27, 13], [28, 13], [28, 12], [28, 11], [28, 10], [28, 9], [29, 9], [28, 9], [27, 9], [26, 9], [25, 9], [24, 9], [23, 9], [22, 9], [21, 9], [20, 9], [19, 9], [19, 10], [18, 10], [17, 10], [16, 10], [15, 10], [14, 10], [13, 10], [12, 10], [11, 10], [10, 10], [9, 10], [9, 9], [9, 8], [9, 7], [9, 6], [9, 5], [9, 4], [8, 4], [8, 5], [7, 5], [6, 5], [6, 4], [6, 3], [5, 3], [4, 3], [4, 2], [3, 2], [2, 2]]}
META {"type": "geom", "shape": "line", "group": "offpath", "data": [[22, 11, 20, 11], [22, 4, 20, 4], [22, 3, 22, 4], [10, 2, 11, 2], [10, 3, 10, 2], [19, 2, 19, 3], [19, 5, 21, 5], [19, 13, 19, 12], [19, 7, 19, 5], [19, 12, 19, 13], [19, 3, 19, 2], [28, 11, 29, 11], [27, 3, 29, 3], [27, 8, 26, 8], [25, 10, 24, 10], [3, 11, 3, 13], [3, 13, 2, 13], [3, 7, 3, 6], [3, 6, 7, 6], [2, 11, 3, 11], [2, 13, 2, 11], [12, 13, 13, 13], [13, 13, 12, 13], [13, 7, 13, 8], [13, 8, 13, 7], [18, 3, 22, 3], [11, 2, 11, 3], [11, 3, 10, 3], [5, 2, 5, 4], [5, 4, 5, 2], [20, 11, 22, 11], [20, 4, 20, 3], [20, 3, 18, 3], [8, 11, 7, 11], [8, 13, 8, 11], [26, 5, 26, 4], [26, 7, 26, 9], [26, 9, 26, 7], [26, 4, 26, 5], [26, 8, 27, 8], [15, 7, 15, 6], [15, 6, 15, 7], [29, 2, 29, 4], [29, 11, 28, 11], [29, 4, 29, 2], [29, 3, 27, 3], [24, 13, 24, 12], [24, 12, 24, 13], [24, 10, 25, 10], [21, 5, 21, 3], [21, 13, 21, 9], [21, 7, 19, 7], [21, 9, 21, 13], [21, 3, 21, 7], [7, 11, 7, 13], [7, 13, 8, 13], [7, 7, 3, 7], [7, 6, 7, 7]]}
