XXXXXXXXXXXXXXXX
X{-------------X
XXX-X----------X
XXX--XX---b----X
X--X-XX-X------X
X-------X------X
X-X-----X------X
X--XXXXX-X-----X
X--------------X
X------X----X--X
X--------------X
X-------X----XXX
X------X-XXXXXXX
XXBXXXX--XXXXXXX
X-------------}X
XXXXXXXXXXXXXXXX
META {"type": "solver", "id": "pysat-rc2", "objective": 0}
META {"type": "geom", "shape": "path", "group": "path", "data": [[1, 1, 1, 2], [1, 2, 1, 3], [1, 3, 1, 4], [1, 4, 1, 5], [1, 5, 1, 6], [1, 6, 1, 7], [1, 7, 1, 8], [1, 8, 1, 9], [1, 9, 1, 10], [1, 10, 2, 10], [2, 10, 3, 10]]}
META {"type": "geom", "shape": "path", "group": "path", "data": [[3, 10, 4, 10], [4, 10, 5, 10], [5, 10, 6, 10], [6, 10, 7, 10], [7, 10, 8, 10], [8, 10, 8, 9], [8, 9, 8, 8], [8, 8, 8, 7], [8, 7, 8, 6], [8, 6, 8, 5], [8, 5, 8, 4], [8, 4, 8, 3], [8, 3, 8, 2], [8, 2, 9, 2], [9, 2, 10, 2], [10, 2, 11, 2], [11, 2, 12, 2], [12, 2, 13, 2]]}
META {"type": "geom", "shape": "path", "group": "path", "data": [[13, 2, 14, 2], [14, 2, 14, 3], [14, 3, 14, 4], [14, 4, 14, 5], [14, 5, 14, 6], [14, 6, 14, 7], [14, 7, 14, 8], [14, 8, 14, 9], [14, 9, 14, 10], [14, 10, 14, 11], [14, 11, 14, 12], [14, 12, 14, 13], [14, 13, 14, 14]]}
META {"type": "geom", "shape": "tile", "group": "reachable", "data": [[1, 1], [1, 2], [1, 3], [2, 3], [1, 4], [1, 5], [3, 3], [2, 5], [1, 6], [3, 4], [2, 6], [1, 7], [4, 4], [2, 7], [1, 8], [5, 4], [2, 8], [1, 9], [3, 7], [6, 4], [5, 3], [5, 5], [2, 9], [1, 10], [3, 8], [4, 7], [6, 3], [5, 2], [6, 5], [5, 6], [2, 10], [1, 11], [3, 9], [5, 7], [4, 2], [5, 1], [6, 6], [2, 11], [1, 12], [4, 9], [6, 7], [4, 1], [6, 1], [2, 12], [1, 13], [3, 11], [5, 9], [4, 10], [7, 1], [2, 13], [1, 14], [3, 12], [4, 11], [5, 10], [6, 9], [8, 1], [7, 2], [2, 14], [3, 13], [4, 12], [5, 11], [6, 10], [8, 2], [9, 1], [3, 14], [4, 13], [5, 12], [6, 11], [7, 10], [9, 2], [8, 3], [10, 1], [4, 14], [5, 13], [6, 12], [7, 11], [8, 10], [9, 3], [8, 4], [10, 2], [11, 1], [5, 14], [6, 13], [7, 12], [8, 11], [9, 10], [8, 9], [9, 4], [8, 5], [10, 3], [11, 2], [12, 1], [6, 14], [7, 13], [8, 12], [9, 11], [9, 9], [8, 8], [10, 10], [9, 5], [8, 6], [10, 4], [11, 3], [12, 2], [7, 14], [8, 13], [10, 11], [7, 8], [9, 8], [8, 7], [10, 9], [11, 10], [9, 6], [10, 5], [11, 4], [12, 3], [8, 14], [9, 13], [11, 11], [10, 12], [10, 8], [11, 9], [10, 6], [11, 5], [12, 4], [9, 14], [10, 13], [11, 12], [10, 7], [11, 6], [12, 5], [10, 14], [11, 7], [12, 6]]}
META {"type": "geom", "shape": "tile", "group": "reachable", "data": [[3, 10], [2, 10], [4, 10], [3, 9], [3, 11], [1, 10], [2, 9], [2, 11], [4, 9], [3, 8], [4, 11], [3, 12], [5, 10], [1, 9], [1, 11], [2, 8], [2, 12], [3, 7], [5, 9], [4, 12], [3, 13], [5, 11], [6, 10], [1, 8], [1, 12], [2, 7], [2, 13], [4, 7], [6, 9], [4, 13], [3, 14], [5, 12], [6, 11], [7, 10], [1, 7], [1, 13], [2, 6], [2, 14], [5, 7], [4, 14], [5, 13], [6, 12], [7, 11], [8, 10], [1, 6], [1, 14], [2, 5], [6, 7], [5, 6], [5, 14], [6, 13], [7, 12], [8, 11], [9, 10], [8, 9], [1, 5], [6, 6], [5, 5], [6, 14], [7, 13], [8, 12], [9, 11], [9, 9], [8, 8], [10, 10], [1, 4], [6, 5], [5, 4], [7, 14], [8, 13], [10, 11], [7, 8], [9, 8], [8, 7], [10, 9], [11, 10], [1, 3], [4, 4], [6, 4], [5, 3], [8, 14], [9, 13], [11, 11], [10, 12], [8, 6], [10, 8], [11, 9], [2, 3], [1, 2], [3, 4], [6, 3], [5, 2], [9, 14], [10, 13], [11, 12], [9, 6], [8, 5], [10, 7], [3, 3], [4, 2], [5, 1], [10, 14], [9, 5], [8, 4], [10, 6], [11, 7], [4, 1], [6, 1], [9, 4], [8, 3], [10, 5], [11, 6], [7, 1], [9, 3], [8, 2], [10, 4], [11, 5], [12, 6], [8, 1], [7, 2], [9, 2], [10, 3], [11, 4], [12, 5], [9, 1], [10, 2], [11, 3], [12, 4], [10, 1], [11, 2], [12, 3], [11, 1], [12, 2], [12, 1]]}
