--------------------------------
--------------------------------
--------------------------------
---------------X----------------
--------------------------------
--------------------------------
------XQQX---------XX-----X-----
--------------------------------
-------------X-----XX--------X--
---XQX--------------------------
----------------X------XX-------
--------<>------------XXX-------
----X---[]---X-------XXXX-------
--------[]---XX-----XXXXX-------
-{------[]---XXX---XXXXXX-----}-
XXXXXXXXXXXXXXXXXXXXXXXXXXXXXXXX
META {"type": "solver", "id": "pysat-rc2", "objective": 0}
META {"type": "geom", "shape": "path", "group": "path", "data": [[14, 1, 14, 2], [14, 2, 14, 3], [14, 3, 14, 4], [14, 4, 10, 8], [10, 8, 10, 9], [10, 9, 8, 11], [8, 11, 9, 12], [9, 12, 10, 13], [10, 13, 11, 14], [11, 14, 12, 15], [12, 15, 13, 16], [13, 16, 14, 17], [14, 17, 14, 18], [14, 18, 13, 19], [13, 19, 9, 23], [9, 23, 9, 24], [9, 24, 9, 25], [9, 25, 10, 26], [10, 26, 11, 27], [11, 27, 12, 28], [12, 28, 13, 29], [13, 29, 14, 30]]}
