XXXXXXXXXXXXXXXX
XXXXXXXXXXXXXXXX
XXXXXXXXX----XXX
XXXXXXXXX-XX--XX
XXX}XXXXX--X--XX
XXX-XXX-------XX
XXX---------#-XX
XXX-----------XX
XX--#--#---X-XXX
XX-------#-XXXXX
XXXX-------XXXXX
XXXXX-------XXXX
XXXXX--#--#-XXXX
XXXX-#------XXXX
XXXX-----#--XXXX
XX--#---------XX
XX-----#------XX
XX---#-----X--XX
XX##------XX--XX
XX--#------X--XX
XXX------X---XXX
XXX-----XXXXXXXX
XXX--X--XXXXXXXX
XX---XX--XXXXXXX
XX----X--XXXXXXX
XX-#-----XXX--XX
XX---####---#-XX
XXX-----------XX
XXX-{-----XX--XX
XXXXXXXXXXXXXXXX
XXXXXXXXXXXXXXXX
XXXXXXXXXXXXXXXX
META {"type": "solver", "id": "pysat-rc2", "objective": 0}
META {"type": "geom", "shape": "path", "group": "path", "data": [[28, 4, 28, 3], [28, 3, 28, 9], [28, 9, 26, 9], [26, 9, 26, 11], [26, 11, 27, 11], [27, 11, 27, 13], [27, 13, 27, 3], [27, 3, 26, 3], [26, 3, 26, 4], [26, 4, 20, 4], [20, 4, 20, 3], [20, 3, 24, 3], [24, 3, 24, 5], [24, 5, 25, 5], [25, 5, 25, 4], [25, 4, 25, 8], [25, 8, 23, 8], [23, 8, 23, 7], [23, 7, 17, 7], [17, 7, 17, 6], [17, 6, 17, 10], [17, 10, 13, 10], [13, 10, 13, 11], [13, 11, 11, 11], [11, 11, 11, 5], [11, 5, 12, 5], [12, 5, 6, 5], [6, 5, 6, 3], [6, 3, 4, 3]]}
META {"type": "geom", "shape": "tile", "group": "path", "data": [[28, 4], [28, 3], [28, 4], [28, 5], [28, 6], [28, 7], [28, 8], [28, 9], [27, 9], [26, 9], [26, 10], [26, 11], [27, 11], [27, 12], [27, 13], [27, 12], [27, 11], [27, 10], [27, 9], [27, 8], [27, 7], [27, 6], [27, 5], [27, 4], [27, 3], [26, 3], [26, 4], [25, 4], [24, 4], [23, 4], [22, 4], [21, 4], [20, 4], [20, 3], [21, 3], [22, 3], [23, 3], [24, 3], [24, 4], [24, 5], [25, 5], [25, 4], [25, 5], [25, 6], [25, 7], [25, 8], [24, 8], [23, 8], [23, 7], [22, 7], [21, 7], [20, 7], [19, 7], [18, 7], [17, 7], [17, 6], [17, 7], [17, 8], [17, 9], [17, 10], [16, 10], [15, 10], [14, 10], [13, 10], [13, 11], [12, 11], [11, 11], [11, 10], [11, 9], [11, 8], [11, 7], [11, 6], [11, 5], [12, 5], [11, 5], [10, 5], [9, 5], [8, 5], [7, 5], [6, 5], [6, 4], [6, 3], [5, 3], [4, 3]]}
META {"type": "geom", "shape": "line", "group": "offpath", "data": [[20, 12, 20, 10], [20, 10, 20, 12], [17, 4, 18, 4], [17, 3, 17, 4], [5, 13, 7, 13], [5, 8, 5, 7], [5, 7, 5, 13], [15, 3, 17, 3], [15, 2, 15, 3], [12, 9, 12, 8], [12, 8, 12, 9], [14, 11, 14, 10], [14, 4, 14, 8], [14, 8, 14, 4], [14, 10, 14, 11], [27, 8, 28, 8], [27, 6, 28, 6], [27, 12, 28, 12], [27, 5, 28, 5], [16, 4, 16, 6], [16, 2, 15, 2], [16, 6, 16, 2], [11, 7, 9, 7], [7, 13, 7, 3], [7, 3, 9, 3], [7, 12, 8, 12], [8, 9, 8, 8], [8, 8, 8, 10], [8, 3, 8, 2], [8, 2, 8, 3], [8, 12, 7, 12], [8, 10, 4, 10], [28, 8, 27, 8], [28, 6, 27, 6], [28, 12, 27, 12], [28, 5, 27, 5], [4, 13, 4, 12], [4, 9, 8, 9], [4, 12, 4, 13], [4, 10, 4, 9], [18, 4, 16, 4], [9, 8, 5, 8], [9, 3, 9, 2], [9, 2, 9, 8], [9, 7, 11, 7], [3, 13, 3, 12], [3, 12, 3, 13], [22, 4, 22, 3], [22, 3, 22, 4]]}
