XXXXXXXXXXXXXXXX
XXXXXXXXXXXXXXXX
XXXXX--XXXXXX}XX
XXXX---XXXX---XX
XXXXXX-XXXX---XX
XXXXXX-----#--XX
XXXXXX--X-----XX
XXXXX---XXX-#-XX
XXXX--#-XXX---XX
XXX-----XXX---XX
XX-XX---XXX--XXX
XX--X-----XXXXXX
XX-----#--XXXXXX
XX--------XXXXXX
XX--XX--------XX
XX---X-#--#---XX
XX##--------XXXX
XX----#-----XXXX
XX-XX--------XXX
XX--X---#----XXX
XX---#-----#--XX
XX-----#------XX
XX-------XX-#-XX
XX--#-----X---XX
XX-----X---#--XX
XX-----XX-----XX
XXXX-#--XXX-{-XX
XXXX----XXXXXXXX
XXXX-----XXXXXXX
XX--X--X-XXXXXXX
XXXXXXXXXXXXXXXX
XXXXXXXXXXXXXXXX
META {"type": "solver", "id": "pysat-rc2", "objective": 0}
META {"type": "geom", "shape": "path", "group": "path", "data": [[26, 12, 26, 11], [26, 11, 26, 13], [26, 13, 20, 13], [20, 13, 20, 12], [20, 12, 21, 12], [21, 12, 21, 8], [21, 8, 20, 8], [20, 8, 24, 8], [24, 8, 24, 10], [24, 10, 25, 10], [25, 10, 25, 9], [25, 9, 23, 9], [23, 9, 23, 5], [23, 5, 25, 5], [25, 5, 21, 5], [21, 5, 21, 6], [21, 6, 21, 2], [21, 2, 25, 2], [25, 2, 25, 6], [25, 6, 29, 6], [29, 6, 29, 5], [29, 5, 27, 5], [27, 5, 27, 7], [27, 7, 28, 7], [28, 7, 28, 8], [28, 8, 28, 4], [28, 4, 24, 4], [24, 4, 24, 6], [24, 6, 18, 6], [18, 6, 18, 5], [18, 5, 19, 5], [19, 5, 19, 7], [19, 7, 20, 7], [20, 7, 20, 6], [20, 6, 20, 10], [20, 10, 16, 10], [16, 10, 16, 4], [16, 4, 15, 4], [15, 4, 17, 4], [17, 4, 17, 5], [17, 5, 16, 5], [16, 5, 16, 11], [16, 11, 14, 11], [14, 11, 14, 13], [14, 13, 15, 13], [15, 13, 15, 11], [15, 11, 19, 11], [19, 11, 19, 9], [19, 9, 21, 9], [21, 9, 11, 9], [11, 9, 11, 5], [11, 5, 13, 5], [13, 5, 7, 5], [7, 5, 7, 7], [7, 7, 5, 7], [5, 7, 5, 6], [5, 6, 5, 10], [5, 10, 6, 10], [6, 10, 6, 9], [6, 9, 6, 13], [6, 13, 2, 13]]}
META {"type": "geom", "shape": "tile", "group": "path", "data": [[26, 12], [26, 11], [26, 12], [26, 13], [25, 13], [24, 13], [23, 13], [22, 13], [21, 13], [20, 13], [20, 12], [21, 12], [21, 11], [21, 10], [21, 9], [21, 8], [20, 8], [21, 8], [22, 8], [23, 8], [24, 8], [24, 9], [24, 10], [25, 10], [25, 9], [24, 9], [23, 9], [23, 8], [23, 7], [23, 6], [23, 5], [24, 5], [25, 5], [24, 5], [23, 5], [22, 5], [21, 5], [21, 6], [21, 5], [21, 4], [21, 3], [21, 2], [22, 2], [23, 2], [24, 2], [25, 2], [25, 3], [25, 4], [25, 5], [25, 6], [26, 6], [27, 6], [28, 6], [29, 6], [29, 5], [28, 5], [27, 5], [27, 6], [27, 7], [28, 7], [28, 8], [28, 7], [28, 6], [28, 5], [28, 4], [27, 4], [26, 4], [25, 4], [24, 4], [24, 5], [24, 6], [23, 6], [22, 6], [21, 6], [20, 6], [19, 6], [18, 6], [18, 5], [19, 5], [19, 6], [19, 7], [20, 7], [20, 6], [20, 7], [20, 8], [20, 9], [20, 10], [19, 10], [18, 10], [17, 10], [16, 10], [16, 9], [16, 8], [16, 7], [16, 6], [16, 5], [16, 4], [15, 4], [16, 4], [17, 4], [17, 5], [16, 5], [16, 6], [16, 7], [16, 8], [16, 9], [16, 10], [16, 11], [15, 11], [14, 11], [14, 12], [14, 13], [15, 13], [15, 12], [15, 11], [16, 11], [17, 11], [18, 11], [19, 11], [19, 10], [19, 9], [20, 9], [21, 9], [20, 9], [19, 9], [18, 9], [17, 9], [16, 9], [15, 9], [14, 9], [13, 9], [12, 9], [11, 9], [11, 8], [11, 7], [11, 6], [11, 5], [12, 5], [13, 5], [12, 5], [11, 5], [10, 5], [9, 5], [8, 5], [7, 5], [7, 6], [7, 7], [6, 7], [5, 7], [5, 6], [5, 7], [5, 8], [5, 9], [5, 10], [6, 10], [6, 9], [6, 10], [6, 11], [6, 12], [6, 13], [5, 13], [4, 13], [3, 13], [2, 13]]}
META {"type": "geom", "shape": "line", "group": "offpath", "data": [[6, 6, 6, 7], [6, 7, 6, 6], [9, 11, 10, 11], [9, 13, 9, 11], [20, 2, 20, 4], [20, 4, 20, 2], [24, 12, 24, 13], [24, 13, 24, 12], [5, 12, 5, 13], [5, 13, 5, 12], [25, 3, 19, 3], [23, 11, 21, 11], [23, 7, 22, 7], [2, 6, 2, 5], [2, 5, 3, 5], [22, 2, 22, 8], [22, 8, 22, 2], [22, 7, 23, 7], [8, 11, 8, 13], [8, 4, 8, 5], [8, 12, 8, 11], [8, 5, 8, 4], [8, 13, 9, 13], [10, 11, 10, 12], [10, 12, 8, 12], [29, 2, 29, 3], [29, 3, 29, 2], [19, 3, 25, 3], [15, 9, 15, 8], [15, 8, 15, 9], [3, 11, 3, 13], [3, 6, 2, 6], [3, 5, 3, 6], [3, 13, 3, 11], [21, 11, 23, 11]]}
