XXXXXXXXXXXXXXXX
X--}XXX-----X--X
X-XXXXX-X-X---XX
X-XXXXX-X---X--X
X-------X------X
XX--XXX--------X
XXXXXXXXX------X
XXXXXXXXXX-----X
XX--XXXXXXX----X
X------XXXXXX--X
X-XXX---XXXXX-XX
X-------XXX{--XX
XX------XXXXXX-X
X-------XXXXXX-X
X-----XX-------X
XXXXXXXXXXXXXXXX
META {"type": "solver", "id": "pysat-rc2", "objective": 0}
META {"type": "geom", "shape": "path", "group": "path", "data": [[11, 11, 11, 12], [11, 12, 11, 13], [11, 13, 10, 13], [10, 13, 9, 13], [9, 13, 9, 14], [9, 14, 8, 14], [8, 14, 8, 13], [8, 13, 8, 12], [8, 12, 7, 12], [7, 12, 7, 11], [7, 11, 7, 10], [7, 10, 6, 10], [6, 10, 5, 10], [5, 10, 5, 9], [5, 9, 5, 8], [5, 8, 5, 7], [5, 7, 4, 7], [4, 7, 4, 6], [4, 6, 4, 5], [4, 5, 4, 4], [4, 4, 4, 3], [4, 3, 4, 2], [4, 2, 4, 1], [4, 1, 3, 1], [3, 1, 2, 1], [2, 1, 1, 1], [1, 1, 1, 2], [1, 2, 1, 3]]}
META {"type": "geom", "shape": "tile", "group": "path", "data": [[11, 11], [11, 12], [11, 13], [10, 13], [9, 13], [9, 14], [8, 14], [8, 13], [8, 12], [7, 12], [7, 11], [7, 10], [6, 10], [5, 10], [5, 9], [5, 8], [5, 7], [4, 7], [4, 6], [4, 5], [4, 4], [4, 3], [4, 2], [4, 1], [3, 1], [2, 1], [1, 1], [1, 2], [1, 3]]}
META {"type": "geom", "shape": "line", "group": "offpath", "data": [[1, 13, 1, 14], [1, 14, 1, 13], [1, 11, 1, 10], [1, 10, 1, 11], [11, 7, 11, 6], [11, 3, 11, 4], [11, 5, 10, 5], [11, 6, 12, 6], [11, 4, 11, 5], [11, 2, 11, 3], [12, 3, 12, 2], [12, 5, 13, 5], [12, 6, 12, 5], [12, 4, 12, 3], [12, 2, 11, 2], [6, 12, 6, 11], [6, 13, 7, 13], [6, 14, 5, 14], [6, 11, 5, 11], [7, 13, 6, 13], [10, 7, 11, 7], [10, 5, 9, 5], [10, 6, 10, 7], [13, 7, 13, 6], [13, 3, 13, 4], [13, 5, 14, 5], [13, 6, 13, 7], [13, 4, 12, 4], [13, 2, 13, 3], [3, 13, 4, 13], [3, 14, 4, 14], [3, 11, 2, 11], [4, 13, 5, 13], [4, 14, 3, 14], [4, 11, 3, 11], [5, 12, 6, 12], [5, 3, 5, 2], [5, 13, 5, 12], [5, 14, 6, 14], [5, 11, 4, 11], [5, 2, 5, 3], [14, 12, 14, 13], [14, 3, 14, 2], [14, 13, 14, 12], [14, 5, 14, 4], [14, 4, 14, 3], [14, 2, 13, 2], [9, 3, 9, 4], [9, 5, 9, 6], [9, 6, 10, 6], [9, 4, 9, 3], [2, 12, 2, 13], [2, 13, 3, 13], [2, 11, 2, 12]]}
