XXXXXXXXXXXXXXXX
XXXXXXXXXXXXXXXX
XXXXX-XXXXXX}XXX
XXXX--XXXXXX-XXX
XXXX--XXXX---XXX
XXXX##-------XXX
XXXX----X-X---XX
XX------XXXXX-XX
XXXXXXX--XXXX-XX
XXXXXXX--XXXX-XX
XXX---XX--XXX-XX
XX-----X--XXX-XX
XX-#----------XX
XX---##----X--XX
XXX-----##-XX-XX
XXX-#-------X-XX
XXX---XX--#---XX
XXX----X------XX
XX------#----XXX
XX--###---XXXXXX
XXX-------XXXXXX
XXX-------XXXXXX
XXXX-----#----XX
XXXX--XX---XXXXX
XXXXX--X----XXXX
XXXXX-------XXXX
XXX---{-X---XXXX
XXX--XXXX--#--XX
XXXX--XXX-----XX
XXXXX-XXX-X-XXXX
XXXXXXXXXXXXXXXX
XXXXXXXXXXXXXXXX
META {"type": "solver", "id": "pysat-rc2", "objective": 0}
META {"type": "geom", "shape": "path", "group": "path", "data": [[26, 6, 24, 6], [24, 6, 24, 5], [24, 5, 20, 5], [20, 5, 20, 3], [20, 3, 21, 3], [21, 3, 21, 9], [21, 9, 15, 9], [15, 9, 15, 11], [15, 11, 15, 5], [15, 5, 14, 5], [14, 5, 14, 7], [14, 7, 12, 7], [12, 7, 12, 13], [12, 13, 6, 13], [6, 13, 6, 11], [6, 11, 4, 11], [4, 11, 4, 10], [4, 10, 4, 12], [4, 12, 2, 12]]}
META {"type": "geom", "shape": "tile", "group": "path", "data": [[26, 6], [25, 6], [24, 6], [24, 5], [23, 5], [22, 5], [21, 5], [20, 5], [20, 4], [20, 3], [21, 3], [21, 4], [21, 5], [21, 6], [21, 7], [21, 8], [21, 9], [20, 9], [19, 9], [18, 9], [17, 9], [16, 9], [15, 9], [15, 10], [15, 11], [15, 10], [15, 9], [15, 8], [15, 7], [15, 6], [15, 5], [14, 5], [14, 6], [14, 7], [13, 7], [12, 7], [12, 8], [12, 9], [12, 10], [12, 11], [12, 12], [12, 13], [11, 13], [10, 13], [9, 13], [8, 13], [7, 13], [6, 13], [6, 12], [6, 11], [5, 11], [4, 11], [4, 10], [4, 11], [4, 12], [3, 12], [2, 12]]}
META {"type": "geom", "shape": "line", "group": "offpath", "data": [[7, 5, 6, 5], [7, 6, 5, 6], [14, 3, 13, 3], [14, 4, 14, 3], [5, 9, 6, 9], [5, 6, 7, 6], [10, 9, 10, 8], [10, 3, 11, 3], [10, 4, 10, 3], [10, 8, 10, 9], [23, 9, 23, 10], [23, 10, 22, 10], [22, 10, 28, 10], [11, 2, 11, 6], [11, 3, 11, 2], [11, 6, 12, 6], [27, 9, 27, 10], [27, 12, 28, 12], [27, 3, 27, 4], [27, 4, 28, 4], [27, 10, 27, 9], [27, 13, 27, 12], [8, 7, 9, 7], [8, 8, 8, 7], [17, 10, 18, 10], [17, 8, 15, 8], [6, 9, 5, 9], [6, 5, 7, 5], [9, 7, 9, 8], [9, 8, 8, 8], [13, 12, 12, 12], [13, 3, 13, 4], [13, 4, 14, 4], [18, 12, 16, 12], [18, 11, 18, 12], [18, 10, 17, 10], [29, 9, 23, 9], [29, 11, 28, 11], [26, 3, 27, 3], [26, 4, 26, 3], [12, 12, 13, 12], [12, 4, 10, 4], [12, 6, 12, 4], [28, 9, 29, 9], [28, 12, 28, 13], [28, 11, 29, 11], [28, 4, 26, 4], [28, 10, 28, 9], [28, 13, 27, 13], [15, 8, 17, 8], [4, 4, 3, 4], [3, 4, 4, 4], [19, 9, 19, 7], [19, 2, 19, 3], [19, 3, 19, 2], [19, 7, 19, 9], [16, 12, 16, 11], [16, 11, 18, 11], [16, 3, 16, 5], [16, 5, 16, 3]]}
