XXXXXXXXXXXXXXXX
XXXXXXXXXXXXXXXX
XXXX}XXX---XXXXX
XXXX-------XXXXX
XXXX---------XXX
XXX-#-----X--XXX
XX--------XX-XXX
XX---X--X--X--XX
XXXXXX-XX-----XX
XXXXXX--XX-X--XX
XXX------XXXX-XX
XX-----#--XXX-XX
XX--------XXX-XX
XX-X-----XXXX-XX
XX-XX-#-XXXXX-XX
XX--X----XXXXXXX
XX-------XXXXXXX
XX---XX--XXXXXXX
XX-X--X-----XXXX
XX-XX----XX-XXXX
XX--X-----X---XX
XX-----#---#--XX
XXXX-----#----XX
XXXX--------X-XX
XXX--#-#--XXX-XX
XXXX------XXX-XX
XX-XX---#-----XX
XX--X---------XX
XXX--{------X-XX
XXXXXXXXXXXXXXXX
XXXXXXXXXXXXXXXX
XXXXXXXXXXXXXXXX
META {"type": "solver", "id": "pysat-rc2", "objective": 0}
META {"type": "geom", "shape": "path", "group": "path", "data": [[28, 5, 28, 11], [28, 11, 26, 11], [26, 11, 26, 13], [26, 13, 20, 13], [20, 13, 20, 11], [20, 11, 18, 11], [18, 11, 18, 7], [18, 7, 20, 7], [20, 7, 20, 9], [20, 9, 21, 9], [21, 9, 21, 8], [21, 8, 25, 8], [25, 8, 25, 4], [25, 4, 21, 4], [21, 4, 21, 6], [21, 6, 21, 2], [21, 2, 11, 2], [11, 2, 11, 6], [11, 6, 13, 6], [13, 6, 3, 6], [3, 6, 3, 10], [3, 10, 2, 10], [2, 10, 4, 10], [4, 10, 4, 4], [4, 4, 2, 4]]}
META {"type": "geom", "shape": "tile", "group": "path", "data": [[28, 5], [28, 6], [28, 7], [28, 8], [28, 9], [28, 10], [28, 11], [27, 11], [26, 11], [26, 12], [26, 13], [25, 13], [24, 13], [23, 13], [22, 13], [21, 13], [20, 13], [20, 12], [20, 11], [19, 11], [18, 11], [18, 10], [18, 9], [18, 8], [18, 7], [19, 7], [20, 7], [20, 8], [20, 9], [21, 9], [21, 8], [22, 8], [23, 8], [24, 8], [25, 8], [25, 7], [25, 6], [25, 5], [25, 4], [24, 4], [23, 4], [22, 4], [21, 4], [21, 5], [21, 6], [21, 5], [21, 4], [21, 3], [21, 2], [20, 2], [19, 2], [18, 2], [17, 2], [16, 2], [15, 2], [14, 2], [13, 2], [12, 2], [11, 2], [11, 3], [11, 4], [11, 5], [11, 6], [12, 6], [13, 6], [12, 6], [11, 6], [10, 6], [9, 6], [8, 6], [7, 6], [6, 6], [5, 6], [4, 6], [3, 6], [3, 7], [3, 8], [3, 9], [3, 10], [2, 10], [3, 10], [4, 10], [4, 9], [4, 8], [4, 7], [4, 6], [4, 5], [4, 4], [3, 4], [2, 4]]}
META {"type": "geom", "shape": "line", "group": "offpath", "data": [[27, 2, 26, 2], [24, 4, 24, 3], [24, 3, 24, 4], [28, 10, 26, 10], [20, 12, 22, 12], [11, 9, 12, 9], [13, 8, 13, 4], [13, 4, 13, 8], [17, 3, 15, 3], [8, 9, 2, 9], [23, 7, 22, 7], [23, 10, 23, 11], [23, 11, 22, 11], [21, 10, 23, 10], [22, 8, 22, 4], [22, 12, 20, 12], [22, 7, 23, 7], [22, 4, 22, 8], [22, 10, 21, 10], [22, 11, 22, 10], [6, 8, 2, 8], [6, 4, 6, 2], [6, 2, 7, 2], [15, 6, 16, 6], [15, 3, 17, 3], [26, 2, 27, 2], [26, 10, 28, 10], [9, 12, 9, 13], [9, 13, 9, 12], [7, 12, 7, 13], [7, 7, 7, 6], [7, 6, 7, 7], [7, 4, 6, 4], [7, 2, 7, 4], [7, 13, 7, 12], [16, 6, 15, 6], [16, 4, 18, 4], [16, 5, 10, 5], [5, 5, 5, 9], [5, 9, 5, 5], [18, 4, 16, 4], [10, 5, 16, 5], [10, 3, 12, 3], [2, 8, 6, 8], [2, 9, 8, 9], [12, 9, 11, 9], [12, 3, 10, 3]]}
