XXXXXXXXXXXXXXXX
XXXXXXXXXXXXXXXX
XXX}XXXXXXXXX-XX
XXX-XXX-XXXXXXXX
XXX-----XXXXXXXX
XXX-X-----XXXXXX
XX--XXXX--XXXXXX
XXXXXXXX----XXXX
XXXXXXX-----XXXX
XXXXXXX##-----XX
XXXXXXX----XXXXX
XX--XXX----XXXXX
XX--XXXX-X-XXXXX
XX-#---XXX---XXX
XX---#-XXX---XXX
XX-----XXX##--XX
XX--X--XXX--#-XX
XX--XX--------XX
XXX--X-------XXX
XXXX--X-XX--XXXX
XXXXXXX--X--XXXX
XXXXXXX----XXXXX
XXXXXXX---XXXXXX
XXXXXXX##-XXXXXX
XXXXXXX----XXXXX
XXXX-------XXXXX
XXX--XXXX--XXXXX
XX-{-XXXX--XXXXX
XXXXXXXX-XX---XX
XXXXXXXXXXXXXXXX
XXXXXXXXXXXXXXXX
XXXXXXXXXXXXXXXX
META {"type": "solver", "id": "pysat-rc2", "objective": 0}
META {"type": "geom", "shape": "path", "group": "path", "data": [[27, 3, 26, 3], [26, 3, 26, 4], [26, 4, 25, 4], [25, 4, 25, 10], [25, 10, 27, 10], [27, 10, 27, 9], [27, 9, 21, 9], [21, 9, 21, 7], [21, 7, 17, 7], [17, 7, 17, 6], [17, 6, 18, 6], [18, 6, 18, 12], [18, 12, 17, 12], [17, 12, 17, 13], [17, 13, 15, 13], [15, 13, 15, 12], [15, 12, 13, 12], [13, 12, 13, 10], [13, 10, 7, 10], [7, 10, 7, 11], [7, 11, 9, 11], [9, 11, 9, 9], [9, 9, 5, 9], [5, 9, 5, 5], [5, 5, 4, 5], [4, 5, 4, 3], [4, 3, 6, 3], [6, 3, 2, 3]]}
META {"type": "geom", "shape": "tile", "group": "path", "data": [[27, 3], [26, 3], [26, 4], [25, 4], [25, 5], [25, 6], [25, 7], [25, 8], [25, 9], [25, 10], [26, 10], [27, 10], [27, 9], [26, 9], [25, 9], [24, 9], [23, 9], [22, 9], [21, 9], [21, 8], [21, 7], [20, 7], [19, 7], [18, 7], [17, 7], [17, 6], [18, 6], [18, 7], [18, 8], [18, 9], [18, 10], [18, 11], [18, 12], [17, 12], [17, 13], [16, 13], [15, 13], [15, 12], [14, 12], [13, 12], [13, 11], [13, 10], [12, 10], [11, 10], [10, 10], [9, 10], [8, 10], [7, 10], [7, 11], [8, 11], [9, 11], [9, 10], [9, 9], [8, 9], [7, 9], [6, 9], [5, 9], [5, 8], [5, 7], [5, 6], [5, 5], [4, 5], [4, 4], [4, 3], [5, 3], [6, 3], [5, 3], [4, 3], [3, 3], [2, 3]]}
META {"type": "geom", "shape": "line", "group": "offpath", "data": [[22, 7, 22, 9], [22, 9, 22, 7], [6, 9, 6, 8], [6, 8, 6, 9], [18, 3, 14, 3], [14, 4, 15, 4], [14, 2, 14, 4], [14, 11, 13, 11], [14, 3, 14, 2], [16, 2, 16, 3], [16, 10, 16, 11], [16, 11, 20, 11], [16, 5, 15, 5], [16, 3, 16, 2], [13, 11, 14, 11], [19, 4, 19, 5], [19, 5, 19, 4], [11, 7, 10, 7], [12, 8, 10, 8], [20, 10, 16, 10], [20, 11, 20, 10], [28, 13, 28, 11], [28, 11, 28, 13], [8, 7, 8, 11], [8, 11, 8, 7], [15, 4, 15, 2], [15, 2, 17, 2], [15, 5, 16, 5], [26, 10, 26, 9], [26, 9, 26, 10], [10, 7, 11, 7], [10, 8, 12, 8], [17, 2, 17, 3], [17, 3, 18, 3]]}
