XXXXXXXXXXXXXXXX
XXXXXXXXXXXXXXXX
XX}XXX-------XXX
XX-------##--XXX
XX-----------XXX
XXXX-------#-XXX
XXXX----#----XXX
XX----X-----XXXX
XX--XXXX---XXXXX
XXX-XXXX-#-XXXXX
XXX-XXXX---XXXXX
XXX-XXX---X---XX
XX-------XX---XX
XXXX------X---XX
XXXX----#-----XX
XXX--##-------XX
XXX------XX---XX
XX-XX-----X---XX
XX--X---#---XXXX
XX---##-----XXXX
XX-------#--XXXX
XX##----------XX
XX---#-#---X--XX
XX---------XX-XX
XXXXX---##--X-XX
XXXXX-------XXXX
XXX-------#-XXXX
XX----###---XXXX
XX##----------XX
XX--XX---X-{-XXX
XXXXXXXXXXXXXXXX
XXXXXXXXXXXXXXXX
META {"type": "solver", "id": "pysat-rc2", "objective": 0}
META {"type": "geom", "shape": "path", "group": "path", "data": [[29, 11, 29, 12], [29, 12, 29, 10], [29, 10, 27, 10], [27, 10, 27, 11], [27, 11, 27, 9], [27, 9, 25, 9], [25, 9, 25, 11], [25, 11, 24, 11], [24, 11, 24, 10], [24, 10, 18, 10], [18, 10, 18, 9], [18, 9, 17, 9], [17, 9, 19, 9], [19, 9, 19, 11], [19, 11, 19, 7], [19, 7, 21, 7], [21, 7, 11, 7], [11, 7, 11, 9], [11, 9, 10, 9], [10, 9, 10, 8], [10, 8, 10, 10], [10, 10, 4, 10], [4, 10, 4, 12], [4, 12, 4, 2], [4, 2, 2, 2]]}
META {"type": "geom", "shape": "tile", "group": "path", "data": [[29, 11], [29, 12], [29, 11], [29, 10], [28, 10], [27, 10], [27, 11], [27, 10], [27, 9], [26, 9], [25, 9], [25, 10], [25, 11], [24, 11], [24, 10], [23, 10], [22, 10], [21, 10], [20, 10], [19, 10], [18, 10], [18, 9], [17, 9], [18, 9], [19, 9], [19, 10], [19, 11], [19, 10], [19, 9], [19, 8], [19, 7], [20, 7], [21, 7], [20, 7], [19, 7], [18, 7], [17, 7], [16, 7], [15, 7], [14, 7], [13, 7], [12, 7], [11, 7], [11, 8], [11, 9], [10, 9], [10, 8], [10, 9], [10, 10], [9, 10], [8, 10], [7, 10], [6, 10], [5, 10], [4, 10], [4, 11], [4, 12], [4, 11], [4, 10], [4, 9], [4, 8], [4, 7], [4, 6], [4, 5], [4, 4], [4, 3], [4, 2], [3, 2], [2, 2]]}
META {"type": "geom", "shape": "line", "group": "offpath", "data": [[11, 11, 11, 13], [11, 13, 17, 13], [11, 12, 17, 12], [26, 3, 27, 3], [26, 6, 20, 6], [20, 2, 20, 8], [20, 8, 19, 8], [20, 11, 20, 10], [20, 10, 20, 11], [20, 6, 26, 6], [4, 3, 3, 3], [4, 11, 2, 11], [21, 11, 11, 11], [21, 12, 22, 12], [14, 5, 12, 5], [14, 9, 14, 13], [14, 13, 14, 9], [16, 5, 18, 5], [16, 3, 15, 3], [16, 4, 16, 3], [16, 6, 18, 6], [15, 8, 17, 8], [15, 3, 15, 4], [15, 4, 16, 4], [19, 2, 20, 2], [19, 8, 23, 8], [19, 4, 19, 2], [5, 8, 5, 4], [5, 4, 3, 4], [27, 3, 26, 3], [2, 11, 4, 11], [2, 12, 2, 6], [2, 6, 6, 6], [22, 2, 22, 4], [22, 8, 22, 10], [22, 4, 23, 4], [22, 12, 21, 12], [22, 10, 22, 8], [12, 2, 12, 8], [12, 8, 13, 8], [12, 5, 14, 5], [12, 3, 12, 2], [12, 11, 12, 13], [12, 13, 12, 11], [3, 2, 3, 8], [3, 8, 5, 8], [3, 3, 4, 3], [3, 11, 3, 12], [3, 4, 3, 2], [3, 12, 3, 11], [23, 2, 22, 2], [23, 8, 23, 2], [23, 4, 19, 4], [13, 8, 7, 8], [13, 11, 13, 13], [13, 13, 13, 11], [7, 7, 7, 11], [7, 2, 8, 2], [7, 8, 7, 7], [7, 11, 6, 11], [7, 4, 7, 2], [6, 11, 6, 12], [6, 4, 7, 4], [6, 12, 2, 12], [6, 6, 6, 4], [28, 7, 29, 7], [18, 2, 18, 3], [18, 5, 16, 5], [18, 3, 18, 2], [18, 6, 16, 6], [8, 2, 8, 3], [8, 3, 12, 3], [29, 7, 28, 7], [29, 2, 29, 3], [29, 8, 29, 6], [29, 3, 29, 2], [29, 6, 29, 8], [17, 8, 15, 8], [17, 11, 21, 11], [17, 13, 17, 11], [17, 12, 11, 12]]}
