XXXXXXXXXXXXXXXX
XXXXXXXXXXXXXXXX
XX}XXXXXX----XXX
XX-XXX-------XXX
XX-------#---XXX
XX----#----XXXXX
XX-XX-------XXXX
XX--X-------XXXX
XX-----###--XXXX
XXX--------#--XX
XXXXX-#-------XX
XXXXX---XX----XX
XXXX-----XX-#-XX
XX---XX--XX---XX
XXX---XX--X---XX
XXX##-XXX-XX--XX
XXX---XXX--X--XX
XX--#-XXX-----XX
XX--------##--XX
XX-----#-----XXX
XX--#-------XXXX
XX----X-----XXXX
XX---XXX----XXXX
XX-X-XXX##----XX
XXXX-XXX---XX-XX
XXXX-------XX-XX
XX---X------X-XX
XX--XXXXX-----XX
XXX-XXXXX--{--XX
XXXXXXXXXXXXXXXX
XXXXXXXXXXXXXXXX
XXXXXXXXXXXXXXXX
META {"type": "solver", "id": "pysat-rc2", "objective": 0}
META {"type": "geom", "shape": "path", "group": "path", "data": [[28, 11, 28, 9], [28, 9, 24, 9], [24, 9, 24, 10], [24, 10, 24, 8], [24, 8, 26, 8], [26, 8, 26, 6], [26, 6, 25, 6], [25, 6, 25, 10], [25, 10, 19, 10], [19, 10, 19, 8], [19, 8, 19, 12], [19, 12, 13, 12], [13, 12, 13, 11], [13, 11, 14, 11], [14, 11, 10, 11], [10, 11, 10, 7], [10, 7, 9, 7], [9, 7, 9, 3], [9, 3, 7, 3], [7, 3, 7, 2], [7, 2, 8, 2], [8, 2, 2, 2]]}
META {"type": "geom", "shape": "tile", "group": "path", "data": [[28, 11], [28, 10], [28, 9], [27, 9], [26, 9], [25, 9], [24, 9], [24, 10], [24, 9], [24, 8], [25, 8], [26, 8], [26, 7], [26, 6], [25, 6], [25, 7], [25, 8], [25, 9], [25, 10], [24, 10], [23, 10], [22, 10], [21, 10], [20, 10], [19, 10], [19, 9], [19, 8], [19, 9], [19, 10], [19, 11], [19, 12], [18, 12], [17, 12], [16, 12], [15, 12], [14, 12], [13, 12], [13, 11], [14, 11], [13, 11], [12, 11], [11, 11], [10, 11], [10, 10], [10, 9], [10, 8], [10, 7], [9, 7], [9, 6], [9, 5], [9, 4], [9, 3], [8, 3], [7, 3], [7, 2], [8, 2], [7, 2], [6, 2], [5, 2], [4, 2], [3, 2], [2, 2]]}
META {"type": "geom", "shape": "line", "group": "offpath", "data": [[17, 2, 17, 3], [17, 3, 16, 3], [17, 10, 16, 10], [3, 6, 4, 6], [3, 8, 7, 8], [13, 2, 13, 4], [13, 3, 13, 2], [13, 4, 14, 4], [13, 7, 13, 8], [13, 8, 13, 7], [4, 3, 5, 3], [4, 10, 2, 10], [4, 12, 4, 10], [4, 11, 2, 11], [4, 6, 3, 6], [11, 13, 9, 13], [11, 7, 11, 5], [11, 5, 11, 7], [11, 12, 11, 13], [11, 6, 12, 6], [20, 2, 20, 3], [20, 3, 20, 2], [20, 5, 20, 11], [20, 11, 20, 5], [10, 8, 9, 8], [8, 4, 9, 4], [9, 13, 9, 12], [9, 4, 8, 4], [9, 12, 11, 12], [9, 8, 10, 8], [15, 13, 15, 12], [15, 12, 15, 13], [7, 5, 7, 11], [7, 11, 7, 5], [7, 8, 3, 8], [21, 2, 23, 2], [21, 4, 21, 2], [21, 7, 21, 11], [21, 11, 21, 7], [26, 2, 27, 2], [26, 3, 28, 3], [28, 3, 26, 3], [19, 2, 19, 6], [19, 11, 23, 11], [19, 6, 19, 2], [2, 10, 2, 12], [2, 12, 4, 12], [2, 11, 4, 11], [12, 6, 11, 6], [18, 13, 18, 12], [18, 12, 18, 13], [27, 2, 26, 2], [5, 3, 4, 3], [16, 3, 22, 3], [16, 13, 16, 12], [16, 10, 17, 10], [16, 12, 16, 13], [14, 3, 13, 3], [14, 4, 14, 3], [23, 2, 17, 2], [23, 11, 19, 11], [22, 3, 22, 4], [22, 4, 21, 4]]}
