XXXXXXXXXXXXXXXX
XXXXXXXXXXXXXXXX
XXX---XXXXX}XXXX
XX----XXXXX-XXXX
XXX-----------XX
XXX-------#--XXX
XXX---------XXXX
XX---X---X---XXX
XX---XX-XXXX-XXX
XX-X--X-XXXX-XXX
XX-XX---XXX--XXX
XX--XXX-XXX--XXX
XXX--XXX--XX--XX
XXX--XXXX--X--XX
XXX--XXXX---X-XX
XX---XXXX---XXXX
XX-#--XXX##--XXX
XX----XXX----XXX
XX-----------XXX
XX---#--------XX
XXX-----------XX
XXX-X--------XXX
XXXXXX---XXXXXXX
XXXXXX##-XXXXXXX
XXXXXX---XXX-XXX
XXXXX--------XXX
XXXXXX-{-----XXX
XXXXXXXXXX---XXX
XXXXXXXXXX##-XXX
XXXXXXXXXX---XXX
XXXXXXXXXXXXXXXX
XXXXXXXXXXXXXXXX
META {"type": "solver", "id": "pysat-rc2-boolonly", "objective": 0}
META {"type": "geom", "shape": "path", "group": "path", "data": [[26, 7, 24, 7], [24, 7, 24, 8], [24, 8, 18, 8], [18, 8, 18, 12], [18, 12, 18, 2], [18, 2, 19, 2], [19, 2, 19, 4], [19, 4, 20, 4], [20, 4, 20, 3], [20, 3, 21, 3], [21, 3, 17, 3], [17, 3, 17, 5], [17, 5, 18, 5], [18, 5, 16, 5], [16, 5, 16, 4], [16, 4, 12, 4], [12, 4, 12, 3], [12, 3, 11, 3], [11, 3, 11, 2], [11, 2, 7, 2], [7, 2, 7, 4], [7, 4, 9, 4], [9, 4, 9, 5], [9, 5, 10, 5], [10, 5, 10, 7], [10, 7, 4, 7], [4, 7, 4, 3], [4, 3, 8, 3], [8, 3, 8, 2], [8, 2, 8, 4], [8, 4, 2, 4], [2, 4, 2, 3], [2, 3, 2, 5], [2, 5, 6, 5], [6, 5, 6, 11], [6, 11, 2, 11]]}
META {"type": "geom", "shape": "tile", "group": "path", "data": [[26, 7], [25, 7], [24, 7], [24, 8], [23, 8], [22, 8], [21, 8], [20, 8], [19, 8], [18, 8], [18, 9], [18, 10], [18, 11], [18, 12], [18, 11], [18, 10], [18, 9], [18, 8], [18, 7], [18, 6], [18, 5], [18, 4], [18, 3], [18, 2], [19, 2], [19, 3], [19, 4], [20, 4], [20, 3], [21, 3], [20, 3], [19, 3], [18, 3], [17, 3], [17, 4], [17, 5], [18, 5], [17, 5], [16, 5], [16, 4], [15, 4], [14, 4], [13, 4], [12, 4], [12, 3], [11, 3], [11, 2], [10, 2], [9, 2], [8, 2], [7, 2], [7, 3], [7, 4], [8, 4], [9, 4], [9, 5], [10, 5], [10, 6], [10, 7], [9, 7], [8, 7], [7, 7], [6, 7], [5, 7], [4, 7], [4, 6], [4, 5], [4, 4], [4, 3], [5, 3], [6, 3], [7, 3], [8, 3], [8, 2], [8, 3], [8, 4], [7, 4], [6, 4], [5, 4], [4, 4], [3, 4], [2, 4], [2, 3], [2, 4], [2, 5], [3, 5], [4, 5], [5, 5], [6, 5], [6, 6], [6, 7], [6, 8], [6, 9], [6, 10], [6, 11], [5, 11], [4, 11], [3, 11], [2, 11]]}
META {"type": "geom", "shape": "line", "group": "offpath", "data": [[11, 11, 10, 11], [4, 12, 5, 12], [5, 9, 5, 3], [5, 3, 5, 9], [5, 12, 4, 12], [13, 12, 13, 13], [13, 13, 12, 13], [16, 11, 16, 12], [16, 12, 16, 11], [14, 9, 15, 9], [14, 11, 14, 9], [12, 12, 13, 12], [12, 13, 12, 12], [7, 8, 7, 6], [7, 6, 7, 8], [10, 11, 11, 11], [15, 9, 15, 11], [15, 11, 14, 11]]}
