XXXXXXXXXXXXXXXX
XX-XXX--X---X-XX
X-XXXXX--------X
X-XXXXX--------X
X--}XXX--------X
X-XXXXX--------X
X-XXXXX-XX-----X
X------XXXX----X
X------XXXXX--XX
X-------XXXXXXXX
X--XXXXX-XXXXXXX
X-X------XXX{--X
X-X---X--XXXXX-X
X-X------XXXXX-X
X--------------X
XXXXXXXXXXXXXXXX
META {"type": "solver", "id": "clingo-be", "objective": 0}
META {"type": "geom", "shape": "path", "group": "path", "data": [[11, 12, 11, 13], [11, 13, 11, 14], [11, 14, 12, 14], [12, 14, 13, 14], [13, 14, 14, 14], [14, 14, 14, 13], [14, 13, 14, 12], [14, 12, 14, 11], [14, 11, 14, 10], [14, 10, 14, 9], [14, 9, 14, 8], [14, 8, 14, 7], [14, 7, 14, 6], [14, 6, 14, 5], [14, 5, 14, 4], [14, 4, 14, 3], [14, 3, 14, 2], [14, 2, 14, 1], [14, 1, 13, 1], [13, 1, 12, 1], [12, 1, 11, 1], [11, 1, 10, 1], [10, 1, 9, 1], [9, 1, 8, 1], [8, 1, 7, 1], [7, 1, 6, 1], [6, 1, 5, 1], [5, 1, 4, 1], [4, 1, 4, 2], [4, 2, 4, 3]]}
