XXXXXXXXXXXXXXXXXXXXXXXXXXXXXXXX
X----XXX-X-X-XXXX-XXXXX-XXX-XX-X
XXXXXXXXX-X-XXXXX---XX---------X
XXXXXXXXXXXXXXXX---X--X-XXXXXX-X
X---}XXXXXXXXXXX---------------X
X--XXXXX-----XX---------------XX
X--XXXXX---------X---X--------XX
X-------XXXXXXXX--XX--XX-------X
XX----X-XXXXXXXX-XXXXXXXXXXXX-XX
X------X---------XXXXXXXXXXXX--X
XX-----X--XXX-XXX-XX--XXXXXXX--X
X------X--XXXX---X---X--XXX{--XX
X---------XXXXXXXXXX-X-XXXXXXX-X
X----------XXXXXXXXX-X-XXXXXXX-X
X-XX---------------------------X
XXXXXXXXXXXXXXXXXXXXXXXXXXXXXXXX
META {"type": "solver", "id": "pysat-rc2", "objective": 0}
META {"type": "geom", "shape": "path", "group": "path", "data": [[11, 27, 11, 28], [11, 28, 11, 29], [11, 29, 10, 29], [10, 29, 9, 29], [9, 29, 8, 29], [8, 29, 7, 29], [7, 29, 6, 29], [6, 29, 6, 28], [6, 28, 5, 28], [5, 28, 4, 28], [4, 28, 4, 27], [4, 27, 4, 26], [4, 26, 4, 25], [4, 25, 4, 24], [4, 24, 4, 23], [4, 23, 5, 23], [5, 23, 5, 22], [5, 22, 5, 21], [5, 21, 5, 20], [5, 20, 5, 19], [5, 19, 4, 19], [4, 19, 4, 18], [4, 18, 4, 17], [4, 17, 3, 17], [3, 17, 3, 16], [3, 16, 4, 16], [4, 16, 5, 16], [5, 16, 5, 15], [5, 15, 6, 15], [6, 15, 6, 16], [6, 16, 7, 16], [7, 16, 8, 16], [8, 16, 9, 16], [9, 16, 9, 15], [9, 15, 9, 14], [9, 14, 9, 13], [9, 13, 9, 12], [9, 12, 9, 11], [9, 11, 9, 10], [9, 10, 9, 9], [9, 9, 9, 8], [9, 8, 10, 8], [10, 8, 11, 8], [11, 8, 12, 8], [12, 8, 12, 9], [12, 9, 13, 9], [13, 9, 13, 8], [13, 8, 13, 7], [13, 7, 14, 7], [14, 7, 14, 6], [14, 6, 13, 6], [13, 6, 13, 5], [13, 5, 12, 5], [12, 5, 12, 4], [12, 4, 11, 4], [11, 4, 11, 3], [11, 3, 10, 3], [10, 3, 9, 3], [9, 3, 9, 4], [9, 4, 10, 4], [10, 4, 10, 5], [10, 5, 9, 5], [9, 5, 8, 5], [8, 5, 7, 5], [7, 5, 7, 4], [7, 4, 7, 3], [7, 3, 8, 3], [8, 3, 8, 2], [8, 2, 7, 2], [7, 2, 7, 1], [7, 1, 6, 1], [6, 1, 5, 1], [5, 1, 4, 1], [4, 1, 4, 2], [4, 2, 4, 3], [4, 3, 4, 4]]}
META {"type": "geom", "shape": "tile", "group": "path", "data": [[11, 27], [11, 28], [11, 29], [10, 29], [9, 29], [8, 29], [7, 29], [6, 29], [6, 28], [5, 28], [4, 28], [4, 27], [4, 26], [4, 25], [4, 24], [4, 23], [5, 23], [5, 22], [5, 21], [5, 20], [5, 19], [4, 19], [4, 18], [4, 17], [3, 17], [3, 16], [4, 16], [5, 16], [5, 15], [6, 15], [6, 16], [7, 16], [8, 16], [9, 16], [9, 15], [9, 14], [9, 13], [9, 12], [9, 11], [9, 10], [9, 9], [9, 8], [10, 8], [11, 8], [12, 8], [12, 9], [13, 9], [13, 8], [13, 7], [14, 7], [14, 6], [13, 6], [13, 5], [12, 5], [12, 4], [11, 4], [11, 3], [10, 3], [9, 3], [9, 4], [10, 4], [10, 5], [9, 5], [8, 5], [7, 5], [7, 4], [7, 3], [8, 3], [8, 2], [7, 2], [7, 1], [6, 1], [5, 1], [4, 1], [4, 2], [4, 3], [4, 4]]}
META {"type": "geom", "shape": "line", "group": "offpath", "data": [[10, 2, 9, 2], [10, 6, 9, 6], [10, 9, 11, 9], [14, 26, 14, 27], [14, 29, 14, 28], [14, 20, 14, 21], [14, 12, 14, 13], [14, 15, 14, 14], [14, 28, 14, 29], [14, 5, 14, 4], [14, 11, 14, 10], [14, 14, 14, 15], [14, 27, 14, 26], [14, 1, 13, 1], [14, 4, 14, 5], [14, 13, 14, 12], [14, 10, 14, 11], [14, 21, 14, 20], [13, 3, 12, 3], [13, 1, 14, 1], [5, 26, 5, 25], [5, 2, 6, 2], [5, 25, 5, 26], [5, 17, 5, 18], [5, 9, 6, 9], [5, 12, 5, 11], [5, 18, 5, 17], [5, 11, 6, 11], [5, 8, 6, 8], [5, 10, 5, 9], [4, 20, 3, 20], [4, 30, 3, 30], [4, 21, 4, 20], [11, 6, 11, 5], [11, 9, 10, 9], [11, 5, 11, 6], [3, 20, 3, 21], [3, 30, 4, 30], [3, 21, 4, 21], [6, 26, 6, 25], [6, 2, 5, 2], [6, 25, 6, 26], [6, 9, 6, 10], [6, 12, 5, 12], [6, 18, 6, 19], [6, 23, 6, 24], [6, 11, 6, 12], [6, 14, 6, 13], [6, 8, 5, 8], [6, 13, 6, 14], [6, 19, 6, 18], [6, 10, 5, 10], [6, 24, 6, 23], [7, 26, 7, 27], [7, 25, 7, 24], [7, 27, 7, 26], [7, 24, 7, 25], [2, 29, 2, 30], [2, 17, 2, 18], [2, 18, 2, 17], [2, 30, 2, 29], [9, 2, 10, 2], [9, 6, 10, 6], [12, 3, 13, 3], [1, 2, 1, 3], [1, 3, 1, 2]]}
