--------------------------------
--------------------------------
----------------------XX--------
--------------------------------
-----Q---X--XQX--XXX--XX-----X--
--------------------------------
--------------------------------
----------------------------Q---
-----------------------X--------
-------XXX------------XX--------
----------------Q----XXX--------
--------------------XXXX-----Q--
------<>-----X-----XXXXX--------
------[]----XX----XXXXXX--------
-{----[]---XXX---XXXXXXX------}-
XXXXXXXXXXXXXXXXXXXXXXXXXXXXXXXX
META {"type": "solver", "id": "pysat-rc2", "objective": 0}
META {"type": "geom", "shape": "path", "group": "path", "data": [[14, 1, 14, 2], [14, 2, 14, 3], [14, 3, 11, 6], [11, 6, 11, 7], [11, 7, 11, 8], [11, 8, 12, 8], [12, 8, 13, 9], [13, 9, 14, 10], [14, 10, 11, 13], [11, 13, 11, 14], [11, 14, 12, 14], [12, 14, 13, 15], [13, 15, 14, 16], [14, 16, 11, 19], [11, 19, 7, 23], [7, 23, 7, 24], [7, 24, 8, 24], [8, 24, 9, 25], [9, 25, 10, 26], [10, 26, 11, 27], [11, 27, 12, 28], [12, 28, 13, 29], [13, 29, 14, 30]]}
