XXXXXXXXXXXXXXXXXXXXXXXXXXXXXXXX
X---}XXX-X-XX-XX----XX-XX-X-XX-X
X-XXXXXXX----X---XXX----------XX
X-XXXXXXX-XXXXXXX-----XX--X-XXXX
X-----XX--XXXXXXX-----XX--X-XXXX
XXXX-------------XXXXX--X-X----X
XXXX---XX-----X-X---------X---XX
X---XXXXXXXXX-X-X-X-X-X----XXX-X
XXXXXXXXXXXXX-X-X-X-----XXX----X
XXXXXXXXX---------X--XX-XXXXXXXX
X-----------XXX----XXXXXXXXXXXXX
X-XXXX-X----XXXX-X-XXXXXXXX{---X
X-----------XXXX-X---XXXXXXXX--X
XX--XXX-XXX--XX--X------XXXXX--X
X------------------------------X
XXXXXXXXXXXXXXXXXXXXXXXXXXXXXXXX
META {"type": "solver", "id": "pysat-rc2", "objective": 0}
META {"type": "geom", "shape": "path", "group": "path", "data": [[11, 27, 11, 28], [11, 28, 11, 29], [11, 29, 12, 29], [12, 29, 13, 29], [13, 29, 14, 29], [14, 29, 14, 28], [14, 28, 14, 27], [14, 27, 14, 26], [14, 26, 14, 25], [14, 25, 14, 24], [14, 24, 14, 23], [14, 23, 14, 22], [14, 22, 14, 21], [14, 21, 14, 20], [14, 20, 13, 20], [13, 20, 12, 20], [12, 20, 12, 19], [12, 19, 13, 19], [13, 19, 13, 18], [13, 18, 12, 18], [12, 18, 11, 18], [11, 18, 10, 18], [10, 18, 10, 17], [10, 17, 10, 16], [10, 16, 9, 16], [9, 16, 9, 15], [9, 15, 9, 14], [9, 14, 9, 13], [9, 13, 8, 13], [8, 13, 7, 13], [7, 13, 6, 13], [6, 13, 6, 12], [6, 12, 5, 12], [5, 12, 5, 11], [5, 11, 6, 11], [6, 11, 6, 10], [6, 10, 6, 9], [6, 9, 5, 9], [5, 9, 4, 9], [4, 9, 4, 8], [4, 8, 5, 8], [5, 8, 5, 7], [5, 7, 5, 6], [5, 6, 6, 6], [6, 6, 6, 5], [6, 5, 5, 5], [5, 5, 5, 4], [5, 4, 4, 4], [4, 4, 4, 3], [4, 3, 4, 2], [4, 2, 4, 1], [4, 1, 3, 1], [3, 1, 2, 1], [2, 1, 1, 1], [1, 1, 1, 2], [1, 2, 1, 3], [1, 3, 1, 4]]}
META {"type": "geom", "shape": "tile", "group": "path", "data": [[11, 27], [11, 28], [11, 29], [12, 29], [13, 29], [14, 29], [14, 28], [14, 27], [14, 26], [14, 25], [14, 24], [14, 23], [14, 22], [14, 21], [14, 20], [13, 20], [12, 20], [12, 19], [13, 19], [13, 18], [12, 18], [11, 18], [10, 18], [10, 17], [10, 16], [9, 16], [9, 15], [9, 14], [9, 13], [8, 13], [7, 13], [6, 13], [6, 12], [5, 12], [5, 11], [6, 11], [6, 10], [6, 9], [5, 9], [4, 9], [4, 8], [5, 8], [5, 7], [5, 6], [6, 6], [6, 5], [5, 5], [5, 4], [4, 4], [4, 3], [4, 2], [4, 1], [3, 1], [2, 1], [1, 1], [1, 2], [1, 3], [1, 4]]}
META {"type": "geom", "shape": "line", "group": "offpath", "data": [[12, 5, 12, 6], [12, 6, 12, 5], [12, 30, 11, 30], [5, 15, 6, 15], [2, 10, 2, 11], [2, 11, 2, 10], [2, 9, 3, 9], [11, 30, 12, 30], [9, 12, 9, 11], [9, 10, 10, 10], [9, 11, 9, 12], [10, 10, 9, 10], [6, 15, 5, 15], [8, 22, 8, 21], [8, 21, 8, 22], [8, 19, 8, 20], [8, 20, 8, 19], [8, 15, 7, 15], [3, 9, 2, 9], [7, 15, 8, 15]]}
