XXXXXXXXXXXXXXXX
X--XXXXX----XX-X
XX--}XXX-X-----X
X--XXXXX-X-XXX-X
XX-XXXXX-X----XX
XX-------------X
X--X-XX-X-----XX
X----XX-------XX
XX--X---XXXXX--X
XX------XXXXX--X
X---XX--XXXXX-XX
X--XXXXXXXX{---X
XXXXXXXXXXXXX--X
XXXXXX--XXXXX-XX
X--------------X
XXXXXXXXXXXXXXXX
META {"type": "solver", "id": "pysat-rc2-boolonly", "objective": 0}
META {"type": "geom", "shape": "path", "group": "path", "data": [[11, 11, 11, 12], [11, 12, 11, 13], [11, 13, 10, 13], [10, 13, 9, 13], [9, 13, 8, 13], [8, 13, 7, 13], [7, 13, 6, 13], [6, 13, 6, 12], [6, 12, 6, 11], [6, 11, 5, 11], [5, 11, 4, 11], [4, 11, 4, 10], [4, 10, 5, 10], [5, 10, 5, 9], [5, 9, 5, 8], [5, 8, 5, 7], [5, 7, 5, 6], [5, 6, 5, 5], [5, 5, 5, 4], [5, 4, 5, 3], [5, 3, 5, 2], [5, 2, 4, 2], [4, 2, 3, 2], [3, 2, 2, 2], [2, 2, 2, 3], [2, 3, 2, 4]]}
META {"type": "geom", "shape": "tile", "group": "path", "data": [[11, 11], [11, 12], [11, 13], [10, 13], [9, 13], [8, 13], [7, 13], [6, 13], [6, 12], [6, 11], [5, 11], [4, 11], [4, 10], [5, 10], [5, 9], [5, 8], [5, 7], [5, 6], [5, 5], [5, 4], [5, 3], [5, 2], [4, 2], [3, 2], [2, 2], [2, 3], [2, 4]]}
META {"type": "geom", "shape": "line", "group": "offpath", "data": [[12, 14, 11, 14], [1, 2, 1, 1], [1, 1, 1, 2], [5, 14, 5, 13], [5, 13, 5, 14], [9, 14, 8, 14], [9, 4, 9, 5], [9, 2, 10, 2], [9, 7, 8, 7], [9, 5, 9, 4], [11, 14, 12, 14], [7, 4, 7, 3], [7, 9, 7, 10], [7, 3, 7, 4], [7, 12, 7, 11], [7, 7, 7, 8], [7, 10, 6, 10], [7, 11, 7, 12], [7, 8, 7, 7], [8, 14, 9, 14], [8, 7, 9, 7], [6, 9, 7, 9], [6, 2, 6, 1], [6, 10, 6, 9], [6, 1, 6, 2], [10, 2, 9, 2], [4, 13, 4, 12], [4, 12, 4, 13]]}
