XXXXXXXXXXXXXXXX
X--}XXX--------X
X-XXXXX-X------X
X-XXXXX-X------X
X-------X------X
X--------------X
X-------------XX
X-------XX-XX-XX
X---XXXXXXXXXXXX
XX--XXXXXXXXXXXX
XX------XXXXX-XX
X--XXX--XXX{--XX
X-----X-XXXXX-XX
X-X-X---XXXXX-XX
X--------------X
XXXXXXXXXXXXXXXX
META {"type": "solver", "id": "pysat-rc2-boolonly", "objective": 0}
META {"type": "geom", "shape": "path", "group": "path", "data": [[11, 11, 11, 12], [11, 12, 11, 13], [11, 13, 12, 13], [12, 13, 13, 13], [13, 13, 14, 13], [14, 13, 14, 12], [14, 12, 14, 11], [14, 11, 14, 10], [14, 10, 14, 9], [14, 9, 14, 8], [14, 8, 14, 7], [14, 7, 13, 7], [13, 7, 12, 7], [12, 7, 11, 7], [11, 7, 11, 6], [11, 6, 10, 6], [10, 6, 10, 5], [10, 5, 10, 4], [10, 4, 10, 3], [10, 3, 9, 3], [9, 3, 8, 3], [8, 3, 7, 3], [7, 3, 7, 2], [7, 2, 6, 2], [6, 2, 5, 2], [5, 2, 5, 1], [5, 1, 4, 1], [4, 1, 3, 1], [3, 1, 2, 1], [2, 1, 1, 1], [1, 1, 1, 2], [1, 2, 1, 3]]}
META {"type": "geom", "shape": "tile", "group": "path", "data": [[11, 11], [11, 12], [11, 13], [12, 13], [13, 13], [14, 13], [14, 12], [14, 11], [14, 10], [14, 9], [14, 8], [14, 7], [13, 7], [12, 7], [11, 7], [11, 6], [10, 6], [10, 5], [10, 4], [10, 3], [9, 3], [8, 3], [7, 3], [7, 2], [6, 2], [5, 2], [5, 1], [4, 1], [3, 1], [2, 1], [1, 1], [1, 2], [1, 3]]}
META {"type": "geom", "shape": "line", "group": "offpath", "data": [[14, 3, 14, 4], [14, 4, 14, 5], [14, 1, 14, 2], [14, 5, 13, 5], [14, 2, 14, 3], [3, 13, 3, 12], [3, 7, 2, 7], [3, 11, 4, 11], [3, 14, 2, 14], [3, 12, 3, 11], [3, 10, 4, 10], [4, 13, 3, 13], [4, 7, 3, 7], [4, 4, 4, 5], [4, 11, 5, 11], [4, 14, 5, 14], [4, 5, 5, 5], [4, 10, 5, 10], [1, 13, 2, 13], [1, 7, 1, 8], [1, 11, 2, 11], [1, 9, 1, 10], [1, 8, 1, 9], [1, 10, 2, 10], [12, 3, 12, 2], [12, 4, 12, 3], [12, 1, 13, 1], [12, 5, 12, 4], [12, 2, 11, 2], [2, 13, 1, 13], [2, 7, 1, 7], [2, 11, 1, 11], [2, 14, 3, 14], [2, 10, 3, 10], [6, 3, 5, 3], [6, 13, 7, 13], [6, 7, 7, 7], [6, 4, 6, 3], [6, 1, 7, 1], [6, 11, 6, 12], [6, 12, 5, 12], [6, 9, 6, 8], [6, 8, 6, 7], [6, 10, 6, 9], [9, 2, 10, 2], [11, 1, 12, 1], [11, 2, 11, 1], [13, 1, 14, 1], [13, 5, 12, 5], [10, 2, 9, 2], [7, 13, 6, 13], [7, 7, 7, 6], [7, 4, 6, 4], [7, 1, 6, 1], [7, 6, 7, 5], [7, 5, 7, 4], [5, 3, 5, 4], [5, 13, 4, 13], [5, 7, 4, 7], [5, 4, 4, 4], [5, 11, 6, 11], [5, 6, 5, 7], [5, 14, 4, 14], [5, 12, 5, 13], [5, 9, 5, 8], [5, 5, 5, 6], [5, 8, 5, 9], [5, 10, 6, 10]]}
