XXXXXXXXXXXXXXXX
X--}XXXX------XX
X-XXXXXXXXXXX--X
X-XXXXXXXXXXX-XX
X-------------XX
XX-------------X
X-------XXXXX-XX
XX-X-XXX-------X
X----XXX-XX---XX
X--X----XXXXX-XX
X--X----XXXXX--X
X--X----XXX{--XX
XX--XXX-XXXXX-XX
XX------XXXXX-XX
X--------------X
XXXXXXXXXXXXXXXX
META {"type": "solver", "id": "pysat-rc2-boolonly", "objective": 0}
META {"type": "geom", "shape": "path", "group": "path", "data": [[11, 11, 11, 12], [11, 12, 11, 13], [11, 13, 12, 13], [12, 13, 13, 13], [13, 13, 14, 13], [14, 13, 14, 12], [14, 12, 14, 11], [14, 11, 14, 10], [14, 10, 14, 9], [14, 9, 14, 8], [14, 8, 14, 7], [14, 7, 13, 7], [13, 7, 13, 6], [13, 6, 13, 5], [13, 5, 13, 4], [13, 4, 13, 3], [13, 3, 12, 3], [12, 3, 12, 2], [12, 2, 11, 2], [11, 2, 10, 2], [10, 2, 9, 2], [9, 2, 9, 1], [9, 1, 8, 1], [8, 1, 8, 2], [8, 2, 7, 2], [7, 2, 6, 2], [6, 2, 6, 3], [6, 3, 5, 3], [5, 3, 5, 2], [5, 2, 4, 2], [4, 2, 4, 1], [4, 1, 3, 1], [3, 1, 2, 1], [2, 1, 1, 1], [1, 1, 1, 2], [1, 2, 1, 3]]}
META {"type": "geom", "shape": "tile", "group": "path", "data": [[11, 11], [11, 12], [11, 13], [12, 13], [13, 13], [14, 13], [14, 12], [14, 11], [14, 10], [14, 9], [14, 8], [14, 7], [13, 7], [13, 6], [13, 5], [13, 4], [13, 3], [12, 3], [12, 2], [11, 2], [10, 2], [9, 2], [9, 1], [8, 1], [8, 2], [7, 2], [6, 2], [6, 3], [5, 3], [5, 2], [4, 2], [4, 1], [3, 1], [2, 1], [1, 1], [1, 2], [1, 3]]}
META {"type": "geom", "shape": "line", "group": "offpath", "data": [[9, 4, 10, 4], [14, 5, 14, 6], [14, 3, 14, 2], [14, 6, 14, 5], [14, 2, 14, 3], [6, 13, 7, 13], [4, 5, 4, 6], [4, 6, 4, 7], [4, 7, 5, 7], [4, 4, 4, 5], [8, 12, 7, 12], [5, 8, 5, 9], [5, 9, 5, 8], [5, 5, 5, 4], [5, 14, 5, 13], [5, 13, 5, 14], [5, 6, 5, 5], [5, 7, 5, 6], [5, 4, 4, 4], [10, 7, 11, 7], [10, 4, 9, 4], [11, 7, 10, 7], [7, 13, 6, 13], [7, 12, 8, 12]]}
