XXXXXXXXXXXXXXXX
X---}XXXX--XXX-X
X-XXXXXXXXXXXXXX
X-XXXXXXXXXXXXXX
X--------------X
X----X-----XX--X
XXX--X----XXXX-X
XXX--X----XXXX-X
X------X-XXXX--X
X-X-----XXXXX--X
XX-XXX--XXXXX--X
X-------XXX{--XX
XX---X-XXXXXX-XX
XX-----XXXXXX--X
X--------------X
XXXXXXXXXXXXXXXX
META {"type": "solver", "id": "pysat-rc2", "objective": 0}
META {"type": "geom", "shape": "path", "group": "path", "data": [[11, 11, 11, 12], [11, 12, 11, 13], [11, 13, 10, 13], [10, 13, 10, 14], [10, 14, 9, 14], [9, 14, 8, 14], [8, 14, 7, 14], [7, 14, 6, 14], [6, 14, 5, 14], [5, 14, 5, 13], [5, 13, 4, 13], [4, 13, 4, 12], [4, 12, 4, 11], [4, 11, 4, 10], [4, 10, 5, 10], [5, 10, 5, 9], [5, 9, 6, 9], [6, 9, 6, 8], [6, 8, 5, 8], [5, 8, 4, 8], [4, 8, 4, 7], [4, 7, 4, 6], [4, 6, 4, 5], [4, 5, 4, 4], [4, 4, 4, 3], [4, 3, 5, 3], [5, 3, 5, 2], [5, 2, 5, 1], [5, 1, 4, 1], [4, 1, 3, 1], [3, 1, 2, 1], [2, 1, 1, 1], [1, 1, 1, 2], [1, 2, 1, 3], [1, 3, 1, 4]]}
META {"type": "geom", "shape": "tile", "group": "path", "data": [[11, 11], [11, 12], [11, 13], [10, 13], [10, 14], [9, 14], [8, 14], [7, 14], [6, 14], [5, 14], [5, 13], [4, 13], [4, 12], [4, 11], [4, 10], [5, 10], [5, 9], [6, 9], [6, 8], [5, 8], [4, 8], [4, 7], [4, 6], [4, 5], [4, 4], [4, 3], [5, 3], [5, 2], [5, 1], [4, 1], [3, 1], [2, 1], [1, 1], [1, 2], [1, 3], [1, 4]]}
META {"type": "geom", "shape": "line", "group": "offpath", "data": [[8, 5, 9, 5], [8, 3, 7, 3], [8, 4, 8, 5], [9, 5, 9, 4], [9, 6, 10, 6], [9, 3, 8, 3], [9, 4, 9, 3], [14, 5, 14, 6], [14, 6, 14, 5], [14, 13, 14, 12], [14, 11, 14, 10], [14, 10, 14, 11], [14, 12, 14, 13], [10, 6, 9, 6], [10, 7, 11, 7], [6, 3, 6, 4], [6, 4, 7, 4], [11, 5, 11, 4], [11, 7, 10, 7], [11, 4, 11, 5], [7, 3, 6, 3], [7, 4, 8, 4]]}
