--------------------------------
--------------------------------
--------------------------------
-----------------------------Q--
--------------------------------
--------------------XXXX--------
--------------------------------
----XXXX--------------------Q---
-------------X--XX--------------
--------------------------------
---------XX---------XXX---------
--------XXX-----<>--------------
-------XXXX-----[]--------------
------XXXXX-----[]-------<>-----
-{---XXXXXX-----[]-------[]---}-
XXXXXXXXXXXXXXXXXXXXX--XXXXXXXXX
META {"type": "solver", "id": "pysat-rc2", "objective": 0}
META {"type": "geom", "shape": "path", "group": "path", "data": [[14, 1, 10, 0], [10, 0, 11, 1], [11, 1, 12, 2], [12, 2, 13, 3], [13, 3, 14, 3], [14, 3, 10, 6], [10, 6, 11, 7], [11, 7, 8, 10], [8, 10, 9, 10], [9, 10, 5, 6], [5, 6, 6, 5], [6, 5, 5, 5], [5, 5, 6, 4], [6, 4, 3, 4], [3, 4, 4, 3], [4, 3, 5, 2], [5, 2, 6, 1], [6, 1, 7, 2], [7, 2, 8, 3], [8, 3, 9, 2], [9, 2, 10, 2], [10, 2, 11, 3], [11, 3, 12, 4], [12, 4, 13, 5], [13, 5, 9, 9], [9, 9, 5, 12], [5, 12, 6, 12], [6, 12, 7, 13], [7, 13, 3, 9], [3, 9, 4, 8], [4, 8, 5, 7], [5, 7, 6, 7], [6, 7, 2, 4], [2, 4, 3, 3], [3, 3, 4, 2], [4, 2, 5, 1], [5, 1, 6, 2], [6, 2, 7, 3], [7, 3, 8, 4], [8, 4, 9, 3], [9, 3, 10, 3], [10, 3, 11, 2], [11, 2, 12, 3], [12, 3, 13, 2], [13, 2, 14, 2], [14, 2, 11, 5], [11, 5, 12, 6], [12, 6, 10, 5], [10, 5, 11, 4], [11, 4, 12, 5], [12, 5, 13, 4], [13, 4, 14, 4], [14, 4, 10, 8], [10, 8, 6, 11], [6, 11, 7, 12], [7, 12, 8, 12], [8, 12, 9, 12], [9, 12, 10, 12], [10, 12, 11, 13], [11, 13, 12, 12], [12, 12, 13, 12], [13, 12, 14, 11], [14, 11, 14, 12], [14, 12, 10, 16], [10, 16, 9, 16], [9, 16, 10, 17], [10, 17, 6, 21], [6, 21, 7, 20], [7, 20, 8, 19], [8, 19, 9, 20], [9, 20, 5, 17], [5, 17, 6, 16], [6, 16, 7, 17], [7, 17, 3, 21], [3, 21, 4, 22], [4, 22, 0, 23], [0, 23, 1, 24], [1, 24, 2, 23], [2, 23, 3, 22], [3, 22, 4, 23], [4, 23, 0, 27], [0, 27, 1, 27], [1, 27, 2, 28], [2, 28, 3, 28], [3, 28, 4, 28], [4, 28, 5, 27], [5, 27, 6, 28], [6, 28, 4, 27], [4, 27, 5, 26], [5, 26, 6, 26], [6, 26, 7, 26], [7, 26, 8, 26], [8, 26, 9, 26], [9, 26, 10, 27], [10, 27, 11, 27], [11, 27, 12, 28], [12, 28, 13, 27], [13, 27, 14, 27], [14, 27, 10, 30], [10, 30, 11, 31], [11, 31, 12, 31], [12, 31, 13, 31], [13, 31, 14, 31], [14, 31, 12, 29], [12, 29, 13, 29], [13, 29, 14, 28], [14, 28, 13, 28], [13, 28, 14, 29], [14, 29, 10, 29], [10, 29, 11, 30], [11, 30, 12, 30], [12, 30, 13, 30], [13, 30, 14, 30]]}
META {"type": "geom", "shape": "tile", "group": "path", "data": [[14, 1], [13, 1], [12, 1], [11, 1], [10, 1], [10, 0], [11, 0], [11, 1], [12, 1], [12, 2], [13, 2], [13, 3], [14, 3], [13, 3], [13, 4], [12, 4], [12, 5], [11, 5], [11, 6], [10, 6], [11, 6], [11, 7], [10, 7], [10, 8], [9, 8], [9, 9], [8, 9], [8, 10], [9, 10], [8, 10], [8, 9], [7, 9], [7, 8], [6, 8], [6, 7], [5, 7], [5, 6], [6, 6], [6, 5], [5, 5], [6, 5], [6, 4], [5, 4], [4, 4], [3, 4], [4, 4], [4, 3], [5, 3], [5, 2], [6, 2], [6, 1], [7, 1], [7, 2], [8, 2], [8, 3], [9, 3], [9, 2], [10, 2], [11, 2], [11, 3], [12, 3], [12, 4], [13, 4], [13, 5], [12, 5], [12, 6], [11, 6], [11, 7], [10, 7], [10, 8], [9, 8], [9, 9], [8, 9], [8, 10], [7, 10], [7, 11], [6, 11], [6, 12], [5, 12], [6, 12], [7, 12], [7, 13], [6, 13], [6, 12], [5, 12], [5, 11], [4, 11], [4, 10], [3, 10], [3, 9], [4, 9], [4, 8], [5, 8], [5, 7], [6, 7], [5, 7], [5, 6], [4, 6], [4, 5], [3, 5], [3, 4], [2, 4], [3, 4], [3, 3], [4, 3], [4, 2], [5, 2], [5, 1], [6, 1], [6, 2], [7, 2], [7, 3], [8, 3], [8, 4], [9, 4], [9, 3], [10, 3], [11, 3], [11, 2], [12, 2], [12, 3], [13, 3], [13, 2], [14, 2], [13, 2], [13, 3], [12, 3], [12, 4], [11, 4], [11, 5], [12, 5], [12, 6], [11, 6], [11, 5], [10, 5], [11, 5], [11, 4], [12, 4], [12, 5], [13, 5], [13, 4], [14, 4], [13, 4], [13, 5], [12, 5], [12, 6], [11, 6], [11, 7], [10, 7], [10, 8], [9, 8], [9, 9], [8, 9], [8, 10], [7, 10], [7, 11], [6, 11], [7, 11], [7, 12], [8, 12], [9, 12], [10, 12], [11, 12], [11, 13], [12, 13], [12, 12], [13, 12], [14, 12], [14, 11], [14, 12], [13, 12], [13, 13], [12, 13], [12, 14], [11, 14], [11, 15], [10, 15], [10, 16], [9, 16], [10, 16], [10, 17], [9, 17], [9, 18], [8, 18], [8, 19], [7, 19], [7, 20], [6, 20], [6, 21], [7, 21], [7, 20], [8, 20], [8, 19], [9, 19], [9, 20], [8, 20], [8, 19], [7, 19], [7, 18], [6, 18], [6, 17], [5, 17], [6, 17], [6, 16], [7, 16], [7, 17], [6, 17], [6, 18], [5, 18], [5, 19], [4, 19], [4, 20], [3, 20], [3, 21], [4, 21], [4, 22], [3, 22], [2, 22], [1, 22], [0, 22], [0, 23], [1, 23], [1, 24], [2, 24], [2, 23], [3, 23], [3, 22], [4, 22], [4, 23], [3, 23], [3, 24], [2, 24], [2, 25], [1, 25], [1, 26], [0, 26], [0, 27], [1, 27], [2, 27], [2, 28], [3, 28], [4, 28], [5, 28], [5, 27], [6, 27], [6, 28], [5, 28], [5, 27], [4, 27], [5, 27], [5, 26], [6, 26], [7, 26], [8, 26], [9, 26], [10, 26], [10, 27], [11, 27], [12, 27], [12, 28], [13, 28], [13, 27], [14, 27], [13, 27], [13, 28], [12, 28], [12, 29], [11, 29], [11, 30], [10, 30], [11, 30], [11, 31], [12, 31], [13, 31], [14, 31], [13, 31], [13, 30], [12, 30], [12, 29], [13, 29], [14, 29], [14, 28], [13, 28], [14, 28], [14, 29], [13, 29], [12, 29], [11, 29], [10, 29], [11, 29], [11, 30], [12, 30], [13, 30], [14, 30]]}
META {"type": "geom", "shape": "line", "group": "offpath", "data": [[1, 18, 2, 18], [1, 29, 2, 29], [4, 20, 4, 21], [4, 21, 0, 18], [4, 15, 5, 15], [0, 30, 1, 29], [0, 18, 1, 18], [6, 20, 7, 19], [6, 23, 7, 22], [6, 15, 7, 16], [9, 22, 6, 20], [9, 21, 6, 23], [9, 23, 10, 23], [12, 1, 13, 0], [12, 25, 9, 22], [2, 18, 3, 19], [2, 29, 0, 30], [5, 15, 6, 15], [14, 14, 14, 13], [14, 0, 10, 1], [14, 13, 13, 13], [14, 24, 13, 24], [14, 20, 14, 19], [14, 19, 13, 20], [11, 0, 12, 1], [11, 24, 12, 25], [8, 20, 9, 21], [8, 23, 9, 23], [10, 1, 11, 0], [10, 23, 11, 24], [7, 22, 8, 23], [7, 19, 8, 20], [7, 16, 3, 15], [13, 0, 14, 0], [13, 13, 14, 14], [13, 24, 14, 24], [13, 20, 14, 20], [3, 19, 4, 20], [3, 15, 4, 15]]}
