--------------------------------
--------------------------------
--------------------------------
--------------------------------
------XXX---X-------------------
---Q----------------------------
--------------------------------
------XXXXXX--------------------
-----------------Q--------------
------XXXXXX--------Q-----------
--------------Q-----------------
--------------------------------
-----Q----X------X--------------
---------XX-----XX--------<>----
-{------XXX----XXX--------[]--}-
XXXXXXXXXXXXXXXXXXXXX---XXXXXXXX
META {"type": "solver", "id": "pysat-rc2-boolonly", "objective": 0}
META {"type": "geom", "shape": "path", "group": "path", "data": [[14, 1, 11, 1], [11, 1, 12, 2], [12, 2, 13, 2], [13, 2, 14, 3], [14, 3, 13, 4], [13, 4, 14, 5], [14, 5, 14, 6], [14, 6, 10, 7], [10, 7, 11, 8], [11, 8, 12, 9], [12, 9, 10, 9], [10, 9, 11, 10], [11, 10, 10, 11], [10, 11, 11, 12], [11, 12, 12, 12], [12, 12, 13, 13], [13, 13, 14, 12], [14, 12, 14, 13], [14, 13, 11, 16], [11, 16, 12, 16], [12, 16, 8, 15], [8, 15, 9, 14], [9, 14, 6, 11], [6, 11, 2, 7], [2, 7, 3, 6], [3, 6, 0, 8], [0, 8, 1, 9], [1, 9, 2, 9], [2, 9, 3, 8], [3, 8, 0, 10], [0, 10, 1, 11], [1, 11, 2, 11], [2, 11, 3, 12], [3, 12, 0, 9], [0, 9, 1, 10], [1, 10, 2, 10], [2, 10, 3, 11], [3, 11, 4, 11], [4, 11, 5, 10], [5, 10, 6, 9], [6, 9, 2, 8], [2, 8, 3, 9], [3, 9, 4, 10], [4, 10, 5, 9], [5, 9, 6, 10], [6, 10, 5, 11], [5, 11, 6, 12], [6, 12, 7, 13], [7, 13, 8, 13], [8, 13, 9, 13], [9, 13, 10, 13], [10, 13, 11, 13], [11, 13, 12, 14], [12, 14, 13, 15], [13, 15, 11, 17], [11, 17, 7, 20], [7, 20, 8, 20], [8, 20, 4, 23], [4, 23, 5, 24], [5, 24, 6, 25], [6, 25, 7, 24], [7, 24, 8, 24], [8, 24, 9, 25], [9, 25, 10, 26], [10, 26, 11, 25], [11, 25, 12, 26], [12, 26, 10, 28], [10, 28, 11, 27], [11, 27, 12, 27], [12, 27, 8, 26], [8, 26, 9, 26], [9, 26, 10, 27], [10, 27, 11, 28], [11, 28, 12, 28], [12, 28, 13, 29], [13, 29, 14, 28], [14, 28, 11, 31], [11, 31, 12, 31], [12, 31, 13, 31], [13, 31, 14, 30]]}
META {"type": "geom", "shape": "tile", "group": "path", "data": [[14, 1], [13, 1], [12, 1], [11, 1], [12, 1], [12, 2], [13, 2], [14, 2], [14, 3], [13, 3], [13, 4], [14, 4], [14, 5], [14, 6], [13, 6], [12, 6], [11, 6], [10, 6], [10, 7], [11, 7], [11, 8], [12, 8], [12, 9], [11, 9], [10, 9], [11, 9], [11, 10], [10, 10], [10, 11], [11, 11], [11, 12], [12, 12], [13, 12], [13, 13], [14, 13], [14, 12], [14, 13], [13, 13], [13, 14], [12, 14], [12, 15], [11, 15], [11, 16], [12, 16], [11, 16], [10, 16], [9, 16], [8, 16], [8, 15], [9, 15], [9, 14], [8, 14], [8, 13], [7, 13], [7, 12], [6, 12], [6, 11], [5, 11], [5, 10], [4, 10], [4, 9], [3, 9], [3, 8], [2, 8], [2, 7], [3, 7], [3, 6], [2, 6], [2, 7], [1, 7], [1, 8], [0, 8], [1, 8], [1, 9], [2, 9], [3, 9], [3, 8], [2, 8], [2, 9], [1, 9], [1, 10], [0, 10], [1, 10], [1, 11], [2, 11], [3, 11], [3, 12], [2, 12], [2, 11], [1, 11], [1, 10], [0, 10], [0, 9], [1, 9], [1, 10], [2, 10], [3, 10], [3, 11], [4, 11], [5, 11], [5, 10], [6, 10], [6, 9], [5, 9], [4, 9], [3, 9], [2, 9], [2, 8], [3, 8], [3, 9], [4, 9], [4, 10], [5, 10], [5, 9], [6, 9], [6, 10], [5, 10], [5, 11], [6, 11], [6, 12], [7, 12], [7, 13], [8, 13], [9, 13], [10, 13], [11, 13], [12, 13], [12, 14], [13, 14], [13, 15], [12, 15], [12, 16], [11, 16], [11, 17], [10, 17], [10, 18], [9, 18], [9, 19], [8, 19], [8, 20], [7, 20], [8, 20], [7, 20], [7, 21], [6, 21], [6, 22], [5, 22], [5, 23], [4, 23], [5, 23], [5, 24], [6, 24], [6, 25], [7, 25], [7, 24], [8, 24], [9, 24], [9, 25], [10, 25], [10, 26], [11, 26], [11, 25], [12, 25], [12, 26], [11, 26], [11, 27], [10, 27], [10, 28], [11, 28], [11, 27], [12, 27], [11, 27], [10, 27], [9, 27], [8, 27], [8, 26], [9, 26], [10, 26], [10, 27], [11, 27], [11, 28], [12, 28], [13, 28], [13, 29], [14, 29], [14, 28], [13, 28], [13, 29], [12, 29], [12, 30], [11, 30], [11, 31], [12, 31], [13, 31], [14, 31], [14, 30]]}
META {"type": "geom", "shape": "line", "group": "offpath", "data": [[5, 18, 6, 17], [5, 6, 6, 7], [5, 5, 6, 6], [14, 11, 13, 12], [14, 31, 10, 31], [14, 25, 10, 25], [14, 18, 10, 17], [14, 4, 11, 4], [6, 7, 5, 6], [6, 17, 7, 17], [6, 6, 3, 3], [11, 30, 12, 30], [11, 26, 12, 25], [11, 18, 12, 18], [11, 4, 12, 3], [11, 5, 10, 5], [10, 31, 11, 30], [10, 25, 11, 26], [10, 17, 11, 18], [10, 5, 11, 5], [0, 6, 1, 6], [12, 30, 13, 30], [12, 7, 13, 8], [12, 3, 13, 3], [12, 25, 13, 24], [12, 18, 13, 18], [1, 6, 2, 5], [8, 9, 8, 10], [8, 10, 8, 9], [13, 30, 14, 31], [13, 8, 12, 7], [13, 3, 14, 4], [13, 24, 14, 25], [13, 18, 14, 18], [13, 12, 14, 11], [4, 3, 0, 6], [4, 4, 5, 5], [4, 17, 5, 18], [2, 5, 3, 5], [3, 3, 4, 3], [3, 5, 4, 4], [7, 17, 4, 17]]}
