--------------------------------
--------------------------------
--------------------------------
--------------------------------
-------------X----XX------X--X--
-----X--------------------------
--------------------------------
---------------X-----X--X-------
--------------XX----------------
-------XX----XXX-----------Q----
------------XXXX----------------
-----------XXXXX-----<>---------
----XX----XXXXXX-----[]--<>-----
---------XXXXXXX-----[]--[]-----
-{------XXXXXXXX-----[]--[]---}-
XXXXXXXXXXXXXXXXXXXXXXXXXXXXXXXX
META {"type": "solver", "id": "pysat-rc2", "objective": 0}
META {"type": "geom", "shape": "path", "group": "path", "data": [[14, 1, 10, 4], [10, 4, 11, 5], [11, 5, 8, 3], [8, 3, 9, 4], [9, 4, 10, 5], [10, 5, 11, 6], [11, 6, 12, 7], [12, 7, 13, 8], [13, 8, 10, 11], [10, 11, 7, 8], [7, 8, 8, 7], [8, 7, 6, 9], [6, 9, 7, 9], [7, 9, 8, 10], [8, 10, 9, 11], [9, 11, 10, 10], [10, 10, 11, 10], [11, 10, 7, 14], [7, 14, 3, 13], [3, 13, 3, 12], [3, 12, 4, 12], [4, 12, 5, 13], [5, 13, 6, 12], [6, 12, 7, 12], [7, 12, 8, 12], [8, 12, 9, 12], [9, 12, 8, 13], [8, 13, 4, 17], [4, 17, 5, 18], [5, 18, 6, 19], [6, 19, 7, 20], [7, 20, 8, 21], [8, 21, 9, 21], [9, 21, 10, 21], [10, 21, 8, 22], [8, 22, 9, 23], [9, 23, 10, 23], [10, 23, 11, 23], [11, 23, 12, 23], [12, 23, 13, 24], [13, 24, 14, 24], [14, 24, 14, 23], [14, 23, 10, 22], [10, 22, 6, 22], [6, 22, 7, 23], [7, 23, 8, 24], [8, 24, 9, 25], [9, 25, 10, 24], [10, 24, 11, 25], [11, 25, 7, 25], [7, 25, 8, 25], [8, 25, 9, 26], [9, 26, 10, 25], [10, 25, 11, 26], [11, 26, 7, 27], [7, 27, 8, 27], [8, 27, 5, 27], [5, 27, 6, 27], [6, 27, 7, 28], [7, 28, 8, 29], [8, 29, 9, 28], [9, 28, 10, 27], [10, 27, 11, 27], [11, 27, 12, 28], [12, 28, 13, 28], [13, 28, 14, 29], [14, 29, 12, 31], [12, 31, 13, 31], [13, 31, 14, 31], [14, 31, 12, 29], [12, 29, 13, 29], [13, 29, 14, 28], [14, 28, 11, 30], [11, 30, 12, 30], [12, 30, 13, 30], [13, 30, 14, 30]]}
META {"type": "geom", "shape": "tile", "group": "path", "data": [[14, 1], [13, 1], [13, 2], [12, 2], [12, 3], [11, 3], [11, 4], [10, 4], [11, 4], [11, 5], [10, 5], [10, 4], [9, 4], [9, 3], [8, 3], [9, 3], [9, 4], [10, 4], [10, 5], [11, 5], [11, 6], [12, 6], [12, 7], [13, 7], [13, 8], [12, 8], [12, 9], [11, 9], [11, 10], [10, 10], [10, 11], [9, 11], [9, 10], [8, 10], [8, 9], [7, 9], [7, 8], [8, 8], [8, 7], [7, 7], [7, 8], [6, 8], [6, 9], [7, 9], [8, 9], [8, 10], [9, 10], [9, 11], [10, 11], [10, 10], [11, 10], [10, 10], [10, 11], [9, 11], [9, 12], [8, 12], [8, 13], [7, 13], [7, 14], [6, 14], [5, 14], [4, 14], [3, 14], [3, 13], [3, 12], [4, 12], [5, 12], [5, 13], [6, 13], [6, 12], [7, 12], [8, 12], [9, 12], [8, 12], [8, 13], [7, 13], [7, 14], [6, 14], [6, 15], [5, 15], [5, 16], [4, 16], [4, 17], [5, 17], [5, 18], [6, 18], [6, 19], [7, 19], [7, 20], [8, 20], [8, 21], [9, 21], [10, 21], [9, 21], [9, 22], [8, 22], [9, 22], [9, 23], [10, 23], [11, 23], [12, 23], [13, 23], [13, 24], [14, 24], [14, 23], [13, 23], [12, 23], [11, 23], [10, 23], [10, 22], [9, 22], [8, 22], [7, 22], [6, 22], [7, 22], [7, 23], [8, 23], [8, 24], [9, 24], [9, 25], [10, 25], [10, 24], [11, 24], [11, 25], [10, 25], [9, 25], [8, 25], [7, 25], [8, 25], [9, 25], [9, 26], [10, 26], [10, 25], [11, 25], [11, 26], [10, 26], [9, 26], [8, 26], [7, 26], [7, 27], [8, 27], [7, 27], [6, 27], [5, 27], [6, 27], [7, 27], [7, 28], [8, 28], [8, 29], [9, 29], [9, 28], [10, 28], [10, 27], [11, 27], [12, 27], [12, 28], [13, 28], [14, 28], [14, 29], [13, 29], [13, 30], [12, 30], [12, 31], [13, 31], [14, 31], [13, 31], [13, 30], [12, 30], [12, 29], [13, 29], [14, 29], [14, 28], [13, 28], [13, 29], [12, 29], [12, 30], [11, 30], [12, 30], [13, 30], [14, 30]]}
META {"type": "geom", "shape": "line", "group": "offpath", "data": [[5, 24, 6, 24], [5, 14, 6, 15], [5, 6, 6, 7], [5, 21, 6, 21], [2, 19, 3, 19], [2, 22, 3, 21], [2, 29, 3, 29], [2, 15, 3, 15], [2, 25, 3, 26], [2, 17, 3, 18], [2, 7, 3, 6], [1, 22, 2, 22], [1, 8, 2, 7], [1, 16, 2, 15], [1, 28, 2, 29], [1, 17, 2, 17], [0, 23, 1, 22], [0, 18, 1, 17], [0, 29, 1, 28], [0, 17, 1, 16], [12, 19, 13, 18], [12, 3, 13, 4], [12, 16, 13, 16], [12, 18, 13, 19], [12, 1, 13, 1], [4, 22, 5, 21], [4, 15, 5, 14], [4, 5, 1, 8], [3, 19, 0, 17], [3, 6, 4, 5], [3, 26, 0, 23], [3, 18, 0, 18], [3, 29, 0, 29], [3, 15, 4, 15], [3, 21, 4, 22], [11, 16, 12, 16], [11, 1, 12, 1], [11, 17, 12, 18], [13, 19, 14, 18], [13, 16, 14, 16], [13, 18, 14, 17], [13, 1, 14, 2], [13, 20, 14, 20], [13, 2, 14, 3], [13, 4, 14, 4], [14, 19, 12, 19], [14, 3, 11, 1], [14, 16, 11, 16], [14, 18, 14, 19], [14, 17, 10, 18], [14, 20, 13, 20], [14, 2, 13, 2], [14, 4, 12, 3], [10, 18, 11, 17], [8, 8, 5, 6], [6, 24, 5, 24], [6, 15, 2, 19], [6, 21, 2, 25], [6, 7, 7, 7], [7, 7, 8, 8]]}
