--------------------------------
--------------------------------
----------X---X-----------------
--------------------------------
--------------------------------
----------Q--Q------Q-----------
--XXXXX-------------------------
--------------------------------
--XXXXX---XXX-------------------
--------------------------------
--------------------------------
-------<>------------------X----
-------[]--<>-------------XX----
-------[]--[]-------XX---XXX----
-{-----[]--[]------XXX--XXXX--}-
XXXXXXXXXXXXXXXXXXXXXXXXXXXXXXXX
META {"type": "solver", "id": "pysat-rc2", "objective": 0}
META {"type": "geom", "shape": "path", "group": "path", "data": [[14, 1, 10, 5], [10, 5, 11, 5], [11, 5, 12, 6], [12, 6, 13, 5], [13, 5, 14, 5], [14, 5, 10, 2], [10, 2, 11, 1], [11, 1, 12, 0], [12, 0, 13, 0], [13, 0, 14, 0], [14, 0, 11, 2], [11, 2, 12, 1], [12, 1, 13, 2], [13, 2, 14, 3], [14, 3, 10, 7], [10, 7, 6, 10], [6, 10, 7, 11], [7, 11, 3, 10], [3, 10, 4, 10], [4, 10, 0, 14], [0, 14, 1, 15], [1, 15, 2, 16], [2, 16, 3, 17], [3, 17, 4, 16], [4, 16, 5, 16], [5, 16, 6, 17], [6, 17, 7, 18], [7, 18, 8, 18], [8, 18, 9, 17], [9, 17, 10, 18], [10, 18, 11, 19], [11, 19, 12, 20], [12, 20, 8, 23], [8, 23, 9, 24], [9, 24, 10, 25], [10, 25, 11, 26], [11, 26, 8, 29], [8, 29, 9, 28], [9, 28, 10, 27], [10, 27, 6, 27], [6, 27, 7, 26], [7, 26, 8, 27], [8, 27, 9, 27], [9, 27, 10, 28], [10, 28, 11, 29], [11, 29, 12, 29], [12, 29, 13, 28], [13, 28, 14, 28], [14, 28, 13, 29], [13, 29, 14, 30]]}
META {"type": "geom", "shape": "tile", "group": "path", "data": [[14, 1], [13, 1], [13, 2], [12, 2], [12, 3], [11, 3], [11, 4], [10, 4], [10, 5], [11, 5], [12, 5], [12, 6], [13, 6], [13, 5], [14, 5], [13, 5], [13, 4], [12, 4], [12, 3], [11, 3], [11, 2], [10, 2], [11, 2], [11, 1], [12, 1], [12, 0], [13, 0], [14, 0], [13, 0], [13, 1], [12, 1], [12, 2], [11, 2], [12, 2], [12, 1], [13, 1], [13, 2], [14, 2], [14, 3], [13, 3], [13, 4], [12, 4], [12, 5], [11, 5], [11, 6], [10, 6], [10, 7], [9, 7], [9, 8], [8, 8], [8, 9], [7, 9], [7, 10], [6, 10], [7, 10], [7, 11], [6, 11], [5, 11], [4, 11], [3, 11], [3, 10], [4, 10], [3, 10], [3, 11], [2, 11], [2, 12], [1, 12], [1, 13], [0, 13], [0, 14], [1, 14], [1, 15], [2, 15], [2, 16], [3, 16], [3, 17], [4, 17], [4, 16], [5, 16], [6, 16], [6, 17], [7, 17], [7, 18], [8, 18], [9, 18], [9, 17], [10, 17], [10, 18], [11, 18], [11, 19], [12, 19], [12, 20], [11, 20], [11, 21], [10, 21], [10, 22], [9, 22], [9, 23], [8, 23], [9, 23], [9, 24], [10, 24], [10, 25], [11, 25], [11, 26], [10, 26], [10, 27], [9, 27], [9, 28], [8, 28], [8, 29], [9, 29], [9, 28], [10, 28], [10, 27], [9, 27], [8, 27], [7, 27], [6, 27], [7, 27], [7, 26], [8, 26], [8, 27], [9, 27], [10, 27], [10, 28], [11, 28], [11, 29], [12, 29], [13, 29], [13, 28], [14, 28], [13, 28], [13, 29], [14, 29], [14, 30]]}
META {"type": "geom", "shape": "line", "group": "offpath", "data": [[13, 17, 14, 17], [13, 3, 14, 4], [13, 10, 14, 10], [13, 13, 14, 14], [13, 1, 14, 2], [13, 30, 14, 31], [13, 16, 14, 16], [13, 14, 14, 13], [13, 9, 14, 9], [13, 19, 12, 18], [13, 15, 14, 15], [13, 18, 14, 18], [11, 3, 12, 2], [11, 10, 12, 9], [11, 13, 12, 14], [11, 30, 12, 31], [11, 14, 12, 15], [14, 31, 10, 31], [14, 17, 12, 17], [14, 10, 13, 10], [14, 13, 13, 13], [14, 16, 13, 17], [14, 4, 10, 4], [14, 14, 13, 14], [14, 9, 10, 8], [14, 15, 10, 11], [14, 2, 13, 3], [14, 18, 10, 14], [3, 8, 4, 7], [3, 0, 4, 1], [3, 6, 4, 5], [3, 13, 4, 14], [3, 5, 4, 4], [3, 14, 4, 15], [3, 19, 4, 20], [3, 12, 4, 13], [10, 31, 11, 30], [10, 8, 6, 9], [10, 11, 11, 10], [10, 4, 11, 3], [10, 14, 11, 13], [10, 15, 11, 14], [2, 0, 3, 0], [2, 13, 3, 14], [2, 5, 3, 5], [2, 9, 3, 8], [2, 12, 3, 13], [2, 18, 3, 19], [4, 7, 5, 6], [4, 13, 0, 10], [4, 1, 5, 2], [4, 4, 5, 4], [4, 5, 5, 5], [4, 14, 5, 14], [4, 15, 5, 15], [4, 20, 1, 17], [0, 10, 1, 11], [0, 11, 1, 12], [0, 13, 1, 14], [9, 16, 10, 15], [5, 6, 1, 10], [5, 4, 1, 0], [5, 5, 1, 9], [5, 14, 6, 13], [5, 15, 6, 16], [5, 2, 1, 6], [12, 31, 13, 30], [12, 17, 13, 18], [12, 14, 13, 15], [12, 9, 13, 9], [12, 15, 13, 16], [12, 2, 13, 1], [12, 18, 13, 19], [7, 10, 3, 6], [7, 12, 3, 12], [7, 15, 8, 16], [1, 17, 2, 18], [1, 0, 2, 0], [1, 6, 2, 5], [1, 10, 0, 11], [1, 11, 2, 12], [1, 14, 0, 13], [1, 9, 2, 9], [1, 12, 2, 13], [6, 13, 7, 12], [6, 16, 7, 15], [6, 9, 7, 10], [8, 16, 9, 16]]}
