XXXXXXXXXXXXXXXX
XX0-----------1X
XXXX--XX-X--XXXX
XXXX--XX-X--XXXX
X---X-XX-X-X--XX
XXXX--XX--X----X
XXXXXXXXXX-XXX-X
XXXXXXXXXX-----X
X-XX-XX-------XX
XX-------XXX--XX
XX----XXX------X
XXX-XX---------X
XXX-XX----XX-XXX
XXX-XX-XX-XX-XXX
X2-----XX-XX--3X
XXXXXXXXXXXXXXXX
META {"type": "solver", "id": "pysat-rc2", "objective": 0}
META {"type": "geom", "shape": "path", "group": "path", "data": [[1, 2, 1, 3], [1, 3, 1, 4], [1, 4, 1, 5], [1, 5, 1, 6], [1, 6, 1, 7], [1, 7, 1, 8], [1, 8, 1, 9], [1, 9, 1, 10], [1, 10, 2, 10], [2, 10, 2, 11], [2, 11, 1, 11], [1, 11, 1, 12], [1, 12, 1, 13], [1, 13, 1, 14]]}
META {"type": "geom", "shape": "tile", "group": "path", "data": [[1, 2], [1, 3], [1, 4], [1, 5], [1, 6], [1, 7], [1, 8], [1, 9], [1, 10], [2, 10], [2, 11], [1, 11], [1, 12], [1, 13], [1, 14]]}
META {"type": "geom", "shape": "line", "group": "offpath", "data": [[2, 8, 3, 8], [2, 5, 2, 4], [2, 4, 2, 5], [5, 8, 5, 9], [5, 13, 5, 12], [5, 12, 5, 13], [5, 9, 5, 8], [13, 6, 14, 6], [13, 3, 12, 3], [6, 10, 7, 10], [6, 14, 7, 14], [8, 7, 8, 8], [8, 10, 8, 11], [8, 8, 8, 9], [8, 12, 9, 12], [8, 11, 8, 12], [8, 9, 8, 10], [14, 6, 14, 5], [14, 3, 13, 3], [14, 5, 14, 4], [14, 4, 14, 3], [7, 10, 6, 10], [7, 12, 7, 11], [7, 11, 7, 12], [7, 14, 6, 14], [12, 7, 12, 6], [12, 6, 13, 6], [12, 3, 11, 3], [12, 8, 12, 9], [12, 9, 12, 8], [3, 8, 2, 8], [3, 5, 3, 4], [3, 4, 3, 5], [10, 10, 11, 10], [10, 3, 10, 2], [10, 13, 10, 14], [10, 2, 9, 2], [10, 12, 10, 11], [10, 5, 10, 4], [10, 4, 10, 5], [10, 11, 10, 10], [10, 14, 10, 13], [11, 7, 12, 7], [11, 10, 11, 9], [11, 3, 10, 3], [11, 8, 11, 7], [11, 13, 11, 12], [11, 12, 11, 13], [11, 9, 11, 8], [9, 7, 8, 7], [9, 6, 9, 7], [9, 3, 9, 4], [9, 2, 9, 3], [9, 12, 10, 12], [9, 5, 9, 6], [9, 4, 9, 5]]}
META {"type": "geom", "shape": "path", "group": "path", "data": [[14, 1, 14, 2], [14, 2, 14, 3], [14, 3, 13, 3], [13, 3, 12, 3], [12, 3, 11, 3], [11, 3, 10, 3], [10, 3, 10, 4], [10, 4, 9, 4], [9, 4, 9, 5], [9, 5, 9, 6], [9, 6, 9, 7], [9, 7, 9, 8], [9, 8, 8, 8], [8, 8, 8, 9], [8, 9, 8, 10], [8, 10, 7, 10], [7, 10, 7, 11], [7, 11, 8, 11], [8, 11, 8, 12], [8, 12, 8, 13], [8, 13, 9, 13], [9, 13, 9, 12], [9, 12, 10, 12], [10, 12, 10, 13], [10, 13, 11, 13], [11, 13, 11, 12], [11, 12, 12, 12], [12, 12, 13, 12], [13, 12, 14, 12], [14, 12, 14, 13], [14, 13, 14, 14]]}
META {"type": "geom", "shape": "tile", "group": "path", "data": [[14, 1], [14, 2], [14, 3], [13, 3], [12, 3], [11, 3], [10, 3], [10, 4], [9, 4], [9, 5], [9, 6], [9, 7], [9, 8], [8, 8], [8, 9], [8, 10], [7, 10], [7, 11], [8, 11], [8, 12], [8, 13], [9, 13], [9, 12], [10, 12], [10, 13], [11, 13], [11, 12], [12, 12], [13, 12], [14, 12], [14, 13], [14, 14]]}
META {"type": "geom", "shape": "line", "group": "offpath", "data": [[13, 9, 14, 9], [14, 9, 13, 9], [7, 13, 7, 14], [7, 14, 7, 13], [10, 2, 9, 2], [10, 14, 11, 14], [11, 10, 11, 9], [11, 14, 10, 14], [11, 9, 11, 10], [9, 2, 10, 2]]}
