XXXXXXXXXXXXXXXX
XXXXXXXXXXXXXXXX
XXXXXXXXXXXXXXXX
XXXXXXXX-XXX}XXX
XXXXX--------XXX
XX---XXX---X--XX
XX-X-XXX##-XX-XX
XXXX--------X-XX
XXXX----------XX
XXXX##--XX----XX
XXXX-----X-XX-XX
XXXXXXX-----X-XX
XXXXXXX-#-X---XX
XXXXX-----XX--XX
XXXXX-#----X--XX
XXXXX---##--X-XX
XXXXX-------XXXX
XX-----------XXX
XX--XX-XX-#--XXX
XXX--X--X----XXX
XXXX-------#-XXX
XXXX---X-----XXX
XXX-#-XX------XX
XX-----X------XX
XX--------XXXXXX
XX-#--###-XXXXXX
XX--------XXXXXX
XX---#---XXXXXXX
XXXX----XXXXXXXX
XXXXX-{-XXXXX-XX
XXXXXXXXXXXXXXXX
XXXXXXXXXXXXXXXX
META {"type": "solver", "id": "pysat-rc2", "objective": 0}
META {"type": "geom", "shape": "path", "group": "path", "data": [[29, 6, 29, 7], [29, 7, 29, 5], [29, 5, 28, 5], [28, 5, 28, 7], [28, 7, 26, 7], [26, 7, 26, 9], [26, 9, 16, 9], [16, 9, 16, 11], [16, 11, 16, 5], [16, 5, 17, 5], [17, 5, 13, 5], [13, 5, 13, 9], [13, 9, 11, 9], [11, 9, 11, 11], [11, 11, 11, 7], [11, 7, 7, 7], [7, 7, 7, 11], [7, 11, 9, 11], [9, 11, 9, 13], [9, 13, 15, 13], [15, 13, 5, 13], [5, 13, 5, 12], [5, 12, 3, 12]]}
META {"type": "geom", "shape": "tile", "group": "path", "data": [[29, 6], [29, 7], [29, 6], [29, 5], [28, 5], [28, 6], [28, 7], [27, 7], [26, 7], [26, 8], [26, 9], [25, 9], [24, 9], [23, 9], [22, 9], [21, 9], [20, 9], [19, 9], [18, 9], [17, 9], [16, 9], [16, 10], [16, 11], [16, 10], [16, 9], [16, 8], [16, 7], [16, 6], [16, 5], [17, 5], [16, 5], [15, 5], [14, 5], [13, 5], [13, 6], [13, 7], [13, 8], [13, 9], [12, 9], [11, 9], [11, 10], [11, 11], [11, 10], [11, 9], [11, 8], [11, 7], [10, 7], [9, 7], [8, 7], [7, 7], [7, 8], [7, 9], [7, 10], [7, 11], [8, 11], [9, 11], [9, 12], [9, 13], [10, 13], [11, 13], [12, 13], [13, 13], [14, 13], [15, 13], [14, 13], [13, 13], [12, 13], [11, 13], [10, 13], [9, 13], [8, 13], [7, 13], [6, 13], [5, 13], [5, 12], [4, 12], [3, 12]]}
META {"type": "geom", "shape": "line", "group": "offpath", "data": [[13, 13, 13, 12], [13, 12, 13, 13], [18, 2, 17, 2], [20, 8, 20, 10], [20, 10, 19, 10], [20, 5, 26, 5], [22, 3, 24, 3], [27, 4, 23, 4], [27, 3, 26, 3], [27, 2, 27, 4], [10, 8, 11, 8], [14, 13, 14, 12], [14, 12, 14, 13], [8, 9, 7, 9], [26, 3, 27, 3], [26, 5, 20, 5], [17, 2, 18, 2], [17, 12, 23, 12], [9, 7, 9, 6], [9, 6, 9, 7], [24, 3, 22, 3], [24, 8, 20, 8], [24, 6, 23, 6], [15, 7, 15, 5], [15, 5, 15, 7], [19, 10, 23, 10], [23, 4, 23, 2], [23, 8, 24, 8], [23, 6, 24, 6], [23, 2, 27, 2], [23, 10, 23, 8], [23, 12, 17, 12], [7, 9, 8, 9], [21, 4, 21, 6], [21, 8, 21, 12], [21, 6, 21, 4], [21, 12, 21, 8], [11, 8, 10, 8], [12, 13, 12, 11], [12, 11, 12, 13]]}
