XXXXXXXXXXXXXXXX
XXXXXXXXXXXXXXXX
XXX------XXXX}XX
XXX-X-----XXX-XX
XX--XXXXX-XXX-XX
XX---XXXX-----XX
XX---XXX-#----XX
XXX--XXX---XX-XX
XXX-----X---X-XX
XXX----XX-----XX
XX---#--X-#---XX
XX----------#-XX
XX----#-------XX
XX##-------#--XX
XX------#----XXX
XX--#-------XXXX
XXX----#--X--XXX
XXX--#----XX-XXX
XXXX----#--X-XXX
XX-XX--------XXX
XX--X-X--X---XXX
XX----XXXX---XXX
XXXXX-XXXX----XX
XXXXX-XXX-----XX
XXXXX----X---XXX
XXXXX---XX--XXXX
XXXX-----X---XXX
XX----XX-----XXX
XX----XXXXX---XX
XX-{-XXXXXX---XX
XXXXXXXXXXXXXXXX
XXXXXXXXXXXXXXXX
META {"type": "solver", "id": "pysat-rc2", "objective": 0}
META {"type": "geom", "shape": "path", "group": "path", "data": [[29, 3, 27, 3], [27, 3, 27, 5], [27, 5, 28, 5], [28, 5, 18, 5], [18, 5, 18, 7], [18, 7, 17, 7], [17, 7, 17, 9], [17, 9, 7, 9], [7, 9, 7, 10], [7, 10, 9, 10], [9, 10, 5, 10], [5, 10, 5, 9], [5, 9, 3, 9], [3, 9, 3, 5], [3, 5, 2, 5], [2, 5, 2, 3], [2, 3, 12, 3], [12, 3, 12, 5], [12, 5, 11, 5], [11, 5, 11, 11], [11, 11, 12, 11], [12, 11, 12, 7], [12, 7, 10, 7], [10, 7, 10, 6], [10, 6, 11, 6], [11, 6, 11, 2], [11, 2, 12, 2], [12, 2, 10, 2], [10, 2, 10, 4], [10, 4, 14, 4], [14, 4, 14, 2], [14, 2, 15, 2], [15, 2, 15, 3], [15, 3, 17, 3], [17, 3, 17, 4], [17, 4, 16, 4], [16, 4, 16, 3], [16, 3, 14, 3], [14, 3, 14, 7], [14, 7, 15, 7], [15, 7, 15, 5], [15, 5, 15, 11], [15, 11, 16, 11], [16, 11, 14, 11], [14, 11, 14, 12], [14, 12, 12, 12], [12, 12, 12, 13], [12, 13, 2, 13]]}
META {"type": "geom", "shape": "tile", "group": "path", "data": [[29, 3], [28, 3], [27, 3], [27, 4], [27, 5], [28, 5], [27, 5], [26, 5], [25, 5], [24, 5], [23, 5], [22, 5], [21, 5], [20, 5], [19, 5], [18, 5], [18, 6], [18, 7], [17, 7], [17, 8], [17, 9], [16, 9], [15, 9], [14, 9], [13, 9], [12, 9], [11, 9], [10, 9], [9, 9], [8, 9], [7, 9], [7, 10], [8, 10], [9, 10], [8, 10], [7, 10], [6, 10], [5, 10], [5, 9], [4, 9], [3, 9], [3, 8], [3, 7], [3, 6], [3, 5], [2, 5], [2, 4], [2, 3], [3, 3], [4, 3], [5, 3], [6, 3], [7, 3], [8, 3], [9, 3], [10, 3], [11, 3], [12, 3], [12, 4], [12, 5], [11, 5], [11, 6], [11, 7], [11, 8], [11, 9], [11, 10], [11, 11], [12, 11], [12, 10], [12, 9], [12, 8], [12, 7], [11, 7], [10, 7], [10, 6], [11, 6], [11, 5], [11, 4], [11, 3], [11, 2], [12, 2], [11, 2], [10, 2], [10, 3], [10, 4], [11, 4], [12, 4], [13, 4], [14, 4], [14, 3], [14, 2], [15, 2], [15, 3], [16, 3], [17, 3], [17, 4], [16, 4], [16, 3], [15, 3], [14, 3], [14, 4], [14, 5], [14, 6], [14, 7], [15, 7], [15, 6], [15, 5], [15, 6], [15, 7], [15, 8], [15, 9], [15, 10], [15, 11], [16, 11], [15, 11], [14, 11], [14, 12], [13, 12], [12, 12], [12, 13], [11, 13], [10, 13], [9, 13], [8, 13], [7, 13], [6, 13], [5, 13], [4, 13], [3, 13], [2, 13]]}
META {"type": "geom", "shape": "line", "group": "offpath", "data": [[28, 11, 29, 11], [28, 13, 28, 11], [9, 13, 9, 9], [9, 5, 8, 5], [9, 9, 9, 13], [9, 12, 10, 12], [2, 6, 3, 6], [2, 8, 3, 8], [6, 11, 5, 11], [6, 2, 6, 4], [6, 4, 5, 4], [10, 12, 9, 12], [3, 6, 2, 6], [3, 8, 2, 8], [26, 6, 24, 6], [26, 7, 24, 7], [26, 4, 26, 8], [26, 10, 27, 10], [26, 8, 26, 4], [26, 12, 26, 10], [11, 8, 13, 8], [27, 10, 27, 8], [27, 8, 27, 12], [27, 12, 26, 12], [20, 7, 20, 8], [20, 8, 20, 7], [21, 2, 19, 2], [21, 10, 21, 12], [21, 12, 21, 10], [13, 13, 13, 12], [13, 8, 11, 8], [13, 12, 13, 13], [5, 11, 6, 11], [5, 2, 4, 2], [5, 4, 5, 2], [29, 11, 29, 13], [29, 13, 28, 13], [29, 2, 29, 4], [29, 4, 29, 2], [24, 6, 26, 6], [24, 7, 26, 7], [24, 10, 24, 12], [24, 12, 24, 10], [19, 2, 21, 2], [8, 11, 8, 9], [8, 5, 9, 5], [8, 9, 8, 11], [4, 2, 6, 2], [25, 11, 25, 10], [25, 7, 25, 5], [25, 5, 25, 7], [25, 10, 25, 11]]}
