XXXXXXXXXXXXXXXX
XXXXXXXXXXXXXXXX
XX}XXXX---XXX-XX
XX-XXXX-------XX
XX-XXX--##----XX
XX-XXX-----X--XX
XX-XXX-----XXXXX
XX-------X-XXXXX
XX------XX--XXXX
XX-------X--XXXX
XX--###------XXX
XX-------##--XXX
XX-----------XXX
XX-#-#-----#-XXX
XX------#----XXX
XX-----------XXX
XX----XX-#----XX
XX-#---X---XX-XX
XX-----XX---X-XX
XX--XX--X-X-XXXX
XX--XX---XX-XXXX
XX---X----X--XXX
XX---XX-X----XXX
XX----X-XX---XXX
XX-------X----XX
XX----XX------XX
XX-----X---XX-XX
XX---#-XXX--X-XX
XXX----XXX---XXX
XXX-{-XXXXXXXXXX
XXXXXXXXXXXXXXXX
XXXXXXXXXXXXXXXX
META {"type": "solver", "id": "pysat-rc2", "objective": 0}
META {"type": "geom", "shape": "path", "group": "path", "data": [[29, 4, 29, 5], [29, 5, 28, 5], [28, 5, 28, 3], [28, 3, 18, 3], [18, 3, 18, 2], [18, 2, 18, 6], [18, 6, 17, 6], [17, 6, 17, 4], [17, 4, 11, 4], [11, 4, 11, 8], [11, 8, 13, 8], [13, 8, 13, 6], [13, 6, 11, 6], [11, 6, 15, 6], [15, 6, 15, 2], [15, 2, 15, 12], [15, 12, 16, 12], [16, 12, 16, 10], [16, 10, 12, 10], [12, 10, 12, 12], [12, 12, 12, 2], [12, 2, 2, 2]]}
META {"type": "geom", "shape": "tile", "group": "path", "data": [[29, 4], [29, 5], [28, 5], [28, 4], [28, 3], [27, 3], [26, 3], [25, 3], [24, 3], [23, 3], [22, 3], [21, 3], [20, 3], [19, 3], [18, 3], [18, 2], [18, 3], [18, 4], [18, 5], [18, 6], [17, 6], [17, 5], [17, 4], [16, 4], [15, 4], [14, 4], [13, 4], [12, 4], [11, 4], [11, 5], [11, 6], [11, 7], [11, 8], [12, 8], [13, 8], [13, 7], [13, 6], [12, 6], [11, 6], [12, 6], [13, 6], [14, 6], [15, 6], [15, 5], [15, 4], [15, 3], [15, 2], [15, 3], [15, 4], [15, 5], [15, 6], [15, 7], [15, 8], [15, 9], [15, 10], [15, 11], [15, 12], [16, 12], [16, 11], [16, 10], [15, 10], [14, 10], [13, 10], [12, 10], [12, 11], [12, 12], [12, 11], [12, 10], [12, 9], [12, 8], [12, 7], [12, 6], [12, 5], [12, 4], [12, 3], [12, 2], [11, 2], [10, 2], [9, 2], [8, 2], [7, 2], [6, 2], [5, 2], [4, 2], [3, 2], [2, 2]]}
META {"type": "geom", "shape": "line", "group": "offpath", "data": [[7, 8, 5, 8], [7, 4, 9, 4], [8, 11, 12, 11], [9, 8, 9, 2], [9, 10, 9, 11], [9, 11, 9, 10], [9, 2, 9, 8], [9, 4, 7, 4], [10, 2, 10, 3], [10, 3, 10, 2], [26, 8, 26, 10], [26, 9, 25, 9], [26, 10, 22, 10], [4, 6, 4, 7], [4, 7, 4, 6], [22, 10, 22, 12], [22, 12, 21, 12], [22, 2, 22, 4], [22, 4, 22, 2], [18, 13, 16, 13], [18, 9, 17, 9], [18, 10, 18, 9], [18, 5, 14, 5], [2, 9, 3, 9], [2, 7, 2, 9], [16, 13, 18, 13], [25, 8, 26, 8], [25, 9, 26, 9], [25, 12, 25, 8], [28, 10, 28, 12], [28, 12, 28, 10], [28, 11, 27, 11], [5, 8, 7, 8], [5, 9, 6, 9], [5, 10, 5, 6], [5, 6, 5, 10], [12, 11, 8, 11], [23, 10, 23, 12], [23, 12, 23, 10], [21, 8, 20, 8], [21, 12, 25, 12], [21, 2, 27, 2], [21, 4, 21, 2], [17, 8, 17, 10], [17, 9, 17, 8], [17, 10, 18, 10], [3, 13, 3, 7], [3, 9, 3, 13], [3, 7, 2, 7], [14, 5, 18, 5], [6, 9, 5, 9], [6, 10, 6, 6], [6, 6, 6, 10], [20, 8, 21, 8], [27, 11, 28, 11], [27, 2, 27, 4], [27, 4, 21, 4], [19, 2, 19, 3], [19, 3, 19, 2]]}
