XXXXXXXXXXXXXXXX
XXXX--------1XXX
XXX--X-XX--XXXXX
X0----XXXXXXXXXX
XXX---XXXXXXXX-X
XXX-XX-XX--XX--X
X---XX--------XX
X-X-XX-XXX-----X
X-X-XX-XXX-----X
X-X-XX----XXXX-X
X---XX---------X
X---XX---------X
XXXX--X-XXX--XXX
XXXX---------XXX
X2-----XX-XX--3X
XXXXXXXXXXXXXXXX
META {"type": "solver", "id": "pysat-rc2", "objective": 0}
META {"type": "geom", "shape": "path", "group": "path", "data": [[3, 1, 3, 2], [3, 2, 3, 3], [3, 3, 2, 3], [2, 3, 2, 4], [2, 4, 1, 4], [1, 4, 1, 5], [1, 5, 1, 6], [1, 6, 1, 7], [1, 7, 1, 8], [1, 8, 1, 9], [1, 9, 1, 10], [1, 10, 1, 11], [1, 11, 1, 12]]}
META {"type": "geom", "shape": "path", "group": "path", "data": [[14, 1, 14, 2], [14, 2, 14, 3], [14, 3, 14, 4], [14, 4, 13, 4], [13, 4, 13, 5], [13, 5, 13, 6], [13, 6, 13, 7], [13, 7, 13, 8], [13, 8, 13, 9], [13, 9, 13, 10], [13, 10, 13, 11], [13, 11, 13, 12], [13, 12, 14, 12], [14, 12, 14, 13], [14, 13, 14, 14]]}
META {"type": "geom", "shape": "tile", "group": "reachable", "data": [[3, 1], [3, 2], [3, 3], [2, 3], [4, 3], [3, 4], [2, 4], [4, 4], [3, 5], [5, 3], [1, 4], [4, 5], [6, 3], [1, 5], [7, 3], [6, 2], [1, 6], [6, 1], [8, 3], [2, 6], [1, 7], [7, 1], [9, 3], [1, 8], [8, 1], [10, 3], [1, 9], [9, 1], [11, 3], [10, 2], [2, 9], [1, 10], [10, 1], [11, 2], [2, 10], [1, 11], [11, 1]]}
