XXXXXXXXXXXXXXXX
XXXX-X-XX----XXX
XXX------XXX--1X
X0-X--------XXXX
XXX---------XXXX
XXXXXXX-XXX----X
XXXXXXX-XXXX-X-X
XXX----XXXXX-X-X
X----XXXXXX--X-X
X--X-XXXXXX--X-X
XX-X--XX-----X-X
XX-X--XX-XXXX--X
XXX---XX-----XXX
XXX-X---XXXX-XXX
X2------------3X
XXXXXXXXXXXXXXXX
META {"type": "solver", "id": "clingo-be", "objective": 0}
META {"type": "geom", "shape": "path", "group": "path", "data": [[14, 1, 14, 2], [14, 2, 14, 3], [14, 3, 14, 4], [14, 4, 14, 5], [14, 5, 13, 5], [13, 5, 13, 6], [13, 6, 14, 6], [14, 6, 14, 7], [14, 7, 14, 8], [14, 8, 14, 9], [14, 9, 14, 10], [14, 10, 14, 11], [14, 11, 14, 12], [14, 12, 14, 13], [14, 13, 14, 14]]}
META {"type": "geom", "shape": "tile", "group": "path", "data": [[14, 1], [14, 2], [14, 3], [14, 4], [14, 5], [13, 5], [13, 6], [14, 6], [14, 7], [14, 8], [14, 9], [14, 10], [14, 11], [14, 12], [14, 13], [14, 14]]}
META {"type": "geom", "shape": "line", "group": "offpath", "data": [[6, 7, 5, 7], [6, 12, 5, 12], [6, 14, 7, 14], [10, 10, 10, 9], [10, 5, 10, 4], [10, 11, 9, 11], [10, 12, 10, 11], [10, 14, 9, 14], [10, 4, 11, 4], [10, 8, 11, 8], [10, 9, 10, 10], [4, 10, 4, 9], [4, 7, 3, 7], [4, 3, 4, 4], [4, 11, 4, 10], [4, 4, 4, 3], [4, 9, 3, 9], [4, 6, 3, 6], [7, 5, 7, 4], [7, 14, 6, 14], [7, 4, 7, 5], [3, 10, 3, 11], [3, 7, 4, 7], [3, 11, 4, 11], [3, 8, 2, 8], [3, 9, 3, 10], [3, 6, 4, 6], [5, 7, 6, 7], [5, 12, 6, 12], [5, 14, 5, 13], [5, 13, 5, 14], [13, 3, 12, 3], [1, 11, 1, 12], [1, 12, 1, 11], [1, 4, 2, 4], [9, 1, 8, 1], [9, 11, 8, 11], [9, 12, 10, 12], [9, 14, 10, 14], [8, 1, 9, 1], [8, 3, 8, 2], [8, 11, 8, 12], [8, 12, 9, 12], [8, 2, 8, 3], [12, 5, 12, 4], [12, 3, 13, 3], [12, 4, 12, 5], [2, 4, 1, 4], [2, 8, 3, 8], [11, 5, 10, 5], [11, 4, 11, 5], [11, 8, 10, 8]]}
