XXXXXXXXXXXXXXXX
XXX---XXX-XX--1X
XXX-X-XXX----XXX
X0--X--------XXX
XXX-X-XXXX--X--X
XXX--X--------XX
XXX----X---X-XXX
XXX------XXXXXXX
XXX--XX--XXXXXXX
X----XX-----XX-X
XX-XX---XXX-XX-X
X--XX---XXX----X
XXXXXX-------XXX
XXXXXX--XXXX-XXX
X2-XX-XX------3X
XXXXXXXXXXXXXXXX
META {"type": "solver", "id": "pysat-rc2", "objective": 0}
META {"type": "geom", "shape": "path", "group": "path", "data": [[3, 1, 3, 2], [3, 2, 3, 3], [3, 3, 4, 3], [4, 3, 5, 3], [5, 3, 6, 3], [6, 3, 7, 3], [7, 3, 7, 4], [7, 4, 7, 5], [7, 5, 6, 5], [6, 5, 6, 6], [6, 6, 7, 6], [7, 6, 7, 7], [7, 7, 7, 8], [7, 8, 6, 8], [6, 8, 6, 9], [6, 9, 6, 10], [6, 10, 5, 10], [5, 10, 5, 11], [5, 11, 4, 11], [4, 11, 4, 10], [4, 10, 3, 10], [3, 10, 3, 11], [3, 11, 2, 11], [2, 11, 2, 12], [2, 12, 1, 12], [1, 12, 1, 13], [1, 13, 1, 14]]}
META {"type": "geom", "shape": "tile", "group": "path", "data": [[3, 1], [3, 2], [3, 3], [4, 3], [5, 3], [6, 3], [7, 3], [7, 4], [7, 5], [6, 5], [6, 6], [7, 6], [7, 7], [7, 8], [6, 8], [6, 9], [6, 10], [5, 10], [5, 11], [4, 11], [4, 10], [3, 10], [3, 11], [2, 11], [2, 12], [1, 12], [1, 13], [1, 14]]}
META {"type": "geom", "shape": "line", "group": "offpath", "data": [[5, 7, 5, 6], [5, 8, 5, 9], [5, 6, 5, 7], [5, 9, 5, 8], [9, 4, 8, 4], [3, 9, 2, 9], [8, 4, 9, 4], [2, 9, 3, 9], [4, 13, 4, 14], [4, 14, 4, 13], [11, 12, 11, 13], [11, 13, 11, 12]]}
