XXXXXXXXXXXXXXXX
X0-XX-XX----XXXX
XXXXXXXXXXX---1X
XXXXXXXXXXXXXXXX
XXXX----XXXXXXXX
X-------------XX
XX-XXX--X----XXX
XX-XXX---XXX-XXX
X-X---XX-------X
X---X-XX---XXX-X
XX--X-XX-X-----X
X---X-XX-X-----X
XXX-X-XX-X--XXXX
XXX------X--XXXX
X2--XX--------3X
XXXXXXXXXXXXXXXX
META {"type": "solver", "id": "pysat-rc2", "objective": 0}
META {"type": "geom", "shape": "path", "group": "path", "data": [[14, 1, 14, 2], [14, 2, 14, 3], [14, 3, 13, 3], [13, 3, 13, 4], [13, 4, 13, 5], [13, 5, 13, 6], [13, 6, 13, 7], [13, 7, 14, 7], [14, 7, 14, 8], [14, 8, 13, 8], [13, 8, 12, 8], [12, 8, 11, 8], [11, 8, 10, 8], [10, 8, 9, 8], [9, 8, 9, 9], [9, 9, 9, 10], [9, 10, 10, 10], [10, 10, 11, 10], [11, 10, 12, 10], [12, 10, 13, 10], [13, 10, 13, 11], [13, 11, 14, 11], [14, 11, 14, 12], [14, 12, 14, 13], [14, 13, 14, 14]]}
META {"type": "geom", "shape": "tile", "group": "path", "data": [[14, 1], [14, 2], [14, 3], [13, 3], [13, 4], [13, 5], [13, 6], [13, 7], [14, 7], [14, 8], [13, 8], [12, 8], [11, 8], [10, 8], [9, 8], [9, 9], [9, 10], [10, 10], [11, 10], [12, 10], [13, 10], [13, 11], [14, 11], [14, 12], [14, 13], [14, 14]]}
META {"type": "geom", "shape": "line", "group": "offpath", "data": [[11, 11, 11, 12], [11, 12, 10, 12], [11, 3, 12, 3], [10, 11, 11, 11], [10, 12, 10, 11], [12, 3, 11, 3]]}
