XXXXXXXXXXXXXXXX
X0--XXX-------1X
XXX----------XXX
XXX---X----X-XXX
X--XX-X-----XXXX
XX-XX-X---X-XXXX
X--XX----------X
XXXXXXX-------XX
XXXXXXX--XXX---X
X--XX----------X
XXX--------XX--X
XXXXX---XXXXXXXX
XXXXX---XXXXXXXX
XXX---XX--XX-XXX
X2-XX-XX--XX--3X
XXXXXXXXXXXXXXXX
META {"type": "solver", "id": "pysat-rc2", "objective": 0}
META {"type": "geom", "shape": "path", "group": "path", "data": [[1, 1, 1, 2], [1, 2, 1, 3], [1, 3, 2, 3], [2, 3, 2, 4], [2, 4, 2, 5], [2, 5, 2, 6], [2, 6, 2, 7], [2, 7, 2, 8], [2, 8, 2, 9], [2, 9, 2, 10], [2, 10, 2, 11], [2, 11, 1, 11], [1, 11, 1, 12], [1, 12, 1, 13], [1, 13, 1, 14]]}
META {"type": "geom", "shape": "tile", "group": "path", "data": [[1, 1], [1, 2], [1, 3], [2, 3], [2, 4], [2, 5], [2, 6], [2, 7], [2, 8], [2, 9], [2, 10], [2, 11], [1, 11], [1, 12], [1, 13], [1, 14]]}
META {"type": "geom", "shape": "line", "group": "offpath", "data": [[12, 7, 12, 6], [12, 6, 11, 6], [10, 14, 9, 14], [10, 5, 9, 5], [10, 9, 9, 9], [10, 7, 11, 7], [10, 6, 10, 7], [5, 11, 4, 11], [5, 8, 4, 8], [5, 7, 5, 8], [4, 11, 5, 11], [4, 5, 3, 5], [4, 8, 4, 7], [4, 7, 5, 7], [14, 5, 13, 5], [11, 5, 10, 5], [11, 7, 12, 7], [11, 6, 11, 5], [13, 5, 14, 5], [1, 8, 1, 9], [1, 9, 1, 8], [2, 12, 3, 12], [8, 12, 9, 12], [8, 13, 7, 13], [8, 8, 7, 8], [8, 7, 7, 7], [7, 12, 8, 12], [7, 13, 7, 12], [7, 10, 7, 9], [7, 8, 8, 8], [7, 9, 7, 10], [7, 7, 8, 7], [3, 12, 2, 12], [3, 4, 3, 3], [3, 5, 4, 5], [3, 3, 3, 4], [6, 14, 6, 13], [6, 13, 6, 14], [9, 14, 10, 14], [9, 12, 9, 13], [9, 13, 8, 13], [9, 11, 9, 10], [9, 5, 9, 6], [9, 10, 9, 11], [9, 9, 10, 9], [9, 6, 10, 6]]}
