XXXXXXXXXXXXXXXX
XXXXXXXX-XXX--1X
XXXXXXX------XXX
XX0-----X----XXX
XXXXXXX-X-XXX--X
XXXXXXX-X-XXX-XX
X------X-X---X-X
X-XX--X-X--XXXXX
XXXXX-X----XXXXX
XXXXX-X-XXX----X
X-XX--X--------X
X-------XXX----X
XXX----------XXX
XXX-----XX---XXX
X2-XX---XX----3X
XXXXXXXXXXXXXXXX
META {"type": "solver", "id": "pysat-rc2", "objective": 0}
META {"type": "geom", "shape": "path", "group": "path", "data": [[3, 2, 3, 3], [3, 3, 3, 4], [3, 4, 3, 5], [3, 5, 3, 6], [3, 6, 3, 7], [3, 7, 2, 7], [2, 7, 2, 8], [2, 8, 2, 9], [2, 9, 2, 10], [2, 10, 3, 10], [3, 10, 3, 11], [3, 11, 2, 11], [2, 11, 2, 12], [2, 12, 1, 12], [1, 12, 1, 13], [1, 13, 1, 14]]}
META {"type": "geom", "shape": "tile", "group": "path", "data": [[3, 2], [3, 3], [3, 4], [3, 5], [3, 6], [3, 7], [2, 7], [2, 8], [2, 9], [2, 10], [3, 10], [3, 11], [2, 11], [2, 12], [1, 12], [1, 13], [1, 14]]}
META {"type": "geom", "shape": "line", "group": "offpath", "data": [[6, 5, 6, 6], [6, 6, 6, 5], [9, 5, 10, 5], [8, 8, 8, 9], [8, 9, 8, 8], [11, 4, 12, 4], [11, 12, 12, 12], [11, 11, 11, 12], [11, 2, 11, 1], [11, 1, 11, 2], [11, 5, 11, 4], [11, 6, 11, 5], [13, 4, 13, 5], [13, 12, 14, 12], [13, 7, 12, 7], [13, 3, 13, 4], [13, 5, 14, 5], [13, 6, 13, 7], [10, 12, 10, 13], [10, 10, 10, 11], [10, 8, 10, 7], [10, 11, 10, 10], [10, 7, 10, 8], [10, 13, 10, 12], [10, 5, 9, 5], [7, 10, 7, 9], [7, 9, 7, 10], [14, 12, 13, 12], [14, 5, 14, 6], [14, 6, 13, 6], [12, 4, 12, 3], [12, 12, 12, 11], [12, 8, 12, 9], [12, 11, 11, 11], [12, 7, 12, 6], [12, 3, 13, 3], [12, 9, 12, 8], [12, 6, 11, 6]]}
