XXXXXXXXXXXXXXXX
X0-X-X----XX--1X
XXX----XX---XXXX
XXX---XXXXX-XXXX
X---X-XXXXX----X
XX--X------XXXXX
X---X----X-XXXXX
XX----------XXXX
X--XXX----XX---X
X-X-------XX--XX
XX------X-XX---X
X--X---------XXX
XXXXXXXX-XXX-XXX
XXXXXXXX-----XXX
X2------------3X
XXXXXXXXXXXXXXXX
META {"type": "solver", "id": "pysat-rc2", "objective": 0}
META {"type": "geom", "shape": "path", "group": "path", "data": [[14, 1, 14, 2], [14, 2, 14, 3], [14, 3, 14, 4], [14, 4, 14, 5], [14, 5, 14, 6], [14, 6, 14, 7], [14, 7, 14, 8], [14, 8, 14, 9], [14, 9, 14, 10], [14, 10, 14, 11], [14, 11, 14, 12], [14, 12, 14, 13], [14, 13, 14, 14]]}
META {"type": "geom", "shape": "tile", "group": "path", "data": [[14, 1], [14, 2], [14, 3], [14, 4], [14, 5], [14, 6], [14, 7], [14, 8], [14, 9], [14, 10], [14, 11], [14, 12], [14, 13], [14, 14]]}
META {"type": "geom", "shape": "line", "group": "offpath", "data": [[2, 3, 3, 3], [2, 4, 2, 3], [2, 9, 2, 10], [2, 10, 2, 9], [2, 5, 2, 4], [10, 12, 9, 12], [8, 12, 8, 13], [8, 13, 8, 12], [1, 7, 1, 6], [1, 6, 1, 7], [9, 12, 10, 12], [3, 3, 3, 4], [3, 4, 3, 5], [3, 5, 2, 5], [4, 3, 4, 2], [4, 2, 4, 3], [4, 12, 4, 11], [4, 11, 4, 12]]}
