XXXXXXXXXXXXXXXX
XXX-------X-XXXX
XXX----------1XX
X0---X-----XXXXX
XXXX-X----XXXXXX
XXXX-X----XXXXXX
X-----------XX-X
X---------XXXXXX
X-XXXX----XXXXXX
X-XXXXX----XX--X
XX-XXXX----XX-XX
X---XX-XXX-XX--X
XXX-XX-------XXX
XXX-XX-X-X-X-XXX
X2--XX--------3X
XXXXXXXXXXXXXXXX
META {"type": "solver", "id": "pysat-rc2", "objective": 0}
META {"type": "geom", "shape": "path", "group": "path", "data": [[3, 1, 3, 2], [3, 2, 3, 3], [3, 3, 2, 3], [2, 3, 1, 3], [1, 3, 1, 4], [1, 4, 1, 5], [1, 5, 1, 6], [1, 6, 1, 7], [1, 7, 1, 8], [1, 8, 1, 9], [1, 9, 2, 9], [2, 9, 3, 9], [3, 9, 3, 10], [3, 10, 2, 10], [2, 10, 2, 11], [2, 11, 2, 12], [2, 12, 2, 13]]}
META {"type": "geom", "shape": "tile", "group": "path", "data": [[3, 1], [3, 2], [3, 3], [2, 3], [1, 3], [1, 4], [1, 5], [1, 6], [1, 7], [1, 8], [1, 9], [2, 9], [3, 9], [3, 10], [2, 10], [2, 11], [2, 12], [2, 13]]}
META {"type": "geom", "shape": "line", "group": "offpath", "data": [[10, 9, 10, 8], [10, 10, 10, 9], [10, 8, 9, 8], [3, 4, 2, 4], [3, 8, 4, 8], [12, 6, 11, 6], [12, 10, 13, 10], [12, 8, 13, 8], [12, 12, 13, 12], [11, 6, 12, 6], [9, 9, 9, 10], [9, 7, 8, 7], [9, 10, 10, 10], [9, 8, 9, 7], [5, 6, 4, 6], [5, 9, 6, 9], [5, 4, 4, 4], [5, 7, 5, 8], [5, 8, 5, 9], [14, 9, 14, 8], [14, 13, 14, 12], [14, 8, 14, 9], [14, 12, 14, 13], [6, 2, 7, 2], [6, 3, 6, 2], [6, 9, 7, 9], [6, 4, 5, 4], [6, 5, 6, 4], [6, 7, 6, 8], [6, 10, 6, 11], [6, 8, 6, 7], [6, 11, 6, 10], [7, 2, 7, 3], [7, 3, 6, 3], [7, 6, 7, 5], [7, 9, 7, 8], [7, 5, 6, 5], [7, 8, 8, 8], [13, 10, 12, 10], [13, 8, 12, 8], [13, 12, 12, 12], [2, 6, 2, 7], [2, 4, 2, 5], [2, 5, 2, 6], [2, 7, 2, 8], [2, 8, 3, 8], [8, 6, 7, 6], [8, 9, 9, 9], [8, 7, 8, 6], [8, 8, 8, 9], [4, 6, 5, 6], [4, 4, 3, 4], [4, 7, 5, 7], [4, 8, 4, 7]]}
