--------------------------------
--------------------------------
--------------------------------
------------------------X-------
----------X---------------------
--------------------------------
---------------------X--X-------
-----------------Q----------X---
-----XQXQXQX--------------------
--------------------------------
-------------------X----X-------
----XQX-------------------------
---------X------X----------X----
---------XX----XX----<>---XX----
-{-------XXX--XXX----[]--XXX--}-
XXXXXX---XXXXXXXX--XXXXXXXXXXXXX
META {"type": "solver", "id": "pysat-rc2", "objective": 0}
META {"type": "geom", "shape": "path", "group": "path", "data": [[14, 1, 10, 1], [10, 1, 11, 1], [11, 1, 12, 0], [12, 0, 13, 0], [13, 0, 14, 0], [14, 0, 10, 4], [10, 4, 10, 5], [10, 5, 10, 6], [10, 6, 9, 7], [9, 7, 10, 8], [10, 8, 11, 9], [11, 9, 9, 8], [9, 8, 10, 9], [10, 9, 11, 10], [11, 10, 12, 11], [12, 11, 13, 11], [13, 11, 9, 15], [9, 15, 10, 15], [10, 15, 11, 14], [11, 14, 12, 15], [12, 15, 8, 18], [8, 18, 9, 19], [9, 19, 5, 18], [5, 18, 6, 17], [6, 17, 2, 21], [2, 21, 3, 20], [3, 20, 4, 21], [4, 21, 5, 22], [5, 22, 6, 22], [6, 22, 7, 21], [7, 21, 8, 22], [8, 22, 9, 22], [9, 22, 10, 23], [10, 23, 11, 24], [11, 24, 12, 25], [12, 25, 13, 24], [13, 24, 14, 23], [14, 23, 14, 24], [14, 24, 13, 25], [13, 25, 9, 24], [9, 24, 5, 27], [5, 27, 6, 28], [6, 28, 2, 24], [2, 24, 0, 23], [0, 23, 1, 23], [1, 23, 2, 23], [2, 23, 3, 22], [3, 22, 4, 23], [4, 23, 5, 24], [5, 24, 2, 22], [2, 22, 3, 23], [3, 23, 4, 24], [4, 24, 5, 25], [5, 25, 6, 26], [6, 26, 7, 27], [7, 27, 8, 26], [8, 26, 9, 27], [9, 27, 10, 27], [10, 27, 11, 27], [11, 27, 7, 30], [7, 30, 8, 29], [8, 29, 9, 30], [9, 30, 10, 31], [10, 31, 11, 30], [11, 30, 12, 30], [12, 30, 13, 29], [13, 29, 14, 28], [14, 28, 11, 28], [11, 28, 12, 28], [12, 28, 13, 28], [13, 28, 14, 29], [14, 29, 12, 31], [12, 31, 13, 30], [13, 30, 14, 31], [14, 31, 14, 30]]}
META {"type": "geom", "shape": "tile", "group": "path", "data": [[14, 1], [13, 1], [12, 1], [11, 1], [10, 1], [11, 1], [12, 1], [12, 0], [13, 0], [14, 0], [13, 0], [13, 1], [12, 1], [12, 2], [11, 2], [11, 3], [10, 3], [10, 4], [10, 5], [10, 6], [9, 6], [9, 7], [10, 7], [10, 8], [11, 8], [11, 9], [10, 9], [10, 8], [9, 8], [10, 8], [10, 9], [11, 9], [11, 10], [12, 10], [12, 11], [13, 11], [12, 11], [12, 12], [11, 12], [11, 13], [10, 13], [10, 14], [9, 14], [9, 15], [10, 15], [11, 15], [11, 14], [12, 14], [12, 15], [11, 15], [11, 16], [10, 16], [10, 17], [9, 17], [9, 18], [8, 18], [9, 18], [9, 19], [8, 19], [7, 19], [6, 19], [5, 19], [5, 18], [6, 18], [6, 17], [5, 17], [5, 18], [4, 18], [4, 19], [3, 19], [3, 20], [2, 20], [2, 21], [3, 21], [3, 20], [4, 20], [4, 21], [5, 21], [5, 22], [6, 22], [7, 22], [7, 21], [8, 21], [8, 22], [9, 22], [10, 22], [10, 23], [11, 23], [11, 24], [12, 24], [12, 25], [13, 25], [13, 24], [14, 24], [14, 23], [14, 24], [13, 24], [13, 25], [12, 25], [11, 25], [10, 25], [9, 25], [9, 24], [8, 24], [8, 25], [7, 25], [7, 26], [6, 26], [6, 27], [5, 27], [6, 27], [6, 28], [5, 28], [5, 27], [4, 27], [4, 26], [3, 26], [3, 25], [2, 25], [2, 24], [1, 24], [1, 23], [0, 23], [1, 23], [2, 23], [3, 23], [3, 22], [4, 22], [4, 23], [5, 23], [5, 24], [4, 24], [4, 23], [3, 23], [3, 22], [2, 22], [3, 22], [3, 23], [4, 23], [4, 24], [5, 24], [5, 25], [6, 25], [6, 26], [7, 26], [7, 27], [8, 27], [8, 26], [9, 26], [9, 27], [10, 27], [11, 27], [10, 27], [10, 28], [9, 28], [9, 29], [8, 29], [8, 30], [7, 30], [8, 30], [8, 29], [9, 29], [9, 30], [10, 30], [10, 31], [11, 31], [11, 30], [12, 30], [13, 30], [13, 29], [14, 29], [14, 28], [13, 28], [12, 28], [11, 28], [12, 28], [13, 28], [14, 28], [14, 29], [13, 29], [13, 30], [12, 30], [12, 31], [13, 31], [13, 30], [14, 30], [14, 31], [14, 30]]}
META {"type": "geom", "shape": "line", "group": "offpath", "data": [[12, 1, 13, 1], [12, 4, 13, 4], [12, 2, 13, 3], [12, 3, 13, 2], [12, 19, 13, 20], [11, 16, 7, 16], [11, 2, 12, 3], [11, 19, 12, 19], [5, 12, 6, 11], [5, 21, 3, 21], [5, 10, 6, 10], [8, 17, 9, 18], [4, 11, 5, 10], [4, 22, 5, 21], [4, 13, 5, 12], [13, 1, 14, 2], [13, 4, 14, 5], [13, 2, 14, 3], [13, 20, 14, 19], [13, 3, 14, 4], [6, 11, 7, 11], [6, 10, 7, 9], [7, 9, 7, 10], [7, 11, 3, 12], [7, 16, 8, 17], [7, 10, 3, 14], [14, 4, 12, 2], [14, 5, 12, 4], [14, 2, 12, 1], [14, 3, 10, 3], [14, 19, 11, 16], [3, 12, 4, 11], [3, 21, 4, 22], [3, 14, 4, 13], [9, 18, 10, 18], [10, 3, 11, 2], [10, 18, 11, 19]]}
