XXXXXXXXXXXXXXXX
XXXXXXXXXXXXXXXX
XXXXX}XXXX---XXX
XXXXX-XXXX---XXX
XXXXX-XXX-----XX
XXX---XXX-#---XX
XXX-----------XX
XX-X-------##-XX
XXXXX---------XX
XXXXX---XX----XX
XXX--X-XXXX---XX
XXXXXX-XXXX-XXXX
XXXXXX-XXX---XXX
XXXX--#------XXX
XX--#-----X--XXX
XX-------XX---XX
XX---XX---X-X-XX
XXXXXXX-----XXXX
XXXXXXX---X--XXX
XXXXXXX##-XX-XXX
XXXXXXX----X-XXX
XXXXXX-#-----XXX
XXXXX-----X--XXX
XXXXX-----XX--XX
XXX---X----X--XX
XXX---XXXX----XX
XXX----XXX##--XX
XX-###-XXX----XX
XX-----XXX-{-XXX
XXX---XXXXXXXXXX
XXXXXXXXXXXXXXXX
XXXXXXXXXXXXXXXX
META {"type": "solver", "id": "pysat-rc2", "objective": 0}
META {"type": "geom", "shape": "path", "group": "path", "data": [[28, 11, 28, 12], [28, 12, 18, 12], [18, 12, 18, 11], [18, 11, 8, 11], [8, 11, 8, 13], [8, 13, 10, 13], [10, 13, 4, 13], [4, 13, 4, 9], [4, 9, 8, 9], [8, 9, 8, 5], [8, 5, 2, 5]]}
META {"type": "geom", "shape": "tile", "group": "path", "data": [[28, 11], [28, 12], [27, 12], [26, 12], [25, 12], [24, 12], [23, 12], [22, 12], [21, 12], [20, 12], [19, 12], [18, 12], [18, 11], [17, 11], [16, 11], [15, 11], [14, 11], [13, 11], [12, 11], [11, 11], [10, 11], [9, 11], [8, 11], [8, 12], [8, 13], [9, 13], [10, 13], [9, 13], [8, 13], [7, 13], [6, 13], [5, 13], [4, 13], [4, 12], [4, 11], [4, 10], [4, 9], [5, 9], [6, 9], [7, 9], [8, 9], [8, 8], [8, 7], [8, 6], [8, 5], [7, 5], [6, 5], [5, 5], [4, 5], [3, 5], [2, 5]]}
META {"type": "geom", "shape": "line", "group": "offpath", "data": [[16, 7, 16, 9], [16, 9, 16, 7], [24, 7, 22, 7], [24, 9, 24, 7], [24, 4, 26, 4], [24, 3, 26, 3], [22, 7, 22, 9], [22, 11, 22, 12], [22, 5, 26, 5], [22, 9, 24, 9], [22, 12, 22, 11], [2, 10, 4, 10], [7, 4, 7, 10], [7, 10, 7, 4], [20, 10, 21, 10], [20, 8, 20, 10], [5, 5, 5, 3], [5, 3, 5, 5], [3, 12, 3, 10], [3, 10, 3, 12], [25, 5, 25, 3], [25, 3, 25, 5], [8, 12, 10, 12], [8, 8, 6, 8], [4, 10, 2, 10], [18, 7, 18, 9], [18, 9, 18, 7], [27, 13, 23, 13], [27, 2, 28, 2], [26, 5, 22, 5], [26, 13, 26, 12], [26, 12, 26, 13], [26, 4, 24, 4], [26, 3, 24, 3], [21, 12, 21, 8], [21, 10, 21, 12], [21, 8, 20, 8], [9, 7, 9, 5], [9, 5, 9, 7], [28, 2, 27, 2], [28, 4, 29, 4], [6, 13, 6, 3], [6, 3, 6, 13], [6, 8, 8, 8], [10, 12, 8, 12], [12, 12, 12, 10], [12, 10, 12, 12], [29, 5, 29, 3], [29, 4, 28, 4], [29, 3, 29, 5], [23, 13, 27, 13], [14, 11, 14, 12], [14, 5, 14, 9], [14, 9, 14, 5], [14, 2, 14, 3], [14, 12, 14, 11], [14, 3, 14, 2]]}
