XXXXXXXXXXXXXXXX
XXXXXXXXXXXXXXXX
XXXX}XXXXXXXX-XX
XX---XXXXXXXX-XX
XX---XXXXX----XX
XX-----XXX##--XX
XXXX--------#-XX
XXXX-X---X----XX
XXXX-XX--XX---XX
XXX---XX--X---XX
XXX----XX-----XX
XX--XX--X-XX--XX
XX---X-----X--XX
XX-#--XX-----XXX
XX-----X--#-XXXX
XX--X---#----XXX
XX--XX-----X-XXX
XX---X---#-XXXXX
XX##--#-----XXXX
XX--#---#---XXXX
XX--------XXXXXX
XX-----#---XXXXX
XX--XX---#-XXXXX
XX---X-----XXXXX
XXX---#---#---XX
XXX-----#---X-XX
XXXX-------XX-XX
XXXX---#-#--X-XX
XXXX##--------XX
XXXX----{--X--XX
XXXXXXXXXXXXXXXX
XXXXXXXXXXXXXXXX
META {"type": "solver", "id": "pysat-rc2", "objective": 0}
META {"type": "geom", "shape": "path", "group": "path", "data": [[29, 8, 29, 4], [29, 4, 29, 10], [29, 10, 25, 10], [25, 10, 25, 9], [25, 9, 23, 9], [23, 9, 23, 10], [23, 10, 21, 10], [21, 10, 21, 8], [21, 8, 20, 8], [20, 8, 20, 2], [20, 2, 19, 2], [19, 2, 23, 2], [23, 2, 23, 4], [23, 4, 27, 4], [27, 4, 27, 6], [27, 6, 25, 6], [25, 6, 25, 7], [25, 7, 26, 7], [26, 7, 22, 7], [22, 7, 22, 8], [22, 8, 22, 6], [22, 6, 23, 6], [23, 6, 19, 6], [19, 6, 19, 5], [19, 5, 18, 5], [18, 5, 18, 4], [18, 4, 17, 4], [17, 4, 17, 2], [17, 2, 11, 2], [11, 2, 11, 3], [11, 3, 9, 3], [9, 3, 9, 5], [9, 5, 10, 5], [10, 5, 10, 6], [10, 6, 12, 6], [12, 6, 12, 10], [12, 10, 13, 10], [13, 10, 13, 12], [13, 12, 7, 12], [7, 12, 7, 10], [7, 10, 6, 10], [6, 10, 6, 4], [6, 4, 2, 4]]}
META {"type": "geom", "shape": "tile", "group": "path", "data": [[29, 8], [29, 7], [29, 6], [29, 5], [29, 4], [29, 5], [29, 6], [29, 7], [29, 8], [29, 9], [29, 10], [28, 10], [27, 10], [26, 10], [25, 10], [25, 9], [24, 9], [23, 9], [23, 10], [22, 10], [21, 10], [21, 9], [21, 8], [20, 8], [20, 7], [20, 6], [20, 5], [20, 4], [20, 3], [20, 2], [19, 2], [20, 2], [21, 2], [22, 2], [23, 2], [23, 3], [23, 4], [24, 4], [25, 4], [26, 4], [27, 4], [27, 5], [27, 6], [26, 6], [25, 6], [25, 7], [26, 7], [25, 7], [24, 7], [23, 7], [22, 7], [22, 8], [22, 7], [22, 6], [23, 6], [22, 6], [21, 6], [20, 6], [19, 6], [19, 5], [18, 5], [18, 4], [17, 4], [17, 3], [17, 2], [16, 2], [15, 2], [14, 2], [13, 2], [12, 2], [11, 2], [11, 3], [10, 3], [9, 3], [9, 4], [9, 5], [10, 5], [10, 6], [11, 6], [12, 6], [12, 7], [12, 8], [12, 9], [12, 10], [13, 10], [13, 11], [13, 12], [12, 12], [11, 12], [10, 12], [9, 12], [8, 12], [7, 12], [7, 11], [7, 10], [6, 10], [6, 9], [6, 8], [6, 7], [6, 6], [6, 5], [6, 4], [5, 4], [4, 4], [3, 4], [2, 4]]}
META {"type": "geom", "shape": "line", "group": "offpath", "data": [[10, 11, 6, 11], [28, 12, 28, 13], [28, 7, 29, 7], [28, 11, 27, 11], [28, 9, 29, 9], [28, 13, 29, 13], [25, 11, 24, 11], [17, 6, 17, 8], [17, 8, 16, 8], [4, 12, 5, 12], [7, 6, 7, 8], [7, 8, 7, 6], [8, 7, 6, 7], [16, 3, 16, 2], [16, 6, 17, 6], [16, 8, 16, 6], [16, 2, 16, 3], [16, 9, 16, 10], [16, 10, 15, 10], [5, 3, 3, 3], [5, 6, 5, 2], [5, 12, 4, 12], [5, 2, 5, 6], [13, 11, 15, 11], [24, 3, 24, 5], [24, 7, 24, 9], [24, 11, 25, 11], [24, 9, 24, 7], [24, 5, 24, 3], [6, 7, 8, 7], [6, 11, 10, 11], [11, 12, 11, 13], [11, 13, 11, 12], [27, 11, 28, 11], [14, 8, 14, 9], [14, 9, 14, 8], [29, 12, 28, 12], [29, 7, 28, 7], [29, 9, 28, 9], [29, 13, 29, 12], [15, 7, 15, 5], [15, 11, 13, 11], [15, 9, 16, 9], [15, 10, 15, 9], [15, 5, 15, 7], [3, 3, 5, 3], [3, 2, 3, 4], [3, 4, 3, 2]]}
