XXXXXXXXXXXXXXXX
XXXXXXXXXXXXXXXX
XXXX------XXXXXX
XX---XX-XXXXXXXX
XX----X-XXXXX}XX
XX------XXXXX-XX
XX---#--------XX
XX-----XXX-#--XX
XX-----XXX----XX
XX--X--XXX----XX
XXXXXXXXXX--X-XX
XXXXXXXXXXX-XXXX
XXXXXXXXXXX--XXX
XXXXX---XXXX-XXX
XXXXX##--XXX-XXX
XXXXX----XXX-XXX
XXX---#------XXX
XXX-----#--X--XX
XXX##------XX-XX
XXX---#-----X-XX
XXX-#---#-----XX
XXX--------#--XX
XX-#---#-----XXX
XX-------##-XXXX
XX-----------XXX
XX--XX-X-----XXX
XX--XXXX-##---XX
XX--XXXX----#-XX
XX--XXX-------XX
XXX-----X-{--XXX
XXXXXXXXXXXXXXXX
XXXXXXXXXXXXXXXX
META {"type": "solver", "id": "pysat-rc2", "objective": 0}
META {"type": "geom", "shape": "path", "group": "path", "data": [[29, 10, 29, 12], [29, 12, 28, 12], [28, 12, 28, 13], [28, 13, 26, 13], [26, 13, 26, 11], [26, 11, 22, 11], [22, 11, 22, 12], [22, 12, 22, 8], [22, 8, 28, 8], [28, 8, 28, 7], [28, 7, 29, 7], [29, 7, 29, 3], [29, 3, 23, 3], [23, 3, 23, 2], [23, 2, 23, 8], [23, 8, 21, 8], [21, 8, 21, 10], [21, 10, 22, 10], [22, 10, 16, 10], [16, 10, 16, 12], [16, 12, 12, 12], [12, 12, 12, 11], [12, 11, 8, 11], [8, 11, 8, 13], [8, 13, 10, 13], [10, 13, 4, 13]]}
META {"type": "geom", "shape": "tile", "group": "path", "data": [[29, 10], [29, 11], [29, 12], [28, 12], [28, 13], [27, 13], [26, 13], [26, 12], [26, 11], [25, 11], [24, 11], [23, 11], [22, 11], [22, 12], [22, 11], [22, 10], [22, 9], [22, 8], [23, 8], [24, 8], [25, 8], [26, 8], [27, 8], [28, 8], [28, 7], [29, 7], [29, 6], [29, 5], [29, 4], [29, 3], [28, 3], [27, 3], [26, 3], [25, 3], [24, 3], [23, 3], [23, 2], [23, 3], [23, 4], [23, 5], [23, 6], [23, 7], [23, 8], [22, 8], [21, 8], [21, 9], [21, 10], [22, 10], [21, 10], [20, 10], [19, 10], [18, 10], [17, 10], [16, 10], [16, 11], [16, 12], [15, 12], [14, 12], [13, 12], [12, 12], [12, 11], [11, 11], [10, 11], [9, 11], [8, 11], [8, 12], [8, 13], [9, 13], [10, 13], [9, 13], [8, 13], [7, 13], [6, 13], [5, 13], [4, 13]]}
META {"type": "geom", "shape": "line", "group": "offpath", "data": [[28, 2, 22, 2], [20, 7, 20, 5], [20, 5, 20, 7], [16, 4, 17, 4], [16, 3, 16, 5], [16, 5, 16, 3], [16, 8, 14, 8], [27, 11, 29, 11], [27, 9, 27, 11], [25, 3, 25, 2], [25, 2, 25, 3], [25, 9, 24, 9], [8, 4, 8, 6], [8, 6, 9, 6], [19, 3, 21, 3], [29, 11, 29, 9], [29, 9, 27, 9], [24, 12, 24, 2], [24, 7, 23, 7], [24, 2, 24, 12], [24, 9, 25, 9], [9, 3, 3, 3], [9, 6, 5, 6], [9, 2, 9, 3], [9, 5, 7, 5], [23, 7, 24, 7], [2, 4, 8, 4], [2, 7, 6, 7], [3, 4, 2, 4], [3, 3, 3, 4], [3, 2, 9, 2], [17, 13, 17, 12], [17, 4, 16, 4], [17, 12, 17, 13], [6, 7, 2, 7], [22, 2, 28, 2], [5, 6, 5, 2], [5, 2, 3, 2], [14, 8, 16, 8], [21, 3, 19, 3], [7, 13, 7, 12], [7, 12, 7, 13], [7, 6, 7, 2], [7, 2, 7, 6], [7, 5, 9, 5], [26, 3, 26, 2], [26, 2, 26, 3]]}
