XXXXXXXXXXXXXXXX
XXXXXXXXXXXXXXXX
XX}XXXXXXXXX--XX
XX-XXXXX------XX
XX-XXX------#-XX
XX-XXX----X---XX
XX-----##-XX--XX
XXX--------XX-XX
XXX--X-----XX-XX
XXX--XX-X---X-XX
XX-#--X-XX----XX
XX-------X----XX
XXX-#-X-------XX
XXX---XXX---XXXX
XXX---XXX##--XXX
XXX---XXX----XXX
XX-XX-----XXXXXX
XX--X---XXXXXXXX
XX---XX-XXXXXXXX
XXX---X--XXXX-XX
XXX------XXX--XX
XXX-#--------XXX
XXX-----#---XXXX
XX-#--------XXXX
XX---#----#-XXXX
XXX----XX-----XX
XXX---XXX-----XX
XXX-#-XXX---#-XX
XXX---XXX##---XX
XX-X--XXX--{--XX
XXXXXXXXXXXXXXXX
XXXXXXXXXXXXXXXX
META {"type": "solver", "id": "pysat-rc2", "objective": 0}
META {"type": "geom", "shape": "path", "group": "path", "data": [[29, 11, 29, 13], [29, 13, 25, 13], [25, 13, 25, 9], [25, 9, 21, 9], [21, 9, 21, 5], [21, 5, 23, 5], [23, 5, 23, 4], [23, 4, 22, 4], [22, 4, 22, 3], [22, 3, 22, 7], [22, 7, 16, 7], [16, 7, 16, 9], [16, 9, 16, 5], [16, 5, 10, 5], [10, 5, 10, 4], [10, 4, 6, 4], [6, 4, 6, 6], [6, 6, 6, 2], [6, 2, 2, 2]]}
META {"type": "geom", "shape": "tile", "group": "path", "data": [[29, 11], [29, 12], [29, 13], [28, 13], [27, 13], [26, 13], [25, 13], [25, 12], [25, 11], [25, 10], [25, 9], [24, 9], [23, 9], [22, 9], [21, 9], [21, 8], [21, 7], [21, 6], [21, 5], [22, 5], [23, 5], [23, 4], [22, 4], [22, 3], [22, 4], [22, 5], [22, 6], [22, 7], [21, 7], [20, 7], [19, 7], [18, 7], [17, 7], [16, 7], [16, 8], [16, 9], [16, 8], [16, 7], [16, 6], [16, 5], [15, 5], [14, 5], [13, 5], [12, 5], [11, 5], [10, 5], [10, 4], [9, 4], [8, 4], [7, 4], [6, 4], [6, 5], [6, 6], [6, 5], [6, 4], [6, 3], [6, 2], [5, 2], [4, 2], [3, 2], [2, 2]]}
META {"type": "geom", "shape": "line", "group": "offpath", "data": [[12, 12, 10, 12], [12, 7, 12, 13], [12, 9, 12, 7], [12, 13, 2, 13], [26, 4, 26, 5], [26, 12, 25, 12], [26, 5, 25, 5], [26, 9, 26, 13], [26, 13, 26, 9], [7, 10, 13, 10], [7, 5, 6, 5], [7, 8, 8, 8], [19, 8, 21, 8], [19, 13, 20, 13], [21, 10, 23, 10], [21, 8, 19, 8], [13, 10, 13, 11], [13, 11, 13, 9], [13, 5, 13, 3], [13, 9, 12, 9], [13, 3, 13, 5], [15, 5, 15, 3], [15, 3, 15, 5], [9, 9, 3, 9], [24, 4, 26, 4], [24, 2, 24, 4], [24, 8, 23, 8], [24, 3, 24, 2], [16, 6, 17, 6], [17, 7, 17, 5], [17, 6, 16, 6], [17, 5, 17, 7], [23, 10, 21, 10], [23, 8, 24, 8], [29, 4, 28, 4], [29, 5, 29, 4], [4, 7, 5, 7], [4, 6, 8, 6], [8, 10, 7, 10], [8, 6, 8, 10], [8, 8, 7, 8], [25, 10, 27, 10], [25, 12, 26, 12], [25, 5, 29, 5], [20, 13, 19, 13], [28, 4, 28, 3], [28, 11, 28, 13], [28, 3, 24, 3], [28, 13, 28, 11], [11, 2, 10, 2], [6, 5, 7, 5], [3, 12, 3, 8], [3, 8, 5, 8], [3, 9, 9, 9], [27, 10, 25, 10], [5, 7, 4, 7], [5, 6, 4, 6], [5, 8, 5, 6], [10, 2, 11, 2], [10, 12, 12, 12], [2, 12, 3, 12], [2, 13, 2, 12]]}
