XXXXXXXXXXXXXXXX
XXXXXXXXXXXXXXXX
XXX-------XXX}XX
XXX##-----XXX-XX
XXX--XX---XXX-XX
XXX-XXX--#----XX
XXX-XXX-------XX
XX--XXX##-----XX
XX---------#--XX
XX------------XX
XX-XX---X-----XX
XX-XXXXXX-#-XXXX
XX--XXXXX---XXXX
XX--XXXX-#--XXXX
XX---XXX------XX
XX-X-XXXX-----XX
XX-XXXXXXX---XXX
XX--XXXXXXXXXXXX
XX--XXXXXXXXXXXX
XXX-XXXXXXX--XXX
XXX-XXX------XXX
XXX----#---#--XX
XX---#--------XX
XX##----XXX-X-XX
XX----#-XXX-XXXX
XX--#---XXX-XXXX
XX-----#-----XXX
XX-#-----XX--XXX
XX--------X--XXX
XXX-X------{-XXX
XXXXXXXXXXXXXXXX
XXXXXXXXXXXXXXXX
META {"type": "solver", "id": "pysat-rc2", "objective": 0}
META {"type": "geom", "shape": "path", "group": "path", "data": [[29, 11, 29, 5], [29, 5, 23, 5], [23, 5, 23, 4], [23, 4, 21, 4], [21, 4, 21, 3], [21, 3, 17, 3], [17, 3, 17, 2], [17, 2, 7, 2], [7, 2, 7, 3], [7, 3, 9, 3], [9, 3, 9, 13], [9, 13, 10, 13], [10, 13, 10, 9], [10, 9, 12, 9], [12, 9, 6, 9], [6, 9, 6, 13], [6, 13, 2, 13]]}
META {"type": "geom", "shape": "tile", "group": "path", "data": [[29, 11], [29, 10], [29, 9], [29, 8], [29, 7], [29, 6], [29, 5], [28, 5], [27, 5], [26, 5], [25, 5], [24, 5], [23, 5], [23, 4], [22, 4], [21, 4], [21, 3], [20, 3], [19, 3], [18, 3], [17, 3], [17, 2], [16, 2], [15, 2], [14, 2], [13, 2], [12, 2], [11, 2], [10, 2], [9, 2], [8, 2], [7, 2], [7, 3], [8, 3], [9, 3], [9, 4], [9, 5], [9, 6], [9, 7], [9, 8], [9, 9], [9, 10], [9, 11], [9, 12], [9, 13], [10, 13], [10, 12], [10, 11], [10, 10], [10, 9], [11, 9], [12, 9], [11, 9], [10, 9], [9, 9], [8, 9], [7, 9], [6, 9], [6, 10], [6, 11], [6, 12], [6, 13], [5, 13], [4, 13], [3, 13], [2, 13]]}
META {"type": "geom", "shape": "line", "group": "offpath", "data": [[21, 12, 22, 12], [21, 13, 21, 12], [4, 3, 4, 4], [4, 9, 4, 7], [4, 7, 4, 9], [4, 4, 4, 3], [10, 7, 8, 7], [10, 5, 8, 5], [10, 6, 8, 6], [9, 4, 8, 4], [23, 7, 22, 7], [23, 13, 21, 13], [23, 6, 23, 7], [5, 11, 7, 11], [29, 9, 28, 9], [29, 7, 27, 7], [25, 3, 25, 2], [25, 7, 25, 5], [25, 2, 25, 3], [25, 5, 25, 7], [2, 8, 6, 8], [2, 5, 3, 5], [18, 3, 18, 2], [18, 2, 18, 3], [28, 9, 29, 9], [28, 12, 28, 11], [28, 2, 24, 2], [28, 4, 26, 4], [28, 11, 28, 12], [24, 2, 28, 2], [15, 9, 15, 13], [15, 13, 15, 9], [26, 2, 26, 6], [26, 4, 28, 4], [26, 6, 26, 2], [12, 3, 14, 3], [12, 10, 12, 11], [12, 11, 16, 11], [14, 3, 12, 3], [19, 12, 19, 11], [19, 11, 19, 12], [16, 10, 12, 10], [16, 12, 16, 10], [16, 11, 16, 12], [27, 7, 29, 7], [27, 12, 27, 11], [27, 11, 27, 12], [22, 7, 22, 6], [22, 12, 22, 13], [22, 8, 20, 8], [22, 13, 23, 13], [22, 6, 23, 6], [8, 7, 10, 7], [8, 4, 9, 4], [8, 5, 10, 5], [8, 6, 10, 6], [3, 5, 2, 5], [7, 9, 7, 13], [7, 13, 7, 9], [7, 11, 5, 11], [6, 8, 2, 8], [20, 8, 22, 8]]}
