XXXXXXXXXXXXXXXX
X0--XX-XX----XXX
XXX-XX-XX-X--XXX
XXX----XX-X---1X
X---XXX---X--XXX
X-----------XXXX
X----------XXXXX
XXX--XXX---XXXXX
XXX-XXXXXXX-XXXX
X---XXXXXXX--XXX
XX-X--------X-XX
XX--X-XX-X-X-X-X
XXXX-XXXXXXXXXXX
XXXX-XXXXXXXXXXX
X2------------3X
XXXXXXXXXXXXXXXX
META {"type": "solver", "id": "pysat-rc2", "objective": 0}
META {"type": "geom", "shape": "path", "group": "path", "data": [[1, 1, 1, 2], [1, 2, 1, 3], [1, 3, 2, 3], [2, 3, 3, 3], [3, 3, 4, 3], [4, 3, 5, 3], [5, 3, 5, 4], [5, 4, 5, 5], [5, 5, 5, 6], [5, 6, 5, 7], [5, 7, 5, 8], [5, 8, 5, 9], [5, 9, 5, 10], [5, 10, 5, 11], [5, 11, 4, 11], [4, 11, 3, 11], [3, 11, 3, 12], [3, 12, 3, 13], [3, 13, 3, 14]]}
META {"type": "geom", "shape": "path", "group": "path", "data": [[14, 1, 14, 2], [14, 2, 14, 3], [14, 3, 14, 4], [14, 4, 14, 5], [14, 5, 14, 6], [14, 6, 14, 7], [14, 7, 14, 8], [14, 8, 14, 9], [14, 9, 14, 10], [14, 10, 14, 11], [14, 11, 14, 12], [14, 12, 14, 13], [14, 13, 14, 14]]}
META {"type": "geom", "shape": "tile", "group": "reachable", "data": [[1, 1], [1, 2], [1, 3], [2, 3], [3, 3], [4, 3], [3, 4], [3, 5], [5, 3], [4, 2], [3, 6], [5, 2], [4, 1], [6, 3], [5, 4], [2, 6], [5, 1], [6, 2], [6, 4], [5, 5], [7, 3], [1, 6], [6, 1], [6, 5], [5, 6], [7, 4], [8, 3], [6, 6], [5, 7], [9, 3], [4, 7], [6, 7], [5, 8], [9, 2], [4, 8], [6, 8], [5, 9], [10, 2], [9, 1], [4, 9], [6, 9], [5, 10], [7, 8], [11, 2], [3, 9], [6, 10], [5, 11], [7, 9], [11, 3], [2, 9], [4, 11], [7, 10], [1, 9], [3, 11], [4, 12], [1, 10], [2, 11], [3, 12], [1, 11], [2, 12], [3, 13], [1, 12]]}
