XXXXXXXXXXXXXXXX
XXXXXXX-X-X---1X
XXXXXXXX-X-X-XXX
X0--XXXX-X---XXX
XXX------X-----X
XXX------------X
X---XXX-------XX
X-------XX-X---X
XXX-XX--XX---XXX
XXXXXXX-XX---XXX
XXXXXXX-XX-----X
X---XX------X-XX
XXX-XX---XXX-XXX
XXX---XXX----XXX
X2------------3X
XXXXXXXXXXXXXXXX
META {"type": "solver", "id": "pysat-rc2", "objective": 0}
META {"type": "geom", "shape": "path", "group": "path", "data": [[3, 1, 3, 2], [3, 2, 3, 3], [3, 3, 4, 3], [4, 3, 4, 4], [4, 4, 4, 5], [4, 5, 4, 6], [4, 6, 4, 7], [4, 7, 4, 8], [4, 8, 5, 8], [5, 8, 5, 9], [5, 9, 5, 10], [5, 10, 4, 10], [4, 10, 3, 10], [3, 10, 3, 11], [3, 11, 3, 12], [3, 12, 2, 12], [2, 12, 1, 12], [1, 12, 1, 13], [1, 13, 1, 14]]}
META {"type": "geom", "shape": "path", "group": "path", "data": [[14, 1, 14, 2], [14, 2, 14, 3], [14, 3, 14, 4], [14, 4, 14, 5], [14, 5, 14, 6], [14, 6, 14, 7], [14, 7, 14, 8], [14, 8, 14, 9], [14, 9, 14, 10], [14, 10, 14, 11], [14, 11, 14, 12], [14, 12, 14, 13], [14, 13, 14, 14]]}
META {"type": "geom", "shape": "tile", "group": "reachable", "data": [[3, 1], [3, 2], [3, 3], [4, 3], [5, 3], [4, 4], [5, 4], [4, 5], [6, 3], [5, 5], [4, 6], [7, 3], [6, 2], [5, 6], [4, 7], [7, 2], [6, 1], [8, 3], [7, 4], [5, 7], [4, 8], [7, 1], [7, 5], [3, 8], [5, 8], [6, 7], [7, 6], [2, 8], [6, 8], [5, 9], [7, 7], [8, 6], [6, 9], [5, 10], [8, 7], [4, 10], [6, 10], [5, 11], [9, 7], [3, 10], [4, 11], [6, 11], [5, 12], [7, 10], [10, 7], [2, 10], [3, 11], [4, 12], [6, 12], [5, 13], [8, 10], [11, 7], [3, 12], [4, 13], [6, 13], [5, 14], [7, 12], [9, 10], [8, 11], [12, 7], [11, 6], [11, 8], [2, 12], [4, 14], [7, 13], [8, 12], [9, 11], [10, 10], [12, 6], [12, 8], [11, 9], [1, 12], [7, 14], [9, 12], [10, 11], [11, 10], [1, 11], [1, 13], [10, 12], [11, 11], [10, 13], [11, 13], [10, 14]]}
