XXXXXXXXXXXXXXXX
XX0-----------1X
XXXXXXX-X--X-XXX
XXXXXXXXXXXXXXXX
X---XXXXXXXXXXXX
X---XXX-------XX
XX--XXX--------X
XX-X---X-XX----X
X--X---X-XX---XX
XX-X---X-XX--X-X
XX--X-X-----X-XX
X-XX--X--------X
XXXXX-X------XXX
XXXXX--XXX---XXX
X2------------3X
XXXXXXXXXXXXXXXX
META {"type": "solver", "id": "pysat-rc2", "objective": 0}
META {"type": "geom", "shape": "path", "group": "path", "data": [[1, 2, 1, 3], [1, 3, 1, 4], [1, 4, 1, 5], [1, 5, 1, 6], [1, 6, 1, 7], [1, 7, 1, 8], [1, 8, 1, 9], [1, 9, 1, 10], [1, 10, 1, 11], [1, 11, 1, 12], [1, 12, 1, 13], [1, 13, 1, 14]]}
META {"type": "geom", "shape": "tile", "group": "path", "data": [[1, 2], [1, 3], [1, 4], [1, 5], [1, 6], [1, 7], [1, 8], [1, 9], [1, 10], [1, 11], [1, 12], [1, 13], [1, 14]]}
META {"type": "geom", "shape": "line", "group": "offpath", "data": [[13, 12, 14, 12], [9, 11, 10, 11], [9, 8, 10, 8], [9, 12, 8, 12], [14, 12, 13, 12], [6, 11, 6, 12], [6, 13, 5, 13], [6, 12, 7, 12], [6, 10, 5, 10], [11, 10, 11, 9], [11, 9, 11, 10], [7, 11, 6, 11], [7, 12, 7, 11], [2, 10, 2, 9], [2, 9, 2, 10], [8, 12, 9, 12], [5, 13, 6, 13], [5, 10, 6, 10], [10, 11, 9, 11], [10, 8, 9, 8], [10, 10, 10, 9], [10, 9, 10, 10]]}
META {"type": "geom", "shape": "path", "group": "path", "data": [[14, 1, 14, 2], [14, 2, 14, 3], [14, 3, 14, 4], [14, 4, 14, 5], [14, 5, 14, 6], [14, 6, 14, 7], [14, 7, 14, 8], [14, 8, 14, 9], [14, 9, 14, 10], [14, 10, 13, 10], [13, 10, 12, 10], [12, 10, 12, 11], [12, 11, 13, 11], [13, 11, 14, 11], [14, 11, 14, 12], [14, 12, 14, 13], [14, 13, 14, 14]]}
META {"type": "geom", "shape": "tile", "group": "path", "data": [[14, 1], [14, 2], [14, 3], [14, 4], [14, 5], [14, 6], [14, 7], [14, 8], [14, 9], [14, 10], [13, 10], [12, 10], [12, 11], [13, 11], [14, 11], [14, 12], [14, 13], [14, 14]]}
META {"type": "geom", "shape": "line", "group": "offpath", "data": [[13, 12, 12, 12], [9, 5, 9, 4], [9, 4, 9, 5], [1, 11, 1, 12], [1, 12, 1, 11], [6, 11, 7, 11], [6, 8, 6, 7], [6, 10, 5, 10], [6, 7, 5, 7], [6, 14, 7, 14], [11, 11, 11, 12], [11, 13, 10, 13], [11, 8, 11, 7], [11, 12, 11, 11], [11, 10, 11, 9], [11, 7, 11, 8], [11, 9, 11, 10], [7, 11, 6, 11], [7, 8, 8, 8], [7, 14, 6, 14], [8, 8, 7, 8], [12, 8, 12, 9], [12, 12, 13, 12], [12, 9, 12, 8], [5, 13, 5, 12], [5, 8, 6, 8], [5, 12, 5, 13], [5, 10, 6, 10], [5, 7, 5, 8], [10, 11, 10, 10], [10, 13, 11, 13], [10, 8, 10, 9], [10, 10, 10, 11], [10, 9, 10, 8]]}
