XXXXXXXXXXXXXXXX
X0---XX-----1XXX
XXX--XX-X--XXXXX
XXX-----X--XXXXX
XXXXXXX-X---XX-X
XXXXXXXX-XXX--XX
X---XXXX-XXX--XX
X-XXXXXXX----XXX
X-XXXXXXX-XX-XXX
X-XXX-XX--XX---X
X-------X------X
X--------------X
XXX---XXX---XXXX
XXX-------X-XXXX
X2------------3X
XXXXXXXXXXXXXXXX
META {"type": "solver", "id": "pysat-rc2-boolonly", "objective": 0}
META {"type": "geom", "shape": "path", "group": "path", "data": [[1, 1, 1, 2], [1, 2, 1, 3], [1, 3, 2, 3], [2, 3, 3, 3], [3, 3, 3, 4], [3, 4, 3, 5], [3, 5, 3, 6], [3, 6, 3, 7], [3, 7, 2, 7], [2, 7, 1, 7], [1, 7, 1, 8], [1, 8, 1, 9], [1, 9, 2, 9], [2, 9, 3, 9], [3, 9, 4, 9], [4, 9, 4, 10], [4, 10, 3, 10], [3, 10, 2, 10], [2, 10, 1, 10], [1, 10, 1, 11], [1, 11, 1, 12]]}
META {"type": "geom", "shape": "tile", "group": "path", "data": [[1, 1], [1, 2], [1, 3], [2, 3], [3, 3], [3, 4], [3, 5], [3, 6], [3, 7], [2, 7], [1, 7], [1, 8], [1, 9], [2, 9], [3, 9], [4, 9], [4, 10], [3, 10], [2, 10], [1, 10], [1, 11], [1, 12]]}
META {"type": "geom", "shape": "line", "group": "offpath", "data": [[1, 4, 2, 4], [2, 4, 1, 4]]}
META {"type": "geom", "shape": "path", "group": "path", "data": [[14, 1, 14, 2], [14, 2, 14, 3], [14, 3, 13, 3], [13, 3, 12, 3], [12, 3, 12, 4], [12, 4, 12, 5], [12, 5, 11, 5], [11, 5, 11, 4], [11, 4, 10, 4], [10, 4, 10, 5], [10, 5, 10, 6], [10, 6, 11, 6], [11, 6, 11, 7], [11, 7, 11, 8], [11, 8, 11, 9], [11, 9, 11, 10], [11, 10, 12, 10], [12, 10, 12, 9], [12, 9, 13, 9], [13, 9, 13, 8], [13, 8, 14, 8], [14, 8, 14, 9], [14, 9, 14, 10], [14, 10, 14, 11], [14, 11, 14, 12], [14, 12, 14, 13], [14, 13, 14, 14]]}
META {"type": "geom", "shape": "tile", "group": "path", "data": [[14, 1], [14, 2], [14, 3], [13, 3], [12, 3], [12, 4], [12, 5], [11, 5], [11, 4], [10, 4], [10, 5], [10, 6], [11, 6], [11, 7], [11, 8], [11, 9], [11, 10], [12, 10], [12, 9], [13, 9], [13, 8], [14, 8], [14, 9], [14, 10], [14, 11], [14, 12], [14, 13], [14, 14]]}
META {"type": "geom", "shape": "line", "group": "offpath", "data": [[10, 10, 10, 11], [10, 2, 10, 3], [10, 14, 10, 13], [10, 11, 10, 10], [10, 3, 10, 2], [10, 13, 9, 13], [10, 12, 11, 12], [10, 1, 11, 1], [1, 10, 1, 9], [1, 9, 2, 9], [13, 6, 13, 7], [13, 5, 13, 6], [13, 4, 13, 5], [13, 7, 14, 7], [9, 13, 9, 12], [9, 12, 10, 12], [2, 10, 1, 10], [2, 9, 2, 10], [14, 6, 14, 5], [14, 5, 14, 4], [14, 4, 13, 4], [14, 7, 14, 6], [11, 2, 11, 3], [11, 14, 10, 14], [11, 3, 11, 2], [11, 13, 11, 14], [11, 12, 11, 13], [11, 1, 10, 1]]}
