XXXXXXXXXXXXXXXX
----------------
--------------}-
-------------XXX
----------XX-XXX
XX-----XX-XX----
XX-----XX-----XX
-----XXXXXX---XX
-----XXXXXX-----
XX---------XXXXX
XX--XX-----XXXXX
----XX----------
--XXXXXX-XX-----
--XXXXXX-XX-----
-------------XX-
-------------XX-
--XX-----XX-----
--XX-----XX-----
--XX--------{---
XXXXXXXXXXXXXXXX
META {"type": "solver", "id": "pysat-rc2", "objective": 0}
META {"type": "geom", "shape": "path", "group": "path", "data": [[18, 12, 18, 11], [18, 11, 18, 10], [18, 10, 18, 9], [18, 9, 18, 8], [18, 8, 18, 7], [18, 7, 18, 6], [18, 6, 18, 5], [18, 5, 18, 4], [18, 4, 17, 4], [17, 4, 14, 8], [14, 8, 15, 9], [15, 9, 15, 10], [15, 10, 13, 13], [13, 13, 11, 10], [11, 10, 11, 9], [11, 9, 9, 5], [9, 5, 9, 4], [9, 4, 7, 1], [7, 1, 8, 1], [8, 1, 6, 5], [6, 5, 4, 0], [4, 0, 4, 1], [4, 1, 2, 5], [2, 5, 3, 6], [3, 6, 4, 7], [4, 7, 4, 8], [4, 8, 3, 10], [3, 10, 3, 11], [3, 11, 1, 14], [1, 14, 2, 13], [2, 13, 2, 14]]}
META {"type": "geom", "shape": "tile", "group": "path", "data": [[18, 12], [18, 11], [18, 10], [18, 9], [18, 8], [18, 7], [18, 6], [18, 5], [18, 4], [17, 4], [17, 5], [16, 5], [16, 6], [15, 6], [15, 7], [14, 7], [14, 8], [15, 8], [15, 9], [15, 10], [15, 11], [14, 11], [14, 12], [13, 12], [13, 13], [13, 12], [12, 12], [12, 11], [11, 11], [11, 10], [11, 9], [11, 8], [10, 8], [10, 7], [9, 7], [9, 6], [9, 5], [9, 4], [9, 3], [8, 3], [8, 2], [7, 2], [7, 1], [8, 1], [8, 2], [7, 2], [7, 3], [6, 3], [6, 4], [6, 5], [6, 4], [5, 4], [5, 3], [4, 3], [4, 2], [4, 1], [4, 0], [4, 1], [4, 2], [3, 2], [3, 3], [2, 3], [2, 4], [2, 5], [3, 5], [3, 6], [4, 6], [4, 7], [4, 8], [4, 9], [3, 9], [3, 10], [3, 11], [3, 12], [2, 12], [2, 13], [1, 13], [1, 14], [2, 14], [2, 13], [2, 14]]}
META {"type": "geom", "shape": "line", "group": "offpath", "data": [[6, 9, 5, 9], [8, 11, 8, 12], [8, 12, 8, 11], [10, 8, 11, 7], [10, 6, 11, 6], [9, 9, 10, 8], [5, 9, 6, 9], [18, 14, 18, 15], [18, 15, 18, 14], [11, 6, 10, 6], [11, 7, 9, 9]]}
