XXXXXXXXXXXXXXXX
----------------
-}--------------
XXX-XX----------
XXX-XX----XX----
----------XX--XX
XXXXXXX---XX--XX
XXXXXXX---XX----
--------XXXXXXXX
--------XXXXXXXX
----XX----------
----XX----------
XX----XXX-----XX
XX----XXX-XX--XX
----XX----XX----
----XX----------
XX----XX--------
XX----XX--------
---{--XX--------
XXXXXXXXXXXXXXXX
META {"type": "solver", "id": "pysat-rc2", "objective": 0}
META {"type": "geom", "shape": "path", "group": "path", "data": [[18, 3, 18, 4], [18, 4, 18, 5], [18, 5, 16, 5], [16, 5, 17, 5], [17, 5, 14, 1], [14, 1, 15, 0], [15, 0, 15, 1], [15, 1, 13, 4], [13, 4, 11, 0], [11, 0, 11, 1], [11, 1, 9, 4], [9, 4, 9, 5], [9, 5, 7, 9], [7, 9, 4, 9], [4, 9, 5, 9], [5, 9, 2, 5], [2, 5, 2, 4], [2, 4, 1, 3], [1, 3, 2, 2], [2, 2, 2, 1]]}
META {"type": "geom", "shape": "tile", "group": "path", "data": [[18, 3], [18, 4], [18, 5], [17, 5], [16, 5], [17, 5], [17, 4], [16, 4], [16, 3], [15, 3], [15, 2], [14, 2], [14, 1], [15, 1], [15, 0], [15, 1], [15, 2], [14, 2], [14, 3], [13, 3], [13, 4], [13, 3], [12, 3], [12, 2], [11, 2], [11, 1], [11, 0], [11, 1], [11, 2], [10, 2], [10, 3], [9, 3], [9, 4], [9, 5], [9, 6], [8, 6], [8, 7], [7, 7], [7, 8], [7, 9], [6, 9], [5, 9], [4, 9], [5, 9], [5, 8], [4, 8], [4, 7], [3, 7], [3, 6], [2, 6], [2, 5], [2, 4], [2, 3], [1, 3], [2, 3], [2, 2], [2, 1]]}
META {"type": "geom", "shape": "line", "group": "offpath", "data": [[17, 8, 18, 8], [12, 10, 12, 11], [12, 11, 12, 10], [12, 5, 13, 5], [2, 15, 3, 14], [2, 8, 3, 7], [2, 11, 3, 11], [5, 3, 5, 4], [5, 4, 5, 3], [5, 13, 6, 13], [5, 6, 3, 10], [5, 12, 3, 15], [13, 5, 12, 5], [18, 8, 16, 8], [18, 11, 18, 12], [18, 2, 18, 1], [18, 12, 18, 11], [18, 1, 18, 2], [1, 15, 2, 15], [1, 8, 2, 8], [11, 15, 11, 14], [11, 8, 11, 7], [11, 7, 11, 8], [11, 14, 11, 15], [3, 10, 1, 8], [3, 15, 4, 14], [3, 11, 1, 15], [3, 7, 4, 6], [3, 14, 4, 13], [6, 13, 7, 14], [7, 13, 7, 12], [7, 12, 4, 12], [7, 14, 7, 13], [4, 13, 5, 13], [4, 6, 5, 6], [4, 12, 5, 12], [4, 14, 2, 11], [16, 8, 17, 8]]}
