XXXXXXXXXXXXXXXX
----------------
----XX-------XXX
XX--XX-------XXX
XX----XX--XX----
------XX--XX--}-
------XX-----XXX
XXX---XX-----XXX
XXX-XXXXXXX-----
----XXXXXXX-----
-------------XXX
-------------XXX
----XXX--XX-----
----XXX--XX-----
-------------XX-
----------XX-XX-
----XX----XX----
----XX----------
----XX------{---
XXXXXXXXXXXXXXXX
META {"type": "solver", "id": "pysat-rc2", "objective": 0}
META {"type": "geom", "shape": "path", "group": "path", "data": [[18, 12, 18, 11], [18, 11, 18, 10], [18, 10, 18, 9], [18, 9, 18, 8], [18, 8, 18, 7], [18, 7, 18, 6], [18, 6, 17, 6], [17, 6, 14, 10], [14, 10, 14, 11], [14, 11, 13, 13], [13, 13, 11, 10], [11, 10, 9, 14], [9, 14, 9, 13], [9, 13, 7, 8], [7, 8, 4, 8], [4, 8, 5, 9], [5, 9, 6, 10], [6, 10, 7, 10], [7, 10, 5, 13], [5, 13, 5, 14]]}
META {"type": "geom", "shape": "tile", "group": "path", "data": [[18, 12], [18, 11], [18, 10], [18, 9], [18, 8], [18, 7], [18, 6], [17, 6], [17, 7], [16, 7], [16, 8], [15, 8], [15, 9], [14, 9], [14, 10], [14, 11], [14, 12], [13, 12], [13, 13], [13, 12], [12, 12], [12, 11], [11, 11], [11, 10], [11, 11], [10, 11], [10, 12], [9, 12], [9, 13], [9, 14], [9, 13], [9, 12], [8, 12], [8, 11], [7, 11], [7, 10], [7, 9], [7, 8], [6, 8], [5, 8], [4, 8], [5, 8], [5, 9], [6, 9], [6, 10], [7, 10], [7, 11], [6, 11], [6, 12], [5, 12], [5, 13], [5, 14]]}
META {"type": "geom", "shape": "line", "group": "offpath", "data": [[1, 3, 2, 3], [1, 11, 2, 12], [1, 6, 2, 7], [7, 4, 6, 2], [7, 5, 4, 5], [4, 9, 5, 8], [4, 4, 5, 3], [4, 5, 5, 5], [4, 2, 5, 2], [6, 4, 7, 5], [6, 3, 7, 4], [6, 2, 4, 4], [11, 5, 11, 6], [11, 6, 11, 5], [2, 12, 3, 11], [2, 3, 3, 3], [2, 1, 1, 3], [2, 7, 3, 6], [2, 6, 3, 7], [5, 3, 6, 4], [5, 8, 4, 9], [5, 5, 2, 1], [5, 2, 6, 3], [3, 10, 1, 6], [3, 3, 4, 2], [3, 11, 3, 10], [3, 7, 1, 11], [3, 6, 2, 6]]}
