XXXXXXXXXXXXXXXX
----------------
---------XX--XXX
XX-------XX--XXX
XX---XX---------
-----XX-------}-
XXX------XXXXXXX
XXX------XXXXXXX
-----XXX--------
-----XXX--------
-XX-------XXXXXX
-XX-------XXXXXX
XXXXX-XX--------
XXXXX-XX--------
-----------XX---
---XX---XX-XX---
---XX---XX------
---XX-----------
---XX-{---------
XXXXXXXXXXXXXXXX
META {"type": "solver", "id": "pysat-rc2", "objective": 0}
META {"type": "geom", "shape": "path", "group": "path", "data": [[18, 6, 18, 5], [18, 5, 15, 5], [15, 5, 16, 5], [16, 5, 13, 9], [13, 9, 14, 9], [14, 9, 12, 12], [12, 12, 13, 11], [13, 11, 11, 7], [11, 7, 11, 6], [11, 6, 9, 1], [9, 1, 9, 2], [9, 2, 7, 7], [7, 7, 6, 8], [6, 8, 7, 8], [7, 8, 8, 9], [8, 9, 9, 10], [9, 10, 7, 6], [7, 6, 7, 5], [7, 5, 5, 2], [5, 2, 3, 6], [3, 6, 1, 11], [1, 11, 2, 12], [2, 12, 3, 11], [3, 11, 4, 10], [4, 10, 5, 10], [5, 10, 5, 11], [5, 11, 5, 12], [5, 12, 5, 13], [5, 13, 5, 14]]}
META {"type": "geom", "shape": "tile", "group": "path", "data": [[18, 6], [18, 5], [17, 5], [16, 5], [15, 5], [16, 5], [16, 6], [15, 6], [15, 7], [14, 7], [14, 8], [13, 8], [13, 9], [14, 9], [14, 10], [13, 10], [13, 11], [12, 11], [12, 12], [13, 12], [13, 11], [13, 10], [12, 10], [12, 9], [11, 9], [11, 8], [11, 7], [11, 6], [11, 5], [10, 5], [10, 4], [9, 4], [9, 3], [9, 2], [9, 1], [9, 2], [9, 3], [8, 3], [8, 4], [7, 4], [7, 5], [7, 6], [7, 7], [7, 8], [6, 8], [7, 8], [8, 8], [8, 9], [9, 9], [9, 10], [9, 9], [8, 9], [8, 8], [7, 8], [7, 7], [7, 6], [7, 5], [7, 4], [6, 4], [6, 3], [5, 3], [5, 2], [5, 3], [4, 3], [4, 4], [3, 4], [3, 5], [3, 6], [3, 7], [2, 7], [2, 8], [1, 8], [1, 9], [1, 10], [1, 11], [2, 11], [2, 12], [3, 12], [3, 11], [4, 11], [4, 10], [5, 10], [5, 11], [5, 12], [5, 13], [5, 14]]}
META {"type": "geom", "shape": "line", "group": "offpath", "data": [[5, 1, 5, 0], [5, 0, 5, 1], [11, 4, 11, 3], [11, 3, 11, 4], [18, 1, 18, 2], [18, 2, 18, 1]]}
