XXXXXXXXXXXXXXXX
XXXXXXXXXXXXXXXX
XXX-XXX}XXX---XX
XXX-----XXX-#-XX
XXX--X--------XX
XX--XX-XXXXX--XX
XX---XXXXXXX--XX
XX##-XXXXXXX--XX
XX---XXXXX----XX
XX##--XXX-----XX
XX----XXX--#--XX
XX-----------XXX
XX----------XXXX
XX--XXX-X----XXX
XX--XXXXX--#-XXX
XXX-XXXXX-----XX
XXX-XXX--#--#-XX
XXX-XXX-------XX
XX-----#--#---XX
XXX----------XXX
XXX--XX-----XXXX
XXXX--X-X-X--XXX
XXXX---XXXXX-XXX
XXXX##-XXXXX--XX
XXXX---XXXX---XX
XX--X---------XX
XX-XX-----###-XX
XX--X---------XX
XX------------XX
XX-X-----{--XXXX
XXXXXXXXXXXXXXXX
XXXXXXXXXXXXXXXX
META {"type": "solver", "id": "pysat-rc2", "objective": 0}
META {"type": "geom", "shape": "path", "group": "path", "data": [[29, 9, 25, 9], [25, 9, 25, 5], [25, 5, 24, 5], [24, 5, 24, 6], [24, 6, 22, 6], [22, 6, 22, 4], [22, 4, 18, 4], [18, 4, 18, 2], [18, 2, 18, 6], [18, 6, 19, 6], [19, 6, 19, 12], [19, 12, 17, 12], [17, 12, 17, 13], [17, 13, 17, 7], [17, 7, 16, 7], [16, 7, 16, 8], [16, 8, 20, 8], [20, 8, 20, 7], [20, 7, 21, 7], [21, 7, 19, 7], [19, 7, 19, 3], [19, 3, 20, 3], [20, 3, 10, 3], [10, 3, 10, 5], [10, 5, 12, 5], [12, 5, 12, 11], [12, 11, 13, 11], [13, 11, 13, 9], [13, 9, 9, 9], [9, 9, 9, 13], [9, 13, 10, 13], [10, 13, 10, 12], [10, 12, 4, 12], [4, 12, 4, 6], [4, 6, 5, 6], [5, 6, 3, 6], [3, 6, 3, 7], [3, 7, 4, 7], [4, 7, 2, 7]]}
META {"type": "geom", "shape": "tile", "group": "path", "data": [[29, 9], [28, 9], [27, 9], [26, 9], [25, 9], [25, 8], [25, 7], [25, 6], [25, 5], [24, 5], [24, 6], [23, 6], [22, 6], [22, 5], [22, 4], [21, 4], [20, 4], [19, 4], [18, 4], [18, 3], [18, 2], [18, 3], [18, 4], [18, 5], [18, 6], [19, 6], [19, 7], [19, 8], [19, 9], [19, 10], [19, 11], [19, 12], [18, 12], [17, 12], [17, 13], [17, 12], [17, 11], [17, 10], [17, 9], [17, 8], [17, 7], [16, 7], [16, 8], [17, 8], [18, 8], [19, 8], [20, 8], [20, 7], [21, 7], [20, 7], [19, 7], [19, 6], [19, 5], [19, 4], [19, 3], [20, 3], [19, 3], [18, 3], [17, 3], [16, 3], [15, 3], [14, 3], [13, 3], [12, 3], [11, 3], [10, 3], [10, 4], [10, 5], [11, 5], [12, 5], [12, 6], [12, 7], [12, 8], [12, 9], [12, 10], [12, 11], [13, 11], [13, 10], [13, 9], [12, 9], [11, 9], [10, 9], [9, 9], [9, 10], [9, 11], [9, 12], [9, 13], [10, 13], [10, 12], [9, 12], [8, 12], [7, 12], [6, 12], [5, 12], [4, 12], [4, 11], [4, 10], [4, 9], [4, 8], [4, 7], [4, 6], [5, 6], [4, 6], [3, 6], [3, 7], [4, 7], [3, 7], [2, 7]]}
META {"type": "geom", "shape": "line", "group": "offpath", "data": [[10, 9, 10, 10], [10, 10, 10, 9], [17, 9, 21, 9], [24, 13, 24, 11], [24, 11, 24, 13], [6, 3, 2, 3], [21, 12, 25, 12], [21, 11, 15, 11], [21, 5, 22, 5], [21, 9, 17, 9], [18, 8, 18, 9], [18, 9, 18, 8], [12, 6, 11, 6], [12, 8, 11, 8], [14, 3, 14, 2], [14, 2, 14, 3], [11, 6, 12, 6], [11, 7, 13, 7], [11, 8, 12, 8], [25, 3, 25, 2], [25, 12, 25, 13], [25, 13, 23, 13], [25, 2, 25, 3], [22, 5, 21, 5], [15, 11, 21, 11], [27, 3, 28, 3], [27, 11, 27, 5], [27, 5, 29, 5], [2, 3, 6, 3], [2, 13, 2, 11], [2, 11, 4, 11], [8, 4, 8, 2], [8, 11, 9, 11], [8, 2, 8, 4], [13, 3, 13, 2], [13, 7, 11, 7], [13, 2, 13, 3], [23, 12, 21, 12], [23, 13, 23, 12], [29, 4, 28, 4], [29, 11, 27, 11], [29, 5, 29, 11], [28, 3, 27, 3], [28, 4, 29, 4], [26, 5, 26, 9], [26, 9, 26, 5], [9, 11, 8, 11], [4, 3, 4, 4], [4, 4, 4, 3], [4, 13, 2, 13], [4, 11, 4, 13]]}
