XXXXXXXXXXXXXXXX
XXXXXXXXXXXXXXXX
XXXXXX-XXX}XXXXX
XXXXX--XXX--XXXX
XX-----XXX--XXXX
XX-#--#---#--XXX
XX-----------XXX
XX---#--------XX
XX-----#-X--X-XX
XXXXX----XXXXXXX
XXXXX##--XXXXXXX
XXXXX----XXXXXXX
XX-----#-----XXX
XX-#-----##---XX
XX---X--------XX
XX--XX-XX---#-XX
XX---X--X-----XX
XXX-----------XX
XXX-#-----##--XX
XXX-----#-----XX
XXX---------#-XX
XX---#--------XX
XX-----X---#--XX
XX--#-XXXX---XXX
XXX---XXXX--XXXX
XXX---XXX---XXXX
XXX-------X--XXX
XX-------XXX-XXX
XXXX---{-XXX--XX
XXXXXXXXXXXX--XX
XXXXXXXXXXXXXXXX
XXXXXXXXXXXXXXXX
META {"type": "solver", "id": "pysat-rc2", "objective": 0}
META {"type": "geom", "shape": "path", "group": "path", "data": [[28, 7, 26, 7], [26, 7, 26, 9], [26, 9, 25, 9], [25, 9, 25, 11], [25, 11, 23, 11], [23, 11, 23, 10], [23, 10, 19, 10], [19, 10, 19, 9], [19, 9, 19, 13], [19, 13, 13, 13], [13, 13, 13, 11], [13, 11, 17, 11], [17, 11, 17, 13], [17, 13, 17, 3], [17, 3, 27, 3], [27, 3, 27, 2], [27, 2, 27, 8], [27, 8, 28, 8], [28, 8, 28, 4], [28, 4, 24, 4], [24, 4, 24, 3], [24, 3, 14, 3], [14, 3, 14, 2], [14, 2, 12, 2], [12, 2, 12, 6], [12, 6, 22, 6], [22, 6, 22, 2], [22, 2, 23, 2], [23, 2, 21, 2], [21, 2, 21, 4], [21, 4, 19, 4], [19, 4, 19, 3], [19, 3, 19, 7], [19, 7, 21, 7], [21, 7, 21, 13], [21, 13, 22, 13], [22, 13, 22, 12], [22, 12, 21, 12], [21, 12, 21, 6], [21, 6, 11, 6], [11, 6, 11, 8], [11, 8, 5, 8], [5, 8, 5, 9], [5, 9, 5, 7], [5, 7, 7, 7], [7, 7, 7, 6], [7, 6, 6, 6], [6, 6, 6, 12], [6, 12, 7, 12], [7, 12, 5, 12], [5, 12, 5, 11], [5, 11, 3, 11], [3, 11, 3, 10], [3, 10, 2, 10]]}
META {"type": "geom", "shape": "tile", "group": "path", "data": [[28, 7], [27, 7], [26, 7], [26, 8], [26, 9], [25, 9], [25, 10], [25, 11], [24, 11], [23, 11], [23, 10], [22, 10], [21, 10], [20, 10], [19, 10], [19, 9], [19, 10], [19, 11], [19, 12], [19, 13], [18, 13], [17, 13], [16, 13], [15, 13], [14, 13], [13, 13], [13, 12], [13, 11], [14, 11], [15, 11], [16, 11], [17, 11], [17, 12], [17, 13], [17, 12], [17, 11], [17, 10], [17, 9], [17, 8], [17, 7], [17, 6], [17, 5], [17, 4], [17, 3], [18, 3], [19, 3], [20, 3], [21, 3], [22, 3], [23, 3], [24, 3], [25, 3], [26, 3], [27, 3], [27, 2], [27, 3], [27, 4], [27, 5], [27, 6], [27, 7], [27, 8], [28, 8], [28, 7], [28, 6], [28, 5], [28, 4], [27, 4], [26, 4], [25, 4], [24, 4], [24, 3], [23, 3], [22, 3], [21, 3], [20, 3], [19, 3], [18, 3], [17, 3], [16, 3], [15, 3], [14, 3], [14, 2], [13, 2], [12, 2], [12, 3], [12, 4], [12, 5], [12, 6], [13, 6], [14, 6], [15, 6], [16, 6], [17, 6], [18, 6], [19, 6], [20, 6], [21, 6], [22, 6], [22, 5], [22, 4], [22, 3], [22, 2], [23, 2], [22, 2], [21, 2], [21, 3], [21, 4], [20, 4], [19, 4], [19, 3], [19, 4], [19, 5], [19, 6], [19, 7], [20, 7], [21, 7], [21, 8], [21, 9], [21, 10], [21, 11], [21, 12], [21, 13], [22, 13], [22, 12], [21, 12], [21, 11], [21, 10], [21, 9], [21, 8], [21, 7], [21, 6], [20, 6], [19, 6], [18, 6], [17, 6], [16, 6], [15, 6], [14, 6], [13, 6], [12, 6], [11, 6], [11, 7], [11, 8], [10, 8], [9, 8], [8, 8], [7, 8], [6, 8], [5, 8], [5, 9], [5, 8], [5, 7], [6, 7], [7, 7], [7, 6], [6, 6], [6, 7], [6, 8], [6, 9], [6, 10], [6, 11], [6, 12], [7, 12], [6, 12], [5, 12], [5, 11], [4, 11], [3, 11], [3, 10], [2, 10]]}
META {"type": "geom", "shape": "line", "group": "offpath", "data": [[2, 6, 4, 6], [28, 13, 28, 12], [28, 12, 29, 12], [19, 11, 21, 11], [8, 5, 8, 6], [8, 10, 6, 10], [8, 6, 9, 6], [16, 13, 16, 9], [16, 7, 16, 6], [16, 6, 16, 7], [16, 9, 16, 13], [21, 11, 19, 11], [13, 7, 14, 7], [9, 5, 8, 5], [9, 6, 9, 5], [3, 5, 3, 6], [3, 6, 3, 5], [6, 10, 8, 10], [18, 8, 17, 8], [14, 7, 13, 7], [29, 13, 28, 13], [29, 12, 29, 13], [4, 10, 4, 11], [4, 6, 2, 6], [4, 11, 4, 10], [5, 5, 5, 4], [5, 4, 5, 5], [17, 8, 18, 8], [22, 8, 22, 10], [22, 10, 22, 8]]}
