XXXXXXXXXXXXXXXX
XXXXXXXXXXXXXXXX
XXXX}XXX-----XXX
XXXX-XXX-X---XXX
XXX-----XX-#-XXX
XXX------X---XXX
XXX---##--#---XX
XXX-----------XX
XX---#-----#--XX
XX-----X------XX
XX-----XX---#-XX
XX-XX---X-#---XX
XX-XX-#-------XX
XX--X----X-X--XX
XX-----#-XXX--XX
XXXX-----XXX--XX
XXXX-X---XXXXXXX
XXX-XX---XXXXXXX
XXX--XXX--XXXXXX
XX----XXX-XXX-XX
XX--X-XXX-----XX
XX--XXXXX-----XX
XXX--XXXX-X---XX
XXXX-XXXX-XXXXXX
XXXX-XXX--XXXXXX
XX------X-XXXXXX
XXX-XXXXX-XXX-XX
XXX--XXXX-----XX
XXX--XXXX-----XX
XXX--XXXX-{-XXXX
XXXXXXXXXXXXXXXX
XXXXXXXXXXXXXXXX
META {"type": "solver", "id": "pysat-rc2", "objective": 0}
META {"type": "geom", "shape": "path", "group": "path", "data": [[29, 10, 27, 10], [27, 10, 27, 9], [27, 9, 27, 13], [27, 13, 26, 13], [26, 13, 28, 13], [28, 13, 28, 9], [28, 9, 18, 9], [18, 9, 18, 8], [18, 8, 12, 8], [12, 8, 12, 7], [12, 7, 11, 7], [11, 7, 13, 7], [13, 7, 13, 5], [13, 5, 15, 5], [15, 5, 15, 4], [15, 4, 14, 4], [14, 4, 14, 2], [14, 2, 8, 2], [8, 2, 8, 4], [8, 4, 2, 4]]}
META {"type": "geom", "shape": "tile", "group": "path", "data": [[29, 10], [28, 10], [27, 10], [27, 9], [27, 10], [27, 11], [27, 12], [27, 13], [26, 13], [27, 13], [28, 13], [28, 12], [28, 11], [28, 10], [28, 9], [27, 9], [26, 9], [25, 9], [24, 9], [23, 9], [22, 9], [21, 9], [20, 9], [19, 9], [18, 9], [18, 8], [17, 8], [16, 8], [15, 8], [14, 8], [13, 8], [12, 8], [12, 7], [11, 7], [12, 7], [13, 7], [13, 6], [13, 5], [14, 5], [15, 5], [15, 4], [14, 4], [14, 3], [14, 2], [13, 2], [12, 2], [11, 2], [10, 2], [9, 2], [8, 2], [8, 3], [8, 4], [7, 4], [6, 4], [5, 4], [4, 4], [3, 4], [2, 4]]}
META {"type": "geom", "shape": "line", "group": "offpath", "data": [[10, 3, 4, 3], [2, 11, 3, 11], [19, 5, 20, 5], [11, 11, 12, 11], [11, 13, 11, 11], [11, 12, 11, 13], [11, 6, 11, 5], [11, 5, 9, 5], [15, 13, 15, 12], [15, 12, 11, 12], [20, 12, 22, 12], [20, 5, 19, 5], [20, 2, 20, 3], [20, 3, 20, 2], [8, 13, 8, 12], [8, 12, 8, 13], [8, 6, 8, 10], [8, 10, 8, 6], [5, 11, 5, 10], [5, 12, 9, 12], [5, 10, 5, 12], [6, 11, 7, 11], [6, 13, 6, 11], [6, 9, 6, 8], [6, 8, 6, 9], [7, 11, 5, 11], [7, 13, 7, 3], [7, 3, 7, 13], [28, 12, 27, 12], [25, 3, 29, 3], [4, 3, 10, 3], [21, 13, 21, 9], [21, 9, 21, 13], [27, 12, 28, 12], [9, 13, 15, 13], [9, 12, 9, 13], [9, 6, 11, 6], [9, 5, 9, 6], [22, 11, 22, 13], [22, 13, 22, 11], [22, 12, 20, 12], [29, 3, 25, 3], [3, 11, 2, 11], [3, 12, 3, 10], [3, 10, 3, 12], [12, 11, 12, 13], [12, 13, 6, 13], [13, 13, 13, 12], [13, 12, 13, 13], [13, 3, 14, 3], [14, 3, 13, 3]]}
