XXXXXXXXXXXXXXXX
XXXXXXXXXXXXXXXX
XXX--XXXX}XXX-XX
XX---XXXX-XXX-XX
XX-#------XXX-XX
XX-------#----XX
XX--X--------XXX
XX--XX-##-XXXXXX
XX---X----XXXXXX
XX---XX---XXXXXX
XXX---X--X---XXX
XXXX-----XX--XXX
XXXXXXX---X--XXX
XXX-XXX-#-----XX
XXX-XXX---#---XX
XXXXXXX-----XXXX
XXXXXXX-----XXXX
XXXXX-------XXXX
XXXXXXXX------XX
XXXXXXXXXXX-XXXX
XXXXXXXXXXX--XXX
XXXXXXXXXXX--XXX
XX-----------XXX
XX-----#-##--XXX
XX--#--------XXX
XX------------XX
XX-X-------##-XX
XXXX-##--X----XX
XXXX----XXX---XX
XXX-{--XXXX-XXXX
XXXXXXXXXXXXXXXX
XXXXXXXXXXXXXXXX
META {"type": "solver", "id": "pysat-rc2", "objective": 0}
META {"type": "geom", "shape": "path", "group": "path", "data": [[29, 4, 29, 6], [29, 6, 28, 6], [28, 6, 28, 7], [28, 7, 24, 7], [24, 7, 24, 5], [24, 5, 26, 5], [26, 5, 26, 4], [26, 4, 26, 10], [26, 10, 24, 10], [24, 10, 24, 12], [24, 12, 25, 12], [25, 12, 25, 2], [25, 2, 26, 2], [26, 2, 22, 2], [22, 2, 22, 12], [22, 12, 20, 12], [20, 12, 20, 11], [20, 11, 10, 11], [10, 11, 10, 12], [10, 12, 14, 12], [14, 12, 14, 11], [14, 11, 14, 13], [14, 13, 13, 13], [13, 13, 13, 9], [13, 9, 12, 9], [12, 9, 12, 7], [12, 7, 8, 7], [8, 7, 8, 9], [8, 9, 6, 9], [6, 9, 6, 5], [6, 5, 4, 5], [4, 5, 4, 9], [4, 9, 2, 9]]}
META {"type": "geom", "shape": "tile", "group": "path", "data": [[29, 4], [29, 5], [29, 6], [28, 6], [28, 7], [27, 7], [26, 7], [25, 7], [24, 7], [24, 6], [24, 5], [25, 5], [26, 5], [26, 4], [26, 5], [26, 6], [26, 7], [26, 8], [26, 9], [26, 10], [25, 10], [24, 10], [24, 11], [24, 12], [25, 12], [25, 11], [25, 10], [25, 9], [25, 8], [25, 7], [25, 6], [25, 5], [25, 4], [25, 3], [25, 2], [26, 2], [25, 2], [24, 2], [23, 2], [22, 2], [22, 3], [22, 4], [22, 5], [22, 6], [22, 7], [22, 8], [22, 9], [22, 10], [22, 11], [22, 12], [21, 12], [20, 12], [20, 11], [19, 11], [18, 11], [17, 11], [16, 11], [15, 11], [14, 11], [13, 11], [12, 11], [11, 11], [10, 11], [10, 12], [11, 12], [12, 12], [13, 12], [14, 12], [14, 11], [14, 12], [14, 13], [13, 13], [13, 12], [13, 11], [13, 10], [13, 9], [12, 9], [12, 8], [12, 7], [11, 7], [10, 7], [9, 7], [8, 7], [8, 8], [8, 9], [7, 9], [6, 9], [6, 8], [6, 7], [6, 6], [6, 5], [5, 5], [4, 5], [4, 6], [4, 7], [4, 8], [4, 9], [3, 9], [2, 9]]}
META {"type": "geom", "shape": "line", "group": "offpath", "data": [[27, 12, 28, 12], [26, 6, 22, 6], [26, 9, 24, 9], [7, 2, 7, 3], [7, 3, 7, 2], [16, 7, 16, 11], [16, 11, 16, 7], [8, 6, 4, 6], [8, 8, 8, 6], [12, 12, 12, 11], [12, 8, 8, 8], [12, 11, 12, 12], [17, 5, 17, 11], [17, 11, 17, 5], [3, 2, 9, 2], [3, 3, 2, 3], [5, 10, 6, 10], [5, 4, 5, 8], [5, 12, 5, 10], [5, 2, 3, 2], [5, 8, 5, 2], [5, 11, 6, 11], [2, 3, 3, 3], [14, 9, 18, 9], [14, 8, 14, 9], [28, 12, 27, 12], [28, 13, 28, 11], [28, 11, 28, 13], [9, 4, 11, 4], [9, 9, 9, 7], [9, 2, 9, 4], [9, 7, 9, 9], [6, 10, 6, 12], [6, 12, 5, 12], [6, 7, 4, 7], [6, 11, 5, 11], [10, 7, 10, 8], [10, 8, 10, 7], [4, 6, 4, 4], [4, 4, 5, 4], [4, 7, 6, 7], [22, 6, 26, 6], [24, 9, 26, 9], [11, 4, 11, 8], [11, 12, 11, 11], [11, 8, 12, 8], [11, 11, 11, 12], [18, 9, 18, 8], [18, 8, 14, 8]]}
