XXXXXXXXXXXXXXXX
X--}XXX--X--X--X
X-XXXXXXX--X-XXX
X-XXXXXXX-X--XXX
X-XXXXXXXX-X---X
X-XXXXXXXX-X---X
X-----XX---X-X-X
XXX-X----------X
XXX-X----XXX---X
X---X----XXXXX-X
XX------XXXXXX-X
X---XXX-XXXX{--X
XX------XXXXXXXX
XX-------XXXXXXX
X--------------X
XXXXXXXXXXXXXXXX
META {"type": "solver", "id": "pysat-rc2", "objective": 0}
META {"type": "geom", "shape": "path", "group": "path", "data": [[11, 12, 11, 13], [11, 13, 11, 14], [11, 14, 10, 14], [10, 14, 9, 14], [9, 14, 8, 14], [8, 14, 7, 14], [7, 14, 7, 13], [7, 13, 7, 12], [7, 12, 7, 11], [7, 11, 7, 10], [7, 10, 6, 10], [6, 10, 6, 9], [6, 9, 6, 8], [6, 8, 7, 8], [7, 8, 7, 7], [7, 7, 7, 6], [7, 6, 7, 5], [7, 5, 6, 5], [6, 5, 6, 4], [6, 4, 6, 3], [6, 3, 6, 2], [6, 2, 6, 1], [6, 1, 5, 1], [5, 1, 4, 1], [4, 1, 3, 1], [3, 1, 2, 1], [2, 1, 1, 1], [1, 1, 1, 2], [1, 2, 1, 3]]}
META {"type": "geom", "shape": "tile", "group": "path", "data": [[11, 12], [11, 13], [11, 14], [10, 14], [9, 14], [8, 14], [7, 14], [7, 13], [7, 12], [7, 11], [7, 10], [6, 10], [6, 9], [6, 8], [7, 8], [7, 7], [7, 6], [7, 5], [6, 5], [6, 4], [6, 3], [6, 2], [6, 1], [5, 1], [4, 1], [3, 1], [2, 1], [1, 1], [1, 2], [1, 3]]}
META {"type": "geom", "shape": "line", "group": "offpath", "data": [[14, 11, 14, 10], [14, 12, 14, 13], [14, 3, 13, 3], [14, 8, 14, 7], [14, 13, 14, 12], [14, 2, 14, 3], [14, 5, 14, 6], [14, 6, 14, 5], [14, 7, 14, 8], [14, 10, 14, 11], [8, 12, 8, 13], [8, 3, 7, 3], [8, 8, 8, 7], [8, 13, 8, 12], [8, 5, 9, 5], [8, 7, 8, 8], [13, 4, 13, 5], [13, 3, 13, 2], [13, 2, 14, 2], [13, 5, 13, 6], [13, 6, 13, 7], [13, 7, 12, 7], [9, 8, 9, 7], [9, 5, 8, 5], [9, 7, 9, 8], [12, 4, 13, 4], [12, 3, 12, 4], [12, 2, 11, 2], [12, 7, 11, 7], [10, 4, 10, 3], [10, 3, 11, 3], [10, 5, 10, 4], [10, 6, 10, 5], [10, 7, 10, 6], [5, 14, 6, 14], [5, 12, 6, 12], [7, 3, 8, 3], [6, 14, 5, 14], [6, 12, 5, 12], [11, 3, 12, 3], [11, 2, 12, 2], [11, 7, 10, 7], [3, 11, 3, 12], [3, 12, 3, 11]]}
