--------------------------------
--------------------------------
---------------------Q----------
-------------------------XX-----
--------------------------------
-----------------------------X--
--------------------------------
--------------------------------
------------XQX--X--XX-------X--
--------------------------------
--------------------------------
-------------XX--X------XQX-----
----<>------XXX-----------------
----[]-----XXXX-----------------
-{--[]----XXXXX---------------}-
XXXXXXXXXXXXXXXXXXXXXXXXXXXXXXXX
META {"type": "solver", "id": "pysat-rc2", "objective": 0}
META {"type": "geom", "shape": "path", "group": "path", "data": [[14, 1, 10, 5], [10, 5, 11, 5], [11, 5, 7, 6], [7, 6, 8, 5], [8, 5, 9, 6], [9, 6, 10, 7], [10, 7, 11, 8], [11, 8, 12, 7], [12, 7, 13, 7], [13, 7, 14, 8], [14, 8, 12, 9], [12, 9, 13, 10], [13, 10, 12, 11], [12, 11, 10, 13], [10, 13, 10, 14], [10, 14, 8, 16], [8, 16, 9, 15], [9, 15, 10, 16], [10, 16, 11, 16], [11, 16, 12, 15], [12, 15, 13, 16], [13, 16, 14, 17], [14, 17, 14, 18], [14, 18, 10, 19], [10, 19, 11, 19], [11, 19, 12, 18], [12, 18, 13, 17], [13, 17, 14, 16], [14, 16, 10, 17], [10, 17, 9, 17], [9, 17, 10, 18], [10, 18, 11, 18], [11, 18, 12, 19], [12, 19, 13, 19], [13, 19, 14, 19], [14, 19, 11, 22], [11, 22, 12, 22], [12, 22, 13, 22], [13, 22, 14, 22], [14, 22, 13, 23], [13, 23, 14, 24], [14, 24, 12, 25], [12, 25, 13, 26], [13, 26, 14, 27], [14, 27, 10, 30], [10, 30, 11, 29], [11, 29, 12, 28], [12, 28, 13, 29], [13, 29, 14, 30]]}
META {"type": "geom", "shape": "tile", "group": "path", "data": [[14, 1], [13, 1], [13, 2], [12, 2], [12, 3], [11, 3], [11, 4], [10, 4], [10, 5], [11, 5], [10, 5], [9, 5], [8, 5], [7, 5], [7, 6], [8, 6], [8, 5], [9, 5], [9, 6], [10, 6], [10, 7], [11, 7], [11, 8], [12, 8], [12, 7], [13, 7], [14, 7], [14, 8], [13, 8], [13, 9], [12, 9], [13, 9], [13, 10], [12, 10], [12, 11], [11, 11], [11, 12], [10, 12], [10, 13], [10, 14], [9, 14], [9, 15], [8, 15], [8, 16], [9, 16], [9, 15], [10, 15], [10, 16], [11, 16], [12, 16], [12, 15], [13, 15], [13, 16], [14, 16], [14, 17], [14, 18], [13, 18], [12, 18], [11, 18], [10, 18], [10, 19], [11, 19], [12, 19], [12, 18], [13, 18], [13, 17], [14, 17], [14, 16], [13, 16], [12, 16], [11, 16], [10, 16], [10, 17], [9, 17], [10, 17], [10, 18], [11, 18], [12, 18], [12, 19], [13, 19], [14, 19], [13, 19], [13, 20], [12, 20], [12, 21], [11, 21], [11, 22], [12, 22], [13, 22], [14, 22], [13, 22], [13, 23], [14, 23], [14, 24], [13, 24], [13, 25], [12, 25], [13, 25], [13, 26], [14, 26], [14, 27], [13, 27], [13, 28], [12, 28], [12, 29], [11, 29], [11, 30], [10, 30], [11, 30], [11, 29], [12, 29], [12, 28], [13, 28], [13, 29], [14, 29], [14, 30]]}
META {"type": "geom", "shape": "line", "group": "offpath", "data": [[8, 26, 9, 25], [8, 25, 9, 26], [8, 23, 9, 23], [3, 20, 4, 19], [3, 28, 4, 29], [3, 12, 4, 11], [11, 2, 12, 1], [11, 28, 12, 29], [11, 3, 12, 2], [11, 31, 12, 31], [10, 24, 6, 24], [10, 1, 11, 2], [10, 26, 7, 29], [10, 25, 6, 22], [10, 3, 11, 3], [10, 29, 11, 28], [10, 31, 11, 31], [13, 30, 14, 29], [13, 2, 14, 2], [13, 28, 14, 28], [13, 1, 14, 0], [13, 3, 14, 3], [13, 31, 14, 31], [0, 28, 1, 27], [0, 25, 1, 25], [0, 27, 1, 26], [0, 22, 1, 21], [1, 21, 0, 22], [1, 26, 2, 25], [1, 25, 2, 26], [1, 27, 2, 27], [5, 18, 6, 19], [5, 19, 6, 18], [5, 16, 6, 15], [5, 27, 6, 27], [5, 11, 6, 12], [4, 19, 5, 19], [4, 17, 5, 18], [4, 29, 0, 25], [4, 11, 5, 11], [9, 26, 10, 25], [9, 25, 10, 26], [9, 23, 10, 24], [12, 30, 13, 30], [12, 2, 13, 1], [12, 1, 13, 2], [12, 29, 13, 28], [12, 31, 13, 31], [6, 20, 7, 21], [6, 18, 7, 17], [6, 15, 7, 14], [6, 24, 7, 24], [6, 19, 7, 20], [6, 27, 7, 26], [6, 22, 7, 22], [6, 12, 7, 13], [7, 20, 3, 20], [7, 24, 8, 25], [7, 21, 6, 20], [7, 26, 8, 26], [7, 13, 3, 12], [7, 17, 5, 16], [7, 22, 8, 23], [7, 14, 4, 17], [7, 29, 5, 27], [2, 26, 0, 28], [2, 25, 0, 27], [2, 27, 3, 28], [14, 2, 10, 3], [14, 28, 10, 31], [14, 26, 14, 25], [14, 25, 14, 26], [14, 3, 13, 3], [14, 29, 10, 29], [14, 31, 12, 30], [14, 0, 10, 1]]}
