--------------------------------
--------------------------------
---------------------X----X-----
--X-------X-------Q-------------
-----X--------------------------
--------------XX--------XQQX----
--------------------------------
--X--X---X--------XXX-----------
-------------X---------Q--------
----------------------------X---
-----Q--------------------------
--------X-----X-----------------
-------------XX---------<>------
------------XXX----XX---[]------
-{---------XXXX---XXX---[]----}-
XXXXXXXXXXXXXXXXXXXXXXXXXXXXXXXX
META {"type": "solver", "id": "clingo-be", "objective": 0}
META {"type": "geom", "shape": "path", "group": "path", "data": [[14, 1, 10, 2], [10, 2, 11, 1], [11, 1, 12, 0], [12, 0, 13, 1], [13, 1, 14, 0], [14, 0, 12, 1], [12, 1, 13, 2], [13, 2, 14, 2], [14, 2, 12, 2], [12, 2, 13, 3], [13, 3, 14, 4], [14, 4, 12, 5], [12, 5, 13, 5], [13, 5, 14, 5], [14, 5, 11, 3], [11, 3, 12, 3], [12, 3, 13, 4], [13, 4, 14, 3], [14, 3, 10, 7], [10, 7, 11, 7], [11, 7, 12, 6], [12, 6, 13, 6], [13, 6, 14, 6], [14, 6, 12, 8], [12, 8, 13, 9], [13, 9, 14, 10], [14, 10, 10, 14], [10, 14, 6, 18], [6, 18, 3, 16], [3, 16, 4, 15], [4, 15, 4, 16], [4, 16, 5, 17], [5, 17, 6, 16], [6, 16, 7, 15], [7, 15, 8, 15], [8, 15, 9, 16], [9, 16, 10, 17], [10, 17, 11, 18], [11, 18, 12, 18], [12, 18, 13, 18], [13, 18, 9, 22], [9, 22, 10, 22], [10, 22, 11, 23], [11, 23, 12, 23], [12, 23, 13, 22], [13, 22, 14, 21], [14, 21, 10, 25], [10, 25, 11, 26], [11, 26, 12, 26], [12, 26, 13, 26], [13, 26, 14, 26], [14, 26, 10, 27], [10, 27, 11, 27], [11, 27, 12, 27], [12, 27, 13, 28], [13, 28, 14, 29], [14, 29, 14, 28], [14, 28, 14, 27], [14, 27, 10, 30], [10, 30, 11, 31], [11, 31, 12, 30], [12, 30, 13, 31], [13, 31, 14, 30]]}
META {"type": "geom", "shape": "tile", "group": "path", "data": [[14, 1], [13, 1], [12, 1], [11, 1], [10, 1], [10, 2], [11, 2], [11, 1], [12, 1], [12, 0], [13, 0], [13, 1], [14, 1], [14, 0], [13, 0], [13, 1], [12, 1], [13, 1], [13, 2], [14, 2], [13, 2], [12, 2], [13, 2], [13, 3], [14, 3], [14, 4], [13, 4], [13, 5], [12, 5], [13, 5], [14, 5], [13, 5], [13, 4], [12, 4], [12, 3], [11, 3], [12, 3], [13, 3], [13, 4], [14, 4], [14, 3], [13, 3], [13, 4], [12, 4], [12, 5], [11, 5], [11, 6], [10, 6], [10, 7], [11, 7], [12, 7], [12, 6], [13, 6], [14, 6], [13, 6], [13, 7], [12, 7], [12, 8], [13, 8], [13, 9], [14, 9], [14, 10], [13, 10], [13, 11], [12, 11], [12, 12], [11, 12], [11, 13], [10, 13], [10, 14], [9, 14], [9, 15], [8, 15], [8, 16], [7, 16], [7, 17], [6, 17], [6, 18], [5, 18], [5, 17], [4, 17], [4, 16], [3, 16], [4, 16], [4, 15], [4, 16], [5, 16], [5, 17], [6, 17], [6, 16], [7, 16], [7, 15], [8, 15], [9, 15], [9, 16], [10, 16], [10, 17], [11, 17], [11, 18], [12, 18], [13, 18], [12, 18], [12, 19], [11, 19], [11, 20], [10, 20], [10, 21], [9, 21], [9, 22], [10, 22], [11, 22], [11, 23], [12, 23], [13, 23], [13, 22], [14, 22], [14, 21], [13, 21], [13, 22], [12, 22], [12, 23], [11, 23], [11, 24], [10, 24], [10, 25], [11, 25], [11, 26], [12, 26], [13, 26], [14, 26], [13, 26], [12, 26], [11, 26], [10, 26], [10, 27], [11, 27], [12, 27], [13, 27], [13, 28], [14, 28], [14, 29], [14, 28], [14, 27], [13, 27], [13, 28], [12, 28], [12, 29], [11, 29], [11, 30], [10, 30], [11, 30], [11, 31], [12, 31], [12, 30], [13, 30], [13, 31], [14, 31], [14, 30]]}
META {"type": "geom", "shape": "line", "group": "offpath", "data": [[8, 12, 9, 13], [8, 28, 4, 27], [8, 17, 9, 17], [8, 5, 9, 5], [14, 23, 10, 24], [14, 22, 14, 23], [14, 9, 10, 8], [14, 31, 12, 29], [14, 16, 10, 20], [14, 17, 12, 15], [3, 14, 4, 14], [3, 23, 4, 24], [3, 20, 4, 19], [3, 9, 4, 8], [3, 21, 4, 21], [3, 26, 4, 26], [3, 12, 4, 11], [3, 6, 4, 6], [3, 24, 4, 25], [3, 28, 4, 29], [3, 5, 0, 7], [13, 11, 9, 8], [13, 21, 14, 22], [13, 10, 14, 9], [13, 15, 14, 16], [13, 30, 14, 31], [13, 17, 14, 17], [7, 11, 8, 12], [7, 23, 3, 23], [7, 13, 4, 10], [7, 6, 8, 5], [7, 16, 8, 17], [7, 28, 8, 28], [4, 11, 5, 12], [4, 14, 0, 11], [4, 22, 5, 21], [4, 21, 5, 20], [4, 29, 5, 29], [4, 10, 5, 10], [4, 26, 1, 23], [4, 19, 5, 18], [4, 6, 5, 5], [4, 24, 0, 25], [4, 27, 1, 30], [4, 8, 5, 8], [4, 25, 0, 22], [10, 20, 11, 21], [10, 9, 11, 10], [10, 10, 11, 11], [10, 18, 11, 17], [10, 12, 11, 13], [10, 24, 11, 25], [10, 8, 6, 9], [9, 9, 10, 10], [9, 13, 10, 12], [9, 17, 10, 18], [9, 8, 10, 9], [9, 5, 5, 1], [11, 11, 12, 10], [11, 20, 12, 20], [11, 21, 12, 21], [11, 10, 12, 11], [11, 13, 11, 12], [11, 12, 12, 12], [11, 24, 7, 23], [11, 17, 12, 17], [11, 25, 11, 24], [0, 11, 1, 10], [0, 22, 1, 22], [0, 20, 1, 21], [0, 19, 1, 19], [0, 12, 1, 11], [0, 7, 1, 6], [0, 1, 1, 2], [0, 27, 1, 26], [0, 25, 1, 25], [12, 11, 13, 10], [12, 20, 11, 20], [12, 21, 13, 21], [12, 29, 13, 30], [12, 10, 13, 11], [12, 15, 13, 15], [12, 12, 9, 9], [12, 17, 13, 17], [5, 20, 6, 19], [5, 21, 6, 20], [5, 29, 6, 28], [5, 10, 6, 10], [5, 18, 6, 17], [5, 12, 6, 13], [5, 1, 6, 2], [5, 8, 6, 7], [5, 5, 6, 5], [1, 11, 2, 10], [1, 23, 2, 23], [1, 22, 2, 22], [1, 21, 0, 20], [1, 10, 2, 11], [1, 26, 0, 27], [1, 19, 2, 20], [1, 6, 2, 7], [1, 30, 2, 29], [1, 2, 2, 2], [1, 25, 2, 25], [6, 20, 4, 22], [6, 9, 2, 13], [6, 10, 7, 11], [6, 19, 2, 18], [6, 13, 7, 13], [6, 2, 2, 5], [6, 7, 7, 6], [6, 28, 7, 28], [6, 17, 7, 16], [6, 5, 2, 8], [2, 11, 3, 12], [2, 23, 3, 24], [2, 22, 3, 21], [2, 20, 3, 20], [2, 29, 3, 28], [2, 10, 0, 12], [2, 18, 0, 19], [2, 13, 3, 14], [2, 2, 0, 1], [2, 7, 3, 6], [2, 8, 3, 9], [2, 25, 3, 26], [2, 5, 3, 5]]}
