XXXXXXXXXXXXXXXX
XXXXXXXXXXXXXXXX
XX------XXXXXXXX
XX---X--XXXXXXXX
XX-XXX--XXXXXXXX
XX-XXX---XXX}XXX
XX-XXX---XXX--XX
XXX---##-XXX--XX
XXX------XXX--XX
XXX##----XXX--XX
XXX--###------XX
XX-----------XXX
XX---------XXXXX
XX----XXX---XXXX
XX--X-XXX##-XXXX
XX-XX-XXX---XXXX
XX--X-XXX-----XX
XX-------XX---XX
XXXX--XX--X-XXXX
XXXX---X-----XXX
XXXXX---X----XXX
XXXXX---XX---XXX
XXX------X-#-XXX
XXX--X--------XX
XXX--XXX----#-XX
XX---XXX##----XX
XX-----------XXX
XX--#--X-{--XXXX
XX-----XXXX-XXXX
XXXX-XXXXXXXXXXX
XXXXXXXXXXXXXXXX
XXXXXXXXXXXXXXXX
META {"type": "solver", "id": "pysat-rc2", "objective": 0}
META {"type": "geom", "shape": "path", "group": "path", "data": [[27, 9, 27, 8], [27, 8, 26, 8], [26, 8, 26, 12], [26, 12, 25, 12], [25, 12, 25, 10], [25, 10, 19, 10], [19, 10, 19, 8], [19, 8, 19, 12], [19, 12, 23, 12], [23, 12, 23, 6], [23, 6, 19, 6], [19, 6, 19, 4], [19, 4, 17, 4], [17, 4, 17, 8], [17, 8, 17, 2], [17, 2, 11, 2], [11, 2, 11, 12], [11, 12, 5, 12]]}
META {"type": "geom", "shape": "tile", "group": "path", "data": [[27, 9], [27, 8], [26, 8], [26, 9], [26, 10], [26, 11], [26, 12], [25, 12], [25, 11], [25, 10], [24, 10], [23, 10], [22, 10], [21, 10], [20, 10], [19, 10], [19, 9], [19, 8], [19, 9], [19, 10], [19, 11], [19, 12], [20, 12], [21, 12], [22, 12], [23, 12], [23, 11], [23, 10], [23, 9], [23, 8], [23, 7], [23, 6], [22, 6], [21, 6], [20, 6], [19, 6], [19, 5], [19, 4], [18, 4], [17, 4], [17, 5], [17, 6], [17, 7], [17, 8], [17, 7], [17, 6], [17, 5], [17, 4], [17, 3], [17, 2], [16, 2], [15, 2], [14, 2], [13, 2], [12, 2], [11, 2], [11, 3], [11, 4], [11, 5], [11, 6], [11, 7], [11, 8], [11, 9], [11, 10], [11, 11], [11, 12], [10, 12], [9, 12], [8, 12], [7, 12], [6, 12], [5, 12]]}
META {"type": "geom", "shape": "line", "group": "offpath", "data": [[9, 7, 8, 7], [9, 6, 8, 6], [12, 8, 12, 10], [12, 10, 10, 10], [5, 6, 6, 6], [5, 8, 5, 6], [3, 2, 3, 4], [3, 4, 3, 2], [7, 3, 8, 3], [7, 4, 8, 4], [28, 6, 26, 6], [28, 3, 28, 2], [28, 2, 28, 6], [17, 11, 17, 13], [17, 3, 16, 3], [17, 13, 17, 11], [17, 12, 16, 12], [4, 7, 4, 6], [4, 6, 4, 7], [22, 3, 28, 3], [22, 4, 22, 3], [10, 8, 12, 8], [10, 13, 6, 13], [10, 10, 10, 8], [26, 6, 26, 2], [26, 2, 25, 2], [26, 4, 22, 4], [20, 7, 20, 5], [20, 5, 20, 7], [6, 7, 6, 8], [6, 6, 2, 6], [6, 8, 5, 8], [6, 2, 2, 2], [6, 13, 10, 13], [2, 7, 6, 7], [2, 6, 2, 7], [2, 2, 6, 2], [8, 7, 9, 7], [8, 6, 9, 6], [8, 3, 7, 3], [8, 4, 7, 4], [25, 2, 25, 4], [25, 4, 26, 4], [23, 3, 23, 4], [23, 4, 23, 3], [18, 9, 18, 8], [18, 8, 18, 9], [16, 9, 16, 13], [16, 3, 17, 3], [16, 13, 16, 9], [16, 12, 17, 12]]}
