XXXXXXXXXXXXXXXX
XXXXXXXXXXXXXXXX
XX--------XXX}XX
XX------X-----XX
XX-XXXXXX--X--XX
XX-XXXXXX--XXXXX
XXXXXXXX-#--XXXX
XXXXXXXX----XXXX
XXXXX-----#-XXXX
XX-----XX---XXXX
XX--#---X----XXX
XXX---#----#-XXX
XXX------#---XXX
XXX-----------XX
XX---XXXX-----XX
XX---XXXX-#-XXXX
XXX--XXX-----XXX
XXX--XXX---#-XXX
XXX------X---XXX
XX----XXXXX--XXX
XX-#---XXXX--XXX
XX-----XXXX---XX
XX--X--XXX----XX
XX-XX-------XXXX
XX--X----XX-XXXX
XX---#----X--XXX
XX-----#-----XXX
XX--#----X----XX
XX-------XXX--XX
XX-X-X-{-XXX--XX
XXXXXXXXXXXXXXXX
XXXXXXXXXXXXXXXX
META {"type": "solver", "id": "pysat-rc2", "objective": 0}
META {"type": "geom", "shape": "path", "group": "path", "data": [[29, 7, 27, 7], [27, 7, 27, 5], [27, 5, 28, 5], [28, 5, 26, 5], [26, 5, 26, 6], [26, 6, 20, 6], [20, 6, 20, 4], [20, 4, 21, 4], [21, 4, 11, 4], [11, 4, 11, 5], [11, 5, 13, 5], [13, 5, 13, 3], [13, 3, 13, 13], [13, 13, 14, 13], [14, 13, 14, 9], [14, 9, 13, 9], [13, 9, 17, 9], [17, 9, 17, 8], [17, 8, 17, 10], [17, 10, 16, 10], [16, 10, 16, 12], [16, 12, 22, 12], [22, 12, 22, 10], [22, 10, 23, 10], [23, 10, 23, 11], [23, 11, 23, 5], [23, 5, 24, 5], [24, 5, 18, 5], [18, 5, 18, 3], [18, 3, 19, 3], [19, 3, 9, 3], [9, 3, 9, 2], [9, 2, 9, 6], [9, 6, 8, 6], [8, 6, 8, 5], [8, 5, 8, 9], [8, 9, 7, 9], [7, 9, 7, 11], [7, 11, 6, 11], [6, 11, 6, 10], [6, 10, 7, 10], [7, 10, 3, 10], [3, 10, 3, 9], [3, 9, 3, 13], [3, 13, 2, 13]]}
META {"type": "geom", "shape": "tile", "group": "path", "data": [[29, 7], [28, 7], [27, 7], [27, 6], [27, 5], [28, 5], [27, 5], [26, 5], [26, 6], [25, 6], [24, 6], [23, 6], [22, 6], [21, 6], [20, 6], [20, 5], [20, 4], [21, 4], [20, 4], [19, 4], [18, 4], [17, 4], [16, 4], [15, 4], [14, 4], [13, 4], [12, 4], [11, 4], [11, 5], [12, 5], [13, 5], [13, 4], [13, 3], [13, 4], [13, 5], [13, 6], [13, 7], [13, 8], [13, 9], [13, 10], [13, 11], [13, 12], [13, 13], [14, 13], [14, 12], [14, 11], [14, 10], [14, 9], [13, 9], [14, 9], [15, 9], [16, 9], [17, 9], [17, 8], [17, 9], [17, 10], [16, 10], [16, 11], [16, 12], [17, 12], [18, 12], [19, 12], [20, 12], [21, 12], [22, 12], [22, 11], [22, 10], [23, 10], [23, 11], [23, 10], [23, 9], [23, 8], [23, 7], [23, 6], [23, 5], [24, 5], [23, 5], [22, 5], [21, 5], [20, 5], [19, 5], [18, 5], [18, 4], [18, 3], [19, 3], [18, 3], [17, 3], [16, 3], [15, 3], [14, 3], [13, 3], [12, 3], [11, 3], [10, 3], [9, 3], [9, 2], [9, 3], [9, 4], [9, 5], [9, 6], [8, 6], [8, 5], [8, 6], [8, 7], [8, 8], [8, 9], [7, 9], [7, 10], [7, 11], [6, 11], [6, 10], [7, 10], [6, 10], [5, 10], [4, 10], [3, 10], [3, 9], [3, 10], [3, 11], [3, 12], [3, 13], [2, 13]]}
META {"type": "geom", "shape": "line", "group": "offpath", "data": [[22, 3, 22, 2], [22, 2, 22, 3], [26, 9, 25, 9], [26, 10, 26, 8], [26, 8, 26, 12], [26, 12, 25, 12], [19, 2, 29, 2], [13, 8, 11, 8], [21, 2, 21, 6], [21, 6, 21, 2], [9, 9, 11, 9], [9, 10, 9, 9], [14, 2, 15, 2], [12, 10, 12, 12], [12, 12, 12, 10], [25, 11, 27, 11], [25, 9, 26, 9], [25, 2, 25, 4], [25, 4, 25, 2], [25, 12, 25, 11], [11, 9, 11, 10], [11, 10, 9, 10], [11, 8, 13, 8], [27, 11, 27, 10], [27, 3, 27, 2], [27, 2, 27, 3], [27, 10, 26, 10], [27, 13, 29, 13], [29, 2, 19, 2], [29, 4, 28, 4], [29, 13, 27, 13], [28, 4, 29, 4], [28, 12, 28, 13], [28, 13, 28, 12], [10, 3, 10, 2], [10, 2, 10, 3], [2, 7, 3, 7], [3, 7, 2, 7], [18, 8, 16, 8], [4, 12, 4, 13], [4, 13, 4, 12], [20, 11, 20, 12], [20, 12, 20, 11], [5, 9, 5, 10], [5, 10, 5, 9], [15, 2, 14, 2], [16, 3, 16, 4], [16, 4, 16, 3], [16, 8, 18, 8]]}
