XXXXXXXXXXXXXXXX
XXXXXXXXXXXXXXXX
XX-------XXXX}XX
XX---#---XXXX-XX
XX-#----#-----XX
XX----X---X---XX
XX--XXXX-XX---XX
XXX-XXXX--X---XX
XXXXXXXX------XX
XXXXXX---XX---XX
XXXXXX----X---XX
XXXXXX--#-----XX
XXX--XX-------XX
XXX---X--#----XX
XXX-#------X-XXX
XX-----XX--XXXXX
XX------XXXXXXXX
XX-X-----XXXXXXX
XX-XX-----XXXXXX
XX--X--XX-XXXXXX
XXX---XXXXXXX-XX
XXXX--XXXXXXX-XX
XXXX--XXXXXX--XX
XXX---XXXX--XXXX
XX-----XXX---XXX
XXX--#-XXX##-XXX
XXX----XXX----XX
XXX-X-#-----{-XX
XXXXX------XXXXX
XXXXX--XX--XXXXX
XXXXXXXXXXXXXXXX
XXXXXXXXXXXXXXXX
META {"type": "solver", "id": "pysat-rc2", "objective": 0}
META {"type": "geom", "shape": "path", "group": "path", "data": [[27, 12, 27, 13], [27, 13, 27, 7], [27, 7, 28, 7], [28, 7, 28, 5], [28, 5, 26, 5], [26, 5, 26, 3], [26, 3, 27, 3], [27, 3, 23, 3], [23, 3, 23, 5], [23, 5, 13, 5], [13, 5, 13, 3], [13, 3, 12, 3], [12, 3, 16, 3], [16, 3, 16, 2], [16, 2, 15, 2], [15, 2, 15, 6], [15, 6, 14, 6], [14, 6, 14, 10], [14, 10, 15, 10], [15, 10, 11, 10], [11, 10, 11, 9], [11, 9, 12, 9], [12, 9, 12, 7], [12, 7, 12, 13], [12, 13, 2, 13]]}
META {"type": "geom", "shape": "tile", "group": "path", "data": [[27, 12], [27, 13], [27, 12], [27, 11], [27, 10], [27, 9], [27, 8], [27, 7], [28, 7], [28, 6], [28, 5], [27, 5], [26, 5], [26, 4], [26, 3], [27, 3], [26, 3], [25, 3], [24, 3], [23, 3], [23, 4], [23, 5], [22, 5], [21, 5], [20, 5], [19, 5], [18, 5], [17, 5], [16, 5], [15, 5], [14, 5], [13, 5], [13, 4], [13, 3], [12, 3], [13, 3], [14, 3], [15, 3], [16, 3], [16, 2], [15, 2], [15, 3], [15, 4], [15, 5], [15, 6], [14, 6], [14, 7], [14, 8], [14, 9], [14, 10], [15, 10], [14, 10], [13, 10], [12, 10], [11, 10], [11, 9], [12, 9], [12, 8], [12, 7], [12, 8], [12, 9], [12, 10], [12, 11], [12, 12], [12, 13], [11, 13], [10, 13], [9, 13], [8, 13], [7, 13], [6, 13], [5, 13], [4, 13], [3, 13], [2, 13]]}
META {"type": "geom", "shape": "line", "group": "offpath", "data": [[5, 11, 5, 13], [5, 5, 4, 5], [5, 3, 5, 5], [5, 13, 5, 11], [4, 6, 2, 6], [4, 12, 14, 12], [4, 5, 4, 4], [4, 4, 2, 4], [12, 8, 14, 8], [26, 4, 20, 4], [24, 10, 23, 10], [9, 6, 11, 6], [9, 7, 9, 6], [2, 6, 4, 6], [2, 8, 2, 2], [2, 2, 6, 2], [2, 4, 2, 8], [15, 9, 14, 9], [15, 4, 17, 4], [14, 9, 15, 9], [14, 12, 4, 12], [14, 8, 12, 8], [23, 10, 24, 10], [8, 9, 7, 9], [25, 3, 25, 4], [25, 4, 25, 3], [21, 5, 21, 4], [21, 4, 21, 5], [20, 3, 19, 3], [20, 4, 26, 4], [19, 3, 20, 3], [6, 2, 6, 3], [6, 3, 7, 3], [7, 9, 8, 9], [7, 11, 7, 13], [7, 3, 5, 3], [7, 13, 7, 11], [17, 8, 18, 8], [17, 4, 15, 4], [11, 6, 11, 7], [11, 7, 9, 7], [29, 9, 29, 10], [29, 10, 29, 9], [22, 5, 22, 4], [22, 4, 22, 5], [18, 9, 18, 5], [18, 8, 17, 8], [18, 5, 18, 9]]}
