XXXXXXXXXXXXXXXXXXXXXXXXXXXXXXXX
XX--}XXX-X-X-X-XXXX-XXXXXXXXX-XX
X--XXXXXX-------XXX------XX--X-X
X--XXXXXX-XX--XX-----------XX--X
XX-------XXXXXXXXX-X-XXXX-XXXXXX
X-XXXX-X-XXXXXXXXX--XXXXX-XXXXXX
X------X------------XXXXX-XXX--X
XXXXX--X-------X-X------------XX
XXXXX--X-------X-X-X--X---XX---X
X----XX-XX-X---X-X--X----XXXXX-X
X---XXXXXXXXXX-X----X----XXXXX-X
X---XXXXXXXXXX-X-XX-X-XX-XXX{--X
XXXX-XX-XX-------XX---XX-XXXXXXX
XXXX---X--XXXXXXX--XXX---XXXXXXX
X-------XX---------------------X
XXXXXXXXXXXXXXXXXXXXXXXXXXXXXXXX
META {"type": "solver", "id": "pysat-rc2", "objective": 0}
META {"type": "geom", "shape": "path", "group": "path", "data": [[11, 28, 11, 29], [11, 29, 11, 30], [11, 30, 10, 30], [10, 30, 9, 30], [9, 30, 8, 30], [8, 30, 8, 29], [8, 29, 7, 29], [7, 29, 7, 28], [7, 28, 7, 27], [7, 27, 7, 26], [7, 26, 7, 25], [7, 25, 7, 24], [7, 24, 8, 24], [8, 24, 8, 23], [8, 23, 9, 23], [9, 23, 9, 22], [9, 22, 10, 22], [10, 22, 10, 21], [10, 21, 11, 21], [11, 21, 12, 21], [12, 21, 12, 20], [12, 20, 12, 19], [12, 19, 11, 19], [11, 19, 10, 19], [10, 19, 10, 18], [10, 18, 10, 17], [10, 17, 10, 16], [10, 16, 9, 16], [9, 16, 8, 16], [8, 16, 7, 16], [7, 16, 6, 16], [6, 16, 6, 15], [6, 15, 6, 14], [6, 14, 6, 13], [6, 13, 6, 12], [6, 12, 7, 12], [7, 12, 7, 11], [7, 11, 7, 10], [7, 10, 6, 10], [6, 10, 6, 9], [6, 9, 6, 8], [6, 8, 5, 8], [5, 8, 4, 8], [4, 8, 4, 7], [4, 7, 4, 6], [4, 6, 4, 5], [4, 5, 4, 4], [4, 4, 4, 3], [4, 3, 4, 2], [4, 2, 3, 2], [3, 2, 3, 1], [3, 1, 2, 1], [2, 1, 2, 2], [2, 2, 1, 2], [1, 2, 1, 3], [1, 3, 1, 4]]}
META {"type": "geom", "shape": "tile", "group": "path", "data": [[11, 28], [11, 29], [11, 30], [10, 30], [9, 30], [8, 30], [8, 29], [7, 29], [7, 28], [7, 27], [7, 26], [7, 25], [7, 24], [8, 24], [8, 23], [9, 23], [9, 22], [10, 22], [10, 21], [11, 21], [12, 21], [12, 20], [12, 19], [11, 19], [10, 19], [10, 18], [10, 17], [10, 16], [9, 16], [8, 16], [7, 16], [6, 16], [6, 15], [6, 14], [6, 13], [6, 12], [7, 12], [7, 11], [7, 10], [6, 10], [6, 9], [6, 8], [5, 8], [4, 8], [4, 7], [4, 6], [4, 5], [4, 4], [4, 3], [4, 2], [3, 2], [3, 1], [2, 1], [2, 2], [1, 2], [1, 3], [1, 4]]}
META {"type": "geom", "shape": "line", "group": "offpath", "data": [[13, 24, 14, 24], [13, 22, 13, 23], [13, 23, 13, 22], [9, 18, 8, 18], [9, 12, 8, 12], [9, 14, 9, 13], [9, 13, 9, 14], [9, 24, 10, 24], [9, 21, 8, 21], [9, 10, 8, 10], [14, 24, 13, 24], [14, 28, 14, 29], [14, 29, 14, 28], [6, 3, 6, 2], [6, 6, 5, 6], [6, 2, 6, 3], [5, 6, 6, 6], [8, 18, 9, 18], [8, 12, 9, 12], [8, 14, 7, 14], [8, 13, 7, 13], [8, 8, 7, 8], [8, 9, 7, 9], [8, 21, 9, 21], [8, 10, 9, 10], [10, 24, 9, 24], [12, 24, 11, 24], [7, 18, 7, 19], [7, 14, 8, 14], [7, 13, 8, 13], [7, 8, 8, 8], [7, 9, 8, 9], [7, 19, 7, 18], [11, 24, 12, 24]]}
