XXXXXXXXXXXXXXXXXXXXXXXXXXXXXXXX
X--}XXX------X--XXX-------X-XX-X
X-XXXXXX-XX-----XXXXXXXX------XX
X-XXXXXX-XX-----XXXXXXXX---XXX-X
X-----------------------XXX----X
XX--XX--XXXXXXXX-----XXXXXX---XX
X-XXXXX-XXXXXXXX---X-XXXXXX---XX
X-XXXXX---------XX---XXXXX-X-X-X
X---XX-XXX-XXX--XX-X-XXXXXX-X-XX
XXXX--X---XXXXX----X--XXXXXXXXXX
XXXX------XXXXX--X-X----XXXXXXXX
XXXXXXXX--XXX----X----X-XXX{---X
XXXXXXXXX-XXX----X--X-X-XXXXXX-X
X-XXXXXXX-----XXX-----X-XXXXXX-X
X------------------------------X
XXXXXXXXXXXXXXXXXXXXXXXXXXXXXXXX
META {"type": "solver", "id": "pysat-rc2", "objective": 0}
META {"type": "geom", "shape": "path", "group": "path", "data": [[11, 27, 11, 28], [11, 28, 11, 29], [11, 29, 11, 30], [11, 30, 12, 30], [12, 30, 13, 30], [13, 30, 14, 30], [14, 30, 14, 29], [14, 29, 14, 28], [14, 28, 14, 27], [14, 27, 14, 26], [14, 26, 14, 25], [14, 25, 14, 24], [14, 24, 14, 23], [14, 23, 14, 22], [14, 22, 14, 21], [14, 21, 14, 20], [14, 20, 14, 19], [14, 19, 13, 19], [13, 19, 12, 19], [12, 19, 11, 19], [11, 19, 11, 18], [11, 18, 10, 18], [10, 18, 9, 18], [9, 18, 8, 18], [8, 18, 7, 18], [7, 18, 6, 18], [6, 18, 6, 17], [6, 17, 6, 16], [6, 16, 5, 16], [5, 16, 4, 16], [4, 16, 4, 15], [4, 15, 4, 14], [4, 14, 3, 14], [3, 14, 2, 14], [2, 14, 2, 13], [2, 13, 2, 12], [2, 12, 2, 11], [2, 11, 1, 11], [1, 11, 1, 10], [1, 10, 1, 9], [1, 9, 1, 8], [1, 8, 2, 8], [2, 8, 3, 8], [3, 8, 4, 8], [4, 8, 4, 7], [4, 7, 4, 6], [4, 6, 4, 5], [4, 5, 4, 4], [4, 4, 4, 3], [4, 3, 4, 2], [4, 2, 4, 1], [4, 1, 3, 1], [3, 1, 2, 1], [2, 1, 1, 1], [1, 1, 1, 2], [1, 2, 1, 3]]}
META {"type": "geom", "shape": "tile", "group": "path", "data": [[11, 27], [11, 28], [11, 29], [11, 30], [12, 30], [13, 30], [14, 30], [14, 29], [14, 28], [14, 27], [14, 26], [14, 25], [14, 24], [14, 23], [14, 22], [14, 21], [14, 20], [14, 19], [13, 19], [12, 19], [11, 19], [11, 18], [10, 18], [9, 18], [8, 18], [7, 18], [6, 18], [6, 17], [6, 16], [5, 16], [4, 16], [4, 15], [4, 14], [3, 14], [2, 14], [2, 13], [2, 12], [2, 11], [1, 11], [1, 10], [1, 9], [1, 8], [2, 8], [3, 8], [4, 8], [4, 7], [4, 6], [4, 5], [4, 4], [4, 3], [4, 2], [4, 1], [3, 1], [2, 1], [1, 1], [1, 2], [1, 3]]}
META {"type": "geom", "shape": "line", "group": "offpath", "data": [[2, 26, 2, 25], [2, 24, 1, 24], [2, 25, 2, 26], [6, 7, 5, 7], [13, 10, 14, 10], [13, 23, 12, 23], [13, 12, 13, 11], [13, 9, 14, 9], [13, 11, 13, 12], [5, 7, 6, 7], [10, 16, 11, 16], [10, 15, 10, 16], [11, 16, 11, 15], [11, 15, 10, 15], [11, 14, 11, 13], [11, 13, 11, 14], [14, 10, 13, 10], [14, 6, 14, 5], [14, 16, 14, 15], [14, 15, 14, 16], [14, 5, 14, 6], [14, 14, 14, 13], [14, 9, 13, 9], [14, 13, 14, 14], [12, 23, 13, 23], [12, 15, 12, 14], [12, 14, 12, 15], [3, 24, 3, 25], [3, 25, 3, 24], [8, 14, 7, 14], [8, 20, 9, 20], [7, 10, 7, 9], [7, 7, 7, 8], [7, 19, 7, 20], [7, 12, 7, 11], [7, 8, 7, 7], [7, 14, 8, 14], [7, 20, 7, 19], [7, 9, 7, 10], [7, 11, 7, 12], [9, 16, 9, 17], [9, 20, 8, 20], [9, 17, 9, 16], [1, 24, 2, 24]]}
