XXXXXXXXXXXXXXXXXXXXXXXXXXXXXXXX
X--}XXXXXXX-X------XX----X-X-X-X
X-XXXXX---------XX----XXX---X--X
X-XXXXX----X--XXXXX--X---X--X-XX
X-------------XXXXX--X------X--X
XXXXX--X-XXXX---XXX--X--------XX
XXXXX-X-XXXXXX--XXX-----------XX
X-----X-XXXXXXXXXXXX-----------X
X-XXX-X----XXXXXXXXX-XXX-XX----X
X-----------XX---XX--XXXXXXXX--X
X-X--XX---------X--XXXXXXXXXX--X
X-X-XXXX--X-XX-X---XXXXXXXX{---X
X-X-XXXXXXXXXXXXXX-XXXX-XXXXXXXX
XX--XXXXXXXXXXXXXX--XX--XXXXXXXX
X------------------------------X
XXXXXXXXXXXXXXXXXXXXXXXXXXXXXXXX
META {"type": "solver", "id": "pysat-rc2-boolonly", "objective": 0}
META {"type": "geom", "shape": "path", "group": "path", "data": [[11, 27, 11, 28], [11, 28, 11, 29], [11, 29, 11, 30], [11, 30, 10, 30], [10, 30, 9, 30], [9, 30, 8, 30], [8, 30, 7, 30], [7, 30, 7, 29], [7, 29, 6, 29], [6, 29, 5, 29], [5, 29, 5, 28], [5, 28, 6, 28], [6, 28, 6, 27], [6, 27, 5, 27], [5, 27, 4, 27], [4, 27, 4, 26], [4, 26, 4, 25], [4, 25, 5, 25], [5, 25, 6, 25], [6, 25, 6, 24], [6, 24, 5, 24], [5, 24, 5, 23], [5, 23, 6, 23], [6, 23, 6, 22], [6, 22, 6, 21], [6, 21, 7, 21], [7, 21, 7, 20], [7, 20, 6, 20], [6, 20, 6, 19], [6, 19, 5, 19], [5, 19, 5, 20], [5, 20, 4, 20], [4, 20, 4, 19], [4, 19, 3, 19], [3, 19, 2, 19], [2, 19, 2, 18], [2, 18, 1, 18], [1, 18, 1, 17], [1, 17, 1, 16], [1, 16, 1, 15], [1, 15, 1, 14], [1, 14, 1, 13], [1, 13, 2, 13], [2, 13, 2, 12], [2, 12, 3, 12], [3, 12, 3, 13], [3, 13, 4, 13], [4, 13, 4, 12], [4, 12, 4, 11], [4, 11, 4, 10], [4, 10, 3, 10], [3, 10, 3, 9], [3, 9, 2, 9], [2, 9, 2, 8], [2, 8, 2, 7], [2, 7, 3, 7], [3, 7, 4, 7], [4, 7, 4, 6], [4, 6, 4, 5], [4, 5, 4, 4], [4, 4, 4, 3], [4, 3, 4, 2], [4, 2, 4, 1], [4, 1, 3, 1], [3, 1, 2, 1], [2, 1, 1, 1], [1, 1, 1, 2], [1, 2, 1, 3]]}
META {"type": "geom", "shape": "tile", "group": "path", "data": [[11, 27], [11, 28], [11, 29], [11, 30], [10, 30], [9, 30], [8, 30], [7, 30], [7, 29], [6, 29], [5, 29], [5, 28], [6, 28], [6, 27], [5, 27], [4, 27], [4, 26], [4, 25], [5, 25], [6, 25], [6, 24], [5, 24], [5, 23], [6, 23], [6, 22], [6, 21], [7, 21], [7, 20], [6, 20], [6, 19], [5, 19], [5, 20], [4, 20], [4, 19], [3, 19], [2, 19], [2, 18], [1, 18], [1, 17], [1, 16], [1, 15], [1, 14], [1, 13], [2, 13], [2, 12], [3, 12], [3, 13], [4, 13], [4, 12], [4, 11], [4, 10], [3, 10], [3, 9], [2, 9], [2, 8], [2, 7], [3, 7], [4, 7], [4, 6], [4, 5], [4, 4], [4, 3], [4, 2], [4, 1], [3, 1], [2, 1], [1, 1], [1, 2], [1, 3]]}
META {"type": "geom", "shape": "line", "group": "offpath", "data": [[13, 19, 14, 19], [13, 18, 13, 19], [7, 22, 7, 23], [7, 23, 7, 22], [2, 10, 2, 11], [2, 26, 2, 25], [2, 25, 2, 26], [2, 11, 2, 10], [2, 27, 3, 27], [11, 3, 12, 3], [10, 10, 10, 11], [10, 11, 9, 11], [14, 9, 14, 10], [14, 29, 14, 30], [14, 5, 14, 6], [14, 3, 14, 4], [14, 10, 14, 9], [14, 12, 14, 11], [14, 26, 14, 27], [14, 6, 14, 5], [14, 4, 14, 3], [14, 19, 14, 18], [14, 11, 14, 12], [14, 18, 13, 18], [14, 27, 14, 26], [14, 30, 14, 29], [4, 22, 4, 23], [4, 23, 4, 22], [4, 8, 3, 8], [5, 14, 6, 14], [5, 15, 5, 14], [6, 14, 6, 15], [6, 15, 5, 15], [3, 23, 3, 24], [3, 8, 4, 8], [3, 27, 2, 27], [3, 24, 3, 23], [8, 29, 8, 28], [8, 28, 8, 29], [12, 3, 11, 3], [9, 20, 9, 19], [9, 10, 10, 10], [9, 19, 9, 20], [9, 11, 9, 10], [1, 22, 1, 21], [1, 23, 1, 24], [1, 21, 1, 22], [1, 24, 1, 23]]}
