XXXXXXXXXXXXXXXXXXXXXXXXXXXXXXXX
XX--XXXX--XXX--XXX--X-XXX------X
X-XXXXXX-XXXXXXXXXXX-----XXXXXXX
X-XXXXXXXXXXXXXXXXXX-XXX-XXXXXXX
X---}XXXXXXXXXXXXX---XXX-------X
X--XXXXX----XXXX--------XX-----X
X--XXXXXXX-XXXX-XXX-X-X-XX-XXXXX
XX---XXXXX-XXXX------X-----XXXXX
X-----XX--X-XX--X-X--X---XX----X
X---------X-----X-X--X--XXXXXXXX
X-X-XX----X--XX-X-X---XXXXXXXXXX
XXXXXXXX--X-XXXX------XXXXX{---X
XXXXXXXX----XXXX--------XXXXX--X
X---XX--XXXX-XX-XXXXX-X-XXXXX-XX
X-----XX-----------------------X
XXXXXXXXXXXXXXXXXXXXXXXXXXXXXXXX
META {"type": "solver", "id": "pysat-rc2", "objective": 0}
META {"type": "geom", "shape": "path", "group": "path", "data": [[11, 27, 11, 28], [11, 28, 11, 29], [11, 29, 12, 29], [12, 29, 13, 29], [13, 29, 14, 29], [14, 29, 14, 28], [14, 28, 14, 27], [14, 27, 14, 26], [14, 26, 14, 25], [14, 25, 14, 24], [14, 24, 14, 23], [14, 23, 13, 23], [13, 23, 12, 23], [12, 23, 12, 22], [12, 22, 12, 21], [12, 21, 11, 21], [11, 21, 10, 21], [10, 21, 10, 20], [10, 20, 10, 19], [10, 19, 9, 19], [9, 19, 8, 19], [8, 19, 7, 19], [7, 19, 7, 18], [7, 18, 7, 17], [7, 17, 7, 16], [7, 16, 7, 15], [7, 15, 8, 15], [8, 15, 8, 14], [8, 14, 9, 14], [9, 14, 9, 13], [9, 13, 9, 12], [9, 12, 10, 12], [10, 12, 10, 11], [10, 11, 11, 11], [11, 11, 12, 11], [12, 11, 12, 10], [12, 10, 12, 9], [12, 9, 11, 9], [11, 9, 11, 8], [11, 8, 10, 8], [10, 8, 10, 9], [10, 9, 9, 9], [9, 9, 9, 8], [9, 8, 9, 7], [9, 7, 9, 6], [9, 6, 9, 5], [9, 5, 8, 5], [8, 5, 8, 4], [8, 4, 7, 4], [7, 4, 7, 3], [7, 3, 7, 2], [7, 2, 6, 2], [6, 2, 6, 1], [6, 1, 5, 1], [5, 1, 5, 2], [5, 2, 4, 2], [4, 2, 4, 3], [4, 3, 4, 4]]}
META {"type": "geom", "shape": "tile", "group": "path", "data": [[11, 27], [11, 28], [11, 29], [12, 29], [13, 29], [14, 29], [14, 28], [14, 27], [14, 26], [14, 25], [14, 24], [14, 23], [13, 23], [12, 23], [12, 22], [12, 21], [11, 21], [10, 21], [10, 20], [10, 19], [9, 19], [8, 19], [7, 19], [7, 18], [7, 17], [7, 16], [7, 15], [8, 15], [8, 14], [9, 14], [9, 13], [9, 12], [10, 12], [10, 11], [11, 11], [12, 11], [12, 10], [12, 9], [11, 9], [11, 8], [10, 8], [10, 9], [9, 9], [9, 8], [9, 7], [9, 6], [9, 5], [8, 5], [8, 4], [7, 4], [7, 3], [7, 2], [6, 2], [6, 1], [5, 1], [5, 2], [4, 2], [4, 3], [4, 4]]}
META {"type": "geom", "shape": "line", "group": "offpath", "data": [[5, 18, 4, 18], [5, 30, 4, 30], [5, 29, 4, 29], [5, 17, 5, 16], [5, 23, 6, 23], [5, 26, 6, 26], [5, 19, 6, 19], [5, 16, 5, 17], [10, 7, 10, 6], [10, 6, 10, 7], [10, 15, 9, 15], [2, 22, 2, 21], [2, 21, 2, 22], [2, 24, 3, 24], [3, 24, 2, 24], [3, 1, 4, 1], [4, 18, 5, 18], [4, 30, 5, 30], [4, 29, 5, 29], [4, 20, 4, 19], [4, 26, 4, 25], [4, 1, 3, 1], [4, 25, 4, 26], [4, 19, 4, 20], [14, 12, 13, 12], [14, 1, 13, 1], [9, 22, 9, 23], [9, 11, 8, 11], [9, 17, 8, 17], [9, 23, 9, 22], [9, 15, 10, 15], [1, 30, 1, 29], [1, 29, 1, 30], [1, 26, 1, 25], [1, 25, 1, 26], [8, 22, 7, 22], [8, 11, 9, 11], [8, 17, 9, 17], [8, 23, 8, 22], [8, 24, 7, 24], [13, 12, 14, 12], [13, 1, 14, 1], [6, 23, 5, 23], [6, 26, 5, 26], [6, 19, 5, 19], [7, 22, 7, 23], [7, 23, 8, 23], [7, 24, 8, 24]]}
