XXXXXXXXXXXXXXXX
XXXXXXXXXXXXXXXX
XXXX--XXX}XXX-XX
XXXX--XXX-----XX
XXX-#-------XXXX
XX----------XXXX
XX------XX--XXXX
XXXXXXXXXXX--XXX
XXXXXXXXXXX--XXX
XXX-----------XX
XXX-XXX-------XX
XX--XXX--#-X--XX
XX---------XXXXX
XX---X-----XXXXX
XX-XXX--X--XXXXX
XX-XXX--XXX---XX
XX-XXX--XXX---XX
XX-XXX-XXXX---XX
XX----XXXXX##-XX
XX-----XXXX---XX
XX-XX--XXX----XX
XX--X--------XXX
XXX-------XXXXXX
XXXXXX-----XXXXX
XXXXXX-###-XXXXX
XXXXXX------XXXX
XX---XX---#-XXXX
XX-#--X-----XXXX
XX----XXX---XXXX
XX--X-XXX-{---XX
XXXXXXXXXXXXXXXX
XXXXXXXXXXXXXXXX
META {"type": "solver", "id": "pysat-rc2", "objective": 0}
META {"type": "geom", "shape": "path", "group": "path", "data": [[29, 10, 27, 10], [27, 10, 27, 11], [27, 11, 27, 7], [27, 7, 25, 7], [25, 7, 25, 6], [25, 6, 19, 6], [19, 6, 19, 2], [19, 2, 21, 2], [21, 2, 11, 2], [11, 2, 11, 3], [11, 3, 13, 3], [13, 3, 9, 3], [9, 3, 9, 13], [9, 13, 11, 13], [11, 13, 11, 12], [11, 12, 7, 12], [7, 12, 7, 11], [7, 11, 3, 11], [3, 11, 3, 9], [3, 9, 2, 9]]}
META {"type": "geom", "shape": "tile", "group": "path", "data": [[29, 10], [28, 10], [27, 10], [27, 11], [27, 10], [27, 9], [27, 8], [27, 7], [26, 7], [25, 7], [25, 6], [24, 6], [23, 6], [22, 6], [21, 6], [20, 6], [19, 6], [19, 5], [19, 4], [19, 3], [19, 2], [20, 2], [21, 2], [20, 2], [19, 2], [18, 2], [17, 2], [16, 2], [15, 2], [14, 2], [13, 2], [12, 2], [11, 2], [11, 3], [12, 3], [13, 3], [12, 3], [11, 3], [10, 3], [9, 3], [9, 4], [9, 5], [9, 6], [9, 7], [9, 8], [9, 9], [9, 10], [9, 11], [9, 12], [9, 13], [10, 13], [11, 13], [11, 12], [10, 12], [9, 12], [8, 12], [7, 12], [7, 11], [6, 11], [5, 11], [4, 11], [3, 11], [3, 10], [3, 9], [2, 9]]}
META {"type": "geom", "shape": "line", "group": "offpath", "data": [[23, 8, 21, 8], [23, 10, 25, 10], [23, 9, 21, 9], [12, 10, 14, 10], [12, 9, 12, 10], [3, 5, 3, 4], [3, 4, 3, 5], [26, 2, 26, 4], [26, 4, 26, 2], [6, 2, 5, 2], [6, 6, 4, 6], [6, 7, 4, 7], [6, 5, 6, 7], [6, 4, 5, 4], [22, 3, 22, 9], [22, 5, 22, 3], [22, 9, 23, 9], [8, 11, 8, 12], [8, 12, 8, 11], [28, 11, 28, 9], [28, 2, 29, 2], [28, 3, 28, 2], [28, 5, 29, 5], [28, 9, 28, 11], [28, 4, 28, 5], [15, 12, 17, 12], [15, 6, 15, 7], [15, 7, 15, 6], [21, 11, 19, 11], [21, 12, 19, 12], [21, 8, 23, 8], [21, 5, 22, 5], [21, 9, 21, 5], [29, 13, 29, 9], [29, 11, 29, 13], [29, 2, 29, 3], [29, 3, 28, 3], [29, 5, 27, 5], [29, 9, 25, 9], [17, 12, 15, 12], [13, 6, 13, 10], [13, 10, 13, 6], [10, 9, 9, 9], [19, 11, 21, 11], [19, 12, 21, 12], [27, 5, 27, 4], [27, 4, 28, 4], [5, 2, 6, 2], [5, 8, 4, 8], [5, 4, 6, 4], [4, 11, 4, 5], [4, 6, 6, 6], [4, 8, 5, 8], [4, 7, 4, 11], [4, 5, 6, 5], [2, 5, 2, 4], [2, 4, 2, 5], [14, 6, 14, 7], [14, 10, 14, 9], [14, 7, 14, 6], [14, 9, 12, 9], [9, 9, 10, 9], [25, 11, 29, 11], [25, 10, 23, 10], [25, 9, 25, 11]]}
