XXXXXXXXXXXXXXXX
XXXXXXXXXXXXXXXX
XX}XXX--------XX
XX-----XX-----XX
XXX-----XXX---XX
XXX-----XXX---XX
XXXX--X-XXX---XX
XXXX-XX-----XXXX
XXXX--XX-----XXX
XX----XXX----XXX
XX--XXXXX--#--XX
XXX-XXXXX-----XX
XXX-XXXXX##---XX
XXX-XXXXX--#--XX
XXX-----------XX
XX----XX-#--#-XX
XX-#---X------XX
XX------------XX
XX-----##-#---XX
XX--X---------XX
XXXXX-#-----X-XX
XXXXX-----#-XXXX
XXXX---#----XXXX
XXX------#---XXX
XX-----------XXX
XX---#-----#-XXX
XX##---X-X----XX
XX-----XXXX---XX
XXX-----XXX---XX
XXXX--{-XXXX-XXX
XXXXXXXXXXXXXXXX
XXXXXXXXXXXXXXXX
META {"type": "solver", "id": "pysat-rc2", "objective": 0}
META {"type": "geom", "shape": "path", "group": "path", "data": [[29, 6, 29, 7], [29, 7, 28, 7], [28, 7, 28, 3], [28, 3, 27, 3], [27, 3, 27, 2], [27, 2, 27, 6], [27, 6, 21, 6], [21, 6, 21, 5], [21, 5, 21, 9], [21, 9, 22, 9], [22, 9, 16, 9], [16, 9, 16, 13], [16, 13, 20, 13], [20, 13, 10, 13], [10, 13, 10, 12], [10, 12, 14, 12], [14, 12, 14, 13], [14, 13, 14, 3], [14, 3, 15, 3], [15, 3, 9, 3], [9, 3, 9, 5], [9, 5, 8, 5], [8, 5, 8, 4], [8, 4, 9, 4], [9, 4, 3, 4], [3, 4, 3, 6], [3, 6, 3, 2], [3, 2, 2, 2]]}
META {"type": "geom", "shape": "tile", "group": "path", "data": [[29, 6], [29, 7], [28, 7], [28, 6], [28, 5], [28, 4], [28, 3], [27, 3], [27, 2], [27, 3], [27, 4], [27, 5], [27, 6], [26, 6], [25, 6], [24, 6], [23, 6], [22, 6], [21, 6], [21, 5], [21, 6], [21, 7], [21, 8], [21, 9], [22, 9], [21, 9], [20, 9], [19, 9], [18, 9], [17, 9], [16, 9], [16, 10], [16, 11], [16, 12], [16, 13], [17, 13], [18, 13], [19, 13], [20, 13], [19, 13], [18, 13], [17, 13], [16, 13], [15, 13], [14, 13], [13, 13], [12, 13], [11, 13], [10, 13], [10, 12], [11, 12], [12, 12], [13, 12], [14, 12], [14, 13], [14, 12], [14, 11], [14, 10], [14, 9], [14, 8], [14, 7], [14, 6], [14, 5], [14, 4], [14, 3], [15, 3], [14, 3], [13, 3], [12, 3], [11, 3], [10, 3], [9, 3], [9, 4], [9, 5], [8, 5], [8, 4], [9, 4], [8, 4], [7, 4], [6, 4], [5, 4], [4, 4], [3, 4], [3, 5], [3, 6], [3, 5], [3, 4], [3, 3], [3, 2], [2, 2]]}
META {"type": "geom", "shape": "line", "group": "offpath", "data": [[8, 8, 8, 12], [8, 12, 8, 8], [18, 4, 14, 4], [23, 7, 25, 7], [23, 12, 29, 12], [23, 3, 25, 3], [6, 13, 6, 11], [6, 11, 2, 11], [4, 7, 4, 3], [4, 3, 5, 3], [27, 13, 27, 11], [27, 11, 27, 13], [12, 13, 12, 11], [12, 11, 12, 13], [26, 13, 28, 13], [26, 11, 28, 11], [29, 12, 23, 12], [28, 13, 26, 13], [28, 11, 26, 11], [13, 9, 14, 9], [24, 11, 14, 11], [3, 9, 3, 13], [3, 13, 3, 9], [3, 10, 2, 10], [20, 7, 20, 11], [20, 11, 20, 7], [10, 9, 10, 10], [10, 10, 10, 9], [19, 2, 19, 3], [19, 3, 17, 3], [5, 13, 5, 11], [5, 7, 4, 7], [5, 3, 5, 7], [5, 11, 5, 13], [17, 2, 15, 2], [17, 3, 17, 2], [14, 9, 13, 9], [14, 4, 18, 4], [14, 11, 24, 11], [15, 2, 19, 2], [25, 4, 25, 2], [25, 7, 23, 7], [25, 2, 25, 4], [25, 3, 23, 3], [2, 13, 6, 13], [2, 10, 3, 10], [2, 11, 2, 13]]}
