XXXXXXXXXXXXXXXX
XXXXXXXXXXXXXXXX
XXXX-XXX--XXXXXX
XXXX-XXX--XXX}XX
XXXX-----XXXX-XX
XXX-XXXXXXXXX-XX
XX---XXXXXXXX-XX
XX---XXXXXXXX-XX
XX---XXX------XX
XXXXX---------XX
XXXXX----XX-#-XX
XXX---#---X---XX
XXXX----#-----XX
XXXX##-----#--XX
XXXX---X------XX
XXXX-XXXXX----XX
XXXX-XXXXX----XX
XXXX--XXX-##--XX
XXX---XXX-----XX
XX--X-XXXX----XX
XX--XXXXXXX---XX
XX---XXXXXX--XXX
XX---XXXXXXXXXXX
XX-X-XXXXXXXXXXX
XX-XX----XXXXXXX
XX--X--X--XXXXXX
XX----XX--XXXXXX
XX-{---X-XXXXXXX
XXXXXX--XXXXXXXX
XXXXXXX-XXXXXXXX
XXXXXXXXXXXXXXXX
XXXXXXXXXXXXXXXX
META {"type": "solver", "id": "pysat-rc2-boolonly", "objective": 0}
META {"type": "geom", "shape": "path", "group": "path", "data": [[27, 3, 25, 3], [25, 3, 25, 2], [25, 2, 19, 2], [19, 2, 19, 3], [19, 3, 18, 3], [18, 3, 18, 5], [18, 5, 19, 5], [19, 5, 17, 5], [17, 5, 17, 4], [17, 4, 18, 4], [18, 4, 14, 4], [14, 4, 14, 6], [14, 6, 12, 6], [12, 6, 12, 7], [12, 7, 13, 7], [13, 7, 9, 7], [9, 7, 9, 13], [9, 13, 3, 13]]}
META {"type": "geom", "shape": "tile", "group": "path", "data": [[27, 3], [26, 3], [25, 3], [25, 2], [24, 2], [23, 2], [22, 2], [21, 2], [20, 2], [19, 2], [19, 3], [18, 3], [18, 4], [18, 5], [19, 5], [18, 5], [17, 5], [17, 4], [18, 4], [17, 4], [16, 4], [15, 4], [14, 4], [14, 5], [14, 6], [13, 6], [12, 6], [12, 7], [13, 7], [12, 7], [11, 7], [10, 7], [9, 7], [9, 8], [9, 9], [9, 10], [9, 11], [9, 12], [9, 13], [8, 13], [7, 13], [6, 13], [5, 13], [4, 13], [3, 13]]}
META {"type": "geom", "shape": "line", "group": "offpath", "data": [[20, 3, 20, 2], [20, 13, 20, 11], [20, 11, 21, 11], [20, 2, 20, 3], [21, 12, 11, 12], [21, 11, 21, 12], [3, 8, 4, 8], [3, 9, 3, 8], [12, 10, 16, 10], [12, 9, 14, 9], [12, 11, 12, 9], [4, 8, 2, 8], [4, 4, 2, 4], [10, 6, 9, 6], [6, 2, 6, 4], [6, 4, 8, 4], [14, 13, 20, 13], [14, 9, 14, 13], [14, 11, 16, 11], [2, 8, 2, 9], [2, 9, 3, 9], [2, 4, 4, 4], [16, 10, 12, 10], [16, 11, 14, 11], [9, 6, 10, 6], [18, 13, 18, 9], [18, 9, 18, 13], [8, 2, 6, 2], [8, 4, 8, 2], [11, 7, 11, 9], [11, 13, 11, 11], [11, 9, 11, 7], [11, 12, 11, 13], [11, 11, 12, 11]]}
