XXXXXXXXXXXXXXXX
XXXXXXXXXXXXXXXX
XXX-XXX---XXX}XX
XXX-XXX-------XX
XXX---XX------XX
XX-XX--X--X-XXXX
XX--X----XX--XXX
XX-----#--X--XXX
XX##-#-----#--XX
XX------#-----XX
XX-##-#-----XXXX
XX----------XXXX
XX-----#----XXXX
XX##------XX--XX
XX--#---X--X--XX
XX-----XX--XXXXX
XX##----X-XXXXXX
XX--#----XXXXXXX
XX----X--XXXXXXX
XX----XX-XXXXXXX
XX-XX--X-XXXXXXX
XX--X-----XXXXXX
XX----XX--XXXXXX
XX-X---X--XXXXXX
XXXX-#--#-----XX
XXXX----------XX
XX----X---#---XX
XXXX--XXX-----XX
XXXX--XXX-----XX
XXXX--XXX-{-XXXX
XXXXXXXXXXXXXXXX
XXXXXXXXXXXXXXXX
META {"type": "solver", "id": "pysat-rc2", "objective": 0}
META {"type": "geom", "shape": "path", "group": "path", "data": [[29, 10, 27, 10], [27, 10, 27, 9], [27, 9, 21, 9], [21, 9, 21, 5], [21, 5, 23, 5], [23, 5, 23, 4], [23, 4, 22, 4], [22, 4, 22, 2], [22, 2, 23, 2], [23, 2, 17, 2], [17, 2, 17, 3], [17, 3, 19, 3], [19, 3, 19, 5], [19, 5, 9, 5], [9, 5, 9, 7], [9, 7, 11, 7], [11, 7, 11, 11], [11, 11, 9, 11], [9, 11, 9, 9], [9, 9, 9, 13], [9, 13, 8, 13], [8, 13, 8, 12], [8, 12, 6, 12], [6, 12, 6, 11], [6, 11, 7, 11], [7, 11, 3, 11], [3, 11, 3, 13], [3, 13, 2, 13]]}
META {"type": "geom", "shape": "tile", "group": "path", "data": [[29, 10], [28, 10], [27, 10], [27, 9], [26, 9], [25, 9], [24, 9], [23, 9], [22, 9], [21, 9], [21, 8], [21, 7], [21, 6], [21, 5], [22, 5], [23, 5], [23, 4], [22, 4], [22, 3], [22, 2], [23, 2], [22, 2], [21, 2], [20, 2], [19, 2], [18, 2], [17, 2], [17, 3], [18, 3], [19, 3], [19, 4], [19, 5], [18, 5], [17, 5], [16, 5], [15, 5], [14, 5], [13, 5], [12, 5], [11, 5], [10, 5], [9, 5], [9, 6], [9, 7], [10, 7], [11, 7], [11, 8], [11, 9], [11, 10], [11, 11], [10, 11], [9, 11], [9, 10], [9, 9], [9, 10], [9, 11], [9, 12], [9, 13], [8, 13], [8, 12], [7, 12], [6, 12], [6, 11], [7, 11], [6, 11], [5, 11], [4, 11], [3, 11], [3, 12], [3, 13], [2, 13]]}
META {"type": "geom", "shape": "line", "group": "offpath", "data": [[20, 6, 21, 6], [22, 3, 21, 3], [22, 8, 22, 9], [22, 9, 22, 8], [23, 8, 23, 9], [23, 9, 23, 8], [23, 6, 25, 6], [8, 10, 12, 10], [8, 8, 8, 10], [29, 5, 25, 5], [13, 13, 14, 13], [13, 12, 13, 13], [13, 7, 14, 7], [13, 8, 13, 9], [13, 4, 11, 4], [13, 9, 7, 9], [26, 11, 26, 13], [26, 13, 26, 11], [26, 7, 26, 9], [26, 9, 26, 7], [25, 5, 29, 5], [25, 10, 24, 10], [25, 6, 23, 6], [12, 3, 11, 3], [12, 10, 12, 8], [12, 8, 13, 8], [5, 5, 7, 5], [5, 6, 5, 5], [28, 13, 24, 13], [28, 12, 24, 12], [15, 3, 14, 3], [15, 10, 15, 9], [15, 2, 15, 6], [15, 9, 15, 10], [15, 6, 15, 2], [4, 3, 2, 3], [6, 3, 6, 2], [6, 2, 6, 3], [24, 13, 28, 13], [24, 12, 28, 12], [24, 10, 25, 10], [14, 13, 14, 12], [14, 12, 13, 12], [14, 3, 15, 3], [14, 10, 14, 9], [14, 7, 13, 7], [14, 9, 14, 10], [7, 5, 7, 6], [7, 8, 8, 8], [7, 9, 7, 8], [7, 6, 9, 6], [3, 7, 2, 7], [11, 3, 12, 3], [11, 4, 13, 4], [2, 3, 4, 3], [2, 7, 3, 7], [27, 5, 27, 4], [27, 4, 27, 5], [21, 3, 22, 3], [21, 6, 20, 6], [9, 6, 5, 6]]}
