XXXXXXXXXXXXXXXX
XXXXXXXXXXXXXXXX
XXXXXXXX}XXX-XXX
XXXX-XXX-XXX-XXX
XX---XXX----XXXX
XX---------XXXXX
XX--#-------XXXX
XX----#--#--XXXX
XX----------XXXX
XX--XX-XX----XXX
XX--XX--X-XX-XXX
XXX--X-----X--XX
XXXX---X------XX
XXXX##-XXXXX--XX
XX-----XXXXX--XX
XX--#--XXX----XX
XX----#---X---XX
XX------XXX---XX
XX------XXX---XX
XX##-X------#-XX
XX---XXX------XX
XX---XXX---X--XX
XX---XXX-XXXXXXX
XX-#------XXXXXX
XX--------XXXXXX
XX--#--##--XXXXX
XX---------XXXXX
XX----{--#-XXXXX
XX--XXXX-----XXX
XXXXXXXXX-X--XXX
XXXXXXXXXXXXXXXX
XXXXXXXXXXXXXXXX
META {"type": "solver", "id": "pysat-rc2", "objective": 0}
META {"type": "geom", "shape": "path", "group": "path", "data": [[27, 6, 23, 6], [23, 6, 23, 4], [23, 4, 24, 4], [24, 4, 24, 2], [24, 2, 28, 2], [28, 2, 28, 3], [28, 3, 24, 3], [24, 3, 24, 9], [24, 9, 26, 9], [26, 9, 26, 10], [26, 10, 28, 10], [28, 10, 28, 8], [28, 8, 26, 8], [26, 8, 26, 2], [26, 2, 20, 2], [20, 2, 20, 4], [20, 4, 16, 4], [16, 4, 16, 5], [16, 5, 14, 5], [14, 5, 14, 6], [14, 6, 8, 6], [8, 6, 8, 2], [8, 2, 10, 2], [10, 2, 10, 3], [10, 3, 4, 3], [4, 3, 4, 2], [4, 2, 4, 4], [4, 4, 3, 4], [3, 4, 5, 4], [5, 4, 5, 10], [5, 10, 4, 10], [4, 10, 4, 8], [4, 8, 2, 8]]}
META {"type": "geom", "shape": "tile", "group": "path", "data": [[27, 6], [26, 6], [25, 6], [24, 6], [23, 6], [23, 5], [23, 4], [24, 4], [24, 3], [24, 2], [25, 2], [26, 2], [27, 2], [28, 2], [28, 3], [27, 3], [26, 3], [25, 3], [24, 3], [24, 4], [24, 5], [24, 6], [24, 7], [24, 8], [24, 9], [25, 9], [26, 9], [26, 10], [27, 10], [28, 10], [28, 9], [28, 8], [27, 8], [26, 8], [26, 7], [26, 6], [26, 5], [26, 4], [26, 3], [26, 2], [25, 2], [24, 2], [23, 2], [22, 2], [21, 2], [20, 2], [20, 3], [20, 4], [19, 4], [18, 4], [17, 4], [16, 4], [16, 5], [15, 5], [14, 5], [14, 6], [13, 6], [12, 6], [11, 6], [10, 6], [9, 6], [8, 6], [8, 5], [8, 4], [8, 3], [8, 2], [9, 2], [10, 2], [10, 3], [9, 3], [8, 3], [7, 3], [6, 3], [5, 3], [4, 3], [4, 2], [4, 3], [4, 4], [3, 4], [4, 4], [5, 4], [5, 5], [5, 6], [5, 7], [5, 8], [5, 9], [5, 10], [4, 10], [4, 9], [4, 8], [3, 8], [2, 8]]}
META {"type": "geom", "shape": "line", "group": "offpath", "data": [[12, 4, 12, 6], [12, 10, 12, 8], [12, 6, 12, 4], [12, 8, 11, 8], [12, 9, 8, 9], [2, 12, 3, 12], [27, 2, 27, 8], [27, 8, 27, 2], [21, 10, 19, 10], [21, 13, 21, 12], [21, 9, 19, 9], [21, 12, 20, 12], [11, 10, 12, 10], [11, 13, 21, 13], [11, 8, 11, 10], [4, 9, 6, 9], [7, 4, 8, 4], [18, 3, 14, 3], [29, 11, 28, 11], [29, 12, 29, 11], [10, 6, 10, 7], [10, 7, 10, 6], [20, 8, 19, 8], [20, 12, 20, 8], [16, 13, 16, 11], [16, 11, 16, 13], [9, 2, 9, 3], [9, 3, 9, 2], [17, 6, 17, 7], [17, 7, 19, 7], [8, 4, 7, 4], [8, 11, 6, 11], [8, 9, 12, 9], [8, 5, 8, 11], [13, 13, 13, 12], [13, 12, 13, 13], [3, 12, 2, 12], [28, 11, 28, 12], [28, 12, 29, 12], [6, 2, 6, 3], [6, 6, 5, 6], [6, 11, 6, 5], [6, 3, 6, 2], [6, 9, 4, 9], [6, 5, 8, 5], [25, 2, 25, 3], [25, 10, 25, 9], [25, 3, 25, 2], [25, 9, 25, 10], [5, 6, 6, 6], [14, 3, 18, 3], [19, 10, 21, 10], [19, 6, 17, 6], [19, 7, 19, 11], [19, 11, 15, 11], [19, 8, 19, 6], [19, 9, 21, 9], [15, 6, 15, 5], [15, 13, 11, 13], [15, 11, 15, 13], [15, 5, 15, 6]]}
