XXXXXXXXXXXXXXXX
X---}XXX-------X
XX-XXXXXX----X-X
XX-XXXXXX------X
XX-------------X
XXX-X-XXX-XXX--X
XXX-X--------X-X
XX--X----XXX---X
X-XX--XX-XXX---X
XXXXXXXXXXXXXX-X
XXXXXXXXXXXXXX-X
X-XX-----XXX{--X
XX----XXXXXXXXXX
X-XXX-XXXXXXXXXX
X--------------X
XXXXXXXXXXXXXXXX
META {"type": "solver", "id": "pysat-rc2", "objective": 0}
META {"type": "geom", "shape": "path", "group": "path", "data": [[11, 12, 11, 13], [11, 13, 11, 14], [11, 14, 10, 14], [10, 14, 9, 14], [9, 14, 8, 14], [8, 14, 8, 13], [8, 13, 7, 13], [7, 13, 7, 14], [7, 14, 6, 14], [6, 14, 5, 14], [5, 14, 5, 13], [5, 13, 4, 13], [4, 13, 4, 12], [4, 12, 4, 11], [4, 11, 4, 10], [4, 10, 4, 9], [4, 9, 4, 8], [4, 8, 4, 7], [4, 7, 4, 6], [4, 6, 4, 5], [4, 5, 4, 4], [4, 4, 4, 3], [4, 3, 4, 2], [4, 2, 3, 2], [3, 2, 2, 2], [2, 2, 1, 2], [1, 2, 1, 3], [1, 3, 1, 4]]}
META {"type": "geom", "shape": "tile", "group": "path", "data": [[11, 12], [11, 13], [11, 14], [10, 14], [9, 14], [8, 14], [8, 13], [7, 13], [7, 14], [6, 14], [5, 14], [5, 13], [4, 13], [4, 12], [4, 11], [4, 10], [4, 9], [4, 8], [4, 7], [4, 6], [4, 5], [4, 4], [4, 3], [4, 2], [3, 2], [2, 2], [1, 2], [1, 3], [1, 4]]}
META {"type": "geom", "shape": "line", "group": "offpath", "data": [[6, 6, 6, 5], [6, 9, 5, 9], [6, 3, 7, 3], [6, 5, 6, 6], [1, 11, 1, 10], [1, 9, 2, 9], [1, 12, 1, 11], [1, 10, 1, 9], [7, 3, 6, 3], [11, 6, 11, 7], [11, 4, 11, 5], [11, 7, 11, 6], [11, 5, 11, 4], [2, 11, 2, 12], [2, 9, 2, 10], [2, 12, 1, 12], [2, 10, 2, 11], [14, 13, 14, 14], [14, 11, 14, 12], [14, 6, 14, 7], [14, 4, 14, 5], [14, 9, 14, 10], [14, 12, 14, 11], [14, 10, 14, 9], [14, 7, 14, 6], [14, 14, 14, 13], [14, 2, 14, 3], [14, 3, 14, 2], [14, 5, 14, 4], [3, 11, 3, 12], [3, 12, 3, 11], [3, 14, 4, 14], [5, 9, 6, 9], [4, 14, 3, 14]]}
