XXXXXXXXXXXXXXXX
X---}XXX-------X
X--XXXXX---X---X
X--XXXXX---X---X
XX---------X---X
X--------------X
XX-XXXX-XX-----X
XXXXXXXXXXX---XX
XXXXXXXXXXXXX--X
XX------XXXXXX-X
X-XXXXXX-XXXXX-X
XX-------XXX{--X
XX-X-XXX-XXXXXXX
X-X-X----XXXXXXX
X------XX------X
XXXXXXXXXXXXXXXX
META {"type": "solver", "id": "pysat-rc2", "objective": 0}
META {"type": "geom", "shape": "path", "group": "path", "data": [[11, 12, 11, 13], [11, 13, 11, 14], [11, 14, 10, 14], [10, 14, 9, 14], [9, 14, 8, 14], [8, 14, 8, 13], [8, 13, 7, 13], [7, 13, 6, 13], [6, 13, 5, 13], [5, 13, 5, 12], [5, 12, 5, 11], [5, 11, 5, 10], [5, 10, 4, 10], [4, 10, 4, 9], [4, 9, 4, 8], [4, 8, 4, 7], [4, 7, 5, 7], [5, 7, 5, 6], [5, 6, 4, 6], [4, 6, 4, 5], [4, 5, 4, 4], [4, 4, 4, 3], [4, 3, 4, 2], [4, 2, 3, 2], [3, 2, 2, 2], [2, 2, 2, 1], [2, 1, 1, 1], [1, 1, 1, 2], [1, 2, 1, 3], [1, 3, 1, 4]]}
META {"type": "geom", "shape": "tile", "group": "path", "data": [[11, 12], [11, 13], [11, 14], [10, 14], [9, 14], [8, 14], [8, 13], [7, 13], [6, 13], [5, 13], [5, 12], [5, 11], [5, 10], [4, 10], [4, 9], [4, 8], [4, 7], [5, 7], [5, 6], [4, 6], [4, 5], [4, 4], [4, 3], [4, 2], [3, 2], [2, 2], [2, 1], [1, 1], [1, 2], [1, 3], [1, 4]]}
META {"type": "geom", "shape": "line", "group": "offpath", "data": [[4, 13, 4, 12], [4, 12, 3, 12], [4, 14, 4, 13], [2, 8, 3, 8], [2, 13, 3, 13], [2, 12, 1, 12], [2, 14, 3, 14], [14, 10, 14, 9], [14, 9, 14, 10], [5, 14, 6, 14], [6, 11, 6, 10], [6, 14, 5, 14], [6, 10, 6, 11], [1, 13, 1, 14], [1, 12, 1, 13], [1, 14, 2, 14], [1, 10, 1, 9], [1, 9, 1, 10], [3, 8, 2, 8], [3, 13, 2, 13], [3, 12, 2, 12], [3, 14, 4, 14]]}
