XXXXXXXXXXXXXXXX
X--XXXXX--XX-X-X
XX--}XXXXX--X-XX
X--XXXXXXX-X-X-X
X--XXXXX-----X-X
XX------XXXX-X-X
X---XX---------X
XXXXXXXXXXX---XX
XXXXXXXXXXXX---X
X---XXXXXXXXXX-X
XX---XX--XXXXX-X
X-------XXXX{--X
X-------XXXXXXXX
X--------XXXXXXX
X--------------X
XXXXXXXXXXXXXXXX
META {"type": "solver", "id": "pysat-rc2", "objective": 0}
META {"type": "geom", "shape": "path", "group": "path", "data": [[11, 12, 11, 13], [11, 13, 11, 14], [11, 14, 10, 14], [10, 14, 9, 14], [9, 14, 8, 14], [8, 14, 8, 13], [8, 13, 7, 13], [7, 13, 7, 12], [7, 12, 7, 11], [7, 11, 6, 11], [6, 11, 6, 10], [6, 10, 6, 9], [6, 9, 6, 8], [6, 8, 6, 7], [6, 7, 6, 6], [6, 6, 5, 6], [5, 6, 5, 5], [5, 5, 5, 4], [5, 4, 5, 3], [5, 3, 6, 3], [6, 3, 6, 2], [6, 2, 5, 2], [5, 2, 4, 2], [4, 2, 4, 1], [4, 1, 3, 1], [3, 1, 3, 2], [3, 2, 2, 2], [2, 2, 2, 3], [2, 3, 2, 4]]}
META {"type": "geom", "shape": "tile", "group": "path", "data": [[11, 12], [11, 13], [11, 14], [10, 14], [9, 14], [8, 14], [8, 13], [7, 13], [7, 12], [7, 11], [6, 11], [6, 10], [6, 9], [6, 8], [6, 7], [6, 6], [5, 6], [5, 5], [5, 4], [5, 3], [6, 3], [6, 2], [5, 2], [4, 2], [4, 1], [3, 1], [3, 2], [2, 2], [2, 3], [2, 4]]}
META {"type": "geom", "shape": "line", "group": "offpath", "data": [[10, 3, 10, 4], [10, 8, 10, 7], [10, 4, 10, 3], [10, 7, 10, 8], [10, 2, 9, 2], [3, 14, 4, 14], [9, 2, 10, 2], [12, 6, 11, 6], [12, 1, 11, 1], [12, 5, 12, 6], [12, 2, 13, 2], [5, 12, 4, 12], [11, 6, 11, 5], [11, 3, 11, 2], [11, 1, 12, 1], [11, 4, 11, 3], [11, 5, 11, 4], [11, 2, 12, 2], [13, 3, 14, 3], [13, 5, 12, 5], [13, 2, 13, 3], [14, 6, 14, 7], [14, 14, 14, 13], [14, 3, 14, 4], [14, 8, 14, 9], [14, 11, 14, 10], [14, 1, 14, 2], [14, 4, 14, 5], [14, 13, 14, 14], [14, 7, 14, 6], [14, 5, 13, 5], [14, 9, 14, 8], [14, 10, 14, 11], [14, 2, 14, 1], [6, 12, 6, 13], [6, 13, 6, 12], [4, 14, 3, 14], [4, 8, 4, 9], [4, 11, 4, 10], [4, 12, 5, 12], [4, 9, 4, 8], [4, 10, 4, 11]]}
