XXXXXXXXXXXXXXXX
XX0---X--XX---1X
XXXX----XXXX-XXX
XXXX----XXXX-XXX
X---XX---------X
XX--XX----XXX-XX
XX--XX-XXXXXXX-X
XX-----XXXXXXX-X
X-XXXXX-------XX
X-XXXXX-XXX----X
X---XXX-----X-XX
XXX------X----XX
XXX------X---XXX
XXX------X---XXX
X2------------3X
XXXXXXXXXXXXXXXX
META {"type": "solver", "id": "pysat-rc2", "objective": 0}
META {"type": "geom", "shape": "path", "group": "path", "data": [[1, 2, 1, 3], [1, 3, 1, 4], [1, 4, 1, 5], [1, 5, 2, 5], [2, 5, 2, 6], [2, 6, 2, 7], [2, 7, 3, 7], [3, 7, 4, 7], [4, 7, 4, 8], [4, 8, 4, 9], [4, 9, 4, 10], [4, 10, 4, 11], [4, 11, 4, 12], [4, 12, 3, 12], [3, 12, 2, 12], [2, 12, 1, 12], [1, 12, 1, 13], [1, 13, 1, 14]]}
META {"type": "geom", "shape": "path", "group": "path", "data": [[14, 1, 14, 2], [14, 2, 14, 3], [14, 3, 14, 4], [14, 4, 14, 5], [14, 5, 14, 6], [14, 6, 14, 7], [14, 7, 14, 8], [14, 8, 14, 9], [14, 9, 14, 10], [14, 10, 14, 11], [14, 11, 14, 12], [14, 12, 14, 13], [14, 13, 14, 14]]}
META {"type": "geom", "shape": "tile", "group": "reachable", "data": [[1, 2], [1, 3], [1, 4], [2, 4], [1, 5], [2, 5], [3, 4], [3, 5], [2, 6], [3, 6], [2, 7], [1, 7], [3, 7], [4, 6], [1, 8], [4, 7], [5, 6], [5, 7], [4, 8], [6, 6], [5, 8], [4, 9], [7, 6], [5, 9], [4, 10], [7, 5], [4, 11], [7, 4], [4, 12], [7, 3], [3, 12], [4, 13], [6, 3], [7, 2], [2, 12], [5, 13], [4, 14], [5, 3], [6, 2], [1, 12], [4, 3], [5, 2], [1, 11], [1, 13], [4, 2], [4, 1]]}
