XXXXXXXXXXXXXXXX
XXXXX---XX---1XX
XXXXX-------XXXX
XX0-----XXX-XXXX
XXXXX------X---X
XXXXX-XX-XX--X-X
X----XXXXXXX-X-X
XX---XXXXXXX-X-X
X-XXX-XX-XX----X
X------------XXX
X---XXX--XX--XXX
X---XXX--XX----X
XXX-XXX-XXXX-XXX
XXX-----XXXX-XXX
X2-------XX---3X
XXXXXXXXXXXXXXXX
META {"type": "solver", "id": "pysat-rc2-boolonly", "objective": 0}
META {"type": "geom", "shape": "path", "group": "path", "data": [[3, 2, 3, 3], [3, 3, 3, 4], [3, 4, 3, 5], [3, 5, 2, 5], [2, 5, 2, 6], [2, 6, 2, 7], [2, 7, 2, 8], [2, 8, 2, 9], [2, 9, 2, 10], [2, 10, 1, 10], [1, 10, 1, 11], [1, 11, 1, 12], [1, 12, 1, 13]]}
META {"type": "geom", "shape": "path", "group": "path", "data": [[14, 1, 14, 2], [14, 2, 14, 3], [14, 3, 13, 3], [13, 3, 12, 3], [12, 3, 11, 3], [11, 3, 10, 3], [10, 3, 9, 3], [9, 3, 9, 4], [9, 4, 9, 5], [9, 5, 9, 6], [9, 6, 9, 7], [9, 7, 9, 8], [9, 8, 9, 9], [9, 9, 9, 10], [9, 10, 9, 11], [9, 11, 9, 12], [9, 12, 10, 12], [10, 12, 11, 12], [11, 12, 12, 12], [12, 12, 13, 12], [13, 12, 14, 12], [14, 12, 14, 13], [14, 13, 14, 14]]}
META {"type": "geom", "shape": "tile", "group": "reachable", "data": [[3, 2], [3, 3], [3, 4], [3, 5], [2, 5], [4, 5], [3, 6], [1, 5], [2, 6], [4, 6], [3, 7], [5, 5], [1, 6], [2, 7], [4, 7], [1, 7], [2, 8], [4, 8], [2, 9], [5, 8], [4, 9], [2, 10], [4, 10], [1, 10], [2, 11], [1, 11], [3, 11], [1, 12]]}
