XXXXXXXXXXXXXXXX
X0-------X----1X
XXX----------XXX
XXX--XXXXX-X-XXX
X-----------X--X
X-XXX-X-X----XXX
X-----X---XX-XXX
X--XX-X--XXXX-XX
XX-XX----XXXX--X
XX---X--X-XX--XX
XX-XXXXXXXXXXXXX
X--XXXXXXXXXXXXX
XXX------XXXXXXX
XXX--XX-----XXXX
X2---XX--XX---3X
XXXXXXXXXXXXXXXX
META {"type": "solver", "id": "pysat-rc2-boolonly", "objective": 0}
META {"type": "geom", "shape": "path", "group": "path", "data": [[1, 1, 1, 2], [1, 2, 1, 3], [1, 3, 1, 4], [1, 4, 1, 5], [1, 5, 1, 6], [1, 6, 1, 7], [1, 7, 1, 8], [1, 8, 2, 8], [2, 8, 2, 9], [2, 9, 2, 10], [2, 10, 1, 10], [1, 10, 1, 11], [1, 11, 1, 12], [1, 12, 1, 13], [1, 13, 1, 14]]}
META {"type": "geom", "shape": "path", "group": "path", "data": [[14, 1, 14, 2], [14, 2, 14, 3], [14, 3, 13, 3], [13, 3, 12, 3], [12, 3, 12, 4], [12, 4, 12, 5], [12, 5, 12, 6], [12, 6, 12, 7], [12, 7, 12, 8], [12, 8, 13, 8], [13, 8, 13, 9], [13, 9, 13, 10], [13, 10, 13, 11], [13, 11, 14, 11], [14, 11, 14, 12], [14, 12, 14, 13], [14, 13, 14, 14]]}
META {"type": "geom", "shape": "tile", "group": "reachable", "data": [[1, 1], [1, 2], [1, 3], [2, 3], [1, 4], [2, 4], [1, 5], [3, 3], [2, 5], [1, 6], [3, 4], [4, 3], [2, 6], [1, 7], [4, 4], [4, 2], [2, 7], [1, 8], [4, 5], [4, 1], [2, 8], [5, 5], [4, 6], [5, 1], [2, 9], [4, 7], [6, 5], [6, 1], [2, 10], [5, 7], [4, 8], [7, 5], [6, 4], [7, 1], [6, 2], [1, 10], [3, 10], [2, 11], [4, 9], [6, 7], [6, 3], [8, 5], [7, 2], [1, 11], [2, 12], [4, 10], [5, 9], [7, 7], [6, 8], [8, 6], [8, 2], [1, 12], [3, 12], [5, 10], [4, 11], [6, 9], [7, 8], [8, 7], [9, 6], [9, 2], [1, 13], [5, 11], [8, 8], [9, 7], [10, 2], [9, 3], [5, 12], [9, 4], [11, 2], [6, 12], [11, 1]]}
