XXXXXXXXXXXXXXXX
XXXX----------1X
XXX---X-X----XXX
X0------X--XXXXX
XXX-----X--XXXXX
XXX----X-XX-XX-X
X-------XXXXXXXX
X-------XXXXXXXX
X---XX-----XX--X
XX--XX--XXX---XX
XXXX--XX-------X
XXXXX-XX-XXX---X
XXXXX-XX-XXX-XXX
XXX----------XXX
X2------------3X
XXXXXXXXXXXXXXXX
META {"type": "solver", "id": "pysat-rc2", "objective": 0}
META {"type": "geom", "shape": "path", "group": "path", "data": [[3, 1, 3, 2], [3, 2, 3, 3], [3, 3, 2, 3], [2, 3, 2, 4], [2, 4, 1, 4], [1, 4, 1, 5], [1, 5, 1, 6], [1, 6, 1, 7], [1, 7, 1, 8], [1, 8, 1, 9], [1, 9, 1, 10], [1, 10, 1, 11], [1, 11, 1, 12], [1, 12, 1, 13], [1, 13, 1, 14]]}
META {"type": "geom", "shape": "path", "group": "path", "data": [[14, 1, 14, 2], [14, 2, 14, 3], [14, 3, 14, 4], [14, 4, 14, 5], [14, 5, 14, 6], [14, 6, 14, 7], [14, 7, 14, 8], [14, 8, 14, 9], [14, 9, 14, 10], [14, 10, 14, 11], [14, 11, 14, 12], [14, 12, 14, 13], [14, 13, 14, 14]]}
META {"type": "geom", "shape": "tile", "group": "reachable", "data": [[3, 1], [3, 2], [3, 3], [2, 3], [4, 3], [3, 4], [2, 4], [4, 4], [3, 5], [5, 3], [1, 4], [2, 5], [4, 5], [3, 6], [5, 4], [6, 3], [1, 5], [4, 6], [3, 7], [5, 5], [6, 4], [7, 3], [6, 2], [1, 6], [2, 7], [4, 7], [5, 6], [6, 5], [7, 4], [7, 2], [6, 1], [8, 3], [1, 7], [6, 6], [7, 5], [7, 1], [8, 2], [9, 3], [1, 8], [7, 6], [6, 7], [8, 1], [9, 2], [1, 9], [7, 7], [8, 6], [2, 9], [1, 10], [8, 7], [9, 6], [2, 10], [1, 11], [3, 9], [9, 7], [8, 8], [2, 11], [1, 12], [3, 10], [4, 9], [8, 9], [2, 12], [1, 13], [4, 10], [8, 10]]}
