XXXXXXXXXXXXXXXX
XXXXXXXXXXXXXXXX
XXX---XXX-XXX}XX
XX--------XXX-XX
XX--XX----XXX-XX
XX---XXX------XX
XXX---XX--#---XX
XXX##--X----#-XX
XXX-----------XX
XXX--XX--#----XX
XX----X-----XXXX
XX##---XX--XXXXX
XX--XX--X---XXXX
XX---X--XXX-XXXX
XX------XXX-XXXX
XXXX----XXX-XXXX
XXXX----------XX
XX---#-#-XX---XX
XX--------X---XX
XX--X-------XXXX
XXXXX--#-#--XXXX
XXXXX-------XXXX
XXXXX-X------XXX
XXXXXXXX-XX--XXX
XXXXXXXX--X--XXX
XXXXXXXX---XXXXX
XXXXXX--{--XXXXX
XX-XXXXXXXXXXXXX
XXXXXXXXXXXXXXXX
XXXXXXXXXXXXXXXX
XXXXXXXXXXXXXXXX
XXXXXXXXXXXXXXXX
META {"type": "solver", "id": "pysat-rc2-boolonly", "objective": 0}
META {"type": "geom", "shape": "path", "group": "path", "data": [[26, 8, 16, 8], [16, 8, 16, 4], [16, 4, 18, 4], [18, 4, 18, 2], [18, 2, 17, 2], [17, 2, 19, 2], [19, 2, 19, 3], [19, 3, 17, 3], [17, 3, 17, 4], [17, 4, 13, 4], [13, 4, 13, 2], [13, 2, 14, 2], [14, 2, 12, 2], [12, 2, 12, 3], [12, 3, 14, 3], [14, 3, 14, 7], [14, 7, 12, 7], [12, 7, 16, 7], [16, 7, 16, 13], [16, 13, 18, 13], [18, 13, 18, 11], [18, 11, 12, 11], [12, 11, 12, 9], [12, 9, 10, 9], [10, 9, 10, 11], [10, 11, 10, 7], [10, 7, 8, 7], [8, 7, 8, 13], [8, 13, 2, 13]]}
META {"type": "geom", "shape": "tile", "group": "path", "data": [[26, 8], [25, 8], [24, 8], [23, 8], [22, 8], [21, 8], [20, 8], [19, 8], [18, 8], [17, 8], [16, 8], [16, 7], [16, 6], [16, 5], [16, 4], [17, 4], [18, 4], [18, 3], [18, 2], [17, 2], [18, 2], [19, 2], [19, 3], [18, 3], [17, 3], [17, 4], [16, 4], [15, 4], [14, 4], [13, 4], [13, 3], [13, 2], [14, 2], [13, 2], [12, 2], [12, 3], [13, 3], [14, 3], [14, 4], [14, 5], [14, 6], [14, 7], [13, 7], [12, 7], [13, 7], [14, 7], [15, 7], [16, 7], [16, 8], [16, 9], [16, 10], [16, 11], [16, 12], [16, 13], [17, 13], [18, 13], [18, 12], [18, 11], [17, 11], [16, 11], [15, 11], [14, 11], [13, 11], [12, 11], [12, 10], [12, 9], [11, 9], [10, 9], [10, 10], [10, 11], [10, 10], [10, 9], [10, 8], [10, 7], [9, 7], [8, 7], [8, 8], [8, 9], [8, 10], [8, 11], [8, 12], [8, 13], [7, 13], [6, 13], [5, 13], [4, 13], [3, 13], [2, 13]]}
META {"type": "geom", "shape": "line", "group": "offpath", "data": [[22, 9, 21, 9], [26, 6, 26, 10], [26, 10, 26, 6], [13, 7, 13, 6], [13, 6, 13, 7], [4, 2, 4, 3], [4, 6, 3, 6], [4, 3, 4, 2], [16, 12, 18, 12], [16, 5, 14, 5], [18, 12, 16, 12], [20, 5, 20, 6], [20, 6, 20, 5], [3, 5, 2, 5], [3, 6, 4, 6], [8, 9, 2, 9], [8, 3, 10, 3], [21, 11, 21, 5], [21, 5, 21, 11], [21, 6, 11, 6], [21, 9, 22, 9], [17, 11, 17, 13], [17, 13, 17, 11], [6, 11, 6, 13], [6, 13, 6, 11], [11, 5, 10, 5], [11, 6, 21, 6], [11, 10, 11, 9], [11, 9, 11, 10], [2, 5, 3, 5], [2, 9, 8, 9], [10, 5, 11, 5], [10, 3, 8, 3], [14, 5, 16, 5], [5, 2, 5, 4], [5, 4, 5, 2], [9, 4, 9, 3], [9, 3, 9, 4]]}
