XXXXXXXXXXXXXXXX
XXXXXXXXXXXXXXXX
XXXXXX-----XXXXX
XXXXXX-##---XXXX
XX}XXX------XXXX
XX-XXX----#--XXX
XX-----------XXX
XX-##--------XXX
XX-------X-X--XX
XXX---XX-XXXX-XX
XXX----X--XXX-XX
XXX--#-XX-XXX-XX
XX------X-----XX
XX##----------XX
XX-----X---#--XX
XX---XXXXX---XXX
XXX--XXXXX--XXXX
XXXX-XXXXXX--XXX
XXXX---XXXXX-XXX
XXX----XXXXX-XXX
XXX--#---XXX--XX
XX-#----------XX
XX-----XX---X-XX
XX--XX-XXX--XXXX
XX---X-XXX--XXXX
XX----------XXXX
XX---#--------XX
XXXX---#-#--{-XX
XXXX-------XXXXX
XXX-----X-XXXXXX
XXXXXXXXXXXXXXXX
XXXXXXXXXXXXXXXX
META {"type": "solver", "id": "pysat-rc2", "objective": 0}
META {"type": "geom", "shape": "path", "group": "path", "data": [[27, 12, 27, 10], [27, 10, 21, 10], [21, 10, 21, 4], [21, 4, 22, 4], [22, 4, 22, 2], [22, 2, 22, 6], [22, 6, 18, 6], [18, 6, 18, 4], [18, 4, 8, 4], [8, 4, 8, 8], [8, 8, 8, 2], [8, 2, 4, 2]]}
META {"type": "geom", "shape": "tile", "group": "path", "data": [[27, 12], [27, 11], [27, 10], [26, 10], [25, 10], [24, 10], [23, 10], [22, 10], [21, 10], [21, 9], [21, 8], [21, 7], [21, 6], [21, 5], [21, 4], [22, 4], [22, 3], [22, 2], [22, 3], [22, 4], [22, 5], [22, 6], [21, 6], [20, 6], [19, 6], [18, 6], [18, 5], [18, 4], [17, 4], [16, 4], [15, 4], [14, 4], [13, 4], [12, 4], [11, 4], [10, 4], [9, 4], [8, 4], [8, 5], [8, 6], [8, 7], [8, 8], [8, 7], [8, 6], [8, 5], [8, 4], [8, 3], [8, 2], [7, 2], [6, 2], [5, 2], [4, 2]]}
META {"type": "geom", "shape": "line", "group": "offpath", "data": [[25, 7, 26, 7], [28, 9, 29, 9], [28, 4, 28, 10], [28, 10, 28, 4], [8, 6, 2, 6], [8, 12, 8, 13], [8, 13, 14, 13], [8, 3, 12, 3], [18, 5, 19, 5], [17, 12, 21, 12], [17, 11, 15, 11], [21, 9, 22, 9], [21, 7, 20, 7], [21, 8, 20, 8], [21, 12, 17, 12], [2, 6, 2, 10], [2, 10, 4, 10], [22, 9, 21, 9], [22, 13, 20, 13], [29, 9, 28, 9], [29, 7, 29, 3], [29, 3, 29, 7], [23, 10, 23, 11], [23, 11, 23, 10], [4, 6, 8, 6], [4, 8, 4, 6], [4, 10, 4, 11], [4, 11, 3, 11], [3, 11, 7, 11], [20, 4, 20, 3], [20, 7, 21, 7], [20, 8, 21, 8], [20, 13, 22, 13], [20, 3, 20, 4], [14, 6, 10, 6], [14, 9, 10, 9], [14, 8, 14, 10], [14, 12, 12, 12], [14, 2, 15, 2], [14, 13, 14, 12], [14, 10, 14, 8], [14, 5, 12, 5], [14, 3, 16, 3], [16, 10, 16, 11], [16, 11, 17, 11], [16, 3, 14, 3], [24, 4, 24, 2], [24, 2, 26, 2], [7, 12, 8, 12], [7, 11, 7, 12], [10, 6, 14, 6], [10, 9, 10, 8], [10, 8, 4, 8], [10, 5, 6, 5], [9, 5, 9, 3], [9, 3, 9, 5], [15, 12, 15, 10], [15, 2, 14, 2], [15, 10, 16, 10], [15, 11, 15, 12], [27, 6, 27, 4], [27, 4, 27, 6], [19, 5, 18, 5], [26, 4, 24, 4], [26, 7, 25, 7], [26, 2, 26, 4], [6, 12, 6, 2], [6, 2, 6, 12], [6, 5, 10, 5], [13, 7, 12, 7], [12, 9, 14, 9], [12, 7, 13, 7], [12, 12, 12, 13], [12, 13, 12, 9], [12, 5, 14, 5], [12, 3, 8, 3]]}
