XXXXXXXXXXXXXXXX
XXXXXXXXXXXXXXXX
XXXX-XXXX}XXXXXX
XXX--XXXX-XXXXXX
XXX-------XXXXXX
XX----XX-----XXX
XX--#-XX--X--XXX
XX-----X--XX-XXX
XX##----X--X-XXX
XX----#-XX---XXX
XXX------X---XXX
XXXX-X-X---#-XXX
XXXX-XXX-----XXX
XXX--XXX##---XXX
XX---XXX---#-XXX
XX-#-XXX##---XXX
XX-----------XXX
XX------------XX
XX-------#----XX
XXXXXX-#----X-XX
XXXXXX------XXXX
XXXX----#-X--XXX
XXX-#-#---XX-XXX
XXX--------X-XXX
XXX-----#----XXX
XX-#------#--XXX
XX---#-#-----XXX
XX---------#-XXX
XXXXX--------XXX
XXXXX--X-{---XXX
XXXXXXXXXXXXXXXX
XXXXXXXXXXXXXXXX
META {"type": "solver", "id": "pysat-rc2", "objective": 0}
META {"type": "geom", "shape": "path", "group": "path", "data": [[29, 9, 29, 8], [29, 8, 25, 8], [25, 8, 25, 4], [25, 4, 23, 4], [23, 4, 23, 3], [23, 3, 22, 3], [22, 3, 24, 3], [24, 3, 24, 7], [24, 7, 25, 7], [25, 7, 25, 9], [25, 9, 19, 9], [19, 9, 19, 11], [19, 11, 15, 11], [15, 11, 15, 12], [15, 12, 5, 12], [5, 12, 5, 8], [5, 8, 4, 8], [4, 8, 4, 9], [4, 9, 4, 3], [4, 3, 3, 3], [3, 3, 3, 4], [3, 4, 5, 4], [5, 4, 5, 2], [5, 2, 7, 2], [7, 2, 7, 6], [7, 6, 8, 6], [8, 6, 8, 4], [8, 4, 18, 4], [18, 4, 18, 8], [18, 8, 20, 8], [20, 8, 20, 6], [20, 6, 16, 6], [16, 6, 16, 2], [16, 2, 16, 12], [16, 12, 18, 12], [18, 12, 18, 10], [18, 10, 8, 10], [8, 10, 8, 9], [8, 9, 2, 9]]}
META {"type": "geom", "shape": "tile", "group": "path", "data": [[29, 9], [29, 8], [28, 8], [27, 8], [26, 8], [25, 8], [25, 7], [25, 6], [25, 5], [25, 4], [24, 4], [23, 4], [23, 3], [22, 3], [23, 3], [24, 3], [24, 4], [24, 5], [24, 6], [24, 7], [25, 7], [25, 8], [25, 9], [24, 9], [23, 9], [22, 9], [21, 9], [20, 9], [19, 9], [19, 10], [19, 11], [18, 11], [17, 11], [16, 11], [15, 11], [15, 12], [14, 12], [13, 12], [12, 12], [11, 12], [10, 12], [9, 12], [8, 12], [7, 12], [6, 12], [5, 12], [5, 11], [5, 10], [5, 9], [5, 8], [4, 8], [4, 9], [4, 8], [4, 7], [4, 6], [4, 5], [4, 4], [4, 3], [3, 3], [3, 4], [4, 4], [5, 4], [5, 3], [5, 2], [6, 2], [7, 2], [7, 3], [7, 4], [7, 5], [7, 6], [8, 6], [8, 5], [8, 4], [9, 4], [10, 4], [11, 4], [12, 4], [13, 4], [14, 4], [15, 4], [16, 4], [17, 4], [18, 4], [18, 5], [18, 6], [18, 7], [18, 8], [19, 8], [20, 8], [20, 7], [20, 6], [19, 6], [18, 6], [17, 6], [16, 6], [16, 5], [16, 4], [16, 3], [16, 2], [16, 3], [16, 4], [16, 5], [16, 6], [16, 7], [16, 8], [16, 9], [16, 10], [16, 11], [16, 12], [17, 12], [18, 12], [18, 11], [18, 10], [17, 10], [16, 10], [15, 10], [14, 10], [13, 10], [12, 10], [11, 10], [10, 10], [9, 10], [8, 10], [8, 9], [7, 9], [6, 9], [5, 9], [4, 9], [3, 9], [2, 9]]}
META {"type": "geom", "shape": "line", "group": "offpath", "data": [[7, 8, 7, 9], [7, 9, 7, 8], [22, 8, 23, 8], [16, 9, 17, 9], [16, 7, 18, 7], [28, 11, 29, 11], [25, 2, 27, 2], [19, 13, 17, 13], [26, 3, 27, 3], [26, 2, 26, 4], [26, 4, 26, 2], [27, 5, 29, 5], [27, 3, 26, 3], [27, 2, 25, 2], [18, 7, 16, 7], [6, 12, 6, 11], [6, 8, 6, 9], [6, 11, 6, 12], [6, 9, 6, 8], [9, 12, 9, 10], [9, 10, 9, 12], [9, 5, 10, 5], [9, 3, 9, 5], [10, 12, 10, 10], [10, 10, 10, 12], [10, 5, 10, 3], [10, 3, 9, 3], [10, 8, 12, 8], [11, 10, 11, 8], [11, 8, 11, 10], [23, 6, 29, 6], [23, 8, 22, 8], [13, 12, 13, 10], [13, 10, 13, 12], [13, 3, 14, 3], [12, 8, 10, 8], [17, 13, 19, 13], [17, 9, 16, 9], [14, 3, 13, 3], [14, 2, 14, 4], [14, 4, 14, 2], [29, 5, 27, 5], [29, 6, 23, 6], [29, 11, 28, 11]]}
