XXXXXXXXXXXXXXXX
XXXXXXXXXXXXXXXX
XXXXXXX---XXX}XX
XX--XXX-------XX
XX------XX---XXX
XX-#-X--XX-XXXXX
XX---XX--XXXXXXX
XX----X--XXXXXXX
XX-##----XXXXXXX
XX----##-XXXXXXX
XX--------XXX-XX
XXX-------XXX-XX
XXX--##--XXXX-XX
XXX-----XXXXX-XX
XX--#----XXXX-XX
XXX---X--XXXXXXX
XXX---XXXXXXXXXX
XXX---XXXXXXXXXX
XXX---XXXXXXXXXX
XXX---XXX--XXXXX
XX-#-X-----XXXXX
XX---XXX-----XXX
XX---XXX-XXX-XXX
XX---XXX-XXX--XX
XX------------XX
XX------------XX
XX--#-#-X-{-XXXX
XXX-----XXXXXXXX
XXXX-----XXXXXXX
XXXX-----XXXXXXX
XXXXXXXXXXXXXXXX
XXXXXXXXXXXXXXXX
META {"type": "solver", "id": "pysat-rc2-boolonly", "objective": 0}
META {"type": "geom", "shape": "path", "group": "path", "data": [[26, 10, 26, 11], [26, 11, 26, 9], [26, 9, 24, 9], [24, 9, 24, 13], [24, 13, 25, 13], [25, 13, 23, 13], [23, 13, 23, 12], [23, 12, 21, 12], [21, 12, 25, 12], [25, 12, 25, 2], [25, 2, 26, 2], [26, 2, 26, 3], [26, 3, 27, 3], [27, 3, 21, 3], [21, 3, 21, 4], [21, 4, 15, 4], [15, 4, 15, 3], [15, 3, 15, 5], [15, 5, 19, 5], [19, 5, 13, 5], [13, 5, 13, 3], [13, 3, 19, 3], [19, 3, 9, 3], [9, 3, 9, 2], [9, 2, 3, 2], [3, 2, 3, 3], [3, 3, 4, 3], [4, 3, 4, 7], [4, 7, 2, 7], [2, 7, 2, 9], [2, 9, 3, 9], [3, 9, 3, 13], [3, 13, 2, 13]]}
META {"type": "geom", "shape": "tile", "group": "path", "data": [[26, 10], [26, 11], [26, 10], [26, 9], [25, 9], [24, 9], [24, 10], [24, 11], [24, 12], [24, 13], [25, 13], [24, 13], [23, 13], [23, 12], [22, 12], [21, 12], [22, 12], [23, 12], [24, 12], [25, 12], [25, 11], [25, 10], [25, 9], [25, 8], [25, 7], [25, 6], [25, 5], [25, 4], [25, 3], [25, 2], [26, 2], [26, 3], [27, 3], [26, 3], [25, 3], [24, 3], [23, 3], [22, 3], [21, 3], [21, 4], [20, 4], [19, 4], [18, 4], [17, 4], [16, 4], [15, 4], [15, 3], [15, 4], [15, 5], [16, 5], [17, 5], [18, 5], [19, 5], [18, 5], [17, 5], [16, 5], [15, 5], [14, 5], [13, 5], [13, 4], [13, 3], [14, 3], [15, 3], [16, 3], [17, 3], [18, 3], [19, 3], [18, 3], [17, 3], [16, 3], [15, 3], [14, 3], [13, 3], [12, 3], [11, 3], [10, 3], [9, 3], [9, 2], [8, 2], [7, 2], [6, 2], [5, 2], [4, 2], [3, 2], [3, 3], [4, 3], [4, 4], [4, 5], [4, 6], [4, 7], [3, 7], [2, 7], [2, 8], [2, 9], [3, 9], [3, 10], [3, 11], [3, 12], [3, 13], [2, 13]]}
META {"type": "geom", "shape": "line", "group": "offpath", "data": [[20, 6, 20, 10], [20, 10, 21, 10], [20, 8, 20, 6], [5, 10, 3, 10], [7, 3, 6, 3], [29, 4, 29, 8], [29, 8, 28, 8], [21, 10, 21, 8], [21, 8, 20, 8], [13, 4, 9, 4], [28, 4, 29, 4], [28, 8, 28, 4], [6, 3, 7, 3], [24, 6, 25, 6], [18, 3, 18, 5], [18, 5, 18, 3], [11, 6, 10, 6], [4, 12, 4, 10], [4, 10, 4, 12], [4, 11, 3, 11], [19, 10, 19, 9], [19, 9, 19, 10], [14, 3, 14, 2], [14, 2, 14, 3], [14, 13, 10, 13], [14, 8, 15, 8], [12, 3, 12, 4], [12, 4, 12, 3], [12, 8, 12, 7], [12, 7, 12, 8], [25, 6, 24, 6], [10, 6, 11, 6], [10, 13, 14, 13], [9, 4, 13, 4], [3, 10, 5, 10], [3, 11, 4, 11], [15, 8, 14, 8]]}
