XXXXXXXXXXXXXXXX
XXXXXXXXXXXXXXXX
XXXXXXXXXXXXXXXX
XXXXXX---XXXXXXX
XXXXX----XXX}XXX
XXXXX--X-XXX-XXX
XXXXX-XX-----XXX
XXXXX--X--X--XXX
XX-------XX--XXX
XX-----#--X--XXX
XX--XX-------XXX
XX--XXX-XXX---XX
XX--XXXXXXX---XX
XXXXXXXXXXX-#-XX
XXXXXXXXXXX---XX
XXXXXXXXXXX---XX
XX-----XXX---XXX
XX-----XXX-XXXXX
XX##--------XXXX
XX--XXXXXX--XXXX
XX--XXXXXX--XXXX
XX--XXXXX---XXXX
XX--XXXX-----XXX
XX-------#---XXX
XX##---#-----XXX
XX--##-----XXXXX
XX---------XXXXX
XX-------#-XXXXX
XX##-------XXXXX
XX--X---X-{--XXX
XXXXXXXXXXXXXXXX
XXXXXXXXXXXXXXXX
META {"type": "solver", "id": "pysat-rc2-boolonly", "objective": 0}
META {"type": "geom", "shape": "path", "group": "path", "data": [[29, 10, 29, 9], [29, 9, 28, 9], [28, 9, 28, 10], [28, 10, 28, 4], [28, 4, 26, 4], [26, 4, 26, 10], [26, 10, 16, 10], [16, 10, 16, 12], [16, 12, 14, 12], [14, 12, 14, 13], [14, 13, 15, 13], [15, 13, 15, 11], [15, 11, 16, 11], [16, 11, 6, 11], [6, 11, 6, 12], [6, 12, 6, 8], [6, 8, 10, 8], [10, 8, 10, 6], [10, 6, 10, 12], [10, 12, 4, 12]]}
META {"type": "geom", "shape": "tile", "group": "path", "data": [[29, 10], [29, 9], [28, 9], [28, 10], [28, 9], [28, 8], [28, 7], [28, 6], [28, 5], [28, 4], [27, 4], [26, 4], [26, 5], [26, 6], [26, 7], [26, 8], [26, 9], [26, 10], [25, 10], [24, 10], [23, 10], [22, 10], [21, 10], [20, 10], [19, 10], [18, 10], [17, 10], [16, 10], [16, 11], [16, 12], [15, 12], [14, 12], [14, 13], [15, 13], [15, 12], [15, 11], [16, 11], [15, 11], [14, 11], [13, 11], [12, 11], [11, 11], [10, 11], [9, 11], [8, 11], [7, 11], [6, 11], [6, 12], [6, 11], [6, 10], [6, 9], [6, 8], [7, 8], [8, 8], [9, 8], [10, 8], [10, 7], [10, 6], [10, 7], [10, 8], [10, 9], [10, 10], [10, 11], [10, 12], [9, 12], [8, 12], [7, 12], [6, 12], [5, 12], [4, 12]]}
META {"type": "geom", "shape": "line", "group": "offpath", "data": [[19, 3, 19, 2], [19, 2, 19, 3], [21, 9, 22, 9], [21, 3, 21, 2], [21, 2, 21, 3], [12, 13, 12, 11], [12, 11, 12, 13], [9, 4, 8, 4], [9, 6, 7, 6], [9, 5, 9, 6], [29, 7, 25, 7], [10, 7, 11, 7], [20, 10, 20, 11], [20, 11, 20, 10], [20, 3, 20, 2], [20, 2, 20, 3], [4, 7, 3, 7], [7, 9, 7, 8], [7, 8, 7, 9], [7, 6, 7, 5], [7, 5, 9, 5], [18, 4, 16, 4], [18, 6, 18, 4], [11, 13, 11, 11], [11, 11, 11, 13], [11, 3, 11, 2], [11, 7, 10, 7], [11, 2, 11, 3], [23, 10, 23, 12], [23, 8, 23, 2], [23, 5, 24, 5], [23, 12, 23, 10], [23, 2, 23, 8], [27, 8, 27, 2], [27, 2, 27, 8], [22, 9, 21, 9], [22, 8, 22, 12], [22, 3, 22, 2], [22, 12, 24, 12], [22, 2, 22, 3], [28, 8, 22, 8], [26, 9, 24, 9], [17, 6, 16, 6], [17, 3, 16, 3], [17, 2, 17, 6], [24, 4, 24, 6], [24, 9, 26, 9], [24, 8, 28, 8], [24, 6, 24, 4], [24, 5, 23, 5], [24, 12, 24, 8], [3, 8, 3, 6], [3, 6, 3, 8], [3, 7, 4, 7], [8, 4, 9, 4], [8, 8, 8, 2], [8, 11, 8, 12], [8, 12, 8, 11], [8, 2, 8, 8], [16, 4, 16, 2], [16, 6, 18, 6], [16, 3, 17, 3], [16, 2, 17, 2], [25, 7, 29, 7]]}
