XXXXXXXXXXXXXXXX
XXXXXXXXXXXXXXXX
XX----XXX}XXXXXX
XX--------XXX-XX
XX-#-#---#----XX
XX-----#------XX
XX--#-----##--XX
XXX-----#-----XX
XXX---X-------XX
XXX---XX------XX
XX-XX--X-X----XX
XX--X---XXX---XX
XX------XXX---XX
XX--##--XXX---XX
XXX----------XXX
XXX---------XXXX
XXX-X-X---X-XXXX
XX--XXXX-XX-XXXX
XX--XXXX--X--XXX
XX--XXXX-----XXX
XX--XXX--#-#--XX
XX--XXX-------XX
XX##---X------XX
XX----XX------XX
XX-XX--X--###-XX
XX--X--XX-----XX
XXX-----X-----XX
XXX-{-----XXXXXX
XXXXXXX---XXXXXX
XXXXXXXX--XXXXXX
XXXXXXXXXXXXXXXX
XXXXXXXXXXXXXXXX
META {"type": "solver", "id": "pysat-rc2", "objective": 0}
META {"type": "geom", "shape": "path", "group": "path", "data": [[27, 4, 26, 4], [26, 4, 26, 3], [26, 3, 25, 3], [25, 3, 27, 3], [27, 3, 27, 9], [27, 9, 21, 9], [21, 9, 21, 13], [21, 13, 20, 13], [20, 13, 20, 12], [20, 12, 18, 12], [18, 12, 18, 11], [18, 11, 19, 11], [19, 11, 19, 12], [19, 12, 23, 12], [23, 12, 23, 8], [23, 8, 24, 8], [24, 8, 14, 8], [14, 8, 14, 12], [14, 12, 4, 12], [4, 12, 4, 13], [4, 13, 3, 13], [3, 13, 13, 13], [13, 13, 13, 11], [13, 11, 7, 11], [7, 11, 7, 13], [7, 13, 7, 9], [7, 9, 9, 9], [9, 9, 9, 8], [9, 8, 8, 8], [8, 8, 8, 7], [8, 7, 6, 7], [6, 7, 6, 5], [6, 5, 6, 9], [6, 9, 5, 9], [5, 9, 5, 8], [5, 8, 3, 8], [3, 8, 3, 9], [3, 9, 2, 9]]}
META {"type": "geom", "shape": "tile", "group": "path", "data": [[27, 4], [26, 4], [26, 3], [25, 3], [26, 3], [27, 3], [27, 4], [27, 5], [27, 6], [27, 7], [27, 8], [27, 9], [26, 9], [25, 9], [24, 9], [23, 9], [22, 9], [21, 9], [21, 10], [21, 11], [21, 12], [21, 13], [20, 13], [20, 12], [19, 12], [18, 12], [18, 11], [19, 11], [19, 12], [20, 12], [21, 12], [22, 12], [23, 12], [23, 11], [23, 10], [23, 9], [23, 8], [24, 8], [23, 8], [22, 8], [21, 8], [20, 8], [19, 8], [18, 8], [17, 8], [16, 8], [15, 8], [14, 8], [14, 9], [14, 10], [14, 11], [14, 12], [13, 12], [12, 12], [11, 12], [10, 12], [9, 12], [8, 12], [7, 12], [6, 12], [5, 12], [4, 12], [4, 13], [3, 13], [4, 13], [5, 13], [6, 13], [7, 13], [8, 13], [9, 13], [10, 13], [11, 13], [12, 13], [13, 13], [13, 12], [13, 11], [12, 11], [11, 11], [10, 11], [9, 11], [8, 11], [7, 11], [7, 12], [7, 13], [7, 12], [7, 11], [7, 10], [7, 9], [8, 9], [9, 9], [9, 8], [8, 8], [8, 7], [7, 7], [6, 7], [6, 6], [6, 5], [6, 6], [6, 7], [6, 8], [6, 9], [5, 9], [5, 8], [4, 8], [3, 8], [3, 9], [2, 9]]}
META {"type": "geom", "shape": "line", "group": "offpath", "data": [[19, 2, 19, 3], [19, 3, 19, 2], [6, 2, 6, 3], [6, 12, 6, 13], [6, 3, 5, 3], [6, 13, 6, 12], [15, 10, 14, 10], [23, 2, 25, 2], [23, 11, 21, 11], [17, 2, 21, 2], [28, 7, 28, 9], [28, 9, 28, 7], [2, 2, 6, 2], [2, 5, 3, 5], [12, 11, 12, 13], [12, 13, 12, 11], [16, 5, 14, 5], [4, 7, 3, 7], [26, 12, 25, 12], [21, 2, 17, 2], [21, 11, 23, 11], [11, 2, 11, 3], [11, 7, 11, 5], [11, 5, 11, 7], [11, 11, 11, 13], [11, 3, 11, 2], [11, 13, 11, 11], [3, 2, 2, 2], [3, 7, 4, 7], [3, 5, 2, 5], [3, 6, 3, 2], [5, 5, 5, 6], [5, 6, 7, 6], [5, 3, 9, 3], [13, 2, 13, 3], [13, 3, 13, 2], [10, 5, 10, 6], [10, 6, 10, 5], [18, 2, 18, 3], [18, 3, 18, 2], [22, 4, 22, 6], [22, 6, 22, 4], [9, 5, 5, 5], [9, 3, 9, 5], [7, 6, 3, 6], [14, 10, 15, 10], [14, 5, 16, 5], [29, 8, 29, 9], [29, 9, 29, 8], [25, 2, 23, 2], [25, 12, 26, 12]]}
