XXXXXXXXXXXXXXXX
XXX-X-X-XXXX-XXX
X0-----XXXXX--1X
XXXX---XXXX--XXX
XXXX---------XXX
X-------------XX
X-X-XXX---XXX--X
XXXXXXX-X----XXX
XXXXXXX------XXX
X------X-------X
X---X---XXXXX-XX
XXX-X--------X-X
XXX-X-XXXXXXXXXX
XXX---XXXXXXXXXX
X2------------3X
XXXXXXXXXXXXXXXX
META {"type": "solver", "id": "pysat-rc2", "objective": 0}
META {"type": "geom", "shape": "path", "group": "path", "data": [[2, 1, 2, 2], [2, 2, 2, 3], [2, 3, 2, 4], [2, 4, 2, 5], [2, 5, 2, 6], [2, 6, 3, 6], [3, 6, 4, 6], [4, 6, 4, 7], [4, 7, 4, 8], [4, 8, 4, 9], [4, 9, 4, 10], [4, 10, 4, 11], [4, 11, 3, 11], [3, 11, 3, 12], [3, 12, 2, 12], [2, 12, 2, 13], [2, 13, 2, 14]]}
META {"type": "geom", "shape": "path", "group": "path", "data": [[14, 1, 14, 2], [14, 2, 14, 3], [14, 3, 14, 4], [14, 4, 14, 5], [14, 5, 14, 6], [14, 6, 14, 7], [14, 7, 14, 8], [14, 8, 14, 9], [14, 9, 14, 10], [14, 10, 14, 11], [14, 11, 14, 12], [14, 12, 14, 13], [14, 13, 14, 14]]}
META {"type": "geom", "shape": "tile", "group": "reachable", "data": [[2, 1], [2, 2], [2, 3], [1, 3], [2, 4], [3, 4], [2, 5], [1, 5], [3, 5], [2, 6], [4, 4], [3, 6], [4, 5], [5, 4], [4, 6], [5, 5], [5, 3], [5, 6], [4, 7], [6, 3], [5, 2], [5, 7], [4, 8], [5, 1], [5, 8], [4, 9], [6, 7], [6, 1], [5, 9], [4, 10], [6, 8], [7, 7], [5, 10], [4, 11], [6, 9], [8, 7], [3, 11], [5, 11], [4, 12], [7, 9], [8, 8], [3, 12], [5, 12], [8, 9], [7, 10], [9, 8], [2, 12], [5, 13], [8, 10], [7, 11], [9, 9], [1, 12], [2, 13], [6, 13], [8, 11], [7, 12], [9, 10], [6, 14], [8, 12], [9, 11], [9, 12], [9, 13], [10, 13], [9, 14]]}
