XXXXXXXXXXXXXXXX
XX0----X-----XXX
XXXX--X------XXX
XXXX----------1X
X----XXX-----XXX
XXXXX--------XXX
XXXXX-XX-X---XXX
XXXXXXXXX-XXX--X
X-XXXXXXX-----XX
XX-XX-XX--X----X
X--XX-----X---XX
X--XX-X---X----X
XXX---X------XXX
XXX-X-X--XXX-XXX
X2------------3X
XXXXXXXXXXXXXXXX
META {"type": "solver", "id": "pysat-rc2-boolonly", "objective": 0}
META {"type": "geom", "shape": "path", "group": "path", "data": [[1, 2, 1, 3], [1, 3, 1, 4], [1, 4, 1, 5], [1, 5, 2, 5], [2, 5, 2, 4], [2, 4, 3, 4], [3, 4, 3, 5], [3, 5, 3, 6], [3, 6, 3, 7], [3, 7, 2, 7], [2, 7, 2, 8], [2, 8, 2, 9], [2, 9, 1, 9], [1, 9, 1, 10], [1, 10, 2, 10], [2, 10, 2, 11], [2, 11, 1, 11], [1, 11, 1, 12], [1, 12, 2, 12], [2, 12, 3, 12], [3, 12, 3, 13], [3, 13, 3, 14]]}
META {"type": "geom", "shape": "tile", "group": "path", "data": [[1, 2], [1, 3], [1, 4], [1, 5], [2, 5], [2, 4], [3, 4], [3, 5], [3, 6], [3, 7], [2, 7], [2, 8], [2, 9], [1, 9], [1, 10], [2, 10], [2, 11], [1, 11], [1, 12], [2, 12], [3, 12], [3, 13], [3, 14]]}
META {"type": "geom", "shape": "line", "group": "offpath", "data": [[3, 10, 3, 9], [3, 9, 3, 10], [5, 12, 4, 12], [5, 10, 6, 10], [5, 11, 6, 11], [14, 12, 14, 13], [14, 13, 14, 12], [4, 12, 4, 11], [4, 8, 4, 9], [4, 11, 5, 11], [4, 3, 4, 4], [4, 4, 4, 3], [4, 9, 4, 8], [6, 12, 5, 12], [6, 10, 5, 10], [6, 11, 6, 12]]}
META {"type": "geom", "shape": "path", "group": "path", "data": [[14, 1, 14, 2], [14, 2, 14, 3], [14, 3, 14, 4], [14, 4, 14, 5], [14, 5, 14, 6], [14, 6, 14, 7], [14, 7, 13, 7], [13, 7, 13, 8], [13, 8, 14, 8], [14, 8, 14, 9], [14, 9, 14, 10], [14, 10, 14, 11], [14, 11, 14, 12], [14, 12, 14, 13], [14, 13, 14, 14]]}
META {"type": "geom", "shape": "tile", "group": "path", "data": [[14, 1], [14, 2], [14, 3], [14, 4], [14, 5], [14, 6], [14, 7], [13, 7], [13, 8], [14, 8], [14, 9], [14, 10], [14, 11], [14, 12], [14, 13], [14, 14]]}
META {"type": "geom", "shape": "line", "group": "offpath", "data": [[10, 2, 9, 2], [3, 12, 3, 11], [3, 5, 3, 6], [3, 6, 3, 5], [3, 8, 3, 7], [3, 10, 4, 10], [3, 11, 2, 11], [3, 4, 4, 4], [3, 9, 3, 8], [3, 7, 2, 7], [2, 12, 3, 12], [2, 8, 1, 8], [2, 10, 2, 9], [2, 11, 2, 10], [2, 9, 3, 9], [2, 7, 2, 8], [5, 12, 6, 12], [5, 5, 6, 5], [5, 6, 5, 7], [5, 10, 6, 10], [5, 11, 4, 11], [5, 7, 5, 6], [13, 12, 12, 12], [11, 2, 11, 1], [11, 1, 11, 2], [4, 12, 5, 12], [4, 8, 4, 9], [4, 10, 3, 10], [4, 11, 4, 12], [4, 4, 3, 4], [4, 9, 4, 8], [6, 12, 6, 11], [6, 5, 5, 5], [6, 10, 5, 10], [6, 11, 5, 11], [9, 2, 10, 2], [12, 12, 13, 12], [12, 8, 12, 9], [12, 9, 12, 8], [1, 12, 2, 12], [1, 8, 1, 9], [1, 10, 1, 11], [1, 11, 1, 12], [1, 9, 1, 10]]}
