XXXXXXXXXXXXXXXX
XXX-X-X-XX--XXXX
XXX----------XXX
X0----X--X-X--1X
XXXXXXXXXXXXXXXX
XXXXXXXXXXXXXXXX
X--------------X
X-XXX-------XXXX
XX---XXX-X--XXXX
XX--X----------X
X----XX----XXX-X
X----XX--X-----X
XXXXXXXX-X--XXXX
XXXXXXXX-X--XXXX
X2--XX--------3X
XXXXXXXXXXXXXXXX
META {"type": "solver", "id": "pysat-rc2", "objective": 0}
META {"type": "geom", "shape": "path", "group": "path", "data": [[3, 1, 3, 2], [3, 2, 3, 3], [3, 3, 2, 3], [2, 3, 2, 4], [2, 4, 2, 5], [2, 5, 2, 6], [2, 6, 2, 7], [2, 7, 3, 7], [3, 7, 3, 8], [3, 8, 2, 8], [2, 8, 2, 9], [2, 9, 2, 10], [2, 10, 2, 11], [2, 11, 2, 12], [2, 12, 3, 12], [3, 12, 3, 13], [3, 13, 3, 14]]}
META {"type": "geom", "shape": "tile", "group": "path", "data": [[3, 1], [3, 2], [3, 3], [2, 3], [2, 4], [2, 5], [2, 6], [2, 7], [3, 7], [3, 8], [2, 8], [2, 9], [2, 10], [2, 11], [2, 12], [3, 12], [3, 13], [3, 14]]}
META {"type": "geom", "shape": "line", "group": "offpath", "data": [[6, 5, 6, 6], [6, 10, 6, 11], [6, 12, 6, 13], [6, 6, 6, 5], [6, 11, 6, 10], [6, 13, 6, 12], [10, 8, 9, 8], [10, 10, 9, 10], [14, 8, 14, 9], [14, 9, 14, 8], [14, 10, 13, 10], [14, 12, 14, 13], [14, 11, 13, 11], [14, 13, 14, 12], [8, 2, 9, 2], [1, 10, 1, 11], [1, 11, 1, 10], [13, 10, 14, 10], [13, 11, 14, 11], [9, 8, 10, 8], [9, 10, 10, 10], [9, 2, 8, 2], [9, 14, 9, 13], [9, 13, 9, 14], [7, 10, 7, 11], [7, 11, 7, 10]]}
