XXXXXXXXXXXXXXXX
XXXX-X--XX-X-XXX
XXX----X------1X
X0------XXX--XXX
XXX-XX--XXX--XXX
XXXXXXX-XXX-X-XX
XXXXXXX----X---X
XXX-XX-XXXXXXX-X
X------XXXXXXX-X
X-XXX----------X
XX----X-------XX
X-----X--------X
XXXX--X------XXX
XXXX---------XXX
X2---XX-------3X
XXXXXXXXXXXXXXXX
META {"type": "solver", "id": "pysat-rc2", "objective": 0}
META {"type": "geom", "shape": "path", "group": "path", "data": [[14, 1, 14, 2], [14, 2, 14, 3], [14, 3, 14, 4], [14, 4, 13, 4], [13, 4, 12, 4], [12, 4, 11, 4], [11, 4, 10, 4], [10, 4, 10, 5], [10, 5, 9, 5], [9, 5, 9, 6], [9, 6, 9, 7], [9, 7, 10, 7], [10, 7, 11, 7], [11, 7, 12, 7], [12, 7, 12, 8], [12, 8, 11, 8], [11, 8, 11, 9], [11, 9, 10, 9], [10, 9, 10, 8], [10, 8, 9, 8], [9, 8, 9, 9], [9, 9, 9, 10], [9, 10, 10, 10], [10, 10, 10, 11], [10, 11, 10, 12], [10, 12, 10, 13], [10, 13, 11, 13], [11, 13, 11, 12], [11, 12, 11, 11], [11, 11, 12, 11], [12, 11, 12, 12], [12, 12, 13, 12], [13, 12, 13, 11], [13, 11, 14, 11], [14, 11, 14, 12], [14, 12, 14, 13], [14, 13, 14, 14]]}
META {"type": "geom", "shape": "tile", "group": "path", "data": [[14, 1], [14, 2], [14, 3], [14, 4], [13, 4], [12, 4], [11, 4], [10, 4], [10, 5], [9, 5], [9, 6], [9, 7], [10, 7], [11, 7], [12, 7], [12, 8], [11, 8], [11, 9], [10, 9], [10, 8], [9, 8], [9, 9], [9, 10], [10, 10], [10, 11], [10, 12], [10, 13], [11, 13], [11, 12], [11, 11], [12, 11], [12, 12], [13, 12], [13, 11], [14, 11], [14, 12], [14, 13], [14, 14]]}
META {"type": "geom", "shape": "line", "group": "offpath", "data": [[14, 9, 14, 10], [14, 10, 14, 9], [11, 3, 11, 2], [11, 2, 11, 3], [6, 13, 6, 14], [6, 14, 6, 13], [8, 3, 8, 4], [8, 4, 8, 3], [8, 14, 7, 14], [7, 14, 8, 14], [13, 9, 13, 8], [13, 8, 13, 9], [13, 6, 13, 5], [13, 5, 13, 6], [9, 12, 9, 11], [9, 11, 9, 12]]}
