XXXXXXXXXXXXXXXX
X0----XX--X--XXX
XXXXX---------1X
XXXXX-------XXXX
X----XX-----XXXX
XXXXXXXX-------X
XXXXXXXX-------X
X---XX------XXXX
X---XX-XX-X-XXXX
X-XX---XX--X---X
XXXXXXX---X-XXXX
XXXXXXX-X-X-XXXX
XXX-XXX---X--XXX
XXX----XXX---XXX
X2--XX-----XX-3X
XXXXXXXXXXXXXXXX
META {"type": "solver", "id": "pysat-rc2", "objective": 0}
META {"type": "geom", "shape": "path", "group": "path", "data": [[1, 1, 1, 2], [1, 2, 1, 3], [1, 3, 1, 4], [1, 4, 1, 5], [1, 5, 2, 5], [2, 5, 2, 6], [2, 6, 2, 7], [2, 7, 2, 8], [2, 8, 3, 8], [3, 8, 4, 8], [4, 8, 5, 8], [5, 8, 5, 9], [5, 9, 6, 9], [6, 9, 6, 10], [6, 10, 5, 10], [5, 10, 4, 10], [4, 10, 4, 9], [4, 9, 3, 9], [3, 9, 3, 10], [3, 10, 3, 11], [3, 11, 2, 11], [2, 11, 1, 11], [1, 11, 1, 12], [1, 12, 2, 12], [2, 12, 2, 13], [2, 13, 2, 14]]}
META {"type": "geom", "shape": "tile", "group": "path", "data": [[1, 1], [1, 2], [1, 3], [1, 4], [1, 5], [2, 5], [2, 6], [2, 7], [2, 8], [3, 8], [4, 8], [5, 8], [5, 9], [6, 9], [6, 10], [5, 10], [4, 10], [4, 9], [3, 9], [3, 10], [3, 11], [2, 11], [1, 11], [1, 12], [2, 12], [2, 13], [2, 14]]}
META {"type": "geom", "shape": "line", "group": "offpath", "data": [[8, 11, 7, 11], [13, 4, 13, 3], [13, 3, 13, 4], [13, 10, 14, 10], [9, 9, 9, 10], [9, 10, 9, 9], [9, 12, 9, 13], [9, 13, 9, 12], [11, 9, 10, 9], [14, 2, 14, 3], [14, 3, 14, 2], [14, 10, 13, 10], [3, 7, 4, 7], [10, 7, 10, 8], [10, 8, 10, 7], [10, 9, 11, 9], [12, 7, 12, 8], [12, 8, 12, 7], [7, 8, 6, 8], [7, 11, 8, 11], [4, 7, 3, 7], [1, 9, 2, 9], [2, 9, 1, 9], [6, 14, 5, 14], [6, 8, 7, 8], [6, 13, 5, 13], [5, 14, 6, 14], [5, 11, 5, 12], [5, 12, 5, 11], [5, 13, 6, 13]]}
