XXXXXXXXXXXXXXXX
X0--X--X-X---XXX
XXX--XX------XXX
XXX--XX-XXXX--1X
X--X---------XXX
X-X--X----XXXXXX
X---X-XXX-XXXXXX
XXXXXXXXX-XXXX-X
XXXXXXXXX------X
X-----XX----XX-X
X-------XXX-XX-X
X----------X--XX
XXX---XXX--X-XXX
XXX--------X-XXX
X2------------3X
XXXXXXXXXXXXXXXX
META {"type": "solver", "id": "pysat-rc2-boolonly", "objective": 0}
META {"type": "geom", "shape": "path", "group": "path", "data": [[1, 1, 1, 2], [1, 2, 1, 3], [1, 3, 2, 3], [2, 3, 2, 4], [2, 4, 3, 4], [3, 4, 4, 4], [4, 4, 4, 5], [4, 5, 4, 6], [4, 6, 5, 6], [5, 6, 5, 7], [5, 7, 5, 8], [5, 8, 4, 8], [4, 8, 4, 9], [4, 9, 4, 10], [4, 10, 4, 11], [4, 11, 4, 12], [4, 12, 3, 12], [3, 12, 3, 13], [3, 13, 3, 14]]}
META {"type": "geom", "shape": "tile", "group": "path", "data": [[1, 1], [1, 2], [1, 3], [2, 3], [2, 4], [3, 4], [4, 4], [4, 5], [4, 6], [5, 6], [5, 7], [5, 8], [4, 8], [4, 9], [4, 10], [4, 11], [4, 12], [3, 12], [3, 13], [3, 14]]}
META {"type": "geom", "shape": "line", "group": "offpath", "data": [[4, 7, 3, 7], [2, 7, 2, 8], [2, 8, 2, 7], [1, 6, 1, 5], [1, 5, 1, 6], [1, 11, 1, 10], [1, 10, 1, 11], [3, 7, 4, 7]]}
META {"type": "geom", "shape": "path", "group": "path", "data": [[14, 1, 14, 2], [14, 2, 14, 3], [14, 3, 14, 4], [14, 4, 14, 5], [14, 5, 13, 5], [13, 5, 13, 6], [13, 6, 13, 7], [13, 7, 13, 8], [13, 8, 13, 9], [13, 9, 14, 9], [14, 9, 14, 10], [14, 10, 14, 11], [14, 11, 14, 12], [14, 12, 14, 13], [14, 13, 14, 14]]}
META {"type": "geom", "shape": "tile", "group": "path", "data": [[14, 1], [14, 2], [14, 3], [14, 4], [14, 5], [13, 5], [13, 6], [13, 7], [13, 8], [13, 9], [14, 9], [14, 10], [14, 11], [14, 12], [14, 13], [14, 14]]}
META {"type": "geom", "shape": "line", "group": "offpath", "data": [[11, 2, 10, 2], [11, 5, 12, 5], [12, 3, 13, 3], [12, 5, 11, 5], [9, 14, 8, 14], [9, 5, 9, 4], [9, 4, 9, 5], [9, 1, 10, 1], [13, 3, 12, 3], [14, 6, 14, 7], [14, 7, 14, 6], [8, 14, 9, 14], [8, 9, 8, 10], [8, 10, 8, 9], [10, 2, 11, 2], [10, 1, 9, 1]]}
