XXXXXXXXXXXXXXXX
XXXXX--XX-XX--1X
XXXX--XXXX---XXX
XX0---XXXXX-XXXX
XXXXX--XXXX-XXXX
XXXXX----------X
X----XXX-XX----X
X-X-X---XXXXX-XX
XXXXXXX-XXXXX--X
XXXXXXX--XX----X
X-------XXXX--XX
X---X-X-XXXX---X
XXX-X--X-XXXXXXX
XXX-X----XXXXXXX
X2------------3X
XXXXXXXXXXXXXXXX
META {"type": "solver", "id": "pysat-rc2", "objective": 0}
META {"type": "geom", "shape": "path", "group": "path", "data": [[3, 2, 3, 3], [3, 3, 3, 4], [3, 4, 3, 5], [3, 5, 4, 5], [4, 5, 4, 6], [4, 6, 5, 6], [5, 6, 5, 7], [5, 7, 5, 8], [5, 8, 5, 9], [5, 9, 5, 10], [5, 10, 5, 11], [5, 11, 4, 11], [4, 11, 3, 11], [3, 11, 2, 11], [2, 11, 2, 12], [2, 12, 1, 12], [1, 12, 1, 13], [1, 13, 1, 14]]}
META {"type": "geom", "shape": "tile", "group": "path", "data": [[3, 2], [3, 3], [3, 4], [3, 5], [4, 5], [4, 6], [5, 6], [5, 7], [5, 8], [5, 9], [5, 10], [5, 11], [4, 11], [3, 11], [2, 11], [2, 12], [1, 12], [1, 13], [1, 14]]}
META {"type": "geom", "shape": "line", "group": "offpath", "data": [[14, 8, 14, 7], [14, 11, 14, 10], [14, 10, 14, 11], [14, 7, 14, 8], [11, 12, 11, 13], [11, 13, 11, 12], [8, 14, 9, 14], [9, 14, 8, 14], [5, 14, 6, 14], [5, 12, 5, 13], [5, 13, 5, 12], [6, 11, 6, 12], [6, 14, 5, 14], [6, 12, 6, 11]]}
META {"type": "geom", "shape": "path", "group": "path", "data": [[14, 1, 14, 2], [14, 2, 14, 3], [14, 3, 13, 3], [13, 3, 12, 3], [12, 3, 11, 3], [11, 3, 10, 3], [10, 3, 10, 4], [10, 4, 10, 5], [10, 5, 11, 5], [11, 5, 12, 5], [12, 5, 13, 5], [13, 5, 13, 6], [13, 6, 13, 7], [13, 7, 14, 7], [14, 7, 14, 8], [14, 8, 14, 9], [14, 9, 14, 10], [14, 10, 14, 11], [14, 11, 14, 12], [14, 12, 14, 13], [14, 13, 14, 14]]}
META {"type": "geom", "shape": "tile", "group": "path", "data": [[14, 1], [14, 2], [14, 3], [13, 3], [12, 3], [11, 3], [10, 3], [10, 4], [10, 5], [11, 5], [12, 5], [13, 5], [13, 6], [13, 7], [14, 7], [14, 8], [14, 9], [14, 10], [14, 11], [14, 12], [14, 13], [14, 14]]}
META {"type": "geom", "shape": "line", "group": "offpath", "data": [[14, 6, 14, 5], [14, 5, 14, 6], [11, 12, 10, 12], [11, 7, 10, 7], [8, 7, 9, 7], [9, 7, 8, 7], [7, 6, 7, 7], [7, 7, 7, 6], [13, 8, 12, 8], [10, 12, 11, 12], [10, 7, 11, 7], [12, 8, 13, 8]]}
