XXXXXXXXXXXXXXXX
----------------
XX---XX-------}-
XX---XX-----XXXX
-----XX-----XXXX
-----XX---------
-----XX-------XX
--XXXXXXX-----XX
--XXXXXXX-XX----
----------XX----
--------------XX
----XXXXXXXXX-XX
----XXXXXXXXX---
XX--------------
XX-XX-----------
---XX-------{---
--------XXXXXXX-
--------XXXXXXX-
----------------
XXXXXXXXXXXXXXXX
META {"type": "solver", "id": "pysat-rc2", "objective": 0}
META {"type": "geom", "shape": "path", "group": "path", "data": [[15, 12, 15, 11], [15, 11, 15, 10], [15, 10, 15, 9], [15, 9, 15, 8], [15, 8, 13, 3], [13, 3, 12, 1], [12, 1, 10, 6], [10, 6, 10, 7], [10, 7, 10, 8], [10, 8, 10, 9], [10, 9, 10, 10], [10, 10, 10, 11], [10, 11, 10, 12], [10, 12, 9, 14], [9, 14, 7, 10], [7, 10, 6, 8], [6, 8, 6, 7], [6, 7, 4, 7], [4, 7, 1, 11], [1, 11, 2, 12], [2, 12, 2, 13], [2, 13, 2, 14]]}
