XXXXXXXXXXXXXXXX
----------------
XXXX----------}-
XXXX---------XXX
-------------XXX
--------XX------
XX------XX--XXX-
XX--XX--XX--XXX-
----XX--XX------
--------XX------
------XXXXXX----
XXX---XXXXXX----
XXX-----------XX
--------------XX
-------XXXX-----
--{----XXXX-XXXX
-XXXX-------XXXX
-XXXX-----------
----------------
XXXXXXXXXXXXXXXX
META {"type": "solver", "id": "pysat-rc2", "objective": 0}
META {"type": "geom", "shape": "path", "group": "path", "data": [[15, 2, 15, 3], [15, 3, 15, 4], [15, 4, 13, 9], [13, 9, 13, 10], [13, 10, 11, 15], [11, 15, 11, 14], [11, 14, 9, 11], [9, 11, 9, 10], [9, 10, 6, 10], [6, 10, 4, 12], [4, 12, 5, 13], [5, 13, 5, 12], [5, 12, 3, 8], [3, 8, 4, 9], [4, 9, 2, 14]]}
META {"type": "geom", "shape": "tile", "group": "path", "data": [[15, 2], [15, 3], [15, 4], [15, 5], [14, 5], [14, 6], [13, 6], [13, 7], [13, 8], [13, 9], [13, 10], [13, 11], [12, 11], [12, 12], [11, 12], [11, 13], [11, 14], [11, 15], [11, 14], [11, 13], [10, 13], [10, 12], [9, 12], [9, 11], [9, 10], [8, 10], [7, 10], [6, 10], [6, 11], [5, 11], [5, 12], [4, 12], [5, 12], [5, 13], [5, 12], [5, 11], [4, 11], [4, 10], [3, 10], [3, 9], [3, 8], [4, 8], [4, 9], [4, 10], [3, 10], [3, 11], [2, 11], [2, 12], [2, 13], [2, 14]]}
META {"type": "geom", "shape": "line", "group": "offpath", "data": [[11, 5, 12, 6], [4, 3, 5, 4], [4, 0, 5, 1], [4, 2, 5, 3], [4, 8, 2, 4], [9, 7, 9, 6], [9, 6, 9, 7], [3, 4, 4, 3], [18, 12, 18, 13], [18, 7, 18, 8], [18, 15, 18, 14], [18, 13, 18, 12], [18, 14, 18, 15], [18, 8, 18, 7], [5, 3, 6, 4], [5, 4, 6, 5], [5, 1, 4, 2], [7, 7, 6, 6], [6, 4, 4, 0], [6, 6, 7, 7], [6, 5, 4, 8], [2, 4, 3, 4], [13, 7, 11, 5], [12, 6, 13, 7]]}
