XXXXXXXXXXXXXXXX
----------------
--------------}-
----------XX-XXX
XX--------XX-XXX
XX-XXXX---XX----
---XXXX---XX----
----------XX----
----XXXXXXXXXX--
----XXXXXXXXXX--
XX--------------
XX--------------
----XX----------
----XX--------XX
XX------------XX
XX-----{--------
----XXXXXX---XX-
----XXXXXX---XX-
----------------
XXXXXXXXXXXXXXXX
META {"type": "solver", "id": "pysat-rc2-boolonly", "objective": 0}
META {"type": "geom", "shape": "path", "group": "path", "data": [[15, 7, 15, 6], [15, 6, 15, 5], [15, 5, 15, 4], [15, 4, 13, 0], [13, 0, 13, 1], [13, 1, 11, 4], [11, 4, 9, 1], [9, 1, 7, 4], [7, 4, 7, 5], [7, 5, 7, 6], [7, 6, 7, 7], [7, 7, 7, 8], [7, 8, 7, 9], [7, 9, 4, 9], [4, 9, 1, 6], [1, 6, 2, 6], [2, 6, 3, 5], [3, 5, 4, 4], [4, 4, 4, 5], [4, 5, 4, 6], [4, 6, 2, 10], [2, 10, 2, 11], [2, 11, 1, 12], [1, 12, 2, 13], [2, 13, 2, 14]]}
META {"type": "geom", "shape": "tile", "group": "path", "data": [[15, 7], [15, 6], [15, 5], [15, 4], [15, 3], [14, 3], [14, 2], [13, 2], [13, 1], [13, 0], [13, 1], [13, 2], [12, 2], [12, 3], [11, 3], [11, 4], [11, 3], [10, 3], [10, 2], [9, 2], [9, 1], [9, 2], [8, 2], [8, 3], [7, 3], [7, 4], [7, 5], [7, 6], [7, 7], [7, 8], [7, 9], [6, 9], [5, 9], [4, 9], [4, 8], [3, 8], [3, 7], [2, 7], [2, 6], [1, 6], [2, 6], [3, 6], [3, 5], [4, 5], [4, 4], [4, 5], [4, 6], [4, 7], [3, 7], [3, 8], [2, 8], [2, 9], [2, 10], [2, 11], [2, 12], [1, 12], [2, 12], [2, 13], [2, 14]]}
META {"type": "geom", "shape": "line", "group": "offpath", "data": [[3, 2, 4, 3], [3, 1, 1, 3], [2, 2, 3, 2], [2, 1, 3, 1], [18, 12, 18, 11], [18, 2, 18, 3], [18, 11, 18, 12], [18, 3, 18, 2], [15, 9, 14, 10], [4, 3, 2, 1], [4, 7, 5, 8], [14, 10, 15, 9], [1, 3, 2, 2], [6, 9, 4, 7], [5, 8, 6, 9]]}
