XXXXXXXXXXXXXXXX
----------------
--------------}-
-------------XXX
XX-----XX----XXX
XX-----XX-------
-------XX----XX-
XX---XXXXXX--XX-
XX---XXXXXX--XX-
--XX---------XX-
--XX-------XXXXX
-----------XXXXX
------XXX-------
------XXX-----XX
-----------XX-XX
-{---------XX---
XXXXXXXXX-------
XXXXXXXXX-------
----------------
XXXXXXXXXXXXXXXX
META {"type": "solver", "id": "pysat-rc2", "objective": 0}
META {"type": "geom", "shape": "path", "group": "path", "data": [[15, 1, 15, 2], [15, 2, 15, 3], [15, 3, 15, 4], [15, 4, 15, 5], [15, 5, 15, 6], [15, 6, 15, 7], [15, 7, 15, 8], [15, 8, 13, 11], [13, 11, 11, 8], [11, 8, 9, 12], [9, 12, 7, 12], [7, 12, 5, 9], [5, 9, 2, 13], [2, 13, 2, 14]]}
META {"type": "geom", "shape": "tile", "group": "path", "data": [[15, 1], [15, 2], [15, 3], [15, 4], [15, 5], [15, 6], [15, 7], [15, 8], [15, 9], [14, 9], [14, 10], [13, 10], [13, 11], [13, 10], [12, 10], [12, 9], [11, 9], [11, 8], [11, 9], [10, 9], [10, 10], [9, 10], [9, 11], [9, 12], [8, 12], [7, 12], [7, 11], [6, 11], [6, 10], [5, 10], [5, 9], [5, 10], [4, 10], [4, 11], [3, 11], [3, 12], [2, 12], [2, 13], [2, 14]]}
META {"type": "geom", "shape": "line", "group": "offpath", "data": [[1, 3, 2, 4], [6, 6, 6, 5], [6, 5, 6, 6], [13, 12, 12, 13], [3, 1, 1, 3], [3, 4, 4, 5], [12, 13, 13, 12], [7, 4, 8, 3], [5, 6, 2, 2], [8, 3, 7, 4], [4, 5, 5, 6], [2, 4, 3, 4], [2, 2, 3, 1], [18, 10, 18, 11], [18, 14, 18, 13], [18, 11, 18, 10], [18, 1, 18, 0], [18, 4, 18, 3], [18, 13, 18, 14], [18, 3, 18, 4], [18, 0, 18, 1]]}
