XXXXXXXXXXXXXXXX
----------------
----------}-----
---------XXX----
-XX------XXX----
-XX----XX-----XX
-XX----XX--XX-XX
XXXXX--XX--XX---
XXXXX--XX-------
-----XXXXXX-----
-----XXXXXX-----
--------------XX
XXX-----------XX
XXX-------XX----
----------XX----
---{----------XX
--XXXXXXXXXXX-XX
--XXXXXXXXXXX---
----------------
XXXXXXXXXXXXXXXX
META {"type": "solver", "id": "pysat-rc2-boolonly", "objective": 0}
META {"type": "geom", "shape": "path", "group": "path", "data": [[15, 3, 15, 4], [15, 4, 15, 5], [15, 5, 15, 6], [15, 6, 15, 7], [15, 7, 15, 8], [15, 8, 15, 9], [15, 9, 15, 10], [15, 10, 15, 11], [15, 11, 15, 12], [15, 12, 14, 14], [14, 14, 12, 11], [12, 11, 10, 15], [10, 15, 10, 14], [10, 14, 8, 10], [8, 10, 8, 9], [8, 9, 6, 9], [6, 9, 5, 11], [5, 11, 5, 12], [5, 12, 4, 14], [4, 14, 2, 10]]}
META {"type": "geom", "shape": "tile", "group": "path", "data": [[15, 3], [15, 4], [15, 5], [15, 6], [15, 7], [15, 8], [15, 9], [15, 10], [15, 11], [15, 12], [15, 13], [14, 13], [14, 14], [14, 13], [13, 13], [13, 12], [12, 12], [12, 11], [12, 12], [11, 12], [11, 13], [10, 13], [10, 14], [10, 15], [10, 14], [10, 13], [9, 13], [9, 12], [8, 12], [8, 11], [8, 10], [8, 9], [7, 9], [6, 9], [6, 10], [5, 10], [5, 11], [5, 12], [5, 13], [4, 13], [4, 14], [4, 13], [3, 13], [3, 12], [2, 12], [2, 11], [2, 10]]}
META {"type": "geom", "shape": "line", "group": "offpath", "data": [[11, 2, 11, 1], [11, 9, 12, 10], [11, 1, 11, 2], [6, 3, 4, 3], [6, 5, 7, 5], [6, 0, 4, 0], [6, 6, 5, 4], [5, 4, 6, 3], [5, 3, 2, 6], [5, 0, 6, 0], [5, 6, 6, 5], [12, 10, 11, 9], [18, 13, 18, 12], [18, 2, 18, 3], [18, 14, 18, 15], [18, 3, 18, 2], [18, 15, 18, 14], [18, 8, 18, 9], [18, 9, 18, 8], [18, 5, 18, 6], [18, 12, 18, 13], [18, 6, 18, 5], [1, 7, 2, 7], [1, 8, 2, 9], [3, 2, 1, 7], [3, 8, 4, 8], [3, 5, 4, 6], [3, 6, 4, 7], [8, 5, 8, 6], [8, 6, 6, 6], [4, 7, 2, 3], [4, 3, 5, 3], [4, 8, 3, 8], [4, 0, 5, 0], [4, 6, 5, 6], [2, 7, 3, 6], [2, 3, 3, 2], [2, 9, 1, 8], [2, 6, 3, 5], [7, 5, 8, 5]]}
