XXXXXXXXXXXXXXXX
----------------
---}------------
XXXXX-----XX--XX
XXXXX-----XX--XX
----------XX----
----------XX-XXX
---XX-----XX-XXX
---XX-----XX----
--------XXXXXXXX
-----XX-XXXXXXXX
-----XX---------
XXX-----XX------
XXX-----XX------
-----XX---------
-----XX------{--
---------XX-XXXX
---------XX-XXXX
----------------
XXXXXXXXXXXXXXXX
META {"type": "solver", "id": "pysat-rc2-boolonly", "objective": 0}
META {"type": "geom", "shape": "path", "group": "path", "data": [[15, 13, 15, 12], [15, 12, 14, 10], [14, 10, 15, 10], [15, 10, 15, 9], [15, 9, 13, 5], [13, 5, 11, 0], [11, 0, 11, 1], [11, 1, 11, 2], [11, 2, 9, 6], [9, 6, 7, 9], [7, 9, 5, 7], [5, 7, 6, 7], [6, 7, 7, 8], [7, 8, 8, 9], [8, 9, 6, 9], [6, 9, 3, 5], [3, 5, 4, 5], [4, 5, 5, 5], [5, 5, 6, 4], [6, 4, 4, 9], [4, 9, 1, 5], [1, 5, 2, 4], [2, 4, 2, 3]]}
META {"type": "geom", "shape": "tile", "group": "path", "data": [[15, 13], [15, 12], [15, 11], [14, 11], [14, 10], [15, 10], [15, 9], [15, 8], [14, 8], [14, 7], [13, 7], [13, 6], [13, 5], [13, 4], [12, 4], [12, 3], [11, 3], [11, 2], [11, 1], [11, 0], [11, 1], [11, 2], [11, 3], [10, 3], [10, 4], [9, 4], [9, 5], [9, 6], [9, 7], [8, 7], [8, 8], [7, 8], [7, 9], [7, 8], [6, 8], [6, 7], [5, 7], [6, 7], [7, 7], [7, 8], [8, 8], [8, 9], [7, 9], [6, 9], [6, 8], [5, 8], [5, 7], [4, 7], [4, 6], [3, 6], [3, 5], [4, 5], [5, 5], [6, 5], [6, 4], [6, 5], [5, 5], [5, 6], [4, 6], [4, 7], [4, 8], [4, 9], [4, 8], [3, 8], [3, 7], [2, 7], [2, 6], [1, 6], [1, 5], [2, 5], [2, 4], [2, 3]]}
META {"type": "geom", "shape": "line", "group": "offpath", "data": [[18, 2, 18, 1], [18, 8, 18, 7], [18, 1, 18, 2], [18, 10, 18, 11], [18, 11, 18, 10], [18, 7, 18, 8], [1, 9, 2, 10], [5, 9, 3, 7], [4, 8, 5, 9], [2, 10, 1, 9], [3, 7, 4, 8]]}
