--------------------------------
--------------------------------
--------------------------------
-------------------Q------------
--------------------------------
--------------------------------
----------------XXX--X---X------
--------------------------------
--------------------------------
----Q--------------X------<>----
---------Q--X-------------[]----
----------------------XX--[]----
----XXX--------------XXX--[]----
----------XX---XX---XXXX--[]----
-{-------XXX--XXX--XXXXX--[]--}-
XXXXXXXXXXXXXXXXXXXXXXXXXXXXXXXX
META {"type": "solver", "id": "pysat-rc2", "objective": 0}
META {"type": "geom", "shape": "path", "group": "path", "data": [[14, 1, 11, 4], [11, 4, 10, 4], [10, 4, 11, 5], [11, 5, 7, 5], [7, 5, 8, 4], [8, 4, 4, 7], [4, 7, 5, 8], [5, 8, 6, 7], [6, 7, 7, 8], [7, 8, 8, 7], [8, 7, 9, 6], [9, 6, 10, 6], [10, 6, 11, 6], [11, 6, 7, 10], [7, 10, 8, 9], [8, 9, 9, 9], [9, 9, 5, 13], [5, 13, 6, 14], [6, 14, 7, 15], [7, 15, 8, 15], [8, 15, 9, 14], [9, 14, 10, 15], [10, 15, 11, 16], [11, 16, 12, 17], [12, 17, 13, 18], [13, 18, 14, 18], [14, 18, 10, 22], [10, 22, 7, 24], [7, 24, 8, 24], [8, 24, 9, 23], [9, 23, 10, 24], [10, 24, 11, 24], [11, 24, 12, 24], [12, 24, 13, 25], [13, 25, 14, 24], [14, 24, 10, 23], [10, 23, 6, 26], [6, 26, 7, 26], [7, 26, 8, 27], [8, 27, 5, 29], [5, 29, 6, 30], [6, 30, 7, 29], [7, 29, 8, 28], [8, 28, 9, 28], [9, 28, 10, 28], [10, 28, 11, 28], [11, 28, 12, 28], [12, 28, 13, 28], [13, 28, 14, 29], [14, 29, 14, 28], [14, 28, 11, 30], [11, 30, 12, 31], [12, 31, 13, 30], [13, 30, 14, 31], [14, 31, 12, 29], [12, 29, 13, 29], [13, 29, 14, 30]]}
META {"type": "geom", "shape": "tile", "group": "path", "data": [[14, 1], [13, 1], [13, 2], [12, 2], [12, 3], [11, 3], [11, 4], [10, 4], [11, 4], [11, 5], [10, 5], [9, 5], [8, 5], [7, 5], [8, 5], [8, 4], [7, 4], [7, 5], [6, 5], [6, 6], [5, 6], [5, 7], [4, 7], [5, 7], [5, 8], [6, 8], [6, 7], [7, 7], [7, 8], [8, 8], [8, 7], [9, 7], [9, 6], [10, 6], [11, 6], [10, 6], [10, 7], [9, 7], [9, 8], [8, 8], [8, 9], [7, 9], [7, 10], [8, 10], [8, 9], [9, 9], [8, 9], [8, 10], [7, 10], [7, 11], [6, 11], [6, 12], [5, 12], [5, 13], [6, 13], [6, 14], [7, 14], [7, 15], [8, 15], [9, 15], [9, 14], [10, 14], [10, 15], [11, 15], [11, 16], [12, 16], [12, 17], [13, 17], [13, 18], [14, 18], [13, 18], [13, 19], [12, 19], [12, 20], [11, 20], [11, 21], [10, 21], [10, 22], [9, 22], [9, 23], [8, 23], [8, 24], [7, 24], [8, 24], [9, 24], [9, 23], [10, 23], [10, 24], [11, 24], [12, 24], [13, 24], [13, 25], [14, 25], [14, 24], [13, 24], [12, 24], [11, 24], [10, 24], [10, 23], [9, 23], [9, 24], [8, 24], [8, 25], [7, 25], [7, 26], [6, 26], [7, 26], [8, 26], [8, 27], [7, 27], [7, 28], [6, 28], [6, 29], [5, 29], [6, 29], [6, 30], [7, 30], [7, 29], [8, 29], [8, 28], [9, 28], [10, 28], [11, 28], [12, 28], [13, 28], [14, 28], [14, 29], [14, 28], [13, 28], [13, 29], [12, 29], [12, 30], [11, 30], [12, 30], [12, 31], [13, 31], [13, 30], [14, 30], [14, 31], [13, 31], [13, 30], [12, 30], [12, 29], [13, 29], [14, 29], [14, 30]]}
META {"type": "geom", "shape": "line", "group": "offpath", "data": [[5, 18, 1, 19], [5, 21, 2, 24], [5, 17, 5, 18], [5, 16, 1, 20], [5, 19, 6, 19], [5, 25, 1, 22], [7, 14, 8, 13], [7, 18, 8, 17], [7, 20, 8, 19], [7, 25, 8, 26], [0, 18, 1, 17], [8, 10, 9, 11], [8, 17, 9, 16], [8, 13, 9, 12], [8, 19, 4, 18], [8, 26, 7, 25], [6, 15, 7, 14], [6, 19, 7, 18], [4, 18, 5, 17], [4, 24, 5, 25], [4, 16, 5, 16], [4, 20, 5, 19], [4, 22, 5, 21], [9, 11, 10, 11], [9, 15, 10, 14], [9, 12, 6, 15], [9, 16, 10, 16], [2, 18, 3, 17], [2, 21, 3, 22], [2, 24, 3, 24], [2, 19, 0, 18], [2, 20, 3, 21], [3, 21, 4, 20], [3, 24, 4, 24], [3, 17, 4, 16], [3, 22, 4, 22], [12, 10, 8, 10], [12, 1, 13, 2], [12, 8, 13, 7], [12, 18, 13, 19], [12, 2, 13, 1], [12, 9, 13, 9], [12, 15, 11, 14], [12, 0, 13, 0], [12, 13, 13, 14], [12, 16, 12, 15], [10, 1, 11, 0], [10, 14, 11, 15], [10, 11, 11, 11], [10, 3, 11, 3], [10, 0, 11, 1], [10, 16, 11, 17], [11, 1, 12, 1], [11, 14, 12, 13], [11, 21, 7, 20], [11, 11, 12, 10], [11, 15, 12, 16], [11, 3, 12, 2], [11, 0, 12, 0], [11, 17, 12, 18], [13, 1, 14, 2], [13, 14, 9, 15], [13, 7, 14, 6], [13, 2, 14, 3], [13, 9, 12, 9], [13, 0, 14, 0], [13, 12, 14, 13], [13, 19, 11, 21], [1, 17, 2, 18], [1, 19, 2, 20], [1, 20, 2, 19], [1, 22, 2, 21], [14, 2, 10, 1], [14, 3, 10, 0], [14, 0, 10, 3], [14, 13, 13, 12], [14, 6, 12, 8]]}
