--------------------------------
--------------------------------
--------------------------------
--------------------------------
----XQX------------XXXX---------
---------Q----------------------
--------------------------------
--------------------------------
--------------Q-----------------
--------XXX---------------XQX---
--------------------------------
----<>--------------------------
----[]-----X--X-----XX---X------
----[]----XX--XX----------------
-{--[]---XXX--XXX-------------}-
XXXXXXXXXXXX--XXXXXXXXXXXXXXXXXX
META {"type": "solver", "id": "pysat-rc2", "objective": 0}
META {"type": "geom", "shape": "path", "group": "path", "data": [[14, 1, 14, 2], [14, 2, 11, 0], [11, 0, 12, 0], [12, 0, 13, 1], [13, 1, 14, 0], [14, 0, 10, 4], [10, 4, 7, 7], [7, 7, 8, 8], [8, 8, 8, 9], [8, 9, 4, 12], [4, 12, 5, 11], [5, 11, 6, 12], [6, 12, 7, 11], [7, 11, 8, 10], [8, 10, 4, 7], [4, 7, 5, 6], [5, 6, 6, 6], [6, 6, 7, 5], [7, 5, 8, 6], [8, 6, 9, 7], [9, 7, 10, 8], [10, 8, 11, 9], [11, 9, 12, 10], [12, 10, 9, 12], [9, 12, 10, 13], [10, 13, 11, 14], [11, 14, 7, 18], [7, 18, 8, 17], [8, 17, 9, 17], [9, 17, 10, 18], [10, 18, 11, 19], [11, 19, 12, 19], [12, 19, 13, 20], [13, 20, 14, 19], [14, 19, 12, 18], [12, 18, 13, 18], [13, 18, 14, 17], [14, 17, 13, 16], [13, 16, 12, 16], [12, 16, 13, 17], [13, 17, 14, 18], [14, 18, 10, 19], [10, 19, 11, 20], [11, 20, 7, 24], [7, 24, 8, 25], [8, 25, 9, 25], [9, 25, 10, 24], [10, 24, 11, 24], [11, 24, 12, 23], [12, 23, 13, 22], [13, 22, 14, 23], [14, 23, 10, 22], [10, 22, 11, 21], [11, 21, 7, 25], [7, 25, 8, 26], [8, 26, 6, 28], [6, 28, 7, 29], [7, 29, 8, 29], [8, 29, 9, 29], [9, 29, 10, 28], [10, 28, 11, 29], [11, 29, 12, 29], [12, 29, 13, 28], [13, 28, 14, 28], [14, 28, 11, 31], [11, 31, 12, 31], [12, 31, 13, 30], [13, 30, 14, 29], [14, 29, 10, 25], [10, 25, 11, 25], [11, 25, 7, 26], [7, 26, 8, 27], [8, 27, 6, 27], [6, 27, 7, 28], [7, 28, 8, 28], [8, 28, 5, 28], [5, 28, 6, 29], [6, 29, 7, 30], [7, 30, 8, 30], [8, 30, 9, 30], [9, 30, 10, 29], [10, 29, 11, 30], [11, 30, 12, 30], [12, 30, 13, 29], [13, 29, 14, 30]]}
META {"type": "geom", "shape": "tile", "group": "path", "data": [[14, 1], [14, 2], [13, 2], [13, 1], [12, 1], [12, 0], [11, 0], [12, 0], [13, 0], [13, 1], [14, 1], [14, 0], [13, 0], [13, 1], [12, 1], [12, 2], [11, 2], [11, 3], [10, 3], [10, 4], [9, 4], [9, 5], [8, 5], [8, 6], [7, 6], [7, 7], [8, 7], [8, 8], [8, 9], [7, 9], [7, 10], [6, 10], [6, 11], [5, 11], [5, 12], [4, 12], [5, 12], [5, 11], [6, 11], [6, 12], [7, 12], [7, 11], [8, 11], [8, 10], [7, 10], [7, 9], [6, 9], [6, 8], [5, 8], [5, 7], [4, 7], [5, 7], [5, 6], [6, 6], [7, 6], [7, 5], [8, 5], [8, 6], [9, 6], [9, 7], [10, 7], [10, 8], [11, 8], [11, 9], [12, 9], [12, 10], [11, 10], [11, 11], [10, 11], [10, 12], [9, 12], [10, 12], [10, 13], [11, 13], [11, 14], [10, 14], [10, 15], [9, 15], [9, 16], [8, 16], [8, 17], [7, 17], [7, 18], [8, 18], [8, 17], [9, 17], [10, 17], [10, 18], [11, 18], [11, 19], [12, 19], [13, 19], [13, 20], [14, 20], [14, 19], [13, 19], [13, 18], [12, 18], [13, 18], [14, 18], [14, 17], [13, 17], [13, 16], [12, 16], [13, 16], [13, 17], [14, 17], [14, 18], [13, 18], [12, 18], [11, 18], [10, 18], [10, 19], [11, 19], [11, 20], [10, 20], [10, 21], [9, 21], [9, 22], [8, 22], [8, 23], [7, 23], [7, 24], [8, 24], [8, 25], [9, 25], [10, 25], [10, 24], [11, 24], [12, 24], [12, 23], [13, 23], [13, 22], [14, 22], [14, 23], [13, 23], [12, 23], [11, 23], [10, 23], [10, 22], [11, 22], [11, 21], [10, 21], [10, 22], [9, 22], [9, 23], [8, 23], [8, 24], [7, 24], [7, 25], [8, 25], [8, 26], [7, 26], [7, 27], [6, 27], [6, 28], [7, 28], [7, 29], [8, 29], [9, 29], [10, 29], [10, 28], [11, 28], [11, 29], [12, 29], [13, 29], [13, 28], [14, 28], [13, 28], [13, 29], [12, 29], [12, 30], [11, 30], [11, 31], [12, 31], [13, 31], [13, 30], [14, 30], [14, 29], [13, 29], [13, 28], [12, 28], [12, 27], [11, 27], [11, 26], [10, 26], [10, 25], [11, 25], [10, 25], [9, 25], [8, 25], [7, 25], [7, 26], [8, 26], [8, 27], [7, 27], [6, 27], [7, 27], [7, 28], [8, 28], [7, 28], [6, 28], [5, 28], [6, 28], [6, 29], [7, 29], [7, 30], [8, 30], [9, 30], [10, 30], [10, 29], [11, 29], [11, 30], [12, 30], [13, 30], [13, 29], [14, 29], [14, 30]]}
META {"type": "geom", "shape": "line", "group": "offpath", "data": [[12, 9, 13, 8], [12, 7, 13, 7], [12, 3, 13, 2], [12, 15, 8, 15], [12, 22, 13, 23], [2, 4, 3, 5], [2, 9, 3, 9], [2, 19, 3, 19], [2, 3, 3, 4], [2, 22, 3, 21], [2, 23, 3, 22], [2, 6, 3, 6], [14, 7, 10, 11], [14, 21, 14, 22], [14, 3, 11, 3], [14, 22, 14, 21], [14, 31, 13, 31], [14, 24, 10, 21], [14, 6, 12, 7], [0, 5, 1, 4], [0, 3, 1, 3], [0, 22, 1, 23], [0, 6, 1, 5], [5, 16, 6, 15], [11, 10, 12, 9], [11, 3, 12, 3], [11, 15, 12, 15], [11, 22, 12, 22], [11, 11, 7, 10], [3, 4, 0, 6], [3, 9, 4, 9], [3, 17, 4, 17], [3, 21, 1, 20], [3, 20, 0, 22], [3, 19, 3, 20], [3, 5, 0, 3], [3, 22, 2, 23], [3, 6, 1, 8], [6, 15, 7, 14], [13, 7, 14, 6], [13, 8, 14, 7], [13, 23, 14, 24], [13, 31, 14, 31], [13, 2, 14, 3], [8, 15, 9, 16], [8, 11, 9, 11], [4, 9, 0, 5], [4, 17, 5, 16], [7, 10, 8, 11], [7, 14, 3, 17], [9, 16, 10, 16], [9, 11, 10, 12], [1, 4, 2, 4], [1, 20, 2, 19], [1, 8, 2, 9], [1, 5, 2, 6], [1, 3, 2, 3], [1, 23, 2, 22], [10, 21, 11, 22], [10, 16, 11, 15], [10, 11, 11, 10], [10, 12, 11, 11]]}
