--------------------------------
--------------------------------
-----------------XQXQXQXQX------
--XX----------------------------
-----------X--X-------------Q---
-------------------------X------
--------------------------------
----------------X---------------
---------------XX--X------------
--------------XXX---------------
-------------XXXX---------------
----<>------XXXXX---------------
----[]-----XXXXXX----X----------
----[]----XXXXXXX---------------
-{--[]---XXXXXXXX-------------}-
XXXXXXXXXXXXXXXXXXXXXXXX--XXXXXX
META {"type": "solver", "id": "pysat-rc2", "objective": 0}
META {"type": "geom", "shape": "path", "group": "path", "data": [[14, 1, 10, 0], [10, 0, 11, 1], [11, 1, 12, 2], [12, 2, 13, 3], [13, 3, 14, 3], [14, 3, 11, 0], [11, 0, 12, 0], [12, 0, 13, 1], [13, 1, 14, 0], [14, 0, 10, 4], [10, 4, 6, 7], [6, 7, 7, 8], [7, 8, 8, 9], [8, 9, 9, 10], [9, 10, 10, 11], [10, 11, 11, 11], [11, 11, 7, 12], [7, 12, 8, 12], [8, 12, 9, 13], [9, 13, 5, 10], [5, 10, 6, 9], [6, 9, 7, 9], [7, 9, 8, 8], [8, 8, 9, 9], [9, 9, 10, 8], [10, 8, 11, 9], [11, 9, 12, 8], [12, 8, 13, 8], [13, 8, 14, 8], [14, 8, 14, 7], [14, 7, 14, 6], [14, 6, 10, 10], [10, 10, 11, 10], [11, 10, 12, 10], [12, 10, 8, 13], [8, 13, 9, 12], [9, 12, 10, 12], [10, 12, 6, 13], [6, 13, 7, 13], [7, 13, 8, 14], [8, 14, 5, 16], [5, 16, 6, 16], [6, 16, 3, 19], [3, 19, 4, 20], [4, 20, 5, 21], [5, 21, 6, 20], [6, 20, 7, 19], [7, 19, 3, 23], [3, 23, 4, 23], [4, 23, 5, 24], [5, 24, 6, 25], [6, 25, 7, 26], [7, 26, 8, 27], [8, 27, 9, 27], [9, 27, 10, 27], [10, 27, 11, 26], [11, 26, 12, 25], [12, 25, 13, 26], [13, 26, 14, 26], [14, 26, 10, 30], [10, 30, 11, 29], [11, 29, 12, 29], [12, 29, 13, 28], [13, 28, 14, 27], [14, 27, 12, 28], [12, 28, 13, 27], [13, 27, 14, 28], [14, 28, 13, 29], [13, 29, 14, 30]]}
META {"type": "geom", "shape": "tile", "group": "path", "data": [[14, 1], [13, 1], [12, 1], [11, 1], [10, 1], [10, 0], [11, 0], [11, 1], [12, 1], [12, 2], [13, 2], [13, 3], [14, 3], [13, 3], [13, 2], [12, 2], [12, 1], [11, 1], [11, 0], [12, 0], [13, 0], [13, 1], [14, 1], [14, 0], [13, 0], [13, 1], [12, 1], [12, 2], [11, 2], [11, 3], [10, 3], [10, 4], [9, 4], [9, 5], [8, 5], [8, 6], [7, 6], [7, 7], [6, 7], [7, 7], [7, 8], [8, 8], [8, 9], [9, 9], [9, 10], [10, 10], [10, 11], [11, 11], [10, 11], [9, 11], [8, 11], [7, 11], [7, 12], [8, 12], [9, 12], [9, 13], [8, 13], [8, 12], [7, 12], [7, 11], [6, 11], [6, 10], [5, 10], [6, 10], [6, 9], [7, 9], [8, 9], [8, 8], [9, 8], [9, 9], [10, 9], [10, 8], [11, 8], [11, 9], [12, 9], [12, 8], [13, 8], [14, 8], [14, 7], [14, 6], [13, 6], [13, 7], [12, 7], [12, 8], [11, 8], [11, 9], [10, 9], [10, 10], [11, 10], [12, 10], [11, 10], [11, 11], [10, 11], [10, 12], [9, 12], [9, 13], [8, 13], [9, 13], [9, 12], [10, 12], [9, 12], [8, 12], [7, 12], [6, 12], [6, 13], [7, 13], [8, 13], [8, 14], [7, 14], [7, 15], [6, 15], [6, 16], [5, 16], [6, 16], [5, 16], [5, 17], [4, 17], [4, 18], [3, 18], [3, 19], [4, 19], [4, 20], [5, 20], [5, 21], [6, 21], [6, 20], [7, 20], [7, 19], [6, 19], [6, 20], [5, 20], [5, 21], [4, 21], [4, 22], [3, 22], [3, 23], [4, 23], [5, 23], [5, 24], [6, 24], [6, 25], [7, 25], [7, 26], [8, 26], [8, 27], [9, 27], [10, 27], [11, 27], [11, 26], [12, 26], [12, 25], [13, 25], [13, 26], [14, 26], [13, 26], [13, 27], [12, 27], [12, 28], [11, 28], [11, 29], [10, 29], [10, 30], [11, 30], [11, 29], [12, 29], [13, 29], [13, 28], [14, 28], [14, 27], [13, 27], [13, 28], [12, 28], [13, 28], [13, 27], [14, 27], [14, 28], [13, 28], [13, 29], [14, 29], [14, 30]]}
META {"type": "geom", "shape": "line", "group": "offpath", "data": [[2, 26, 3, 26], [2, 12, 3, 11], [2, 29, 3, 28], [2, 3, 0, 5], [2, 11, 3, 12], [2, 2, 0, 4], [6, 14, 7, 15], [4, 25, 1, 28], [4, 13, 5, 13], [5, 13, 6, 14], [3, 28, 0, 26], [3, 26, 4, 25], [3, 12, 4, 13], [3, 14, 0, 11], [3, 11, 1, 11], [13, 20, 14, 19], [13, 31, 14, 31], [13, 22, 14, 23], [13, 23, 14, 22], [13, 2, 14, 2], [9, 22, 10, 22], [10, 21, 11, 20], [10, 31, 11, 30], [10, 22, 11, 21], [10, 23, 11, 24], [10, 1, 11, 2], [0, 18, 1, 17], [0, 26, 1, 26], [0, 20, 1, 19], [0, 21, 1, 21], [0, 4, 1, 3], [0, 5, 1, 4], [0, 19, 1, 20], [0, 23, 1, 24], [0, 11, 1, 12], [7, 15, 3, 14], [12, 20, 13, 20], [12, 22, 13, 22], [12, 23, 13, 23], [12, 30, 13, 31], [12, 1, 13, 2], [11, 20, 12, 20], [11, 21, 9, 22], [11, 22, 12, 22], [11, 24, 12, 23], [11, 30, 12, 30], [11, 2, 12, 1], [14, 20, 10, 21], [14, 31, 10, 31], [14, 22, 11, 22], [14, 19, 14, 20], [14, 23, 10, 23], [14, 2, 10, 1], [1, 28, 2, 29], [1, 26, 2, 26], [1, 12, 2, 12], [1, 20, 0, 21], [1, 21, 0, 20], [1, 4, 2, 3], [1, 17, 0, 18], [1, 22, 0, 23], [1, 19, 0, 19], [1, 24, 1, 23], [1, 23, 1, 22], [1, 3, 2, 2], [1, 11, 2, 11]]}
