--------------------------------
--------------------------------
--------------------------------
--------Q--XXX--XXX--X----------
--------------------------------
--------------------------------
-----XQQX-----------------------
--------------------------------
-----------X--------------------
-----X--X--------X--------------
--------------------------------
--------------------Q-----------
----X-------X--<>-------X-------
----XX-----XX--[]------XX-------
-{--XXX---XXX--[]-----XXX-----}-
XXXXXXXXXXXXXXXXXXXXXXXXXXXXXXXX
META {"type": "solver", "id": "pysat-rc2", "objective": 0}
META {"type": "geom", "shape": "path", "group": "path", "data": [[14, 1, 10, 5], [10, 5, 11, 4], [11, 4, 7, 5], [7, 5, 8, 5], [8, 5, 7, 6], [7, 6, 8, 6], [8, 6, 9, 6], [9, 6, 10, 6], [10, 6, 11, 6], [11, 6, 12, 5], [12, 5, 9, 7], [9, 7, 10, 8], [10, 8, 11, 8], [11, 8, 12, 7], [12, 7, 13, 7], [13, 7, 14, 8], [14, 8, 10, 12], [10, 12, 11, 12], [11, 12, 10, 11], [10, 11, 11, 11], [11, 11, 12, 10], [12, 10, 13, 9], [13, 9, 14, 9], [14, 9, 10, 13], [10, 13, 11, 14], [11, 14, 12, 14], [12, 14, 13, 13], [13, 13, 14, 14], [14, 14, 10, 15], [10, 15, 11, 16], [11, 16, 7, 16], [7, 16, 8, 16], [8, 16, 9, 16], [9, 16, 10, 16], [10, 16, 11, 17], [11, 17, 12, 17], [12, 17, 13, 17], [13, 17, 14, 17], [14, 17, 11, 19], [11, 19, 12, 20], [12, 20, 13, 20], [13, 20, 14, 20], [14, 20, 10, 23], [10, 23, 11, 24], [11, 24, 7, 23], [7, 23, 8, 24], [8, 24, 9, 23], [9, 23, 10, 22], [10, 22, 11, 22], [11, 22, 12, 23], [12, 23, 8, 27], [8, 27, 9, 27], [9, 27, 10, 28], [10, 28, 11, 29], [11, 29, 12, 28], [12, 28, 13, 29], [13, 29, 14, 30]]}
META {"type": "geom", "shape": "tile", "group": "path", "data": [[14, 1], [13, 1], [13, 2], [12, 2], [12, 3], [11, 3], [11, 4], [10, 4], [10, 5], [11, 5], [11, 4], [10, 4], [9, 4], [8, 4], [7, 4], [7, 5], [8, 5], [7, 5], [7, 6], [8, 6], [9, 6], [10, 6], [11, 6], [12, 6], [12, 5], [11, 5], [11, 6], [10, 6], [10, 7], [9, 7], [10, 7], [10, 8], [11, 8], [12, 8], [12, 7], [13, 7], [14, 7], [14, 8], [13, 8], [13, 9], [12, 9], [12, 10], [11, 10], [11, 11], [10, 11], [10, 12], [11, 12], [10, 12], [10, 11], [11, 11], [12, 11], [12, 10], [13, 10], [13, 9], [14, 9], [13, 9], [13, 10], [12, 10], [12, 11], [11, 11], [11, 12], [10, 12], [10, 13], [11, 13], [11, 14], [12, 14], [13, 14], [13, 13], [14, 13], [14, 14], [13, 14], [12, 14], [11, 14], [10, 14], [10, 15], [11, 15], [11, 16], [10, 16], [9, 16], [8, 16], [7, 16], [8, 16], [9, 16], [10, 16], [11, 16], [11, 17], [12, 17], [13, 17], [14, 17], [13, 17], [13, 18], [12, 18], [12, 19], [11, 19], [12, 19], [12, 20], [13, 20], [14, 20], [13, 20], [13, 21], [12, 21], [12, 22], [11, 22], [11, 23], [10, 23], [11, 23], [11, 24], [10, 24], [9, 24], [8, 24], [7, 24], [7, 23], [8, 23], [8, 24], [9, 24], [9, 23], [10, 23], [10, 22], [11, 22], [12, 22], [12, 23], [11, 23], [11, 24], [10, 24], [10, 25], [9, 25], [9, 26], [8, 26], [8, 27], [9, 27], [10, 27], [10, 28], [11, 28], [11, 29], [12, 29], [12, 28], [13, 28], [13, 29], [14, 29], [14, 30]]}
META {"type": "geom", "shape": "line", "group": "offpath", "data": [[2, 11, 0, 9], [2, 16, 0, 14], [2, 13, 2, 12], [2, 7, 3, 6], [2, 8, 2, 7], [2, 1, 3, 1], [2, 18, 0, 18], [2, 21, 0, 20], [2, 12, 0, 13], [13, 14, 14, 13], [13, 22, 11, 21], [13, 25, 14, 25], [13, 19, 14, 19], [13, 30, 14, 29], [13, 8, 14, 7], [13, 1, 14, 2], [13, 27, 14, 26], [13, 31, 14, 31], [13, 2, 14, 3], [13, 6, 10, 9], [13, 28, 14, 28], [12, 26, 13, 25], [12, 22, 13, 22], [12, 11, 9, 14], [12, 9, 13, 8], [12, 29, 13, 28], [12, 13, 13, 14], [12, 18, 13, 19], [12, 27, 13, 27], [12, 31, 13, 31], [12, 2, 13, 2], [12, 0, 13, 1], [12, 6, 13, 6], [7, 11, 4, 9], [7, 9, 8, 8], [7, 1, 8, 1], [7, 18, 8, 17], [7, 21, 8, 21], [14, 26, 10, 26], [14, 29, 11, 31], [14, 25, 12, 27], [14, 13, 11, 13], [14, 19, 12, 18], [14, 7, 10, 10], [14, 3, 10, 4], [14, 27, 11, 30], [14, 31, 13, 30], [14, 2, 12, 2], [14, 28, 14, 27], [11, 10, 12, 11], [11, 9, 12, 9], [11, 15, 7, 11], [11, 13, 12, 13], [11, 30, 12, 29], [11, 1, 12, 0], [11, 5, 12, 6], [11, 27, 12, 26], [11, 31, 12, 31], [11, 21, 12, 22], [5, 8, 2, 11], [5, 1, 6, 0], [5, 5, 1, 1], [5, 21, 6, 21], [5, 6, 3, 4], [4, 9, 5, 8], [4, 4, 5, 5], [4, 20, 5, 21], [4, 2, 5, 1], [4, 6, 5, 6], [3, 4, 4, 4], [3, 1, 4, 2], [3, 6, 4, 6], [0, 14, 1, 15], [0, 9, 1, 8], [0, 13, 1, 12], [0, 20, 1, 21], [0, 18, 1, 18], [8, 17, 4, 20], [8, 8, 7, 9], [8, 1, 9, 2], [8, 21, 9, 21], [6, 17, 7, 18], [6, 21, 7, 21], [6, 0, 7, 1], [9, 14, 10, 14], [9, 21, 10, 20], [9, 2, 10, 1], [10, 26, 11, 27], [10, 14, 11, 15], [10, 10, 11, 9], [10, 9, 11, 10], [10, 4, 11, 5], [10, 20, 6, 17], [10, 1, 11, 1], [1, 15, 2, 16], [1, 8, 2, 8], [1, 1, 2, 1], [1, 18, 2, 18], [1, 21, 2, 21], [1, 12, 2, 13]]}
