--------------------------------
--------------------------------
---------------------Q----------
------------------------Q-------
--------X-------XX--------------
---XX-------X-------------------
--------------------------------
--------------------------------
----XXXXX------XXXX--X----------
--------------------------------
-----------<>-------------------
--X----XX--[]------X-----X------
------XXX--[]-----XX----XX------
-----XXXX--[]----XXX---XXX------
-{--XXXXX--[]---XXXX--XXXX----}-
XXXXXXXXXXXXXXXXXXXXXXXXXXXXXXXX
META {"type": "solver", "id": "pysat-rc2", "objective": 0}
META {"type": "geom", "shape": "path", "group": "path", "data": [[14, 1, 10, 0], [10, 0, 11, 1], [11, 1, 12, 2], [12, 2, 13, 2], [13, 2, 14, 3], [14, 3, 11, 6], [11, 6, 10, 7], [10, 7, 10, 8], [10, 8, 7, 10], [7, 10, 8, 11], [8, 11, 9, 12], [9, 12, 5, 15], [5, 15, 6, 14], [6, 14, 7, 14], [7, 14, 8, 13], [8, 13, 9, 13], [9, 13, 10, 13], [10, 13, 11, 13], [11, 13, 12, 13], [12, 13, 13, 13], [13, 13, 14, 14], [14, 14, 11, 16], [11, 16, 12, 15], [12, 15, 13, 14], [13, 14, 14, 13], [14, 13, 10, 17], [10, 17, 11, 18], [11, 18, 8, 20], [8, 20, 9, 19], [9, 19, 10, 18], [10, 18, 11, 17], [11, 17, 12, 16], [12, 16, 13, 16], [13, 16, 10, 14], [10, 14, 11, 14], [11, 14, 12, 14], [12, 14, 13, 15], [13, 15, 14, 15], [14, 15, 12, 17], [12, 17, 9, 20], [9, 20, 10, 19], [10, 19, 6, 19], [6, 19, 7, 18], [7, 18, 3, 17], [3, 17, 0, 20], [0, 20, 1, 21], [1, 21, 0, 22], [0, 22, 1, 23], [1, 23, 2, 24], [2, 24, 0, 23], [0, 23, 1, 24], [1, 24, 2, 25], [2, 25, 3, 26], [3, 26, 4, 26], [4, 26, 5, 27], [5, 27, 6, 28], [6, 28, 7, 29], [7, 29, 8, 30], [8, 30, 9, 31], [9, 31, 10, 30], [10, 30, 11, 29], [11, 29, 12, 28], [12, 28, 13, 29], [13, 29, 14, 30]]}
META {"type": "geom", "shape": "tile", "group": "path", "data": [[14, 1], [13, 1], [12, 1], [11, 1], [10, 1], [10, 0], [11, 0], [11, 1], [12, 1], [12, 2], [13, 2], [14, 2], [14, 3], [13, 3], [13, 4], [12, 4], [12, 5], [11, 5], [11, 6], [10, 6], [10, 7], [10, 8], [9, 8], [9, 9], [8, 9], [8, 10], [7, 10], [8, 10], [8, 11], [9, 11], [9, 12], [8, 12], [8, 13], [7, 13], [7, 14], [6, 14], [6, 15], [5, 15], [6, 15], [6, 14], [7, 14], [8, 14], [8, 13], [9, 13], [10, 13], [11, 13], [12, 13], [13, 13], [14, 13], [14, 14], [13, 14], [13, 15], [12, 15], [12, 16], [11, 16], [12, 16], [12, 15], [13, 15], [13, 14], [14, 14], [14, 13], [13, 13], [13, 14], [12, 14], [12, 15], [11, 15], [11, 16], [10, 16], [10, 17], [11, 17], [11, 18], [10, 18], [10, 19], [9, 19], [9, 20], [8, 20], [9, 20], [9, 19], [10, 19], [10, 18], [11, 18], [11, 17], [12, 17], [12, 16], [13, 16], [12, 16], [12, 15], [11, 15], [11, 14], [10, 14], [11, 14], [12, 14], [13, 14], [13, 15], [14, 15], [13, 15], [13, 16], [12, 16], [12, 17], [11, 17], [11, 18], [10, 18], [10, 19], [9, 19], [9, 20], [10, 20], [10, 19], [9, 19], [8, 19], [7, 19], [6, 19], [7, 19], [7, 18], [6, 18], [5, 18], [4, 18], [3, 18], [3, 17], [2, 17], [2, 18], [1, 18], [1, 19], [0, 19], [0, 20], [1, 20], [1, 21], [0, 21], [0, 22], [1, 22], [1, 23], [2, 23], [2, 24], [1, 24], [1, 23], [0, 23], [1, 23], [1, 24], [2, 24], [2, 25], [3, 25], [3, 26], [4, 26], [5, 26], [5, 27], [6, 27], [6, 28], [7, 28], [7, 29], [8, 29], [8, 30], [9, 30], [9, 31], [10, 31], [10, 30], [11, 30], [11, 29], [12, 29], [12, 28], [13, 28], [13, 29], [14, 29], [14, 30]]}
META {"type": "geom", "shape": "line", "group": "offpath", "data": [[1, 9, 2, 10], [1, 8, 2, 9], [1, 15, 2, 15], [1, 19, 2, 20], [1, 7, 2, 8], [14, 31, 12, 29], [14, 9, 10, 9], [14, 28, 14, 29], [14, 21, 13, 22], [14, 0, 12, 1], [14, 29, 11, 31], [14, 10, 14, 9], [14, 20, 14, 21], [14, 2, 11, 4], [14, 27, 12, 26], [6, 13, 7, 13], [6, 18, 7, 17], [6, 6, 7, 5], [6, 9, 7, 8], [6, 8, 7, 7], [6, 15, 7, 15], [6, 5, 7, 4], [6, 7, 7, 6], [10, 9, 11, 10], [10, 23, 11, 24], [10, 25, 7, 23], [8, 12, 9, 11], [8, 23, 9, 22], [12, 30, 13, 30], [12, 26, 13, 27], [12, 1, 13, 0], [12, 29, 13, 28], [12, 10, 13, 9], [12, 5, 12, 4], [12, 22, 13, 21], [12, 4, 13, 4], [0, 18, 1, 19], [0, 6, 1, 7], [0, 8, 1, 9], [0, 7, 1, 8], [7, 17, 7, 16], [7, 13, 8, 12], [7, 6, 3, 5], [7, 8, 3, 12], [7, 15, 3, 16], [7, 23, 8, 23], [7, 5, 3, 4], [7, 7, 5, 6], [7, 4, 3, 8], [7, 16, 5, 16], [5, 6, 6, 5], [5, 9, 6, 8], [5, 8, 6, 7], [5, 14, 6, 13], [5, 10, 6, 9], [5, 19, 6, 18], [5, 7, 6, 6], [5, 16, 6, 15], [4, 12, 1, 15], [4, 11, 5, 10], [4, 9, 5, 8], [4, 14, 5, 14], [4, 3, 0, 6], [4, 10, 5, 9], [4, 20, 5, 19], [4, 4, 0, 7], [2, 9, 3, 10], [2, 8, 3, 9], [2, 15, 3, 14], [2, 10, 3, 11], [2, 20, 3, 20], [3, 12, 4, 11], [3, 11, 4, 12], [3, 9, 4, 9], [3, 8, 0, 8], [3, 14, 4, 14], [3, 10, 4, 10], [3, 5, 4, 4], [3, 20, 4, 20], [3, 4, 4, 3], [3, 16, 0, 18], [9, 11, 5, 7], [9, 22, 10, 23], [11, 31, 12, 30], [11, 10, 12, 10], [11, 24, 10, 25], [11, 22, 12, 22], [11, 4, 12, 5], [13, 30, 14, 31], [13, 9, 14, 10], [13, 28, 14, 27], [13, 21, 14, 20], [13, 3, 14, 2], [13, 0, 14, 0], [13, 22, 11, 22], [13, 4, 13, 3], [13, 27, 14, 28]]}
