--------------------------------
--------------------------------
----------------------------Q---
--------------------------------
--------------------XXXXXX------
---------------Q----------------
--------------------------------
------------------X---------XX--
-----------------XX----Q--------
----------------XXX-------------
---------------XXXX--------XX---
--------------XXXXX----X--------
----<>-------XXXXXX-------------
----[]------XXXXXXX-------------
-{--[]-----XXXXXXXX-----------}-
XXXXXXXXXXXXXXXXXXXXXXXXXXXXXXXX
META {"type": "solver", "id": "pysat-rc2", "objective": 0}
META {"type": "geom", "shape": "path", "group": "path", "data": [[14, 1, 13, 2], [13, 2, 14, 3], [14, 3, 10, 4], [10, 4, 11, 5], [11, 5, 11, 6], [11, 6, 12, 7], [12, 7, 13, 6], [13, 6, 14, 6], [14, 6, 10, 10], [10, 10, 11, 11], [11, 11, 12, 12], [12, 12, 10, 14], [10, 14, 6, 14], [6, 14, 7, 13], [7, 13, 8, 14], [8, 14, 9, 15], [9, 15, 8, 16], [8, 16, 4, 15], [4, 15, 0, 19], [0, 19, 1, 20], [1, 20, 2, 19], [2, 19, 3, 20], [3, 20, 2, 21], [2, 21, 3, 21], [3, 21, 3, 22], [3, 22, 0, 20], [0, 20, 1, 21], [1, 21, 2, 20], [2, 20, 3, 19], [3, 19, 4, 19], [4, 19, 5, 20], [5, 20, 6, 21], [6, 21, 7, 22], [7, 22, 8, 22], [8, 22, 9, 23], [9, 23, 10, 23], [10, 23, 6, 27], [6, 27, 7, 26], [7, 26, 8, 27], [8, 27, 9, 28], [9, 28, 5, 25], [5, 25, 6, 25], [6, 25, 7, 25], [7, 25, 8, 26], [8, 26, 9, 26], [9, 26, 10, 26], [10, 26, 11, 27], [11, 27, 12, 27], [12, 27, 13, 26], [13, 26, 14, 27], [14, 27, 11, 24], [11, 24, 12, 24], [12, 24, 13, 23], [13, 23, 14, 24], [14, 24, 13, 25], [13, 25, 14, 26], [14, 26, 12, 28], [12, 28, 13, 27], [13, 27, 14, 28], [14, 28, 12, 29], [12, 29, 13, 28], [13, 28, 14, 29], [14, 29, 12, 30], [12, 30, 13, 29], [13, 29, 14, 30]]}
META {"type": "geom", "shape": "tile", "group": "path", "data": [[14, 1], [13, 1], [13, 2], [14, 2], [14, 3], [13, 3], [12, 3], [11, 3], [10, 3], [10, 4], [11, 4], [11, 5], [11, 6], [12, 6], [12, 7], [13, 7], [13, 6], [14, 6], [13, 6], [13, 7], [12, 7], [12, 8], [11, 8], [11, 9], [10, 9], [10, 10], [11, 10], [11, 11], [12, 11], [12, 12], [11, 12], [11, 13], [10, 13], [10, 14], [9, 14], [8, 14], [7, 14], [6, 14], [7, 14], [7, 13], [8, 13], [8, 14], [9, 14], [9, 15], [8, 15], [8, 16], [7, 16], [6, 16], [5, 16], [4, 16], [4, 15], [3, 15], [3, 16], [2, 16], [2, 17], [1, 17], [1, 18], [0, 18], [0, 19], [1, 19], [1, 20], [2, 20], [2, 19], [3, 19], [3, 20], [2, 20], [2, 21], [3, 21], [3, 22], [2, 22], [2, 21], [1, 21], [1, 20], [0, 20], [1, 20], [1, 21], [2, 21], [2, 20], [3, 20], [3, 19], [4, 19], [5, 19], [5, 20], [6, 20], [6, 21], [7, 21], [7, 22], [8, 22], [9, 22], [9, 23], [10, 23], [9, 23], [9, 24], [8, 24], [8, 25], [7, 25], [7, 26], [6, 26], [6, 27], [7, 27], [7, 26], [8, 26], [8, 27], [9, 27], [9, 28], [8, 28], [8, 27], [7, 27], [7, 26], [6, 26], [6, 25], [5, 25], [6, 25], [7, 25], [8, 25], [8, 26], [9, 26], [10, 26], [11, 26], [11, 27], [12, 27], [13, 27], [13, 26], [14, 26], [14, 27], [13, 27], [13, 26], [12, 26], [12, 25], [11, 25], [11, 24], [12, 24], [13, 24], [13, 23], [14, 23], [14, 24], [13, 24], [13, 25], [14, 25], [14, 26], [13, 26], [13, 27], [12, 27], [12, 28], [13, 28], [13, 27], [14, 27], [14, 28], [13, 28], [13, 29], [12, 29], [13, 29], [13, 28], [14, 28], [14, 29], [13, 29], [13, 30], [12, 30], [13, 30], [13, 29], [14, 29], [14, 30]]}
META {"type": "geom", "shape": "line", "group": "offpath", "data": [[13, 21, 14, 20], [13, 1, 14, 2], [13, 31, 14, 31], [13, 20, 14, 19], [13, 7, 14, 7], [13, 22, 14, 21], [13, 0, 14, 0], [13, 10, 14, 9], [13, 8, 14, 8], [14, 9, 10, 12], [14, 21, 14, 22], [14, 31, 10, 30], [14, 20, 13, 21], [14, 7, 10, 6], [14, 22, 12, 23], [14, 0, 11, 2], [14, 2, 11, 0], [14, 19, 11, 22], [14, 8, 10, 8], [6, 26, 7, 27], [6, 28, 2, 25], [6, 29, 2, 29], [6, 22, 7, 23], [8, 28, 9, 27], [8, 10, 9, 10], [7, 27, 8, 28], [7, 23, 5, 22], [10, 9, 11, 10], [10, 3, 11, 4], [10, 12, 11, 13], [10, 30, 11, 30], [10, 6, 11, 7], [10, 8, 11, 8], [11, 4, 9, 3], [11, 13, 8, 10], [11, 7, 12, 6], [11, 22, 12, 21], [11, 0, 12, 0], [11, 30, 12, 31], [11, 10, 12, 11], [11, 2, 12, 1], [11, 8, 12, 8], [0, 28, 1, 28], [0, 25, 1, 25], [3, 28, 4, 27], [3, 29, 4, 28], [3, 25, 0, 25], [3, 24, 1, 26], [3, 23, 1, 22], [1, 26, 2, 27], [1, 28, 0, 28], [1, 22, 2, 23], [1, 25, 2, 24], [9, 3, 10, 3], [9, 27, 5, 28], [9, 10, 10, 9], [5, 26, 6, 26], [5, 28, 6, 29], [5, 29, 6, 28], [5, 22, 6, 22], [2, 29, 3, 29], [2, 27, 3, 28], [2, 25, 3, 25], [2, 24, 3, 24], [2, 23, 3, 23], [12, 21, 13, 20], [12, 1, 13, 0], [12, 31, 13, 31], [12, 0, 13, 1], [12, 6, 13, 7], [12, 23, 13, 22], [12, 8, 13, 8], [12, 11, 13, 10], [4, 28, 5, 29], [4, 27, 5, 26]]}
