--------------------------------
--------------------------------
--------------------------------
-----------X--X---------XX------
-----------------X--------------
--XXXXXXX-----------------------
--------------X-----X------XX---
-----------------Q------Q-------
-----X-----Q--------------------
---------------------------Q----
--------------X------Q----------
-----<>-------------------------
-----[]--X-----------------X----
-----[]--XX---------XX----XX----
-{---[]--XXX-------XXX---XXX--}-
XXXXXXXXXXXXXXXXXXXXXXXXXXXXXXXX
META {"type": "solver", "id": "clingo-be", "objective": 0}
META {"type": "geom", "shape": "path", "group": "path", "data": [[14, 1, 10, 4], [10, 4, 11, 4], [11, 4, 12, 3], [12, 3, 13, 4], [13, 4, 14, 4], [14, 4, 10, 5], [10, 5, 7, 7], [7, 7, 8, 7], [8, 7, 9, 6], [9, 6, 10, 6], [10, 6, 6, 10], [6, 10, 7, 11], [7, 11, 4, 8], [4, 8, 1, 11], [1, 11, 2, 11], [2, 11, 0, 11], [0, 11, 1, 10], [1, 10, 2, 9], [2, 9, 3, 10], [3, 10, 4, 11], [4, 11, 5, 12], [5, 12, 6, 13], [6, 13, 7, 14], [7, 14, 8, 14], [8, 14, 9, 14], [9, 14, 6, 17], [6, 17, 3, 15], [3, 15, 4, 15], [4, 15, 5, 14], [5, 14, 1, 18], [1, 18, 2, 19], [2, 19, 3, 19], [3, 19, 4, 19], [4, 19, 5, 20], [5, 20, 1, 17], [1, 17, 2, 17], [2, 17, 3, 16], [3, 16, 4, 16], [4, 16, 5, 17], [5, 17, 6, 18], [6, 18, 7, 19], [7, 19, 8, 19], [8, 19, 9, 20], [9, 20, 10, 20], [10, 20, 11, 21], [11, 21, 12, 21], [12, 21, 8, 24], [8, 24, 9, 25], [9, 25, 10, 26], [10, 26, 11, 25], [11, 25, 12, 25], [12, 25, 13, 24], [13, 24, 14, 23], [14, 23, 10, 19], [10, 19, 11, 19], [11, 19, 12, 20], [12, 20, 8, 21], [8, 21, 9, 22], [9, 22, 10, 22], [10, 22, 11, 23], [11, 23, 12, 24], [12, 24, 13, 23], [13, 23, 14, 24], [14, 24, 13, 25], [13, 25, 11, 27], [11, 27, 8, 29], [8, 29, 9, 28], [9, 28, 10, 27], [10, 27, 11, 28], [11, 28, 12, 28], [12, 28, 13, 28], [13, 28, 14, 28], [14, 28, 11, 30], [11, 30, 12, 29], [12, 29, 13, 30], [13, 30, 14, 30]]}
META {"type": "geom", "shape": "tile", "group": "path", "data": [[14, 1], [13, 1], [13, 2], [12, 2], [12, 3], [11, 3], [11, 4], [10, 4], [11, 4], [12, 4], [12, 3], [13, 3], [13, 4], [14, 4], [13, 4], [12, 4], [11, 4], [10, 4], [10, 5], [9, 5], [9, 6], [8, 6], [8, 7], [7, 7], [8, 7], [9, 7], [9, 6], [10, 6], [9, 6], [9, 7], [8, 7], [8, 8], [7, 8], [7, 9], [6, 9], [6, 10], [7, 10], [7, 11], [6, 11], [6, 10], [5, 10], [5, 9], [4, 9], [4, 8], [3, 8], [3, 9], [2, 9], [2, 10], [1, 10], [1, 11], [2, 11], [1, 11], [0, 11], [1, 11], [1, 10], [2, 10], [2, 9], [3, 9], [3, 10], [4, 10], [4, 11], [5, 11], [5, 12], [6, 12], [6, 13], [7, 13], [7, 14], [8, 14], [9, 14], [8, 14], [8, 15], [7, 15], [7, 16], [6, 16], [6, 17], [5, 17], [5, 16], [4, 16], [4, 15], [3, 15], [4, 15], [5, 15], [5, 14], [4, 14], [4, 15], [3, 15], [3, 16], [2, 16], [2, 17], [1, 17], [1, 18], [2, 18], [2, 19], [3, 19], [4, 19], [5, 19], [5, 20], [4, 20], [4, 19], [3, 19], [3, 18], [2, 18], [2, 17], [1, 17], [2, 17], [3, 17], [3, 16], [4, 16], [5, 16], [5, 17], [6, 17], [6, 18], [7, 18], [7, 19], [8, 19], [9, 19], [9, 20], [10, 20], [11, 20], [11, 21], [12, 21], [11, 21], [11, 22], [10, 22], [10, 23], [9, 23], [9, 24], [8, 24], [9, 24], [9, 25], [10, 25], [10, 26], [11, 26], [11, 25], [12, 25], [13, 25], [13, 24], [14, 24], [14, 23], [13, 23], [13, 22], [12, 22], [12, 21], [11, 21], [11, 20], [10, 20], [10, 19], [11, 19], [12, 19], [12, 20], [11, 20], [10, 20], [9, 20], [8, 20], [8, 21], [9, 21], [9, 22], [10, 22], [11, 22], [11, 23], [12, 23], [12, 24], [13, 24], [13, 23], [14, 23], [14, 24], [13, 24], [13, 25], [12, 25], [12, 26], [11, 26], [11, 27], [10, 27], [10, 28], [9, 28], [9, 29], [8, 29], [9, 29], [9, 28], [10, 28], [10, 27], [11, 27], [11, 28], [12, 28], [13, 28], [14, 28], [13, 28], [13, 29], [12, 29], [12, 30], [11, 30], [12, 30], [12, 29], [13, 29], [13, 30], [14, 30]]}
META {"type": "geom", "shape": "line", "group": "offpath", "data": [[3, 17, 2, 18], [3, 6, 4, 6], [3, 28, 4, 28], [3, 27, 4, 27], [3, 21, 4, 21], [3, 3, 4, 3], [3, 5, 4, 4], [3, 2, 4, 2], [1, 6, 2, 7], [1, 0, 2, 1], [1, 26, 2, 25], [1, 27, 2, 28], [1, 14, 2, 14], [1, 5, 2, 5], [1, 25, 2, 24], [1, 4, 2, 4], [12, 19, 13, 18], [12, 17, 13, 17], [12, 22, 13, 22], [12, 11, 13, 11], [12, 26, 8, 23], [12, 10, 8, 13], [12, 14, 13, 15], [12, 1, 13, 2], [12, 30, 13, 29], [12, 2, 13, 1], [12, 4, 13, 3], [12, 7, 13, 8], [12, 13, 13, 13], [5, 23, 6, 24], [5, 22, 6, 23], [5, 28, 1, 27], [5, 27, 2, 27], [5, 25, 6, 25], [10, 23, 11, 22], [10, 1, 11, 0], [10, 3, 11, 3], [10, 12, 11, 13], [10, 16, 11, 17], [10, 25, 11, 26], [10, 8, 11, 9], [10, 7, 11, 8], [10, 13, 11, 14], [2, 18, 3, 17], [2, 28, 3, 27], [2, 27, 3, 28], [2, 14, 0, 15], [2, 20, 3, 21], [2, 1, 3, 2], [2, 5, 3, 5], [2, 24, 0, 25], [2, 25, 0, 24], [2, 4, 3, 3], [2, 7, 3, 6], [13, 17, 14, 16], [13, 22, 14, 22], [13, 18, 14, 17], [13, 11, 12, 10], [13, 15, 14, 15], [13, 29, 14, 29], [13, 1, 14, 0], [13, 3, 14, 2], [13, 2, 14, 3], [13, 8, 14, 7], [13, 13, 14, 13], [8, 23, 9, 23], [8, 22, 9, 21], [8, 6, 9, 7], [8, 27, 4, 24], [8, 13, 9, 12], [9, 23, 10, 23], [9, 21, 5, 25], [9, 12, 10, 13], [9, 7, 10, 7], [6, 23, 7, 23], [6, 6, 7, 5], [6, 24, 2, 20], [6, 25, 7, 26], [4, 6, 0, 5], [4, 28, 5, 27], [4, 27, 5, 28], [4, 21, 5, 22], [4, 3, 1, 5], [4, 24, 5, 23], [4, 2, 1, 4], [4, 4, 0, 0], [7, 23, 8, 22], [7, 6, 8, 6], [7, 26, 8, 27], [7, 5, 6, 6], [0, 0, 1, 0], [0, 15, 1, 14], [0, 5, 1, 6], [0, 24, 1, 25], [0, 25, 1, 26], [14, 17, 10, 16], [14, 22, 10, 25], [14, 0, 10, 1], [14, 15, 11, 18], [14, 29, 11, 29], [14, 3, 10, 3], [14, 12, 11, 12], [14, 16, 10, 12], [14, 2, 12, 2], [14, 7, 10, 8], [14, 13, 14, 12], [11, 9, 7, 6], [11, 17, 12, 17], [11, 22, 12, 22], [11, 18, 12, 19], [11, 0, 12, 1], [11, 26, 12, 26], [11, 14, 12, 13], [11, 29, 12, 30], [11, 3, 12, 4], [11, 12, 12, 11], [11, 8, 12, 7], [11, 13, 12, 14]]}
