--------------------------------
--------------------------------
--------------------------------
----X-------------X-------------
-------------------------Q------
---------------Q----------------
------Q-------------------------
--------------------------XQQX--
-----------X--------------------
-------X------X--XX--X----------
--------------------------X--X--
----------<>--------------------
----X-----[]--X-----X-----------
----XX----[]--XX----XX----------
-{--XXX---[]--XXX---XXX-------}-
XXXXXXXXXXXXXXXXXXXXXXXXXXXXXXXX
META {"type": "solver", "id": "pysat-rc2-boolonly", "objective": 0}
META {"type": "geom", "shape": "path", "group": "path", "data": [[14, 1, 11, 4], [11, 4, 8, 7], [8, 7, 8, 8], [8, 8, 9, 9], [9, 9, 10, 10], [10, 10, 10, 11], [10, 11, 9, 12], [9, 12, 10, 13], [10, 13, 11, 14], [11, 14, 8, 17], [8, 17, 8, 18], [8, 18, 8, 19], [8, 19, 9, 20], [9, 20, 10, 21], [10, 21, 11, 22], [11, 22, 12, 23], [12, 23, 13, 24], [13, 24, 14, 25], [14, 25, 14, 26], [14, 26, 14, 27], [14, 27, 14, 28], [14, 28, 14, 29], [14, 29, 14, 30]]}
