XXXXXXXXXXXXXXXX
----------------
--------------}-
----XX-------XXX
XX--XX-------XXX
XX-------XX-----
-----XX--XX-----
-----XX------XXX
-----XX------XXX
---XXXXXXX------
---XXXXXXX------
-------------XX-
XXXX---XX----XX-
XXXX---XX-------
-------XX-------
----XXXXXXX--{--
XX--XXXXXXX-XXXX
XX----------XXXX
----------------
XXXXXXXXXXXXXXXX
META {"type": "solver", "id": "pysat-rc2-boolonly", "objective": 0}
META {"type": "geom", "shape": "path", "group": "path", "data": [[15, 13, 15, 12], [15, 12, 13, 10], [13, 10, 14, 9], [14, 9, 13, 9], [13, 9, 10, 13], [10, 13, 8, 8], [8, 8, 8, 9], [8, 9, 6, 13], [6, 13, 4, 9], [4, 9, 4, 10], [4, 10, 2, 14]]}
META {"type": "geom", "shape": "tile", "group": "path", "data": [[15, 13], [15, 12], [15, 11], [14, 11], [14, 10], [13, 10], [14, 10], [14, 9], [13, 9], [13, 10], [12, 10], [12, 11], [11, 11], [11, 12], [10, 12], [10, 13], [10, 12], [9, 12], [9, 11], [8, 11], [8, 10], [8, 9], [8, 8], [8, 9], [8, 10], [7, 10], [7, 11], [6, 11], [6, 12], [6, 13], [6, 12], [5, 12], [5, 11], [4, 11], [4, 10], [4, 9], [4, 10], [4, 11], [3, 11], [3, 12], [2, 12], [2, 13], [2, 14]]}
META {"type": "geom", "shape": "line", "group": "offpath", "data": [[18, 8, 18, 9], [18, 4, 18, 5], [18, 12, 18, 13], [18, 13, 18, 12], [18, 11, 18, 10], [18, 9, 18, 8], [18, 5, 18, 4], [18, 1, 18, 0], [18, 10, 18, 11], [18, 0, 18, 1], [1, 3, 2, 4], [1, 6, 2, 5], [5, 2, 6, 1], [5, 6, 4, 7], [2, 4, 1, 3], [2, 2, 3, 1], [2, 5, 1, 6], [7, 4, 5, 2], [7, 2, 8, 3], [7, 7, 8, 7], [4, 7, 5, 6], [6, 4, 7, 4], [6, 1, 7, 2], [6, 7, 7, 7], [3, 1, 2, 2], [8, 3, 8, 4], [8, 4, 6, 4], [8, 7, 6, 7]]}
