XXXXXXXXXXXXXXXX
XXXXXXXXXXXXXXXX
XX-XXX}XXXX-XXXX
XX-----XXXX--XXX
XX---X-------XXX
XXX--XXXXX----XX
XXX---XXXX--#-XX
XXX---XXXXX---XX
XXX##-XXXXX---XX
XXX---XXX-----XX
XX----XXX---#-XX
XXXX----XX----XX
XXXX--#--X----XX
XXX-------XX--XX
XX---#-#---XXXXX
XX##-------XXXXX
XX----------XXXX
XXX---XX----XXXX
XXX----X-X---XXX
XXXX-----XX--XXX
XXXX-XX---X--XXX
XXXX-XX---XX-XXX
XXXX--XX---X--XX
XX----XX------XX
XX-----XX-----XX
XX-XX--XX---XXXX
XX--X---X---XXXX
XX---XX-----XXXX
XX-XXXXXXX----XX
XX-XXXXXXX--{-XX
XXXXXXXXXXXXXXXX
XXXXXXXXXXXXXXXX
META {"type": "solver", "id": "pysat-rc2", "objective": 0}
META {"type": "geom", "shape": "path", "group": "path", "data": [[29, 12, 28, 12], [28, 12, 28, 10], [28, 10, 22, 10], [22, 10, 22, 8], [22, 8, 12, 8], [12, 8, 12, 7], [12, 7, 13, 7], [13, 7, 13, 9], [13, 9, 13, 3], [13, 3, 14, 3], [14, 3, 14, 2], [14, 2, 14, 4], [14, 4, 24, 4], [24, 4, 24, 2], [24, 2, 24, 6], [24, 6, 26, 6], [26, 6, 26, 7], [26, 7, 27, 7], [27, 7, 27, 11], [27, 11, 29, 11], [29, 11, 23, 11], [23, 11, 23, 13], [23, 13, 22, 13], [22, 13, 24, 13], [24, 13, 24, 9], [24, 9, 20, 9], [20, 9, 20, 7], [20, 7, 21, 7], [21, 7, 19, 7], [19, 7, 19, 8], [19, 8, 19, 4], [19, 4, 9, 4], [9, 4, 9, 3], [9, 3, 10, 3], [10, 3, 10, 5], [10, 5, 6, 5], [6, 5, 6, 3], [6, 3, 7, 3], [7, 3, 3, 3], [3, 3, 3, 2], [3, 2, 3, 6], [3, 6, 2, 6]]}
META {"type": "geom", "shape": "tile", "group": "path", "data": [[29, 12], [28, 12], [28, 11], [28, 10], [27, 10], [26, 10], [25, 10], [24, 10], [23, 10], [22, 10], [22, 9], [22, 8], [21, 8], [20, 8], [19, 8], [18, 8], [17, 8], [16, 8], [15, 8], [14, 8], [13, 8], [12, 8], [12, 7], [13, 7], [13, 8], [13, 9], [13, 8], [13, 7], [13, 6], [13, 5], [13, 4], [13, 3], [14, 3], [14, 2], [14, 3], [14, 4], [15, 4], [16, 4], [17, 4], [18, 4], [19, 4], [20, 4], [21, 4], [22, 4], [23, 4], [24, 4], [24, 3], [24, 2], [24, 3], [24, 4], [24, 5], [24, 6], [25, 6], [26, 6], [26, 7], [27, 7], [27, 8], [27, 9], [27, 10], [27, 11], [28, 11], [29, 11], [28, 11], [27, 11], [26, 11], [25, 11], [24, 11], [23, 11], [23, 12], [23, 13], [22, 13], [23, 13], [24, 13], [24, 12], [24, 11], [24, 10], [24, 9], [23, 9], [22, 9], [21, 9], [20, 9], [20, 8], [20, 7], [21, 7], [20, 7], [19, 7], [19, 8], [19, 7], [19, 6], [19, 5], [19, 4], [18, 4], [17, 4], [16, 4], [15, 4], [14, 4], [13, 4], [12, 4], [11, 4], [10, 4], [9, 4], [9, 3], [10, 3], [10, 4], [10, 5], [9, 5], [8, 5], [7, 5], [6, 5], [6, 4], [6, 3], [7, 3], [6, 3], [5, 3], [4, 3], [3, 3], [3, 2], [3, 3], [3, 4], [3, 5], [3, 6], [2, 6]]}
META {"type": "geom", "shape": "line", "group": "offpath", "data": [[17, 3, 17, 5], [17, 5, 17, 3], [12, 11, 2, 11], [6, 11, 6, 10], [6, 10, 6, 11], [4, 2, 2, 2], [4, 12, 3, 12], [4, 10, 4, 6], [4, 6, 4, 12], [10, 9, 10, 11], [10, 11, 10, 9], [14, 10, 18, 10], [29, 2, 23, 2], [11, 12, 11, 10], [11, 10, 9, 10], [22, 4, 22, 5], [22, 5, 22, 4], [19, 11, 19, 12], [19, 12, 19, 11], [2, 2, 4, 2], [2, 11, 12, 11], [7, 11, 7, 13], [7, 12, 9, 12], [7, 13, 7, 11], [26, 9, 26, 11], [26, 11, 26, 9], [9, 9, 9, 13], [9, 12, 7, 12], [9, 10, 9, 9], [9, 13, 13, 13], [5, 12, 5, 10], [5, 10, 4, 10], [5, 4, 5, 3], [5, 3, 5, 4], [15, 10, 15, 4], [15, 4, 15, 10], [23, 2, 29, 2], [3, 12, 5, 12], [25, 6, 25, 5], [25, 5, 25, 6], [18, 10, 14, 10], [13, 12, 11, 12], [13, 13, 13, 12]]}
