XXXXXXXXXXXXXXXX
XXXXXXXXXXXXXXXX
XXX-----XXX}XXXX
XX--#-------XXXX
XX-----X--X---XX
XX-----XXXXX--XX
XXXXX--XXXXX--XX
XXXXX--XXX--XXXX
XXXXX-------XXXX
XXXXX--XXXXXXXXX
XX-----XXXXXXXXX
XX-----XXX-XXXXX
XXXXX------XXXXX
XXXXX-XX---XXXXX
XXX---XX-----XXX
XX-----X--X--XXX
XX--XX----XXXXXX
XX-XXXX-#-XXXXXX
XX-XXXX---XXXXXX
XX-XXX------XXXX
XX-XXX##-----XXX
XX------XXXX-XXX
XXX-X-X-XXXX--XX
XXXXX-XXXXXX--XX
XXXXX-XXXXXX--XX
XXXX--XXXX----XX
XX----XXX-{---XX
XX------XXXXX-XX
XXX------XXXX-XX
XXXX---X-XXXXXXX
XXXXXXXXXXXXXXXX
XXXXXXXXXXXXXXXX
META {"type": "solver", "id": "pysat-rc2-boolonly", "objective": 0}
META {"type": "geom", "shape": "path", "group": "path", "data": [[26, 10, 26, 9], [26, 9, 26, 13], [26, 13, 28, 13], [28, 13, 22, 13], [22, 13, 22, 12], [22, 12, 20, 12], [20, 12, 20, 8], [20, 8, 18, 8], [18, 8, 18, 9], [18, 9, 18, 7], [18, 7, 16, 7], [16, 7, 16, 9], [16, 9, 12, 9], [12, 9, 12, 5], [12, 5, 2, 5], [2, 5, 2, 7], [2, 7, 3, 7], [3, 7, 3, 5], [3, 5, 3, 11], [3, 11, 2, 11]]}
META {"type": "geom", "shape": "tile", "group": "path", "data": [[26, 10], [26, 9], [26, 10], [26, 11], [26, 12], [26, 13], [27, 13], [28, 13], [27, 13], [26, 13], [25, 13], [24, 13], [23, 13], [22, 13], [22, 12], [21, 12], [20, 12], [20, 11], [20, 10], [20, 9], [20, 8], [19, 8], [18, 8], [18, 9], [18, 8], [18, 7], [17, 7], [16, 7], [16, 8], [16, 9], [15, 9], [14, 9], [13, 9], [12, 9], [12, 8], [12, 7], [12, 6], [12, 5], [11, 5], [10, 5], [9, 5], [8, 5], [7, 5], [6, 5], [5, 5], [4, 5], [3, 5], [2, 5], [2, 6], [2, 7], [3, 7], [3, 6], [3, 5], [3, 6], [3, 7], [3, 8], [3, 9], [3, 10], [3, 11], [2, 11]]}
META {"type": "geom", "shape": "line", "group": "offpath", "data": [[15, 12, 15, 11], [15, 9, 15, 8], [15, 11, 14, 11], [15, 8, 15, 9], [9, 5, 9, 6], [9, 6, 9, 5], [11, 6, 11, 2], [11, 2, 11, 6], [11, 4, 10, 4], [27, 7, 28, 7], [27, 6, 29, 6], [12, 10, 14, 10], [12, 6, 2, 6], [12, 8, 12, 10], [26, 3, 28, 3], [26, 11, 25, 11], [21, 7, 22, 7], [10, 6, 10, 2], [10, 2, 10, 6], [10, 4, 11, 4], [28, 7, 27, 7], [28, 3, 26, 3], [2, 6, 12, 6], [29, 5, 29, 4], [29, 6, 27, 6], [29, 4, 25, 4], [14, 12, 15, 12], [14, 10, 14, 8], [14, 11, 14, 12], [14, 8, 16, 8], [6, 13, 4, 13], [6, 12, 4, 12], [6, 5, 6, 6], [6, 6, 6, 5], [8, 5, 8, 11], [8, 11, 8, 5], [22, 7, 21, 7], [4, 13, 6, 13], [4, 12, 6, 12], [4, 9, 3, 9], [4, 6, 4, 2], [4, 2, 4, 6], [4, 4, 5, 4], [4, 8, 3, 8], [25, 5, 29, 5], [25, 4, 25, 5], [25, 11, 26, 11], [16, 8, 12, 8], [3, 9, 4, 9], [3, 2, 3, 3], [3, 3, 5, 3], [3, 8, 4, 8], [5, 13, 5, 12], [5, 12, 5, 13], [5, 2, 3, 2], [5, 3, 5, 2], [5, 4, 4, 4]]}
