XXXXXXXXXXXXXXXX
X--}XXX------XXX
X-XXXXX-----X-XX
X-XXXXX-----X--X
X---XX-XXXX-X-XX
XXX----XXXX--XXX
XXX--XX------XXX
X----XX----XX-XX
XXX------XXXXX-X
XXX-XXX-XXXXXX-X
X-------XXXXX-XX
XX-X--X-XXX{---X
X-------XXXXXX-X
X-------XXXXXX-X
X--XX----------X
XXXXXXXXXXXXXXXX
META {"type": "solver", "id": "pysat-rc2", "objective": 0}
META {"type": "geom", "shape": "path", "group": "path", "data": [[11, 11, 11, 12], [11, 12, 11, 13], [11, 13, 11, 14], [11, 14, 12, 14], [12, 14, 13, 14], [13, 14, 14, 14], [14, 14, 14, 13], [14, 13, 14, 12], [14, 12, 14, 11], [14, 11, 14, 10], [14, 10, 14, 9], [14, 9, 14, 8], [14, 8, 14, 7], [14, 7, 13, 7], [13, 7, 12, 7], [12, 7, 11, 7], [11, 7, 10, 7], [10, 7, 9, 7], [9, 7, 8, 7], [8, 7, 8, 6], [8, 6, 8, 5], [8, 5, 8, 4], [8, 4, 7, 4], [7, 4, 6, 4], [6, 4, 5, 4], [5, 4, 5, 3], [5, 3, 4, 3], [4, 3, 4, 2], [4, 2, 4, 1], [4, 1, 3, 1], [3, 1, 2, 1], [2, 1, 1, 1], [1, 1, 1, 2], [1, 2, 1, 3]]}
