XXXXXXXXXXXXXXXX
X--XXXXX-XX-XX-X
X---}XXX------XX
X--XXXXX---X--XX
X--XXXXX-X-X---X
XX------X--X---X
XX---------X---X
XX-XX-XXX--X--XX
X-XXXX---XX----X
X-XXXXX-XXXXXX-X
X-XXXXX-XXXXXX-X
XX-XXXXXXXX{---X
XX--XXXXXXXXXX-X
X--X-XXXXXXXXX-X
X--------------X
XXXXXXXXXXXXXXXX
META {"type": "solver", "id": "clingo-be", "objective": 0}
META {"type": "geom", "shape": "path", "group": "path", "data": [[11, 11, 11, 12], [11, 12, 11, 13], [11, 13, 11, 14], [11, 14, 10, 14], [10, 14, 9, 14], [9, 14, 8, 14], [8, 14, 8, 13], [8, 13, 7, 13], [7, 13, 6, 13], [6, 13, 5, 13], [5, 13, 4, 13], [4, 13, 3, 13], [3, 13, 2, 13], [2, 13, 2, 12], [2, 12, 2, 11], [2, 11, 2, 10], [2, 10, 3, 10], [3, 10, 4, 10], [4, 10, 5, 10], [5, 10, 5, 9], [5, 9, 6, 9], [6, 9, 6, 8], [6, 8, 6, 7], [6, 7, 5, 7], [5, 7, 5, 6], [5, 6, 5, 5], [5, 5, 5, 4], [5, 4, 5, 3], [5, 3, 5, 2], [5, 2, 4, 2], [4, 2, 3, 2], [3, 2, 2, 2], [2, 2, 2, 3], [2, 3, 2, 4]]}
