XXXXXXXXXXXXXXXX
XXX--X-X----XXXX
X0--------X--XXX
XXX---XXX-X---1X
XXXXXX----X-XXXX
XXXXXXXXX--XXXXX
X--XXXXXXXXXXXXX
X-----XXXXXXXX-X
X--XX-----XXXX-X
X--XX------XX-XX
X--XX---------XX
X----XX---XX---X
XXX--XX-X-XX-XXX
XXX--XX---XX-XXX
X2---XX---XX--3X
XXXXXXXXXXXXXXXX
META {"type": "solver", "id": "pysat-rc2", "objective": 0}
META {"type": "geom", "shape": "path", "group": "path", "data": [[2, 1, 2, 2], [2, 2, 2, 3], [2, 3, 2, 4], [2, 4, 2, 5], [2, 5, 2, 6], [2, 6, 2, 7], [2, 7, 2, 8], [2, 8, 1, 8], [1, 8, 1, 9], [1, 9, 1, 10], [1, 10, 1, 11], [1, 11, 2, 11], [2, 11, 2, 12], [2, 12, 3, 12], [3, 12, 3, 13], [3, 13, 3, 14]]}
META {"type": "geom", "shape": "path", "group": "path", "data": [[14, 1, 14, 2], [14, 2, 14, 3], [14, 3, 13, 3], [13, 3, 12, 3], [12, 3, 11, 3], [11, 3, 11, 2], [11, 2, 10, 2], [10, 2, 9, 2], [9, 2, 8, 2], [8, 2, 7, 2], [7, 2, 7, 3], [7, 3, 7, 4], [7, 4, 7, 5], [7, 5, 8, 5], [8, 5, 8, 6], [8, 6, 8, 7], [8, 7, 8, 8], [8, 8, 8, 9], [8, 9, 9, 9], [9, 9, 9, 10], [9, 10, 10, 10], [10, 10, 10, 11], [10, 11, 10, 12], [10, 12, 11, 12], [11, 12, 12, 12], [12, 12, 13, 12], [13, 12, 14, 12], [14, 12, 14, 13], [14, 13, 14, 14]]}
META {"type": "geom", "shape": "tile", "group": "reachable", "data": [[2, 1], [2, 2], [2, 3], [1, 3], [3, 3], [2, 4], [1, 4], [3, 4], [2, 5], [3, 5], [2, 6], [1, 6], [2, 7], [2, 8], [1, 8], [2, 9], [1, 9], [3, 9], [1, 10], [4, 9], [1, 11], [5, 9], [4, 8], [2, 11], [4, 7], [5, 10], [3, 11], [2, 12], [4, 6], [3, 12], [4, 11], [3, 13]]}
