XXXXXXXXXXXXXXXX
XXXX----XX----1X
X0--XXX-XX-XXXXX
XXX-XXX-XX-XXXXX
XXX------------X
X--XXX---XXXXX-X
XX----XXX------X
XX-XXX---X-XXXXX
X-XXXX-XX-XXXXXX
X-XXXX-XX-XXXXXX
X--------X-XX-XX
X---X----X-XX--X
XXX------X---XXX
XXX----X-----XXX
X2------------3X
XXXXXXXXXXXXXXXX
META {"type": "solver", "id": "pysat-rc2-boolonly", "objective": 0}
META {"type": "geom", "shape": "path", "group": "path", "data": [[2, 1, 2, 2], [2, 2, 2, 3], [2, 3, 3, 3], [3, 3, 4, 3], [4, 3, 4, 4], [4, 4, 4, 5], [4, 5, 4, 6], [4, 6, 4, 7], [4, 7, 4, 8], [4, 8, 4, 9], [4, 9, 4, 10], [4, 10, 3, 10], [3, 10, 2, 10], [2, 10, 1, 10], [1, 10, 1, 11], [1, 11, 1, 12], [1, 12, 1, 13], [1, 13, 1, 14]]}
META {"type": "geom", "shape": "path", "group": "path", "data": [[14, 1, 14, 2], [14, 2, 14, 3], [14, 3, 14, 4], [14, 4, 14, 5], [14, 5, 14, 6], [14, 6, 14, 7], [14, 7, 14, 8], [14, 8, 14, 9], [14, 9, 14, 10], [14, 10, 14, 11], [14, 11, 14, 12], [14, 12, 14, 13], [14, 13, 14, 14]]}
META {"type": "geom", "shape": "tile", "group": "reachable", "data": [[2, 1], [2, 2], [2, 3], [3, 3], [4, 3], [4, 4], [4, 5], [4, 6], [5, 6], [4, 7], [3, 7], [5, 7], [4, 8], [2, 7], [5, 8], [4, 9], [1, 7], [4, 10], [1, 6], [3, 10], [4, 11], [1, 5], [2, 10], [4, 12], [1, 4], [1, 10], [4, 13], [1, 11], [4, 14], [1, 12], [5, 14], [1, 13], [6, 14], [6, 13], [6, 12], [6, 11], [6, 10], [7, 10], [6, 9]]}
