XXXXXXXXXXXXXXXX
X0------XXXXXXXX
XXX-XXX-------1X
XXX----------XXX
X------------XXX
X-XXX--X----X-XX
X------X--X--X-X
XXXXXX-X-X--X-XX
XXXXXX---X--X-XX
X-----XX-X--X--X
XX----XX------XX
X-----XX-X-XX--X
XXXX-XXXXXXXXXXX
XXXX-XXXXXXXXXXX
X2----XX--XX--3X
XXXXXXXXXXXXXXXX
META {"type": "solver", "id": "pysat-rc2", "objective": 0}
META {"type": "geom", "shape": "path", "group": "path", "data": [[1, 1, 1, 2], [1, 2, 1, 3], [1, 3, 1, 4], [1, 4, 1, 5], [1, 5, 1, 6], [1, 6, 1, 7], [1, 7, 2, 7], [2, 7, 2, 8], [2, 8, 2, 9], [2, 9, 2, 10], [2, 10, 3, 10], [3, 10, 4, 10], [4, 10, 5, 10], [5, 10, 5, 11], [5, 11, 4, 11], [4, 11, 4, 12], [4, 12, 3, 12], [3, 12, 2, 12], [2, 12, 2, 13], [2, 13, 2, 14]]}
META {"type": "geom", "shape": "tile", "group": "path", "data": [[1, 1], [1, 2], [1, 3], [1, 4], [1, 5], [1, 6], [1, 7], [2, 7], [2, 8], [2, 9], [2, 10], [3, 10], [4, 10], [5, 10], [5, 11], [4, 11], [4, 12], [3, 12], [2, 12], [2, 13], [2, 14]]}
META {"type": "geom", "shape": "line", "group": "offpath", "data": [[10, 4, 9, 4], [10, 2, 11, 2], [10, 5, 11, 5], [10, 3, 11, 3], [2, 11, 3, 11], [11, 4, 10, 4], [11, 2, 10, 2], [11, 5, 11, 4], [11, 3, 10, 3], [3, 9, 3, 8], [3, 4, 3, 5], [3, 11, 2, 11], [3, 5, 3, 4], [3, 7, 4, 7], [3, 8, 4, 8], [3, 6, 3, 7], [4, 9, 3, 9], [4, 4, 4, 5], [4, 2, 4, 3], [4, 1, 4, 2], [4, 5, 5, 5], [4, 7, 4, 6], [4, 3, 4, 4], [4, 8, 5, 8], [4, 6, 3, 6], [6, 4, 6, 3], [6, 11, 6, 12], [6, 12, 6, 11], [6, 2, 6, 1], [6, 1, 5, 1], [6, 5, 6, 4], [6, 3, 6, 2], [6, 6, 5, 6], [9, 4, 9, 5], [9, 2, 9, 1], [9, 1, 9, 2], [9, 5, 10, 5], [5, 9, 4, 9], [5, 1, 4, 1], [5, 5, 6, 5], [5, 8, 5, 9], [5, 6, 6, 6]]}
