XXXXXXXXXXXXXXXX
----------------
----------XXXXXX
----------XXXXXX
----XX-XXX------
XXX-XX-XXX----}-
XXX---------XXXX
------------XXXX
--------XX------
--XX----XX------
--XX----XX------
------XXXXXXXXXX
------XXXXXXXXXX
--XX------------
--XX-XXX--------
-----XXX----XX--
------------XX--
------------XX--
---{--------XX--
XXXXXXXXXXXXXXXX
META {"type": "solver", "id": "pysat-rc2", "objective": 0}
META {"type": "geom", "shape": "path", "group": "path", "data": [[18, 3, 18, 4], [18, 4, 18, 5], [18, 5, 18, 6], [18, 6, 18, 7], [18, 7, 18, 8], [18, 8, 18, 9], [18, 9, 18, 10], [18, 10, 18, 11], [18, 11, 15, 11], [15, 11, 16, 11], [16, 11, 13, 7], [13, 7, 13, 6], [13, 6, 13, 5], [13, 5, 11, 2], [11, 2, 12, 3], [12, 3, 10, 7], [10, 7, 8, 7], [8, 7, 9, 7], [9, 7, 7, 4], [7, 4, 8, 4], [8, 4, 9, 5], [9, 5, 10, 6], [10, 6, 8, 2], [8, 2, 8, 3], [8, 3, 6, 8], [6, 8, 7, 9], [7, 9, 5, 13], [5, 13, 5, 14]]}
META {"type": "geom", "shape": "tile", "group": "path", "data": [[18, 3], [18, 4], [18, 5], [18, 6], [18, 7], [18, 8], [18, 9], [18, 10], [18, 11], [17, 11], [16, 11], [15, 11], [16, 11], [16, 10], [15, 10], [15, 9], [14, 9], [14, 8], [13, 8], [13, 7], [13, 6], [13, 5], [13, 4], [12, 4], [12, 3], [11, 3], [11, 2], [12, 2], [12, 3], [12, 4], [11, 4], [11, 5], [10, 5], [10, 6], [10, 7], [9, 7], [8, 7], [9, 7], [9, 6], [8, 6], [8, 5], [7, 5], [7, 4], [8, 4], [9, 4], [9, 5], [10, 5], [10, 6], [10, 5], [9, 5], [9, 4], [8, 4], [8, 3], [8, 2], [8, 3], [8, 4], [7, 4], [7, 5], [6, 5], [6, 6], [6, 7], [6, 8], [7, 8], [7, 9], [7, 10], [6, 10], [6, 11], [5, 11], [5, 12], [5, 13], [5, 14]]}
META {"type": "geom", "shape": "line", "group": "offpath", "data": [[1, 13, 1, 12], [1, 2, 2, 3], [1, 12, 1, 13], [1, 3, 2, 2], [4, 1, 4, 0], [4, 0, 4, 1], [4, 2, 2, 6], [14, 13, 14, 12], [14, 12, 14, 13], [3, 1, 4, 2], [3, 4, 1, 2], [3, 7, 1, 3], [2, 2, 3, 1], [2, 3, 3, 4], [2, 6, 3, 7]]}
