XXXXXXXXXXXXXXXX
----------------
XX----------XXXX
XX----------XXXX
----------XX----
XXXX---XX-XX--}-
XXXX---XX----XXX
-------XX----XXX
--XXXXXXXXX-----
--XXXXXXXXX-----
-------------XXX
-------------XXX
-------XXX------
-XX----XXX------
-XX-----------XX
-----XX-------XX
-----XX--XX-----
-----XX--XX-----
-----XX-----{---
XXXXXXXXXXXXXXXX
META {"type": "solver", "id": "pysat-rc2-boolonly", "objective": 0}
META {"type": "geom", "shape": "path", "group": "path", "data": [[18, 12, 18, 11], [18, 11, 18, 10], [18, 10, 18, 9], [18, 9, 18, 8], [18, 8, 18, 7], [18, 7, 16, 7], [16, 7, 14, 10], [14, 10, 15, 10], [15, 10, 13, 15], [13, 15, 13, 14], [13, 14, 11, 9], [11, 9, 9, 13], [9, 13, 7, 10], [7, 10, 5, 15], [5, 15, 5, 14]]}
META {"type": "geom", "shape": "tile", "group": "path", "data": [[18, 12], [18, 11], [18, 10], [18, 9], [18, 8], [18, 7], [17, 7], [16, 7], [16, 8], [15, 8], [15, 9], [14, 9], [14, 10], [15, 10], [15, 11], [14, 11], [14, 12], [13, 12], [13, 13], [13, 14], [13, 15], [13, 14], [13, 13], [12, 13], [12, 12], [11, 12], [11, 11], [11, 10], [11, 9], [11, 10], [10, 10], [10, 11], [9, 11], [9, 12], [9, 13], [9, 12], [8, 12], [8, 11], [7, 11], [7, 10], [7, 11], [6, 11], [6, 12], [5, 12], [5, 13], [5, 14], [5, 15], [5, 14]]}
META {"type": "geom", "shape": "line", "group": "offpath", "data": [[11, 3, 12, 2], [11, 8, 11, 7], [11, 7, 11, 8], [16, 2, 17, 1], [3, 3, 4, 2], [3, 7, 4, 8], [3, 10, 2, 9], [3, 11, 2, 11], [6, 5, 7, 6], [6, 9, 7, 9], [6, 6, 4, 4], [5, 4, 6, 5], [12, 2, 10, 4], [10, 4, 11, 3], [9, 15, 9, 14], [9, 14, 9, 15], [4, 2, 4, 3], [4, 3, 2, 7], [4, 8, 4, 7], [4, 7, 2, 2], [4, 4, 5, 4], [17, 1, 18, 2], [17, 4, 16, 2], [7, 3, 7, 4], [7, 4, 7, 3], [7, 9, 6, 9], [7, 6, 6, 6], [18, 2, 18, 3], [18, 3, 18, 4], [18, 4, 17, 4], [2, 2, 3, 3], [2, 7, 3, 7], [2, 9, 3, 10], [2, 11, 3, 11], [14, 5, 14, 6], [14, 6, 14, 5]]}
