XXXXXXXXXXXXXXXX
X0-----------XXX
XXX-------XX-XXX
XXX-----X-XX--1X
X---X-----XX-XXX
XX-----------XXX
X----X---XXX--XX
X----X---------X
XX---X-XXXX----X
X--XX--------X-X
XX-XX--XXXX----X
X----XXXXXXX---X
XXXXXXXXXXXXXXXX
XXXXXXXXXXXXXXXX
X2--XX-XX-XX--3X
XXXXXXXXXXXXXXXX
META {"type": "solver", "id": "pysat-rc2-boolonly", "objective": 0}
META {"type": "geom", "shape": "path", "group": "path", "data": [[1, 1, 1, 2], [1, 2, 1, 3], [1, 3, 1, 4], [1, 4, 1, 5], [1, 5, 1, 6], [1, 6, 1, 7], [1, 7, 1, 8], [1, 8, 1, 9], [1, 9, 1, 10], [1, 10, 1, 11], [1, 11, 1, 12], [1, 12, 2, 12], [2, 12, 3, 12], [3, 12, 3, 13], [3, 13, 3, 14]]}
META {"type": "geom", "shape": "tile", "group": "path", "data": [[1, 1], [1, 2], [1, 3], [1, 4], [1, 5], [1, 6], [1, 7], [1, 8], [1, 9], [1, 10], [1, 11], [1, 12], [2, 12], [3, 12], [3, 13], [3, 14]]}
META {"type": "geom", "shape": "line", "group": "offpath", "data": [[2, 8, 2, 9], [2, 3, 2, 4], [2, 4, 2, 5], [2, 7, 2, 8], [2, 9, 3, 9], [2, 5, 2, 6], [2, 6, 2, 7], [10, 11, 9, 11], [10, 12, 10, 11], [10, 13, 11, 13], [10, 14, 10, 13], [10, 5, 10, 6], [10, 6, 9, 6], [11, 13, 11, 14], [11, 14, 10, 14], [7, 8, 7, 7], [7, 3, 6, 3], [7, 11, 7, 12], [7, 1, 7, 2], [7, 4, 6, 4], [7, 12, 7, 11], [7, 13, 6, 13], [7, 2, 7, 3], [7, 7, 6, 7], [9, 11, 9, 12], [9, 12, 10, 12], [9, 9, 9, 10], [9, 5, 10, 5], [9, 10, 9, 9], [9, 6, 9, 5], [8, 13, 8, 14], [8, 14, 8, 13], [3, 3, 2, 3], [3, 7, 3, 6], [3, 9, 4, 9], [3, 5, 4, 5], [3, 6, 3, 7], [5, 8, 4, 8], [5, 3, 4, 3], [5, 4, 5, 3], [5, 12, 4, 12], [5, 2, 4, 2], [5, 9, 5, 8], [5, 5, 5, 4], [5, 6, 5, 5], [6, 8, 7, 8], [6, 3, 6, 2], [6, 1, 7, 1], [6, 4, 7, 4], [6, 13, 7, 13], [6, 2, 6, 1], [6, 7, 6, 8], [4, 8, 4, 7], [4, 3, 3, 3], [4, 12, 5, 12], [4, 2, 5, 2], [4, 7, 4, 6], [4, 9, 5, 9], [4, 5, 3, 5], [4, 6, 5, 6]]}
