XXXXXXXXXXXXXXXX
X0-X---X-XX-XXXX
XXX-XXX--XX-XXXX
XXX------XX--1XX
X--X-----XX-XXXX
X--X-----XX-XXXX
XX-X--------XXXX
XX--XXX-XXX-XXXX
X--X-----------X
XX----XXX----XXX
XX-----------XXX
X--X-XXX-XX----X
XXX------XX--XXX
XXX-X--------XXX
X2--------XX--3X
XXXXXXXXXXXXXXXX
META {"type": "solver", "id": "pysat-rc2", "objective": 0}
META {"type": "geom", "shape": "path", "group": "path", "data": [[14, 1, 14, 2], [14, 2, 14, 3], [14, 3, 14, 4], [14, 4, 14, 5], [14, 5, 14, 6], [14, 6, 13, 6], [13, 6, 13, 7], [13, 7, 13, 8], [13, 8, 12, 8], [12, 8, 11, 8], [11, 8, 10, 8], [10, 8, 10, 9], [10, 9, 9, 9], [9, 9, 9, 10], [9, 10, 9, 11], [9, 11, 9, 12], [9, 12, 10, 12], [10, 12, 10, 11], [10, 11, 11, 11], [11, 11, 12, 11], [12, 11, 13, 11], [13, 11, 13, 12], [13, 12, 14, 12], [14, 12, 14, 13], [14, 13, 14, 14]]}
META {"type": "geom", "shape": "tile", "group": "path", "data": [[14, 1], [14, 2], [14, 3], [14, 4], [14, 5], [14, 6], [13, 6], [13, 7], [13, 8], [12, 8], [11, 8], [10, 8], [10, 9], [9, 9], [9, 10], [9, 11], [9, 12], [10, 12], [10, 11], [11, 11], [12, 11], [13, 11], [13, 12], [14, 12], [14, 13], [14, 14]]}
META {"type": "geom", "shape": "line", "group": "offpath", "data": [[11, 1, 11, 2], [11, 13, 11, 12], [11, 2, 11, 1], [11, 12, 11, 13], [9, 5, 10, 5], [8, 8, 8, 9], [8, 1, 8, 2], [8, 13, 8, 14], [8, 6, 8, 5], [8, 9, 8, 8], [8, 5, 8, 6], [8, 2, 8, 1], [8, 11, 8, 12], [8, 14, 8, 13], [8, 12, 8, 11], [5, 7, 6, 7], [4, 1, 4, 2], [4, 2, 4, 1], [10, 6, 10, 7], [10, 5, 9, 5], [10, 7, 10, 6], [6, 10, 6, 11], [6, 11, 6, 10], [6, 7, 5, 7], [12, 3, 12, 4], [12, 6, 12, 7], [12, 7, 12, 6], [12, 4, 12, 3]]}
