XXXXXXXXXXXXXXXX
XXX----XXX-XXXXX
X0--X-X------XXX
XXX-X-X-XXX-X-1X
XXX-X-X-XXX--XXX
X------------XXX
XX----------X-XX
XX-X--------X--X
X---XXX-----X-XX
X------XX----X-X
XX-----XX--XX-XX
XXX-X-XXXX-XX--X
XXXXXXXXXXXXXXXX
XXXXXXXXXXXXXXXX
X2------------3X
XXXXXXXXXXXXXXXX
META {"type": "solver", "id": "pysat-rc2", "objective": 0}
META {"type": "geom", "shape": "path", "group": "path", "data": [[14, 1, 14, 2], [14, 2, 14, 3], [14, 3, 14, 4], [14, 4, 14, 5], [14, 5, 14, 6], [14, 6, 14, 7], [14, 7, 14, 8], [14, 8, 14, 9], [14, 9, 14, 10], [14, 10, 14, 11], [14, 11, 14, 12], [14, 12, 14, 13], [14, 13, 14, 14]]}
META {"type": "geom", "shape": "tile", "group": "path", "data": [[14, 1], [14, 2], [14, 3], [14, 4], [14, 5], [14, 6], [14, 7], [14, 8], [14, 9], [14, 10], [14, 11], [14, 12], [14, 13], [14, 14]]}
META {"type": "geom", "shape": "line", "group": "offpath", "data": [[10, 3, 10, 4], [10, 5, 9, 5], [10, 9, 10, 10], [10, 4, 10, 3], [10, 10, 10, 9], [8, 8, 7, 8], [8, 3, 9, 3], [8, 7, 8, 8], [8, 9, 7, 9], [8, 1, 8, 2], [8, 2, 8, 3], [7, 8, 6, 8], [7, 7, 8, 7], [7, 5, 7, 6], [7, 9, 8, 9], [7, 14, 7, 13], [7, 11, 6, 11], [7, 13, 7, 14], [7, 6, 7, 5], [7, 10, 7, 11], [7, 2, 6, 2], [2, 8, 2, 9], [2, 3, 2, 2], [2, 7, 3, 7], [2, 5, 3, 5], [2, 9, 2, 8], [2, 11, 2, 10], [2, 10, 2, 11], [2, 2, 2, 3], [9, 3, 9, 2], [9, 5, 10, 5], [9, 9, 9, 10], [9, 1, 8, 1], [9, 11, 9, 12], [9, 12, 9, 11], [9, 10, 9, 9], [9, 2, 9, 1], [4, 11, 4, 12], [4, 12, 4, 11], [5, 8, 5, 7], [5, 3, 5, 4], [5, 7, 5, 6], [5, 5, 6, 5], [5, 9, 5, 8], [5, 4, 5, 5], [5, 11, 5, 10], [5, 6, 6, 6], [5, 10, 5, 9], [1, 5, 1, 4], [1, 4, 1, 5], [11, 14, 11, 13], [11, 13, 11, 14], [3, 7, 2, 7], [3, 5, 2, 5], [6, 8, 6, 9], [6, 3, 5, 3], [6, 7, 7, 7], [6, 5, 6, 4], [6, 9, 6, 10], [6, 4, 6, 3], [6, 11, 5, 11], [6, 6, 6, 7], [6, 10, 7, 10], [6, 2, 7, 2]]}
