XXXXXXXXXXXXXXXX
X0--XX-XXXXXXXXX
XXX-XX--XX-XX-1X
XXXXXXXXXXXXXXXX
XXXXXXXXXXXXXXXX
XXX------------X
XX----X-XXX-XX-X
XX-X--X-----XX-X
XX----X-XXX-XX-X
X-X-XX--XXX---XX
XX--XX--------XX
X---------XX---X
XXX-------XX-XXX
XXX----X--XX-XXX
X2--XX--------3X
XXXXXXXXXXXXXXXX
META {"type": "solver", "id": "pysat-rc2", "objective": 0}
META {"type": "geom", "shape": "path", "group": "path", "data": [[14, 1, 14, 2], [14, 2, 14, 3], [14, 3, 13, 3], [13, 3, 12, 3], [12, 3, 11, 3], [11, 3, 10, 3], [10, 3, 9, 3], [9, 3, 8, 3], [8, 3, 8, 2], [8, 2, 7, 2], [7, 2, 6, 2], [6, 2, 6, 3], [6, 3, 5, 3], [5, 3, 5, 4], [5, 4, 5, 5], [5, 5, 5, 6], [5, 6, 5, 7], [5, 7, 6, 7], [6, 7, 7, 7], [7, 7, 8, 7], [8, 7, 9, 7], [9, 7, 10, 7], [10, 7, 11, 7], [11, 7, 12, 7], [12, 7, 12, 8], [12, 8, 12, 9], [12, 9, 13, 9], [13, 9, 14, 9], [14, 9, 14, 10], [14, 10, 14, 11], [14, 11, 14, 12], [14, 12, 14, 13], [14, 13, 14, 14]]}
META {"type": "geom", "shape": "tile", "group": "path", "data": [[14, 1], [14, 2], [14, 3], [13, 3], [12, 3], [11, 3], [10, 3], [9, 3], [8, 3], [8, 2], [7, 2], [6, 2], [6, 3], [5, 3], [5, 4], [5, 5], [5, 6], [5, 7], [6, 7], [7, 7], [8, 7], [9, 7], [10, 7], [11, 7], [12, 7], [12, 8], [12, 9], [13, 9], [14, 9], [14, 10], [14, 11], [14, 12], [14, 13], [14, 14]]}
META {"type": "geom", "shape": "line", "group": "offpath", "data": [[10, 8, 10, 9], [10, 9, 10, 8], [7, 8, 7, 9], [7, 9, 7, 8], [14, 6, 14, 7], [14, 7, 14, 6], [6, 4, 6, 5], [6, 5, 6, 4], [11, 2, 11, 1], [11, 1, 11, 2]]}
