XXXXXXXXXXXXXXXX
XXXX-X-XX-X-X-1X
X0----X----X-XXX
XXXXX-X-XXX--XXX
XXXXX-X----XX--X
X-XXXX-XXX-XX--X
X-XXXXXXXXX--XXX
X--XXXXXXXX--XXX
X---XX--XX---XXX
X---XX--XX-----X
X-----X-------XX
X---X----------X
XXX-----XXX-XXXX
XXX-----XXX-XXXX
X2----XX------3X
XXXXXXXXXXXXXXXX
META {"type": "solver", "id": "pysat-rc2", "objective": 0}
META {"type": "geom", "shape": "path", "group": "path", "data": [[14, 1, 14, 2], [14, 2, 14, 3], [14, 3, 13, 3], [13, 3, 12, 3], [12, 3, 12, 4], [12, 4, 12, 5], [12, 5, 11, 5], [11, 5, 11, 6], [11, 6, 11, 7], [11, 7, 11, 8], [11, 8, 11, 9], [11, 9, 11, 10], [11, 10, 11, 11], [11, 11, 12, 11], [12, 11, 13, 11], [13, 11, 14, 11], [14, 11, 14, 12], [14, 12, 14, 13], [14, 13, 14, 14]]}
META {"type": "geom", "shape": "tile", "group": "path", "data": [[14, 1], [14, 2], [14, 3], [13, 3], [12, 3], [12, 4], [12, 5], [11, 5], [11, 6], [11, 7], [11, 8], [11, 9], [11, 10], [11, 11], [12, 11], [13, 11], [14, 11], [14, 12], [14, 13], [14, 14]]}
META {"type": "geom", "shape": "line", "group": "offpath", "data": [[7, 12, 8, 12], [9, 14, 9, 13], [9, 13, 9, 14], [13, 6, 12, 6], [10, 10, 10, 9], [10, 9, 10, 10], [10, 12, 11, 12], [12, 6, 13, 6], [11, 12, 10, 12], [11, 14, 11, 13], [11, 13, 11, 14], [8, 10, 8, 11], [8, 11, 8, 10], [8, 12, 7, 12]]}
