XXXXXXXXXXXXXXXX
X0---------XXXXX
XXXXXXXXXX--1XXX
XXXXXXXXXX-XXXXX
X----------XXXXX
X-------X----XXX
X-XXXXXX-X----XX
XX------X-X---XX
X----XX---X-XX-X
XX-XXXXX--X-XX-X
XX-XXXXX---X--XX
X---XX-----X---X
XXX-XX-----X-XXX
XXX----------XXX
X2--XX-XX-XX--3X
XXXXXXXXXXXXXXXX
META {"type": "solver", "id": "pysat-rc2-boolonly", "objective": 0}
META {"type": "geom", "shape": "path", "group": "path", "data": [[1, 1, 1, 2], [1, 2, 1, 3], [1, 3, 1, 4], [1, 4, 1, 5], [1, 5, 1, 6], [1, 6, 1, 7], [1, 7, 1, 8], [1, 8, 1, 9], [1, 9, 1, 10], [1, 10, 2, 10], [2, 10, 2, 11], [2, 11, 2, 12]]}
META {"type": "geom", "shape": "path", "group": "path", "data": [[14, 1, 14, 2], [14, 2, 14, 3], [14, 3, 13, 3], [13, 3, 13, 4], [13, 4, 13, 5], [13, 5, 13, 6], [13, 6, 13, 7], [13, 7, 13, 8], [13, 8, 13, 9], [13, 9, 13, 10], [13, 10, 13, 11], [13, 11, 13, 12], [13, 12, 14, 12], [14, 12, 14, 13], [14, 13, 14, 14]]}
META {"type": "geom", "shape": "tile", "group": "reachable", "data": [[1, 1], [1, 2], [1, 3], [1, 4], [1, 5], [1, 6], [1, 7], [1, 8], [1, 9], [1, 10], [2, 10], [3, 10], [2, 11], [4, 10], [5, 10], [4, 9], [5, 9], [4, 8], [6, 10], [5, 11], [4, 7], [6, 11], [5, 12], [5, 7], [4, 6], [6, 12], [7, 11], [5, 6], [4, 5], [7, 12], [6, 13], [8, 11], [5, 5], [4, 4], [7, 13], [9, 11], [5, 4], [4, 3], [5, 3], [4, 2], [5, 2], [4, 1], [5, 1], [6, 1]]}
