XXXXXXXXXXXXXXXX
X0-----XXX---1XX
XXX-XXX-----XXXX
XXX------XX-XXXX
X-------XXXX--XX
XX-XXXX-XXXX--XX
X-X----X-XX-X--X
XX-XX----XX---XX
XXXXXXXXXXXXX--X
XXXXXXXXXXXXX--X
X-XX-----XX--XXX
X----X-X---XXXXX
XXXX-X-X---XXXXX
XXXX-X-X----XXXX
X2------------3X
XXXXXXXXXXXXXXXX
META {"type": "solver", "id": "pysat-rc2", "objective": 0}
META {"type": "geom", "shape": "path", "group": "path", "data": [[1, 1, 1, 2], [1, 2, 1, 3], [1, 3, 2, 3], [2, 3, 3, 3], [3, 3, 3, 4], [3, 4, 3, 5], [3, 5, 3, 6], [3, 6, 3, 7], [3, 7, 2, 7], [2, 7, 2, 8], [2, 8, 2, 9], [2, 9, 2, 10], [2, 10, 1, 10], [1, 10, 1, 11], [1, 11, 1, 12], [1, 12, 1, 13]]}
META {"type": "geom", "shape": "path", "group": "path", "data": [[14, 1, 14, 2], [14, 2, 14, 3], [14, 3, 14, 4], [14, 4, 14, 5], [14, 5, 14, 6], [14, 6, 14, 7], [14, 7, 14, 8], [14, 8, 14, 9], [14, 9, 14, 10], [14, 10, 14, 11], [14, 11, 14, 12], [14, 12, 14, 13], [14, 13, 14, 14]]}
META {"type": "geom", "shape": "tile", "group": "reachable", "data": [[1, 1], [1, 2], [1, 3], [2, 3], [1, 4], [1, 5], [3, 3], [1, 6], [4, 3], [3, 4], [4, 4], [3, 5], [4, 2], [4, 5], [3, 6], [5, 2], [4, 1], [4, 6], [3, 7], [2, 7], [4, 7], [3, 8], [2, 8], [5, 7], [2, 9], [2, 10], [1, 10], [2, 11], [1, 11], [3, 11], [1, 12]]}
