XXXXXXXXXXXXXXXX
X-XXXXX------XXX
X--}XXX-XXX-XXXX
X-XXXXXX----XXXX
X-XXXXXX--X---XX
X----XX-----X--X
X--------------X
X-----X-------XX
XXX---X--XX----X
XXX---X-XXXXXX-X
X-----X-XXXXXX-X
X--X----XXX{---X
XX-X----XXXXXXXX
XX-X----XXXXXXXX
X--------------X
XXXXXXXXXXXXXXXX
META {"type": "solver", "id": "pysat-rc2", "objective": 0}
META {"type": "geom", "shape": "path", "group": "path", "data": [[11, 11, 11, 12], [11, 12, 11, 13], [11, 13, 11, 14], [11, 14, 10, 14], [10, 14, 9, 14], [9, 14, 8, 14], [8, 14, 8, 13], [8, 13, 7, 13], [7, 13, 7, 12], [7, 12, 6, 12], [6, 12, 6, 11], [6, 11, 7, 11], [7, 11, 7, 10], [7, 10, 7, 9], [7, 9, 6, 9], [6, 9, 6, 8], [6, 8, 6, 7], [6, 7, 6, 6], [6, 6, 6, 5], [6, 5, 7, 5], [7, 5, 7, 4], [7, 4, 7, 3], [7, 3, 7, 2], [7, 2, 7, 1], [7, 1, 6, 1], [6, 1, 6, 2], [6, 2, 6, 3], [6, 3, 6, 4], [6, 4, 5, 4], [5, 4, 5, 3], [5, 3, 5, 2], [5, 2, 5, 1], [5, 1, 4, 1], [4, 1, 3, 1], [3, 1, 2, 1], [2, 1, 2, 2], [2, 2, 2, 3]]}
META {"type": "geom", "shape": "tile", "group": "path", "data": [[11, 11], [11, 12], [11, 13], [11, 14], [10, 14], [9, 14], [8, 14], [8, 13], [7, 13], [7, 12], [6, 12], [6, 11], [7, 11], [7, 10], [7, 9], [6, 9], [6, 8], [6, 7], [6, 6], [6, 5], [7, 5], [7, 4], [7, 3], [7, 2], [7, 1], [6, 1], [6, 2], [6, 3], [6, 4], [5, 4], [5, 3], [5, 2], [5, 1], [4, 1], [3, 1], [2, 1], [2, 2], [2, 3]]}
META {"type": "geom", "shape": "line", "group": "offpath", "data": [[9, 3, 8, 3], [9, 5, 10, 5], [9, 7, 8, 7], [5, 10, 5, 11], [5, 13, 6, 13], [5, 8, 5, 9], [5, 11, 4, 11], [5, 14, 5, 13], [5, 9, 5, 10], [11, 5, 11, 4], [11, 4, 10, 4], [11, 2, 12, 2], [11, 6, 12, 6], [11, 7, 10, 7], [2, 11, 1, 11], [14, 10, 14, 11], [14, 13, 14, 12], [14, 8, 14, 9], [14, 11, 14, 10], [14, 12, 14, 13], [14, 9, 14, 8], [6, 13, 6, 14], [6, 14, 5, 14], [10, 3, 9, 3], [10, 5, 11, 5], [10, 4, 10, 3], [10, 7, 11, 7], [8, 3, 8, 4], [8, 5, 9, 5], [8, 4, 8, 5], [8, 7, 9, 7], [3, 10, 3, 9], [3, 11, 3, 10], [3, 9, 4, 9], [4, 8, 5, 8], [4, 11, 3, 11], [4, 9, 4, 8], [1, 11, 2, 11], [12, 2, 11, 2], [12, 6, 11, 6]]}
