XXXXXXXXXXXXXXXX
X---}XXX--XXXX-X
X--XXXXXX------X
X--XXXXXX--XXXXX
X----------XXXXX
X-------XXX----X
X------------X-X
X------------X-X
X--------XX--X-X
X-------XXXXX--X
XXX-XX-XXXXXX-XX
XXX-XX-XXXX{---X
X--X----XXXXXXXX
XX------XXXXXXXX
X--XX-XX-------X
XXXXXXXXXXXXXXXX
META {"type": "solver", "id": "pysat-rc2", "objective": 0}
META {"type": "geom", "shape": "path", "group": "path", "data": [[11, 11, 11, 12], [11, 12, 11, 13], [11, 13, 10, 13], [10, 13, 9, 13], [9, 13, 9, 14], [9, 14, 8, 14], [8, 14, 7, 14], [7, 14, 6, 14], [6, 14, 5, 14], [5, 14, 5, 13], [5, 13, 5, 12], [5, 12, 5, 11], [5, 11, 6, 11], [6, 11, 6, 10], [6, 10, 6, 9], [6, 9, 6, 8], [6, 8, 6, 7], [6, 7, 5, 7], [5, 7, 4, 7], [4, 7, 4, 6], [4, 6, 4, 5], [4, 5, 4, 4], [4, 4, 4, 3], [4, 3, 4, 2], [4, 2, 3, 2], [3, 2, 2, 2], [2, 2, 1, 2], [1, 2, 1, 3], [1, 3, 1, 4]]}
