XXXXXXXXXXXXXXXX
X0---XXXX-XX--1X
XXX---XXX-XX-XXX
XXX----------XXX
X--------XX----X
X-------XXXXX--X
XX------XXXXX--X
XX--X-XX-----X-X
X--X-XXXXXX--X-X
XX---XXXXXX--X-X
X-XXX-XXXXX----X
XX---XXXXX-XXXXX
XXXX-XXXX--XXXXX
XXXX--XX-X--XXXX
X2----XX------3X
XXXXXXXXXXXXXXXX
META {"type": "solver", "id": "pysat-rc2", "objective": 0}
META {"type": "geom", "shape": "path", "group": "path", "data": [[1, 1, 1, 2], [1, 2, 1, 3], [1, 3, 1, 4], [1, 4, 2, 4], [2, 4, 3, 4], [3, 4, 4, 4], [4, 4, 5, 4], [5, 4, 6, 4], [6, 4, 6, 5], [6, 5, 6, 6], [6, 6, 5, 6], [5, 6, 5, 5], [5, 5, 4, 5], [4, 5, 3, 5], [3, 5, 3, 6], [3, 6, 3, 7], [3, 7, 3, 8], [3, 8, 3, 9], [3, 9, 3, 10], [3, 10, 3, 11], [3, 11, 4, 11], [4, 11, 4, 12], [4, 12, 3, 12], [3, 12, 2, 12], [2, 12, 1, 12], [1, 12, 1, 13], [1, 13, 1, 14]]}
META {"type": "geom", "shape": "tile", "group": "path", "data": [[1, 1], [1, 2], [1, 3], [1, 4], [2, 4], [3, 4], [4, 4], [5, 4], [6, 4], [6, 5], [6, 6], [5, 6], [5, 5], [4, 5], [3, 5], [3, 6], [3, 7], [3, 8], [3, 9], [3, 10], [3, 11], [4, 11], [4, 12], [3, 12], [2, 12], [1, 12], [1, 13], [1, 14]]}
META {"type": "geom", "shape": "line", "group": "offpath", "data": [[9, 2, 9, 3], [9, 3, 9, 2], [7, 2, 7, 3], [7, 3, 7, 2], [5, 14, 5, 13], [5, 13, 4, 13], [5, 2, 5, 3], [5, 3, 6, 3], [5, 7, 4, 7], [4, 14, 5, 14], [4, 13, 4, 14], [4, 3, 3, 3], [4, 7, 5, 7], [3, 3, 4, 3], [6, 2, 5, 2], [6, 3, 6, 2]]}
