XXXXXXXXXXXXXXXX
X0--X--XX----XXX
XXXX--X--XXXX-1X
XXXX--X-X----XXX
X-----X--XX--XXX
X---X----XX--XXX
XX--X----XX-X--X
X---X---X----X-X
X--------XX--X-X
X-XXXXX-XXXX-X-X
XX------XXXX---X
X---X--XXXXX-XXX
XXX-X--XXXX-XXXX
XXX-X-------XXXX
X2------------3X
XXXXXXXXXXXXXXXX
META {"type": "solver", "id": "clingo-be", "objective": 0}
META {"type": "geom", "shape": "path", "group": "path", "data": [[14, 1, 14, 2], [14, 2, 14, 3], [14, 3, 14, 4], [14, 4, 14, 5], [14, 5, 14, 6], [14, 6, 14, 7], [14, 7, 14, 8], [14, 8, 14, 9], [14, 9, 14, 10], [14, 10, 14, 11], [14, 11, 14, 12], [14, 12, 14, 13], [14, 13, 14, 14]]}
META {"type": "geom", "shape": "tile", "group": "path", "data": [[14, 1], [14, 2], [14, 3], [14, 4], [14, 5], [14, 6], [14, 7], [14, 8], [14, 9], [14, 10], [14, 11], [14, 12], [14, 13], [14, 14]]}
META {"type": "geom", "shape": "line", "group": "offpath", "data": [[7, 7, 6, 7], [7, 2, 6, 2], [7, 6, 8, 6], [13, 10, 13, 9], [13, 9, 13, 10], [8, 7, 7, 7], [8, 14, 9, 14], [8, 6, 8, 7], [1, 5, 2, 5], [4, 5, 4, 4], [4, 4, 4, 5], [9, 14, 8, 14], [5, 8, 6, 8], [5, 7, 5, 6], [5, 5, 6, 5], [5, 6, 5, 7], [5, 3, 6, 3], [3, 7, 2, 7], [3, 4, 2, 4], [10, 6, 11, 6], [2, 7, 3, 7], [2, 5, 1, 5], [2, 4, 3, 4], [6, 8, 5, 8], [6, 7, 6, 6], [6, 14, 6, 13], [6, 5, 5, 5], [6, 2, 7, 2], [6, 6, 7, 6], [6, 13, 6, 14], [6, 3, 5, 3], [11, 6, 10, 6]]}
