XXXXXXXXXXXXXXXX
XXXXXXXXXXXXXXXX
XX}XXXXXXX---XXX
XX-XXXXXXX---XXX
XX-XXXXXX-----XX
XX--------XX--XX
XX---XXX---X--XX
XXX--XXX##---XXX
XXX--XXX----XXXX
XXX-----#-X--XXX
XX-##-X---XX-XXX
XX----XX---X-XXX
XXX----X-#----XX
XXX---------#-XX
XXX--XX-------XX
XXX---X--X-X--XX
XX-XX-XXXXXX--XX
XX-XX--XXXXX--XX
XX--X--XXXX-XXXX
XX-----XXX--XXXX
XXXXXX------XXXX
XXXXXX--------XX
XXX-----X--#--XX
XXX---XXXX---XXX
XX----XXXX--XXXX
XX##--XXX---XXXX
XX---XXXX##--XXX
XX--XXXXX----XXX
XX---XXXX--X-XXX
XX-{-XXXXXXXXXXX
XXXXXXXXXXXXXXXX
XXXXXXXXXXXXXXXX
META {"type": "solver", "id": "pysat-rc2", "objective": 0}
META {"type": "geom", "shape": "path", "group": "path", "data": [[29, 3, 29, 2], [29, 2, 29, 4], [29, 4, 28, 4], [28, 4, 28, 2], [28, 2, 26, 2], [26, 2, 26, 4], [26, 4, 22, 4], [22, 4, 22, 3], [22, 3, 22, 7], [22, 7, 20, 7], [20, 7, 20, 11], [20, 11, 21, 11], [21, 11, 21, 13], [21, 13, 22, 13], [22, 13, 22, 12], [22, 12, 21, 12], [21, 12, 21, 6], [21, 6, 17, 6], [17, 6, 17, 5], [17, 5, 19, 5], [19, 5, 15, 5], [15, 5, 15, 3], [15, 3, 11, 3], [11, 3, 11, 5], [11, 5, 9, 5], [9, 5, 9, 7], [9, 7, 9, 3], [9, 3, 5, 3], [5, 3, 5, 9], [5, 9, 4, 9], [4, 9, 4, 13], [4, 13, 6, 13], [6, 13, 6, 12], [6, 12, 7, 12], [7, 12, 7, 10], [7, 10, 8, 10], [8, 10, 6, 10], [6, 10, 6, 8], [6, 8, 5, 8], [5, 8, 5, 2], [5, 2, 6, 2], [6, 2, 2, 2]]}
META {"type": "geom", "shape": "tile", "group": "path", "data": [[29, 3], [29, 2], [29, 3], [29, 4], [28, 4], [28, 3], [28, 2], [27, 2], [26, 2], [26, 3], [26, 4], [25, 4], [24, 4], [23, 4], [22, 4], [22, 3], [22, 4], [22, 5], [22, 6], [22, 7], [21, 7], [20, 7], [20, 8], [20, 9], [20, 10], [20, 11], [21, 11], [21, 12], [21, 13], [22, 13], [22, 12], [21, 12], [21, 11], [21, 10], [21, 9], [21, 8], [21, 7], [21, 6], [20, 6], [19, 6], [18, 6], [17, 6], [17, 5], [18, 5], [19, 5], [18, 5], [17, 5], [16, 5], [15, 5], [15, 4], [15, 3], [14, 3], [13, 3], [12, 3], [11, 3], [11, 4], [11, 5], [10, 5], [9, 5], [9, 6], [9, 7], [9, 6], [9, 5], [9, 4], [9, 3], [8, 3], [7, 3], [6, 3], [5, 3], [5, 4], [5, 5], [5, 6], [5, 7], [5, 8], [5, 9], [4, 9], [4, 10], [4, 11], [4, 12], [4, 13], [5, 13], [6, 13], [6, 12], [7, 12], [7, 11], [7, 10], [8, 10], [7, 10], [6, 10], [6, 9], [6, 8], [5, 8], [5, 7], [5, 6], [5, 5], [5, 4], [5, 3], [5, 2], [6, 2], [5, 2], [4, 2], [3, 2], [2, 2]]}
META {"type": "geom", "shape": "line", "group": "offpath", "data": [[19, 3, 18, 3], [19, 2, 19, 6], [19, 6, 19, 2], [19, 10, 25, 10], [13, 7, 13, 11], [13, 9, 14, 9], [13, 11, 12, 11], [4, 10, 2, 10], [28, 12, 26, 12], [28, 9, 28, 10], [28, 10, 28, 9], [12, 11, 12, 10], [12, 10, 11, 10], [2, 10, 4, 10], [27, 12, 28, 12], [27, 11, 27, 12], [18, 3, 19, 3], [18, 5, 18, 6], [18, 6, 18, 5], [11, 4, 15, 4], [11, 10, 11, 8], [11, 8, 15, 8], [26, 12, 26, 11], [26, 11, 27, 11], [7, 3, 7, 4], [7, 4, 7, 3], [7, 11, 9, 11], [25, 11, 23, 11], [25, 10, 25, 11], [22, 9, 22, 10], [22, 10, 22, 9], [23, 12, 23, 10], [23, 11, 23, 12], [23, 10, 19, 10], [10, 7, 10, 9], [10, 9, 10, 7], [9, 11, 7, 11], [3, 12, 3, 10], [3, 10, 3, 12], [15, 12, 15, 13], [15, 13, 15, 12], [15, 7, 13, 7], [15, 4, 11, 4], [15, 8, 15, 7], [14, 3, 14, 4], [14, 4, 14, 3], [14, 9, 13, 9], [17, 12, 17, 13], [17, 13, 17, 12]]}
