XXXXXXXXXXXXXXXX
XXXXXXXXXXXXXXXX
XX-----XXX}XXXXX
XX---X-----XXXXX
XX-XXX-----XXXXX
XX-XXX##-##--XXX
XX-----------XXX
XXX----XX-----XX
XXX##-XXX-----XX
XXX--XXXXX-X--XX
XXXXXXXXXX-XXXXX
XXXXXXXXXX-XXXXX
XXXXXXXXXX--XXXX
XXXX--------XXXX
XXX---X--XX--XXX
XXXXXXXX--X--XXX
XXXXXXXXX-----XX
XXXX---XX--#--XX
XXX-----X-----XX
XXX---X---X-#-XX
XX--X-XXXXX---XX
XX-XX-XXXXX--XXX
XX--X-XXX---XXXX
XX-----------XXX
XX---#-----#-XXX
XXX-----XX---XXX
XXX---#--X--XXXX
XXX-------XXXXXX
XXX--{-X--XXXXXX
XXXXXXXXXXXXXXXX
XXXXXXXXXXXXXXXX
XXXXXXXXXXXXXXXX
META {"type": "solver", "id": "pysat-rc2", "objective": 0}
META {"type": "geom", "shape": "path", "group": "path", "data": [[28, 5, 28, 3], [28, 3, 22, 3], [22, 3, 22, 2], [22, 2, 24, 2], [24, 2, 20, 2], [20, 2, 20, 3], [20, 3, 18, 3], [18, 3, 18, 7], [18, 7, 19, 7], [19, 7, 19, 9], [19, 9, 15, 9], [15, 9, 15, 8], [15, 8, 13, 8], [13, 8, 13, 4], [13, 4, 14, 4], [14, 4, 14, 3], [14, 3, 14, 5], [14, 5, 13, 5], [13, 5, 13, 11], [13, 11, 12, 11], [12, 11, 12, 10], [12, 10, 6, 10], [6, 10, 6, 12], [6, 12, 6, 2], [6, 2, 2, 2], [2, 2, 2, 6], [2, 6, 4, 6], [4, 6, 4, 10], [4, 10, 2, 10]]}
META {"type": "geom", "shape": "tile", "group": "path", "data": [[28, 5], [28, 4], [28, 3], [27, 3], [26, 3], [25, 3], [24, 3], [23, 3], [22, 3], [22, 2], [23, 2], [24, 2], [23, 2], [22, 2], [21, 2], [20, 2], [20, 3], [19, 3], [18, 3], [18, 4], [18, 5], [18, 6], [18, 7], [19, 7], [19, 8], [19, 9], [18, 9], [17, 9], [16, 9], [15, 9], [15, 8], [14, 8], [13, 8], [13, 7], [13, 6], [13, 5], [13, 4], [14, 4], [14, 3], [14, 4], [14, 5], [13, 5], [13, 6], [13, 7], [13, 8], [13, 9], [13, 10], [13, 11], [12, 11], [12, 10], [11, 10], [10, 10], [9, 10], [8, 10], [7, 10], [6, 10], [6, 11], [6, 12], [6, 11], [6, 10], [6, 9], [6, 8], [6, 7], [6, 6], [6, 5], [6, 4], [6, 3], [6, 2], [5, 2], [4, 2], [3, 2], [2, 2], [2, 3], [2, 4], [2, 5], [2, 6], [3, 6], [4, 6], [4, 7], [4, 8], [4, 9], [4, 10], [3, 10], [2, 10]]}
META {"type": "geom", "shape": "line", "group": "offpath", "data": [[2, 4, 3, 4], [19, 5, 17, 5], [19, 4, 19, 5], [6, 5, 8, 5], [6, 6, 7, 6], [7, 13, 7, 9], [7, 6, 6, 6], [7, 9, 8, 9], [14, 7, 13, 7], [14, 12, 18, 12], [17, 5, 17, 4], [17, 4, 19, 4], [4, 7, 3, 7], [4, 9, 3, 9], [23, 2, 23, 12], [23, 6, 23, 2], [23, 8, 24, 8], [23, 12, 25, 12], [20, 13, 20, 11], [20, 11, 18, 11], [28, 8, 26, 8], [28, 9, 28, 8], [24, 10, 24, 6], [24, 6, 25, 6], [24, 8, 23, 8], [24, 9, 24, 10], [27, 3, 27, 9], [27, 7, 27, 3], [27, 9, 28, 9], [26, 5, 26, 3], [26, 3, 26, 5], [26, 7, 27, 7], [26, 10, 22, 10], [26, 11, 25, 11], [26, 8, 26, 7], [22, 10, 22, 9], [22, 9, 24, 9], [5, 11, 5, 12], [5, 12, 5, 11], [18, 13, 20, 13], [18, 11, 18, 9], [18, 9, 18, 13], [18, 12, 14, 12], [3, 7, 4, 7], [3, 10, 3, 6], [3, 6, 3, 10], [3, 9, 4, 9], [3, 4, 2, 4], [8, 5, 6, 5], [8, 13, 9, 13], [8, 9, 8, 13], [13, 7, 14, 7], [25, 3, 25, 7], [25, 7, 25, 3], [25, 10, 26, 10], [25, 11, 26, 11], [25, 6, 23, 6], [25, 12, 25, 10], [9, 13, 7, 13], [16, 13, 16, 9], [16, 9, 16, 13]]}
