XXXXXXXXXXXXXXXX
X---}XXX-X-X---X
X--XXXXXX-----XX
X--XXXXXX---XX-X
X---------XXXXXX
X-XX------XXXXXX
X-XX-----X--XX-X
X-------------XX
XX---X----XX---X
X----X---XXXXXXX
X----X---XXXXXXX
X-XXX----XXX{--X
XX----XXXXXXXX-X
XX--X-XXXXXXXX-X
X--------------X
XXXXXXXXXXXXXXXX
META {"type": "solver", "id": "pysat-rc2", "objective": 0}
META {"type": "geom", "shape": "path", "group": "path", "data": [[11, 12, 11, 13], [11, 13, 11, 14], [11, 14, 12, 14], [12, 14, 13, 14], [13, 14, 14, 14], [14, 14, 14, 13], [14, 13, 14, 12], [14, 12, 14, 11], [14, 11, 14, 10], [14, 10, 14, 9], [14, 9, 14, 8], [14, 8, 14, 7], [14, 7, 14, 6], [14, 6, 14, 5], [14, 5, 13, 5], [13, 5, 12, 5], [12, 5, 11, 5], [11, 5, 11, 6], [11, 6, 10, 6], [10, 6, 9, 6], [9, 6, 8, 6], [8, 6, 7, 6], [7, 6, 6, 6], [6, 6, 5, 6], [5, 6, 4, 6], [4, 6, 4, 5], [4, 5, 4, 4], [4, 4, 4, 3], [4, 3, 4, 2], [4, 2, 3, 2], [3, 2, 2, 2], [2, 2, 1, 2], [1, 2, 1, 3], [1, 3, 1, 4]]}
