XXXXXXXXXXXXXXXX
X0----X-------1X
XXX-----XX---XXX
XXX----XXXX--XXX
X------XXXX--XXX
X---X-X-XX--XXXX
XX--X--X--XXXXXX
X---X-X---XXXXXX
XX----X-----XXXX
X-XXX-X--------X
XX-------------X
X-X-X-X-XXX----X
XXXXXXXXXXX--XXX
XXXXXXXXXXX--XXX
X2------XX-XX-3X
XXXXXXXXXXXXXXXX
META {"type": "solver", "id": "pysat-rc2", "objective": 0}
META {"type": "geom", "shape": "path", "group": "path", "data": [[1, 1, 1, 2], [1, 2, 1, 3], [1, 3, 1, 4], [1, 4, 2, 4], [2, 4, 2, 3], [2, 3, 3, 3], [3, 3, 4, 3], [4, 3, 4, 2], [4, 2, 4, 1], [4, 1, 5, 1], [5, 1, 5, 2], [5, 2, 5, 3], [5, 3, 6, 3], [6, 3, 6, 2], [6, 2, 7, 2], [7, 2, 7, 3], [7, 3, 8, 3], [8, 3, 8, 4], [8, 4, 8, 5], [8, 5, 7, 5], [7, 5, 6, 5], [6, 5, 5, 5], [5, 5, 4, 5], [4, 5, 4, 6], [4, 6, 3, 6], [3, 6, 2, 6], [2, 6, 2, 7], [2, 7, 1, 7], [1, 7, 1, 8], [1, 8, 1, 9], [1, 9, 1, 10], [1, 10, 1, 11], [1, 11, 1, 12], [1, 12, 1, 13], [1, 13, 1, 14]]}
META {"type": "geom", "shape": "tile", "group": "path", "data": [[1, 1], [1, 2], [1, 3], [1, 4], [2, 4], [2, 3], [3, 3], [4, 3], [4, 2], [4, 1], [5, 1], [5, 2], [5, 3], [6, 3], [6, 2], [7, 2], [7, 3], [8, 3], [8, 4], [8, 5], [7, 5], [6, 5], [5, 5], [4, 5], [4, 6], [3, 6], [2, 6], [2, 7], [1, 7], [1, 8], [1, 9], [1, 10], [1, 11], [1, 12], [1, 13], [1, 14]]}
META {"type": "geom", "shape": "line", "group": "offpath", "data": [[4, 11, 5, 11], [4, 12, 3, 12], [4, 4, 3, 4], [2, 5, 3, 5], [13, 12, 12, 12], [10, 11, 9, 11], [10, 8, 9, 8], [10, 12, 11, 12], [10, 14, 9, 14], [10, 5, 10, 4], [10, 4, 10, 5], [10, 7, 11, 7], [10, 3, 10, 2], [10, 13, 9, 13], [10, 2, 10, 3], [3, 12, 4, 12], [3, 5, 2, 5], [3, 4, 4, 4], [9, 10, 9, 9], [9, 9, 9, 10], [9, 11, 10, 11], [9, 8, 10, 8], [9, 12, 10, 12], [9, 14, 10, 14], [9, 7, 8, 7], [9, 13, 9, 12], [8, 7, 9, 7], [5, 11, 4, 11], [12, 12, 13, 12], [11, 12, 11, 13], [11, 7, 10, 7], [11, 13, 10, 13]]}
