XXXXXXXXXXXXXXXX
X0------------1X
XXX-XXXX-X--XXXX
XXX-XXXX-X--XXXX
X--X-----X-----X
XXX--XX----XXX-X
XXX--XX-XX-----X
XXXX-XX-XX----XX
XXXX-------XXX-X
X-------X-XXXX-X
XX-XXXX---XXXXXX
XXX----XXX-XXXXX
XXX---------XXXX
XXX----XX--X-XXX
X2-----XX-----3X
XXXXXXXXXXXXXXXX
META {"type": "solver", "id": "pysat-rc2", "objective": 0}
META {"type": "geom", "shape": "path", "group": "path", "data": [[1, 1, 1, 2], [1, 2, 1, 3], [1, 3, 1, 4], [1, 4, 1, 5], [1, 5, 1, 6], [1, 6, 1, 7], [1, 7, 1, 8], [1, 8, 1, 9], [1, 9, 1, 10], [1, 10, 1, 11], [1, 11, 1, 12], [1, 12, 1, 13], [1, 13, 1, 14]]}
META {"type": "geom", "shape": "path", "group": "path", "data": [[14, 1, 14, 2], [14, 2, 14, 3], [14, 3, 13, 3], [13, 3, 12, 3], [12, 3, 12, 4], [12, 4, 12, 5], [12, 5, 12, 6], [12, 6, 12, 7], [12, 7, 12, 8], [12, 8, 12, 9], [12, 9, 12, 10], [12, 10, 13, 10], [13, 10, 14, 10], [14, 10, 14, 11], [14, 11, 14, 12], [14, 12, 14, 13], [14, 13, 14, 14]]}
META {"type": "geom", "shape": "tile", "group": "reachable", "data": [[1, 1], [1, 2], [1, 3], [2, 3], [1, 4], [1, 5], [3, 3], [1, 6], [1, 7], [1, 8], [2, 8], [1, 9], [1, 10], [3, 8], [2, 10], [1, 11], [4, 8], [2, 11], [1, 12], [3, 10], [5, 8], [4, 7], [1, 13], [3, 11], [4, 10], [5, 7], [4, 6], [5, 9], [4, 11], [5, 10], [4, 5], [6, 7], [4, 12], [6, 10], [4, 4], [7, 7], [4, 13], [7, 10], [6, 11], [5, 4], [8, 7], [4, 14], [7, 11], [6, 12], [8, 10], [6, 4], [5, 3], [9, 7], [8, 6], [8, 8], [5, 14], [7, 12], [6, 13], [8, 9], [6, 3], [7, 4], [9, 6], [8, 5], [10, 7], [6, 14], [7, 13], [9, 9], [8, 4], [9, 5], [10, 8], [10, 9], [9, 4], [9, 3], [9, 2], [10, 2], [9, 1]]}
