XXXXXXXXXXXXXXXX
X0---X-X-XX-XXXX
XXX------XX---1X
XXX-XXX------XXX
XXXXXXXXXXXXXXXX
XXXXXXXXXXXXXXXX
XX--XXX-------XX
XXX-XXXX-------X
XXX-XXXX-XXX---X
X--X-XX-X---XX-X
X-------X---XX-X
X-------X-X-XX-X
XXX--------XXXXX
XXX--------XXXXX
X2--XX-XX-----3X
XXXXXXXXXXXXXXXX
META {"type": "solver", "id": "pysat-rc2", "objective": 0}
META {"type": "geom", "shape": "path", "group": "path", "data": [[1, 1, 1, 2], [1, 2, 1, 3], [1, 3, 1, 4], [1, 4, 2, 4], [2, 4, 2, 5], [2, 5, 2, 6], [2, 6, 2, 7], [2, 7, 2, 8], [2, 8, 3, 8], [3, 8, 3, 9], [3, 9, 3, 10], [3, 10, 3, 11], [3, 11, 2, 11], [2, 11, 2, 12], [2, 12, 2, 13], [2, 13, 2, 14]]}
META {"type": "geom", "shape": "path", "group": "path", "data": [[14, 1, 14, 2], [14, 2, 14, 3], [14, 3, 13, 3], [13, 3, 13, 4], [13, 4, 13, 5], [13, 5, 13, 6], [13, 6, 13, 7], [13, 7, 13, 8], [13, 8, 13, 9], [13, 9, 13, 10], [13, 10, 14, 10], [14, 10, 14, 11], [14, 11, 14, 12], [14, 12, 14, 13], [14, 13, 14, 14]]}
META {"type": "geom", "shape": "tile", "group": "reachable", "data": [[1, 1], [1, 2], [1, 3], [2, 3], [1, 4], [2, 4], [3, 3], [2, 5], [2, 6], [1, 6], [2, 7], [3, 7], [2, 8], [1, 8], [3, 8], [3, 9], [3, 10], [3, 11], [2, 11], [3, 12], [1, 11], [2, 12], [2, 13]]}
