XXXXXXXXXXXXXXXX
XXXXXXXXXXXXXXXX
XX--XXX--XXX}XXX
XX--XXX--XXX--XX
XX------------XX
XX-----####-XXXX
XXXXX-------XXXX
XXXXX##-----XXXX
XXXXX--XX-----XX
XXXX----X---XXXX
XX---#-------XXX
XX-----#-XX--XXX
XX-------XX---XX
XX-XX-#---X---XX
XX--X-------XXXX
XXX----#---XXXXX
XXXX-----#-XXXXX
XXXX##-----XXXXX
XXXX---X--#--XXX
XXX---XX-----XXX
XX--X--X---#--XX
XX-XXX--X-----XX
XX-XXX--XXX-#-XX
XX------XXX---XX
XX---X--XXX---XX
XXX--XXX-----XXX
XXX--XXX##--XXXX
XXX---------XXXX
XX----------XXXX
XX-X--X---{-XXXX
XXXXXXXXXXXXXXXX
XXXXXXXXXXXXXXXX
META {"type": "solver", "id": "pysat-rc2", "objective": 0}
META {"type": "geom", "shape": "path", "group": "path", "data": [[29, 10, 25, 10], [25, 10, 25, 12], [25, 12, 23, 12], [23, 12, 23, 11], [23, 11, 29, 11], [29, 11, 29, 7], [29, 7, 27, 7], [27, 7, 27, 3], [27, 3, 23, 3], [23, 3, 23, 7], [23, 7, 24, 7], [24, 7, 24, 6], [24, 6, 20, 6], [20, 6, 20, 5], [20, 5, 18, 5], [18, 5, 18, 6], [18, 6, 14, 6], [14, 6, 14, 5], [14, 5, 14, 11], [14, 11, 4, 11], [4, 11, 4, 13], [4, 13, 3, 13], [3, 13, 3, 12], [3, 12, 2, 12]]}
META {"type": "geom", "shape": "tile", "group": "path", "data": [[29, 10], [28, 10], [27, 10], [26, 10], [25, 10], [25, 11], [25, 12], [24, 12], [23, 12], [23, 11], [24, 11], [25, 11], [26, 11], [27, 11], [28, 11], [29, 11], [29, 10], [29, 9], [29, 8], [29, 7], [28, 7], [27, 7], [27, 6], [27, 5], [27, 4], [27, 3], [26, 3], [25, 3], [24, 3], [23, 3], [23, 4], [23, 5], [23, 6], [23, 7], [24, 7], [24, 6], [23, 6], [22, 6], [21, 6], [20, 6], [20, 5], [19, 5], [18, 5], [18, 6], [17, 6], [16, 6], [15, 6], [14, 6], [14, 5], [14, 6], [14, 7], [14, 8], [14, 9], [14, 10], [14, 11], [13, 11], [12, 11], [11, 11], [10, 11], [9, 11], [8, 11], [7, 11], [6, 11], [5, 11], [4, 11], [4, 12], [4, 13], [3, 13], [3, 12], [2, 12]]}
META {"type": "geom", "shape": "line", "group": "offpath", "data": [[14, 2, 10, 2], [4, 8, 2, 8], [4, 4, 5, 4], [4, 7, 2, 7], [10, 8, 10, 6], [10, 3, 12, 3], [10, 9, 6, 9], [10, 4, 12, 4], [10, 2, 10, 4], [10, 7, 9, 7], [10, 10, 6, 10], [10, 6, 8, 6], [29, 4, 29, 5], [29, 2, 28, 2], [29, 5, 29, 4], [5, 4, 4, 4], [5, 2, 5, 6], [5, 6, 5, 2], [20, 13, 20, 12], [20, 3, 20, 2], [20, 12, 20, 13], [20, 2, 20, 3], [26, 3, 26, 4], [26, 11, 26, 10], [26, 4, 26, 3], [26, 10, 26, 11], [13, 13, 12, 13], [18, 4, 19, 4], [12, 8, 10, 8], [12, 13, 13, 13], [12, 3, 10, 3], [12, 4, 12, 8], [12, 2, 14, 2], [12, 6, 12, 2], [6, 8, 7, 8], [6, 9, 10, 9], [6, 11, 6, 5], [6, 7, 7, 7], [6, 10, 10, 10], [6, 5, 6, 11], [25, 3, 25, 4], [25, 4, 25, 3], [24, 4, 24, 2], [24, 2, 24, 4], [16, 4, 15, 4], [7, 8, 6, 8], [7, 7, 6, 7], [8, 13, 8, 9], [8, 9, 8, 13], [8, 6, 12, 6], [8, 5, 9, 5], [21, 7, 21, 6], [21, 10, 19, 10], [21, 6, 21, 7], [3, 3, 3, 2], [3, 2, 3, 3], [11, 12, 11, 11], [11, 11, 11, 12], [11, 2, 11, 6], [11, 6, 11, 2], [19, 8, 19, 12], [19, 12, 19, 8], [19, 4, 18, 4], [19, 10, 21, 10], [15, 8, 15, 10], [15, 4, 16, 4], [15, 10, 15, 8], [2, 8, 4, 8], [2, 7, 4, 7], [9, 7, 10, 7], [9, 5, 8, 5], [28, 2, 29, 2]]}
