XXXXXXXXXXXXXXXX
XXXXXXXXXXXXXXXX
XXXXXXXX-----XXX
XXXXXX--XX----XX
XX}XXX---X-##-XX
XX-----X------XX
XX----XX------XX
XX-----XX-----XX
XX-----XX-#---XX
XX##-#--X----XXX
XX-------#-XXXXX
XX-#---X---XXXXX
XX-----XX--XXXXX
XX--#---X-----XX
XX-------XX-XXXX
XX-#-XXX--X-XXXX
XX---XXX-----XXX
XX-------#-#-XXX
XXX----------XXX
XXX-XXX-------XX
XXX-XXX----#--XX
XX--XXX-------XX
XXX-----------XX
XXX---#-#-#---XX
XXX##-------XXXX
XXX--#-----XXXXX
XXX--------XXXXX
XXX-#-X-----XXXX
XXX---XXX---XXXX
XX-{-XXXX--XXXXX
XXXXXXXXXXXXXXXX
XXXXXXXXXXXXXXXX
META {"type": "solver", "id": "pysat-rc2", "objective": 0}
META {"type": "geom", "shape": "path", "group": "path", "data": [[29, 3, 29, 4], [29, 4, 28, 4], [28, 4, 28, 3], [28, 3, 28, 5], [28, 5, 26, 5], [26, 5, 26, 3], [26, 3, 25, 3], [25, 3, 25, 4], [25, 4, 26, 4], [26, 4, 26, 10], [26, 10, 24, 10], [24, 10, 24, 11], [24, 11, 24, 5], [24, 5, 22, 5], [22, 5, 22, 3], [22, 3, 22, 13], [22, 13, 23, 13], [23, 13, 23, 11], [23, 11, 21, 11], [21, 11, 21, 13], [21, 13, 21, 7], [21, 7, 27, 7], [27, 7, 27, 11], [27, 11, 28, 11], [28, 11, 28, 9], [28, 9, 18, 9], [18, 9, 18, 3], [18, 3, 16, 3], [16, 3, 16, 4], [16, 4, 14, 4], [14, 4, 14, 2], [14, 2, 10, 2], [10, 2, 10, 8], [10, 8, 11, 8], [11, 8, 11, 10], [11, 10, 13, 10], [13, 10, 9, 10], [9, 10, 9, 12], [9, 12, 5, 12], [5, 12, 5, 8], [5, 8, 4, 8], [4, 8, 4, 6], [4, 6, 5, 6], [5, 6, 5, 2], [5, 2, 4, 2]]}
META {"type": "geom", "shape": "tile", "group": "path", "data": [[29, 3], [29, 4], [28, 4], [28, 3], [28, 4], [28, 5], [27, 5], [26, 5], [26, 4], [26, 3], [25, 3], [25, 4], [26, 4], [26, 5], [26, 6], [26, 7], [26, 8], [26, 9], [26, 10], [25, 10], [24, 10], [24, 11], [24, 10], [24, 9], [24, 8], [24, 7], [24, 6], [24, 5], [23, 5], [22, 5], [22, 4], [22, 3], [22, 4], [22, 5], [22, 6], [22, 7], [22, 8], [22, 9], [22, 10], [22, 11], [22, 12], [22, 13], [23, 13], [23, 12], [23, 11], [22, 11], [21, 11], [21, 12], [21, 13], [21, 12], [21, 11], [21, 10], [21, 9], [21, 8], [21, 7], [22, 7], [23, 7], [24, 7], [25, 7], [26, 7], [27, 7], [27, 8], [27, 9], [27, 10], [27, 11], [28, 11], [28, 10], [28, 9], [27, 9], [26, 9], [25, 9], [24, 9], [23, 9], [22, 9], [21, 9], [20, 9], [19, 9], [18, 9], [18, 8], [18, 7], [18, 6], [18, 5], [18, 4], [18, 3], [17, 3], [16, 3], [16, 4], [15, 4], [14, 4], [14, 3], [14, 2], [13, 2], [12, 2], [11, 2], [10, 2], [10, 3], [10, 4], [10, 5], [10, 6], [10, 7], [10, 8], [11, 8], [11, 9], [11, 10], [12, 10], [13, 10], [12, 10], [11, 10], [10, 10], [9, 10], [9, 11], [9, 12], [8, 12], [7, 12], [6, 12], [5, 12], [5, 11], [5, 10], [5, 9], [5, 8], [4, 8], [4, 7], [4, 6], [5, 6], [5, 5], [5, 4], [5, 3], [5, 2], [4, 2]]}
META {"type": "geom", "shape": "line", "group": "offpath", "data": [[4, 7, 3, 7], [23, 3, 23, 5], [23, 5, 23, 3], [23, 4, 22, 4], [11, 9, 13, 9], [11, 6, 11, 4], [11, 4, 11, 6], [9, 11, 5, 11], [9, 7, 10, 7], [15, 9, 15, 8], [15, 8, 15, 9], [19, 11, 18, 11], [2, 12, 3, 12], [2, 10, 2, 12], [26, 6, 24, 6], [25, 6, 25, 10], [25, 10, 25, 6], [3, 12, 3, 10], [3, 7, 4, 7], [3, 10, 2, 10], [5, 11, 9, 11], [13, 9, 11, 9], [13, 2, 13, 3], [13, 3, 13, 2], [13, 5, 13, 7], [13, 7, 13, 5], [22, 4, 23, 4], [18, 11, 19, 11], [18, 5, 17, 5], [17, 5, 18, 5], [10, 5, 14, 5], [10, 7, 9, 7], [12, 9, 12, 10], [12, 10, 12, 9], [20, 12, 20, 13], [20, 13, 20, 12], [14, 5, 10, 5], [7, 9, 7, 13], [7, 13, 7, 9], [24, 6, 26, 6], [8, 6, 8, 2], [8, 2, 8, 6]]}
