XXXXXXXXXXXXXXXX
XXXXXXXXXXXXXXXX
XXXXX-----XXXXXX
XXXX---X--XXX}XX
XXXX-XXXX-----XX
XX----XXX-----XX
XX--#-XXX-----XX
XX----XXX##---XX
XX##--------XXXX
XX---#-----XXXXX
XX-----X--XXXXXX
XX----XXX-XXXXXX
XX##--XXX-XXXXXX
XX---XXXXX--XXXX
XX-XXXXXXX--XXXX
XX--XXXXXX----XX
XX--XXXXXXXXX-XX
XX---XXXXXXXX-XX
XX-#-XXXXXX---XX
XX----XXXXXX--XX
XX----XXXX-XX-XX
XX--XXXXX---X-XX
XX---XXXX##---XX
XX---XXXX---XXXX
XXX--XXX-#---XXX
XXXX-XXX---#-XXX
XXXX----{----XXX
XXXX--XXXXX--XXX
XX----XXXXX---XX
XX-XXXXXX-----XX
XXXXXXXXXXXXXXXX
XXXXXXXXXXXXXXXX
META {"type": "solver", "id": "pysat-rc2", "objective": 0}
META {"type": "geom", "shape": "path", "group": "path", "data": [[26, 8, 26, 4], [26, 4, 28, 4], [28, 4, 22, 4], [22, 4, 22, 2], [22, 2, 23, 2], [23, 2, 13, 2], [13, 2, 13, 4], [13, 4, 7, 4], [7, 4, 7, 5], [7, 5, 8, 5], [8, 5, 8, 11], [8, 11, 4, 11], [4, 11, 4, 13], [4, 13, 3, 13]]}
META {"type": "geom", "shape": "tile", "group": "path", "data": [[26, 8], [26, 7], [26, 6], [26, 5], [26, 4], [27, 4], [28, 4], [27, 4], [26, 4], [25, 4], [24, 4], [23, 4], [22, 4], [22, 3], [22, 2], [23, 2], [22, 2], [21, 2], [20, 2], [19, 2], [18, 2], [17, 2], [16, 2], [15, 2], [14, 2], [13, 2], [13, 3], [13, 4], [12, 4], [11, 4], [10, 4], [9, 4], [8, 4], [7, 4], [7, 5], [8, 5], [8, 6], [8, 7], [8, 8], [8, 9], [8, 10], [8, 11], [7, 11], [6, 11], [5, 11], [4, 11], [4, 12], [4, 13], [3, 13]]}
META {"type": "geom", "shape": "line", "group": "offpath", "data": [[18, 13, 18, 11], [18, 11, 18, 13], [2, 6, 2, 5], [2, 5, 3, 5], [2, 8, 3, 8], [9, 7, 8, 7], [9, 4, 9, 2], [9, 2, 9, 4], [9, 10, 8, 10], [24, 12, 24, 10], [24, 3, 24, 4], [24, 4, 24, 3], [24, 11, 24, 12], [24, 10, 23, 10], [26, 5, 28, 5], [21, 9, 21, 11], [21, 3, 21, 2], [21, 2, 21, 3], [21, 11, 21, 9], [8, 7, 9, 7], [8, 6, 10, 6], [8, 10, 9, 10], [10, 6, 8, 6], [10, 9, 10, 8], [10, 8, 10, 9], [19, 12, 19, 13], [19, 13, 19, 12], [29, 9, 29, 13], [29, 13, 28, 13], [29, 2, 28, 2], [29, 11, 29, 9], [6, 9, 6, 13], [6, 3, 6, 2], [6, 13, 6, 9], [6, 2, 6, 3], [28, 5, 26, 5], [28, 13, 28, 11], [28, 2, 29, 2], [28, 11, 29, 11], [5, 2, 7, 2], [16, 3, 16, 2], [16, 2, 16, 3], [7, 2, 5, 2], [22, 13, 22, 11], [22, 11, 22, 13], [17, 3, 15, 3], [3, 6, 2, 6], [3, 5, 3, 4], [3, 4, 3, 6], [3, 8, 2, 8], [23, 9, 23, 11], [23, 11, 24, 11], [23, 10, 23, 9], [15, 3, 17, 3]]}
