XXXXXXXXXXXXXXXX
XXXXXXXXXXXXXXXX
XXXX--XXXXXX}XXX
XX--#-XXXX---XXX
XX----XXXXX---XX
XXXX---XXXX---XX
XXXX---XXXXX--XX
XXX--X-XXXXX--XX
XX-XXXXXXXXX--XX
XX--XXXXXXXX--XX
XX--XXXXX-----XX
XX--XXXXX-XX--XX
XX--XXXX---X--XX
XXX-XXXX----XXXX
XXXXXXX---#--XXX
XXXXXXX------XXX
XXXXXX-----XXXXX
XXXXXX##----XXXX
XXXXXX----#-XXXX
XXXXXXXXX---XXXX
XXXXXXXXX-----XX
XXX--XXX--#---XX
XX---XXX------XX
XXXX-----#--X-XX
XXXXX------XX-XX
XXXXX##-----X-XX
XXXXX---XX----XX
XXX--##-XXX---XX
XXX-----XXX---XX
XXXXX---XXX-{-XX
XXXXXXXXXXXXXXXX
XXXXXXXXXXXXXXXX
META {"type": "solver", "id": "pysat-rc2", "objective": 0}
META {"type": "geom", "shape": "path", "group": "path", "data": [[29, 12, 29, 11], [29, 11, 25, 11], [25, 11, 25, 7], [25, 7, 23, 7], [23, 7, 23, 8], [23, 8, 21, 8], [21, 8, 21, 9], [21, 9, 22, 9], [22, 9, 22, 13], [22, 13, 20, 13], [20, 13, 20, 9], [20, 9, 10, 9], [10, 9, 10, 13], [10, 13, 12, 13], [12, 13, 12, 12], [12, 12, 2, 12]]}
META {"type": "geom", "shape": "tile", "group": "path", "data": [[29, 12], [29, 11], [28, 11], [27, 11], [26, 11], [25, 11], [25, 10], [25, 9], [25, 8], [25, 7], [24, 7], [23, 7], [23, 8], [22, 8], [21, 8], [21, 9], [22, 9], [22, 10], [22, 11], [22, 12], [22, 13], [21, 13], [20, 13], [20, 12], [20, 11], [20, 10], [20, 9], [19, 9], [18, 9], [17, 9], [16, 9], [15, 9], [14, 9], [13, 9], [12, 9], [11, 9], [10, 9], [10, 10], [10, 11], [10, 12], [10, 13], [11, 13], [12, 13], [12, 12], [11, 12], [10, 12], [9, 12], [8, 12], [7, 12], [6, 12], [5, 12], [4, 12], [3, 12], [2, 12]]}
META {"type": "geom", "shape": "line", "group": "offpath", "data": [[19, 11, 19, 9], [19, 10, 20, 10], [19, 9, 19, 11], [5, 13, 4, 13], [5, 4, 4, 4], [5, 6, 5, 4], [5, 11, 5, 13], [24, 9, 25, 9], [14, 12, 14, 11], [14, 7, 16, 7], [14, 11, 14, 12], [6, 5, 6, 4], [6, 13, 6, 12], [6, 4, 6, 6], [6, 12, 6, 13], [6, 6, 7, 6], [12, 3, 13, 3], [12, 8, 12, 10], [12, 2, 12, 3], [12, 10, 13, 10], [23, 11, 23, 10], [23, 10, 23, 11], [29, 5, 29, 7], [29, 7, 29, 5], [15, 7, 14, 7], [15, 11, 15, 7], [16, 7, 16, 6], [16, 6, 16, 10], [16, 10, 17, 10], [22, 3, 21, 3], [22, 4, 22, 2], [22, 12, 20, 12], [22, 2, 22, 4], [13, 3, 9, 3], [13, 11, 15, 11], [13, 10, 13, 11], [9, 3, 9, 2], [9, 2, 8, 2], [28, 3, 28, 7], [28, 7, 28, 3], [3, 3, 4, 3], [3, 2, 3, 3], [3, 11, 5, 11], [10, 3, 10, 2], [10, 2, 10, 3], [8, 2, 12, 2], [4, 3, 4, 5], [4, 5, 2, 5], [4, 13, 4, 11], [4, 4, 4, 2], [4, 2, 3, 2], [4, 11, 3, 11], [18, 8, 12, 8], [2, 5, 6, 5], [7, 6, 5, 6], [21, 3, 22, 3], [17, 8, 18, 8], [17, 10, 17, 8], [25, 9, 24, 9], [20, 12, 22, 12], [20, 10, 19, 10], [27, 3, 27, 4], [27, 13, 27, 11], [27, 4, 27, 3], [27, 11, 27, 13]]}
