--------------------------------
--------------------------------
---XX---X-----X-----------------
--------------------------------
--------------------------------
-----XXXX----X------------------
-----------------------XX-------
--X------------------------XQX--
-------X----XX---XX-------------
-----------XXX------------------
----------XXXX------------------
---------XXXXX-----<>-----------
--------XXXXXX-----[]------Q----
-------XXXXXXX-----[]-----------
-{----XXXXXXXX-----[]---------}-
XXXXXXXXXXXXXXXXXXXXXXXXX--XXXXX
META {"type": "solver", "id": "pysat-rc2", "objective": 0}
META {"type": "geom", "shape": "path", "group": "path", "data": [[14, 1, 10, 4], [10, 4, 11, 5], [11, 5, 12, 5], [12, 5, 13, 6], [13, 6, 11, 4], [11, 4, 12, 3], [12, 3, 13, 4], [13, 4, 14, 4], [14, 4, 14, 5], [14, 5, 10, 5], [10, 5, 11, 6], [11, 6, 12, 7], [12, 7, 11, 8], [11, 8, 7, 7], [7, 7, 6, 8], [6, 8, 7, 9], [7, 9, 8, 9], [8, 9, 9, 8], [9, 8, 10, 9], [10, 9, 6, 9], [6, 9, 7, 10], [7, 10, 8, 11], [8, 11, 6, 11], [6, 11, 7, 12], [7, 12, 3, 12], [3, 12, 4, 13], [4, 13, 0, 13], [0, 13, 1, 14], [1, 14, 1, 13], [1, 13, 2, 13], [2, 13, 3, 14], [3, 14, 4, 15], [4, 15, 5, 15], [5, 15, 6, 16], [6, 16, 7, 17], [7, 17, 3, 13], [3, 13, 4, 14], [4, 14, 5, 14], [5, 14, 6, 13], [6, 13, 7, 13], [7, 13, 4, 16], [4, 16, 5, 17], [5, 17, 6, 17], [6, 17, 7, 18], [7, 18, 3, 21], [3, 21, 4, 22], [4, 22, 5, 23], [5, 23, 2, 23], [2, 23, 3, 22], [3, 22, 4, 21], [4, 21, 5, 20], [5, 20, 6, 20], [6, 20, 7, 20], [7, 20, 8, 21], [8, 21, 9, 20], [9, 20, 10, 20], [10, 20, 9, 19], [9, 19, 10, 19], [10, 19, 7, 22], [7, 22, 8, 23], [8, 23, 9, 23], [9, 23, 10, 22], [10, 22, 11, 23], [11, 23, 12, 22], [12, 22, 13, 21], [13, 21, 14, 21], [14, 21, 12, 23], [12, 23, 13, 22], [13, 22, 14, 22], [14, 22, 10, 26], [10, 26, 11, 27], [11, 27, 11, 28], [11, 28, 12, 28], [12, 28, 13, 29], [13, 29, 14, 30]]}
META {"type": "geom", "shape": "tile", "group": "path", "data": [[14, 1], [13, 1], [13, 2], [12, 2], [12, 3], [11, 3], [11, 4], [10, 4], [11, 4], [11, 5], [12, 5], [13, 5], [13, 6], [12, 6], [12, 5], [11, 5], [11, 4], [12, 4], [12, 3], [13, 3], [13, 4], [14, 4], [14, 5], [13, 5], [12, 5], [11, 5], [10, 5], [11, 5], [11, 6], [12, 6], [12, 7], [11, 7], [11, 8], [10, 8], [9, 8], [8, 8], [7, 8], [7, 7], [6, 7], [6, 8], [7, 8], [7, 9], [8, 9], [9, 9], [9, 8], [10, 8], [10, 9], [9, 9], [8, 9], [7, 9], [6, 9], [7, 9], [7, 10], [8, 10], [8, 11], [7, 11], [6, 11], [7, 11], [7, 12], [6, 12], [5, 12], [4, 12], [3, 12], [4, 12], [4, 13], [3, 13], [2, 13], [1, 13], [0, 13], [1, 13], [1, 14], [1, 13], [2, 13], [3, 13], [3, 14], [4, 14], [4, 15], [5, 15], [6, 15], [6, 16], [7, 16], [7, 17], [6, 17], [6, 16], [5, 16], [5, 15], [4, 15], [4, 14], [3, 14], [3, 13], [4, 13], [4, 14], [5, 14], [6, 14], [6, 13], [7, 13], [6, 13], [6, 14], [5, 14], [5, 15], [4, 15], [4, 16], [5, 16], [5, 17], [6, 17], [7, 17], [7, 18], [6, 18], [6, 19], [5, 19], [5, 20], [4, 20], [4, 21], [3, 21], [4, 21], [4, 22], [5, 22], [5, 23], [4, 23], [3, 23], [2, 23], [3, 23], [3, 22], [4, 22], [4, 21], [5, 21], [5, 20], [6, 20], [7, 20], [8, 20], [8, 21], [9, 21], [9, 20], [10, 20], [9, 20], [9, 19], [10, 19], [9, 19], [9, 20], [8, 20], [8, 21], [7, 21], [7, 22], [8, 22], [8, 23], [9, 23], [10, 23], [10, 22], [11, 22], [11, 23], [12, 23], [12, 22], [13, 22], [13, 21], [14, 21], [13, 21], [13, 22], [12, 22], [12, 23], [13, 23], [13, 22], [14, 22], [13, 22], [13, 23], [12, 23], [12, 24], [11, 24], [11, 25], [10, 25], [10, 26], [11, 26], [11, 27], [11, 28], [12, 28], [13, 28], [13, 29], [14, 29], [14, 30]]}
META {"type": "geom", "shape": "line", "group": "offpath", "data": [[4, 3, 5, 3], [4, 29, 5, 29], [4, 25, 5, 26], [4, 6, 0, 5], [4, 8, 3, 8], [4, 30, 5, 30], [4, 5, 0, 9], [4, 24, 5, 24], [6, 29, 2, 26], [6, 27, 3, 29], [6, 28, 3, 31], [6, 2, 3, 5], [11, 3, 12, 4], [11, 0, 12, 0], [11, 18, 12, 17], [11, 15, 12, 15], [14, 17, 10, 16], [14, 16, 14, 17], [14, 3, 10, 2], [14, 29, 14, 28], [14, 0, 13, 1], [14, 18, 10, 18], [14, 15, 13, 14], [14, 28, 13, 28], [14, 31, 13, 31], [14, 2, 10, 1], [0, 9, 1, 8], [0, 8, 1, 7], [0, 2, 1, 2], [0, 5, 1, 4], [0, 4, 1, 3], [2, 26, 3, 26], [2, 7, 3, 6], [2, 2, 3, 3], [2, 24, 3, 25], [5, 26, 6, 27], [5, 3, 6, 2], [5, 29, 6, 28], [5, 30, 6, 29], [5, 24, 1, 25], [3, 26, 4, 25], [3, 3, 4, 3], [3, 29, 4, 29], [3, 25, 4, 24], [3, 6, 4, 5], [3, 8, 4, 8], [3, 31, 4, 30], [3, 5, 4, 6], [12, 17, 13, 17], [12, 0, 13, 0], [12, 15, 13, 15], [12, 4, 13, 3], [10, 16, 11, 15], [10, 18, 11, 18], [10, 2, 11, 3], [10, 1, 11, 0], [1, 3, 0, 2], [1, 7, 2, 7], [1, 25, 2, 24], [1, 8, 0, 8], [1, 2, 2, 2], [1, 4, 0, 4], [13, 17, 14, 18], [13, 3, 14, 3], [13, 0, 14, 0], [13, 15, 14, 16], [13, 14, 14, 15], [13, 28, 14, 29], [13, 31, 14, 31], [13, 1, 14, 2]]}
