--------------------------------
--------------------------------
-------Q------------------------
--XX--------X---X---------------
--------------------------------
--------------------XXX---------
-------------------------X------
-------Q------------------------
----------XXXXXX-------------X--
----------------------X---------
--------------------------------
-------X------------------------
------XX-----<>----XX--Q--------
-----XXX-----[]---XXX-----------
-{--XXXX-----[]--XXXX---------}-
XXXXXXXXXXXXXXXXXXXXXXXXXXXXXXXX
META {"type": "solver", "id": "pysat-rc2", "objective": 0}
META {"type": "geom", "shape": "path", "group": "path", "data": [[14, 1, 10, 1], [10, 1, 11, 0], [11, 0, 12, 0], [12, 0, 13, 0], [13, 0, 14, 0], [14, 0, 10, 0], [10, 0, 11, 1], [11, 1, 12, 2], [12, 2, 13, 3], [13, 3, 14, 3], [14, 3, 10, 2], [10, 2, 11, 3], [11, 3, 12, 4], [12, 4, 13, 4], [13, 4, 10, 6], [10, 6, 11, 6], [11, 6, 7, 10], [7, 10, 3, 14], [3, 14, 4, 15], [4, 15, 5, 16], [5, 16, 6, 17], [6, 17, 7, 18], [7, 18, 8, 19], [8, 19, 9, 20], [9, 20, 10, 19], [10, 19, 11, 19], [11, 19, 7, 22], [7, 22, 8, 22], [8, 22, 5, 25], [5, 25, 1, 21], [1, 21, 2, 22], [2, 22, 3, 22], [3, 22, 4, 21], [4, 21, 0, 18], [0, 18, 1, 18], [1, 18, 2, 19], [2, 19, 3, 19], [3, 19, 4, 20], [4, 20, 1, 23], [1, 23, 2, 24], [2, 24, 3, 24], [3, 24, 4, 23], [4, 23, 5, 23], [5, 23, 6, 24], [6, 24, 7, 23], [7, 23, 8, 24], [8, 24, 9, 24], [9, 24, 10, 24], [10, 24, 11, 25], [11, 25, 12, 26], [12, 26, 13, 26], [13, 26, 14, 25], [14, 25, 11, 28], [11, 28, 12, 29], [12, 29, 13, 30], [13, 30, 14, 29], [14, 29, 14, 28], [14, 28, 11, 30], [11, 30, 12, 31], [12, 31, 13, 31], [13, 31, 14, 30]]}
META {"type": "geom", "shape": "tile", "group": "path", "data": [[14, 1], [13, 1], [12, 1], [11, 1], [10, 1], [11, 1], [11, 0], [12, 0], [13, 0], [14, 0], [13, 0], [12, 0], [11, 0], [10, 0], [11, 0], [11, 1], [12, 1], [12, 2], [13, 2], [13, 3], [14, 3], [13, 3], [12, 3], [11, 3], [10, 3], [10, 2], [11, 2], [11, 3], [12, 3], [12, 4], [13, 4], [12, 4], [12, 5], [11, 5], [11, 6], [10, 6], [11, 6], [10, 6], [10, 7], [9, 7], [9, 8], [8, 8], [8, 9], [7, 9], [7, 10], [6, 10], [6, 11], [5, 11], [5, 12], [4, 12], [4, 13], [3, 13], [3, 14], [4, 14], [4, 15], [5, 15], [5, 16], [6, 16], [6, 17], [7, 17], [7, 18], [8, 18], [8, 19], [9, 19], [9, 20], [10, 20], [10, 19], [11, 19], [10, 19], [10, 20], [9, 20], [9, 21], [8, 21], [8, 22], [7, 22], [8, 22], [7, 22], [7, 23], [6, 23], [6, 24], [5, 24], [5, 25], [4, 25], [4, 24], [3, 24], [3, 23], [2, 23], [2, 22], [1, 22], [1, 21], [2, 21], [2, 22], [3, 22], [4, 22], [4, 21], [3, 21], [3, 20], [2, 20], [2, 19], [1, 19], [1, 18], [0, 18], [1, 18], [2, 18], [2, 19], [3, 19], [4, 19], [4, 20], [3, 20], [3, 21], [2, 21], [2, 22], [1, 22], [1, 23], [2, 23], [2, 24], [3, 24], [4, 24], [4, 23], [5, 23], [6, 23], [6, 24], [7, 24], [7, 23], [8, 23], [8, 24], [9, 24], [10, 24], [11, 24], [11, 25], [12, 25], [12, 26], [13, 26], [14, 26], [14, 25], [13, 25], [13, 26], [12, 26], [12, 27], [11, 27], [11, 28], [12, 28], [12, 29], [13, 29], [13, 30], [14, 30], [14, 29], [14, 28], [13, 28], [13, 29], [12, 29], [12, 30], [11, 30], [12, 30], [12, 31], [13, 31], [14, 31], [14, 30]]}
META {"type": "geom", "shape": "line", "group": "offpath", "data": [[1, 15, 2, 16], [1, 11, 2, 12], [1, 24, 2, 23], [1, 5, 2, 4], [1, 1, 2, 2], [14, 10, 11, 10], [14, 11, 10, 12], [14, 27, 14, 26], [14, 26, 10, 22], [14, 21, 14, 22], [14, 16, 10, 17], [14, 24, 13, 24], [14, 22, 10, 23], [14, 9, 10, 9], [11, 18, 12, 18], [11, 4, 12, 5], [11, 10, 12, 10], [11, 15, 12, 15], [11, 23, 7, 26], [11, 27, 12, 27], [11, 8, 12, 8], [11, 14, 8, 16], [11, 21, 12, 22], [11, 13, 10, 13], [11, 17, 12, 17], [11, 12, 12, 11], [8, 18, 9, 19], [8, 6, 9, 5], [8, 26, 9, 27], [8, 16, 9, 17], [8, 5, 9, 6], [12, 18, 8, 18], [12, 10, 13, 11], [12, 15, 13, 15], [12, 11, 13, 12], [12, 27, 13, 28], [12, 8, 13, 9], [12, 17, 13, 17], [12, 5, 8, 5], [12, 22, 13, 21], [4, 26, 5, 27], [4, 14, 5, 14], [4, 12, 5, 13], [4, 5, 5, 6], [4, 22, 0, 25], [0, 25, 1, 24], [0, 14, 1, 15], [0, 0, 1, 1], [0, 5, 1, 5], [9, 19, 10, 18], [9, 27, 10, 26], [9, 6, 10, 7], [9, 17, 10, 16], [9, 5, 10, 5], [13, 15, 14, 16], [13, 11, 14, 10], [13, 21, 14, 21], [13, 28, 14, 27], [13, 17, 10, 15], [13, 24, 14, 24], [13, 12, 14, 11], [13, 9, 14, 9], [3, 23, 4, 22], [3, 25, 4, 26], [3, 5, 4, 5], [5, 27, 6, 28], [5, 6, 6, 7], [5, 14, 6, 15], [5, 13, 6, 13], [5, 12, 6, 11], [2, 4, 3, 5], [2, 23, 3, 23], [2, 2, 0, 0], [2, 16, 0, 14], [2, 3, 0, 5], [2, 12, 1, 11], [7, 29, 3, 25], [7, 15, 4, 12], [7, 11, 4, 14], [7, 26, 8, 26], [7, 14, 5, 12], [7, 13, 6, 14], [7, 5, 8, 6], [10, 18, 11, 17], [10, 15, 11, 14], [10, 23, 11, 23], [10, 26, 11, 27], [10, 13, 11, 13], [10, 16, 11, 15], [10, 17, 11, 18], [10, 12, 11, 12], [10, 5, 11, 4], [10, 22, 11, 21], [10, 9, 11, 8], [10, 7, 7, 5], [6, 15, 7, 15], [6, 11, 7, 11], [6, 14, 7, 13], [6, 13, 7, 14], [6, 28, 7, 29], [6, 7, 2, 3]]}
