--------------------------------
--------------------------------
--------------------------------
------Q-------------------------
---X-------X-----------X--------
---------------XXXXX------------
--------X-----------------X-----
-----------X--------------------
--------------X--Q--X-----------
-------------------------X------
--------------------------------
------------<>------------------
------XX----[]------XX----------
-----XXX----[]-----XXX----XX----
-{--XXXX----[]----XXXX---XXX--}-
XXXXXXXXXXXXXXXXXXXXXXXXXXXXXXXX
META {"type": "solver", "id": "pysat-rc2", "objective": 0}
META {"type": "geom", "shape": "path", "group": "path", "data": [[14, 1, 11, 3], [11, 3, 12, 2], [12, 2, 13, 2], [13, 2, 14, 3], [14, 3, 13, 4], [13, 4, 11, 5], [11, 5, 12, 5], [12, 5, 8, 9], [8, 9, 9, 10], [9, 10, 10, 11], [10, 11, 11, 10], [11, 10, 12, 9], [12, 9, 13, 10], [13, 10, 14, 11], [14, 11, 10, 8], [10, 8, 11, 7], [11, 7, 7, 7], [7, 7, 8, 6], [8, 6, 9, 6], [9, 6, 10, 7], [10, 7, 11, 8], [11, 8, 12, 8], [12, 8, 13, 8], [13, 8, 14, 8], [14, 8, 10, 12], [10, 12, 6, 13], [6, 13, 7, 14], [7, 14, 3, 14], [3, 14, 4, 15], [4, 15, 0, 11], [0, 11, 1, 12], [1, 12, 2, 11], [2, 11, 3, 11], [3, 11, 0, 13], [0, 13, 1, 14], [1, 14, 2, 15], [2, 15, 3, 16], [3, 16, 4, 17], [4, 17, 0, 14], [0, 14, 1, 13], [1, 13, 2, 13], [2, 13, 3, 12], [3, 12, 4, 12], [4, 12, 5, 12], [5, 12, 6, 11], [6, 11, 2, 14], [2, 14, 3, 15], [3, 15, 4, 16], [4, 16, 0, 20], [0, 20, 1, 21], [1, 21, 2, 22], [2, 22, 3, 23], [3, 23, 0, 25], [0, 25, 1, 25], [1, 25, 2, 26], [2, 26, 3, 27], [3, 27, 4, 28], [4, 28, 5, 29], [5, 29, 6, 29], [6, 29, 7, 29], [7, 29, 8, 29], [8, 29, 9, 28], [9, 28, 10, 27], [10, 27, 11, 26], [11, 26, 12, 27], [12, 27, 10, 26], [10, 26, 11, 27], [11, 27, 12, 26], [12, 26, 10, 25], [10, 25, 11, 25], [11, 25, 12, 25], [12, 25, 13, 25], [13, 25, 9, 21], [9, 21, 10, 22], [10, 22, 11, 21], [11, 21, 7, 20], [7, 20, 3, 20], [3, 20, 4, 19], [4, 19, 2, 20], [2, 20, 3, 19], [3, 19, 4, 18], [4, 18, 0, 21], [0, 21, 1, 22], [1, 22, 2, 23], [2, 23, 3, 24], [3, 24, 4, 25], [4, 25, 5, 26], [5, 26, 2, 28], [2, 28, 3, 29], [3, 29, 4, 30], [4, 30, 5, 31], [5, 31, 6, 30], [6, 30, 7, 30], [7, 30, 8, 30], [8, 30, 9, 29], [9, 29, 10, 29], [10, 29, 11, 28], [11, 28, 12, 29], [12, 29, 13, 29], [13, 29, 14, 28], [14, 28, 11, 30], [11, 30, 12, 30], [12, 30, 13, 30], [13, 30, 14, 31], [14, 31, 12, 31], [12, 31, 13, 31], [13, 31, 14, 30]]}
META {"type": "geom", "shape": "tile", "group": "path", "data": [[14, 1], [13, 1], [13, 2], [12, 2], [12, 3], [11, 3], [12, 3], [12, 2], [13, 2], [14, 2], [14, 3], [13, 3], [13, 4], [12, 4], [12, 5], [11, 5], [12, 5], [11, 5], [11, 6], [10, 6], [10, 7], [9, 7], [9, 8], [8, 8], [8, 9], [9, 9], [9, 10], [10, 10], [10, 11], [11, 11], [11, 10], [12, 10], [12, 9], [13, 9], [13, 10], [14, 10], [14, 11], [13, 11], [13, 10], [12, 10], [12, 9], [11, 9], [11, 8], [10, 8], [11, 8], [11, 7], [10, 7], [9, 7], [8, 7], [7, 7], [8, 7], [8, 6], [9, 6], [10, 6], [10, 7], [11, 7], [11, 8], [12, 8], [13, 8], [14, 8], [13, 8], [13, 9], [12, 9], [12, 10], [11, 10], [11, 11], [10, 11], [10, 12], [9, 12], [8, 12], [7, 12], [6, 12], [6, 13], [7, 13], [7, 14], [6, 14], [5, 14], [4, 14], [3, 14], [4, 14], [4, 15], [3, 15], [3, 14], [2, 14], [2, 13], [1, 13], [1, 12], [0, 12], [0, 11], [1, 11], [1, 12], [2, 12], [2, 11], [3, 11], [2, 11], [2, 12], [1, 12], [1, 13], [0, 13], [1, 13], [1, 14], [2, 14], [2, 15], [3, 15], [3, 16], [4, 16], [4, 17], [3, 17], [3, 16], [2, 16], [2, 15], [1, 15], [1, 14], [0, 14], [1, 14], [1, 13], [2, 13], [3, 13], [3, 12], [4, 12], [5, 12], [6, 12], [6, 11], [5, 11], [5, 12], [4, 12], [4, 13], [3, 13], [3, 14], [2, 14], [3, 14], [3, 15], [4, 15], [4, 16], [3, 16], [3, 17], [2, 17], [2, 18], [1, 18], [1, 19], [0, 19], [0, 20], [1, 20], [1, 21], [2, 21], [2, 22], [3, 22], [3, 23], [2, 23], [2, 24], [1, 24], [1, 25], [0, 25], [1, 25], [2, 25], [2, 26], [3, 26], [3, 27], [4, 27], [4, 28], [5, 28], [5, 29], [6, 29], [7, 29], [8, 29], [9, 29], [9, 28], [10, 28], [10, 27], [11, 27], [11, 26], [12, 26], [12, 27], [11, 27], [11, 26], [10, 26], [11, 26], [11, 27], [12, 27], [12, 26], [11, 26], [11, 25], [10, 25], [11, 25], [12, 25], [13, 25], [12, 25], [12, 24], [11, 24], [11, 23], [10, 23], [10, 22], [9, 22], [9, 21], [10, 21], [10, 22], [11, 22], [11, 21], [10, 21], [9, 21], [8, 21], [7, 21], [7, 20], [6, 20], [5, 20], [4, 20], [3, 20], [4, 20], [4, 19], [3, 19], [3, 20], [2, 20], [3, 20], [3, 19], [4, 19], [4, 18], [3, 18], [3, 19], [2, 19], [2, 20], [1, 20], [1, 21], [0, 21], [1, 21], [1, 22], [2, 22], [2, 23], [3, 23], [3, 24], [4, 24], [4, 25], [5, 25], [5, 26], [4, 26], [4, 27], [3, 27], [3, 28], [2, 28], [3, 28], [3, 29], [4, 29], [4, 30], [5, 30], [5, 31], [6, 31], [6, 30], [7, 30], [8, 30], [9, 30], [9, 29], [10, 29], [11, 29], [11, 28], [12, 28], [12, 29], [13, 29], [14, 29], [14, 28], [13, 28], [13, 29], [12, 29], [12, 30], [11, 30], [12, 30], [13, 30], [14, 30], [14, 31], [13, 31], [12, 31], [13, 31], [14, 31], [14, 30]]}
META {"type": "geom", "shape": "line", "group": "offpath", "data": [[0, 4, 1, 4], [0, 5, 1, 5], [9, 17, 10, 16], [9, 2, 10, 1], [9, 13, 10, 13], [9, 24, 10, 24], [5, 8, 1, 9], [7, 17, 6, 17], [7, 2, 8, 3], [7, 12, 8, 12], [7, 26, 8, 25], [8, 3, 9, 2], [8, 12, 9, 13], [8, 25, 7, 26], [8, 23, 9, 24], [4, 9, 5, 8], [11, 17, 12, 17], [11, 0, 12, 0], [11, 20, 11, 19], [11, 19, 12, 19], [11, 6, 7, 2], [11, 16, 12, 16], [11, 24, 12, 24], [11, 23, 12, 23], [11, 9, 12, 10], [14, 17, 14, 16], [14, 15, 13, 14], [14, 14, 10, 17], [14, 16, 12, 18], [14, 2, 10, 5], [14, 24, 10, 21], [14, 23, 14, 22], [14, 9, 11, 9], [14, 22, 10, 23], [6, 17, 7, 17], [6, 12, 7, 12], [2, 6, 0, 4], [2, 3, 3, 3], [2, 10, 3, 10], [12, 17, 13, 16], [12, 0, 13, 1], [12, 19, 8, 23], [12, 16, 13, 17], [12, 24, 13, 23], [12, 18, 13, 18], [12, 23, 13, 24], [12, 10, 13, 9], [1, 4, 2, 3], [1, 5, 2, 6], [1, 9, 2, 10], [13, 17, 14, 17], [13, 1, 14, 2], [13, 14, 14, 14], [13, 16, 14, 15], [13, 24, 14, 24], [13, 18, 9, 17], [13, 23, 14, 23], [13, 9, 14, 9], [3, 3, 0, 5], [3, 10, 4, 9], [10, 17, 11, 17], [10, 1, 11, 0], [10, 5, 11, 6], [10, 21, 11, 20], [10, 16, 11, 16], [10, 13, 6, 12], [10, 24, 11, 24], [10, 23, 11, 23]]}
