XXXXXXXXXXXXXXXX
XXXXXXXXXXXXXXXX
XXXXXX---XXXX}XX
XXXXXX---XXXX-XX
XXXXXXXXX-----XX
XXXXXXXXX-----XX
XXXXXXXXXX----XX
XXXXXXXXXX----XX
XXXXXXXXXXX---XX
XXXXXXXXXXX##-XX
XXXXXXXXXXX---XX
XXXXXXXXXX----XX
XXXXXXXXX-----XX
XXXXXXX-------XX
XXXXXXXXX-----XX
XXXXXXXXX-----XX
XXXXXXXXX-----XX
XXXXXXXX-#-#--XX
XXXXXXX---#---XX
XXXXXXX-------XX
XXXXXXXXX--#--XX
XXXXXXXXX---XXXX
XXXXXXXXX---XXXX
XXXXXXXXX---XXXX
XXXXXXXXX-----XX
XXXXXX--------XX
XXXXXX--------XX
XXXXXX------XXXX
XXXXXXX-----XXXX
XXXXXXX-{---XXXX
XXXXXXXXXXXXXXXX
XXXXXXXXXXXXXXXX
META {"type": "solver", "id": "pysat-rc2", "objective": 0}
META {"type": "geom", "shape": "path", "group": "path", "data": [[29, 8, 29, 7], [29, 7, 25, 7], [25, 7, 25, 13], [25, 13, 24, 13], [24, 13, 24, 9], [24, 9, 18, 9], [18, 9, 18, 7], [18, 7, 19, 7], [19, 7, 19, 13], [19, 13, 20, 13], [20, 13, 20, 12], [20, 12, 10, 12], [10, 12, 10, 13], [10, 13, 10, 11], [10, 11, 16, 11], [16, 11, 16, 9], [16, 9, 12, 9], [12, 9, 12, 13], [12, 13, 2, 13]]}
META {"type": "geom", "shape": "tile", "group": "path", "data": [[29, 8], [29, 7], [28, 7], [27, 7], [26, 7], [25, 7], [25, 8], [25, 9], [25, 10], [25, 11], [25, 12], [25, 13], [24, 13], [24, 12], [24, 11], [24, 10], [24, 9], [23, 9], [22, 9], [21, 9], [20, 9], [19, 9], [18, 9], [18, 8], [18, 7], [19, 7], [19, 8], [19, 9], [19, 10], [19, 11], [19, 12], [19, 13], [20, 13], [20, 12], [19, 12], [18, 12], [17, 12], [16, 12], [15, 12], [14, 12], [13, 12], [12, 12], [11, 12], [10, 12], [10, 13], [10, 12], [10, 11], [11, 11], [12, 11], [13, 11], [14, 11], [15, 11], [16, 11], [16, 10], [16, 9], [15, 9], [14, 9], [13, 9], [12, 9], [12, 10], [12, 11], [12, 12], [12, 13], [11, 13], [10, 13], [9, 13], [8, 13], [7, 13], [6, 13], [5, 13], [4, 13], [3, 13], [2, 13]]}
META {"type": "geom", "shape": "line", "group": "offpath", "data": [[13, 7, 13, 13], [13, 13, 13, 7], [29, 10, 19, 10], [4, 9, 4, 13], [4, 13, 4, 9], [4, 12, 8, 12], [14, 9, 14, 13], [14, 13, 14, 9], [17, 10, 11, 10], [19, 10, 29, 10], [18, 13, 18, 11], [18, 11, 18, 13], [8, 12, 4, 12], [2, 7, 3, 7], [2, 8, 2, 6], [2, 6, 3, 6], [3, 7, 2, 7], [3, 8, 2, 8], [3, 6, 3, 8], [24, 12, 26, 12], [26, 12, 24, 12], [15, 9, 15, 13], [15, 13, 15, 9], [11, 10, 17, 10]]}
