XXXXXXXXXXXXXXXX
XXXXXXXXXXXXXXXX
XXXX}XXX-----XXX
XXXX-------X--XX
XXX-----#--XX-XX
XX--#-#-----X-XX
XXX-----------XX
XXX--#-XXXX---XX
XXX----XXXX--XXX
XX-----XXXX-XXXX
XX##---------XXX
XX--XX-#-----XXX
XX---X----##-XXX
XX-X--X------XXX
XXXXXXXX------XX
XXXXXXXX-XX-#-XX
XXX--XXX--X---XX
XXXX-XXX-----XXX
XX-XX---XX-XXXXX
XX--X----X-XXXXX
XX----XX---XXXXX
XX-----X---XXXXX
XXX-----XXX--XXX
XXX--##-XXX--XXX
XXXX----------XX
XXXX-------XX-XX
XXXXX---X---X-XX
XX-XX-XXXX----XX
XX--X--XXX--{-XX
XX---X-XXXXXXXXX
XXXXXXXXXXXXXXXX
XXXXXXXXXXXXXXXX
META {"type": "solver", "id": "pysat-rc2", "objective": 0}
META {"type": "geom", "shape": "path", "group": "path", "data": [[28, 12, 28, 10], [28, 10, 24, 10], [24, 10, 24, 4], [24, 4, 20, 4], [20, 4, 20, 5], [20, 5, 22, 5], [22, 5, 18, 5], [18, 5, 18, 7], [18, 7, 19, 7], [19, 7, 19, 8], [19, 8, 21, 8], [21, 8, 21, 10], [21, 10, 17, 10], [17, 10, 17, 8], [17, 8, 17, 12], [17, 12, 16, 12], [16, 12, 16, 11], [16, 11, 17, 11], [17, 11, 13, 11], [13, 11, 13, 12], [13, 12, 14, 12], [14, 12, 14, 8], [14, 8, 10, 8], [10, 8, 10, 4], [10, 4, 6, 4], [6, 4, 6, 3], [6, 3, 6, 13], [6, 13, 7, 13], [7, 13, 3, 13], [3, 13, 3, 12], [3, 12, 2, 12], [2, 12, 2, 8], [2, 8, 3, 8], [3, 8, 3, 4], [3, 4, 4, 4], [4, 4, 2, 4]]}
META {"type": "geom", "shape": "tile", "group": "path", "data": [[28, 12], [28, 11], [28, 10], [27, 10], [26, 10], [25, 10], [24, 10], [24, 9], [24, 8], [24, 7], [24, 6], [24, 5], [24, 4], [23, 4], [22, 4], [21, 4], [20, 4], [20, 5], [21, 5], [22, 5], [21, 5], [20, 5], [19, 5], [18, 5], [18, 6], [18, 7], [19, 7], [19, 8], [20, 8], [21, 8], [21, 9], [21, 10], [20, 10], [19, 10], [18, 10], [17, 10], [17, 9], [17, 8], [17, 9], [17, 10], [17, 11], [17, 12], [16, 12], [16, 11], [17, 11], [16, 11], [15, 11], [14, 11], [13, 11], [13, 12], [14, 12], [14, 11], [14, 10], [14, 9], [14, 8], [13, 8], [12, 8], [11, 8], [10, 8], [10, 7], [10, 6], [10, 5], [10, 4], [9, 4], [8, 4], [7, 4], [6, 4], [6, 3], [6, 4], [6, 5], [6, 6], [6, 7], [6, 8], [6, 9], [6, 10], [6, 11], [6, 12], [6, 13], [7, 13], [6, 13], [5, 13], [4, 13], [3, 13], [3, 12], [2, 12], [2, 11], [2, 10], [2, 9], [2, 8], [3, 8], [3, 7], [3, 6], [3, 5], [3, 4], [4, 4], [3, 4], [2, 4]]}
META {"type": "geom", "shape": "line", "group": "offpath", "data": [[22, 7, 22, 3], [22, 3, 23, 3], [22, 6, 22, 7], [21, 6, 22, 6], [21, 2, 21, 6], [23, 3, 19, 3], [27, 2, 29, 2], [11, 3, 12, 3], [11, 10, 10, 10], [11, 2, 11, 3], [18, 6, 19, 6], [3, 6, 4, 6], [7, 4, 7, 3], [7, 3, 7, 4], [17, 4, 16, 4], [17, 9, 16, 9], [14, 9, 10, 9], [14, 10, 13, 10], [24, 6, 26, 6], [24, 5, 28, 5], [10, 9, 14, 9], [10, 10, 11, 10], [10, 5, 8, 5], [8, 12, 6, 12], [8, 5, 10, 5], [2, 9, 6, 9], [29, 2, 27, 2], [16, 4, 17, 4], [16, 9, 17, 9], [28, 11, 26, 11], [28, 5, 24, 5], [25, 4, 25, 10], [25, 10, 25, 4], [13, 7, 12, 7], [13, 10, 14, 10], [13, 2, 11, 2], [9, 6, 9, 2], [9, 2, 9, 6], [4, 7, 4, 3], [4, 3, 4, 7], [4, 6, 3, 6], [5, 8, 6, 8], [19, 3, 19, 2], [19, 6, 18, 6], [19, 2, 21, 2], [26, 7, 26, 5], [26, 11, 28, 11], [26, 6, 24, 6], [26, 5, 26, 7], [6, 9, 2, 9], [6, 12, 8, 12], [6, 8, 5, 8], [12, 7, 13, 7], [12, 3, 12, 2], [12, 2, 13, 2]]}
