XXXXXXXXXXXXXXXX
XXXXXXXXXXXXXXXX
XXXX-----XXXX}XX
XX-----X-XXXX-XX
XX-----XX-----XX
XXXXX---X-XX--XX
XXXXX------XX-XX
XXXX----#---XXXX
XXX---#---#--XXX
XX--#--------XXX
XX-----#-----XXX
XXX--#---XXX-XXX
XXX------XXX--XX
XXX---#-------XX
XX------X-----XX
XXX-##-XX-#-#-XX
XXX-----X-----XX
XXX---X-------XX
XX--XXX-------XX
XX--XXX-------XX
XX-------XX---XX
XX---X---XX--XXX
XX-XXX----X-XXXX
XX-XXX##----XXXX
XX-XXX---#--XXXX
XX-----#---X--XX
XX---------XXXXX
XX-XXXX--{-XXXXX
XX-XXXX-XXXXXXXX
XXXXXX--XXXXXXXX
XXXXXXXXXXXXXXXX
XXXXXXXXXXXXXXXX
META {"type": "solver", "id": "pysat-rc2", "objective": 0}
META {"type": "geom", "shape": "path", "group": "path", "data": [[27, 9, 25, 9], [25, 9, 25, 10], [25, 10, 25, 8], [25, 8, 27, 8], [27, 8, 27, 10], [27, 10, 23, 10], [23, 10, 23, 11], [23, 11, 13, 11], [13, 11, 13, 7], [13, 7, 11, 7], [11, 7, 11, 6], [11, 6, 9, 6], [9, 6, 9, 12], [9, 12, 8, 12], [8, 12, 8, 11], [8, 11, 10, 11], [10, 11, 10, 12], [10, 12, 10, 8], [10, 8, 8, 8], [8, 8, 8, 7], [8, 7, 8, 9], [8, 9, 10, 9], [10, 9, 4, 9], [4, 9, 4, 13], [4, 13, 6, 13], [6, 13, 2, 13]]}
META {"type": "geom", "shape": "tile", "group": "path", "data": [[27, 9], [26, 9], [25, 9], [25, 10], [25, 9], [25, 8], [26, 8], [27, 8], [27, 9], [27, 10], [26, 10], [25, 10], [24, 10], [23, 10], [23, 11], [22, 11], [21, 11], [20, 11], [19, 11], [18, 11], [17, 11], [16, 11], [15, 11], [14, 11], [13, 11], [13, 10], [13, 9], [13, 8], [13, 7], [12, 7], [11, 7], [11, 6], [10, 6], [9, 6], [9, 7], [9, 8], [9, 9], [9, 10], [9, 11], [9, 12], [8, 12], [8, 11], [9, 11], [10, 11], [10, 12], [10, 11], [10, 10], [10, 9], [10, 8], [9, 8], [8, 8], [8, 7], [8, 8], [8, 9], [9, 9], [10, 9], [9, 9], [8, 9], [7, 9], [6, 9], [5, 9], [4, 9], [4, 10], [4, 11], [4, 12], [4, 13], [5, 13], [6, 13], [5, 13], [4, 13], [3, 13], [2, 13]]}
META {"type": "geom", "shape": "line", "group": "offpath", "data": [[25, 4, 26, 4], [25, 3, 26, 3], [26, 4, 25, 4], [26, 6, 24, 6], [26, 3, 25, 3], [24, 6, 26, 6], [4, 4, 4, 6], [4, 6, 4, 2], [4, 2, 3, 2], [4, 12, 5, 12], [4, 3, 3, 3], [10, 4, 14, 4], [10, 2, 9, 2], [13, 10, 14, 10], [13, 13, 12, 13], [13, 9, 13, 13], [5, 12, 4, 12], [2, 4, 4, 4], [2, 5, 2, 4], [2, 8, 3, 8], [22, 7, 22, 9], [22, 9, 23, 9], [21, 6, 21, 8], [21, 8, 21, 6], [7, 4, 8, 4], [7, 10, 6, 10], [7, 6, 7, 4], [6, 10, 7, 10], [9, 2, 10, 2], [23, 8, 17, 8], [23, 9, 23, 8], [14, 4, 10, 4], [14, 10, 13, 10], [14, 13, 14, 9], [14, 12, 14, 13], [14, 9, 13, 9], [8, 4, 8, 3], [8, 3, 8, 5], [8, 5, 2, 5], [16, 5, 17, 5], [16, 7, 22, 7], [12, 13, 12, 12], [12, 12, 14, 12], [28, 2, 18, 2], [3, 6, 7, 6], [3, 2, 3, 6], [3, 3, 4, 3], [3, 8, 2, 8], [29, 6, 29, 7], [29, 7, 29, 6], [18, 13, 18, 7], [18, 2, 28, 2], [18, 7, 18, 13], [17, 5, 16, 5], [17, 8, 17, 7], [17, 7, 16, 7]]}
