XXXXXXXXXXXXXXXX
XXXXXXXXXXXXXXXX
XXX-------XXX}XX
XXX--X----XXX-XX
XX-XXXX-XXXXX-XX
XX-XXXX-XXXXX-XX
XX-XXX--XXXXX-XX
XX-XXX--------XX
XX----XX--XX--XX
XXXX---X---X--XX
XXXX----------XX
XXX--------#--XX
XX-------X----XX
XX--XX--XXX---XX
XXXXXXX-XXX-XXXX
XXXXXXX-----XXXX
XXX----X-X--XXXX
XX---XXX-XXX--XX
XX---XXX-XXX--XX
XX##-XXX------XX
XX--#-------#-XX
XX------------XX
XX----#--XXX--XX
XX-##----XXX--XX
XX-------XXX--XX
XX-----------XXX
XX-XX--XX---XXXX
XXXXXX--X-#--XXX
XXXXXX-------XXX
XXXX---{---X-XXX
XXXXXXXXXXXXXXXX
XXXXXXXXXXXXXXXX
META {"type": "solver", "id": "pysat-rc2", "objective": 0}
META {"type": "geom", "shape": "path", "group": "path", "data": [[29, 7, 27, 7], [27, 7, 27, 6], [27, 6, 29, 6], [29, 6, 29, 10], [29, 10, 28, 10], [28, 10, 28, 6], [28, 6, 28, 12], [28, 12, 29, 12], [29, 12, 27, 12], [27, 12, 27, 11], [27, 11, 25, 11], [25, 11, 25, 12], [25, 12, 21, 12], [21, 12, 21, 2], [21, 2, 20, 2], [20, 2, 20, 3], [20, 3, 22, 3], [22, 3, 22, 5], [22, 5, 20, 5], [20, 5, 20, 11], [20, 11, 19, 11], [19, 11, 19, 13], [19, 13, 17, 13], [17, 13, 17, 12], [17, 12, 19, 12], [19, 12, 19, 8], [19, 8, 15, 8], [15, 8, 15, 7], [15, 7, 15, 11], [15, 11, 16, 11], [16, 11, 12, 11], [12, 11, 12, 13], [12, 13, 2, 13]]}
META {"type": "geom", "shape": "tile", "group": "path", "data": [[29, 7], [28, 7], [27, 7], [27, 6], [28, 6], [29, 6], [29, 7], [29, 8], [29, 9], [29, 10], [28, 10], [28, 9], [28, 8], [28, 7], [28, 6], [28, 7], [28, 8], [28, 9], [28, 10], [28, 11], [28, 12], [29, 12], [28, 12], [27, 12], [27, 11], [26, 11], [25, 11], [25, 12], [24, 12], [23, 12], [22, 12], [21, 12], [21, 11], [21, 10], [21, 9], [21, 8], [21, 7], [21, 6], [21, 5], [21, 4], [21, 3], [21, 2], [20, 2], [20, 3], [21, 3], [22, 3], [22, 4], [22, 5], [21, 5], [20, 5], [20, 6], [20, 7], [20, 8], [20, 9], [20, 10], [20, 11], [19, 11], [19, 12], [19, 13], [18, 13], [17, 13], [17, 12], [18, 12], [19, 12], [19, 11], [19, 10], [19, 9], [19, 8], [18, 8], [17, 8], [16, 8], [15, 8], [15, 7], [15, 8], [15, 9], [15, 10], [15, 11], [16, 11], [15, 11], [14, 11], [13, 11], [12, 11], [12, 12], [12, 13], [11, 13], [10, 13], [9, 13], [8, 13], [7, 13], [6, 13], [5, 13], [4, 13], [3, 13], [2, 13]]}
META {"type": "geom", "shape": "line", "group": "offpath", "data": [[22, 4, 21, 4], [22, 8, 22, 7], [22, 7, 22, 8], [3, 3, 3, 4], [3, 4, 2, 4], [28, 8, 29, 8], [25, 9, 29, 9], [7, 12, 13, 12], [7, 6, 6, 6], [7, 7, 7, 6], [21, 4, 22, 4], [21, 9, 19, 9], [15, 10, 16, 10], [29, 8, 28, 8], [29, 9, 25, 9], [18, 4, 18, 2], [18, 2, 18, 4], [8, 8, 8, 9], [8, 9, 8, 8], [16, 10, 15, 10], [17, 4, 17, 2], [17, 2, 17, 4], [9, 12, 9, 13], [9, 4, 9, 6], [9, 6, 9, 4], [9, 13, 9, 12], [2, 3, 3, 3], [2, 4, 2, 3], [19, 9, 21, 9], [23, 12, 23, 13], [23, 13, 23, 12], [13, 11, 13, 13], [13, 12, 7, 12], [13, 6, 13, 7], [13, 13, 13, 11], [13, 7, 13, 6], [6, 6, 6, 7], [6, 7, 7, 7]]}
