XXXXXXXXXXXXXXXX
XXXXXXXXXXXXXXXX
XXXXXX--XXXX--XX
XXXXXX--XXX---XX
XXXXXX-----##-XX
XX}XXX-XXX----XX
XX-----XXX----XX
XX-----XXX-#--XX
XXX-#--XXX---XXX
XXX---#-----XXXX
XXX---------XXXX
XXXX------XXXXXX
XXXX--XXX-XXXXXX
XX---XXXX-XXXXXX
XX--XXXXXX---XXX
XX--XXXXXX---XXX
XX--XXXXXX---XXX
XXX-------#---XX
XXX-X---------XX
XXX-XX-----XX-XX
XX---X--XX-XX-XX
XX---XX-XX--X-XX
XXX---X--XX---XX
XXX-X-----XXX-XX
XXXXX--#--XXXXXX
XXXXX-----XXXXXX
XXX---#---XXXXXX
XXX-----XXXXXXXX
XXX-----XXXXXXXX
XXXX-{-XXXXXXXXX
XXXXXXXXXXXXXXXX
XXXXXXXXXXXXXXXX
META {"type": "solver", "id": "pysat-rc2", "objective": 0}
META {"type": "geom", "shape": "path", "group": "path", "data": [[29, 5, 29, 6], [29, 6, 27, 6], [27, 6, 27, 7], [27, 7, 25, 7], [25, 7, 25, 9], [25, 9, 26, 9], [26, 9, 26, 7], [26, 7, 28, 7], [28, 7, 28, 3], [28, 3, 26, 3], [26, 3, 26, 5], [26, 5, 22, 5], [22, 5, 22, 3], [22, 3, 23, 3], [23, 3, 13, 3], [13, 3, 13, 2], [13, 2, 13, 4], [13, 4, 9, 4], [9, 4, 9, 3], [9, 3, 10, 3], [10, 3, 6, 3], [6, 3, 6, 2], [6, 2, 5, 2]]}
META {"type": "geom", "shape": "tile", "group": "path", "data": [[29, 5], [29, 6], [28, 6], [27, 6], [27, 7], [26, 7], [25, 7], [25, 8], [25, 9], [26, 9], [26, 8], [26, 7], [27, 7], [28, 7], [28, 6], [28, 5], [28, 4], [28, 3], [27, 3], [26, 3], [26, 4], [26, 5], [25, 5], [24, 5], [23, 5], [22, 5], [22, 4], [22, 3], [23, 3], [22, 3], [21, 3], [20, 3], [19, 3], [18, 3], [17, 3], [16, 3], [15, 3], [14, 3], [13, 3], [13, 2], [13, 3], [13, 4], [12, 4], [11, 4], [10, 4], [9, 4], [9, 3], [10, 3], [9, 3], [8, 3], [7, 3], [6, 3], [6, 2], [5, 2]]}
META {"type": "geom", "shape": "line", "group": "offpath", "data": [[22, 11, 22, 13], [22, 4, 20, 4], [22, 13, 23, 13], [12, 5, 6, 5], [6, 11, 5, 11], [6, 5, 12, 5], [23, 5, 23, 9], [23, 9, 23, 5], [23, 13, 17, 13], [17, 11, 18, 11], [17, 5, 17, 3], [17, 3, 17, 9], [17, 9, 19, 9], [17, 13, 17, 11], [19, 10, 21, 10], [19, 9, 19, 10], [21, 2, 21, 4], [21, 10, 21, 11], [21, 11, 22, 11], [21, 4, 21, 2], [13, 9, 9, 9], [16, 10, 16, 12], [16, 12, 18, 12], [7, 2, 7, 6], [7, 6, 7, 2], [7, 13, 7, 12], [7, 12, 7, 13], [18, 11, 18, 5], [18, 5, 17, 5], [18, 12, 14, 12], [2, 7, 2, 6], [2, 6, 2, 7], [2, 13, 2, 12], [2, 12, 3, 12], [15, 2, 15, 3], [15, 10, 15, 12], [15, 3, 15, 2], [15, 12, 15, 10], [5, 11, 6, 11], [4, 10, 4, 6], [4, 6, 4, 10], [14, 2, 14, 3], [14, 10, 16, 10], [14, 3, 14, 2], [14, 12, 14, 10], [3, 7, 3, 6], [3, 6, 3, 7], [3, 13, 2, 13], [3, 12, 3, 13], [20, 4, 22, 4], [10, 10, 10, 11], [10, 11, 8, 11], [10, 6, 11, 6], [9, 7, 11, 7], [9, 9, 9, 7], [24, 6, 24, 5], [24, 5, 24, 6], [8, 10, 10, 10], [8, 11, 8, 12], [8, 6, 8, 5], [8, 5, 8, 6], [8, 12, 8, 10], [11, 7, 11, 9], [11, 6, 10, 6], [11, 9, 13, 9]]}
