XXXXXXXXXXXXXXXX
XXXXXXXXXXXXXXXX
XXXXXXX-XXXXX}XX
XXXXXXX-XXXXX-XX
XXXX----------XX
XX---#-XXX--#-XX
XX-----XXX----XX
XX--#---------XX
XXX-----------XX
XXX-------#---XX
XXXX----#----XXX
XXXX-XX----XXXXX
XX----X-----XXXX
XXX---------XXXX
XXX--XXXX---XXXX
XXX--XXXX---XXXX
XXX--XXX-#---XXX
XX-----------XXX
XX-----------XXX
XX-XX-XX-#---XXX
XX-XX--X-----XXX
XX--X-----#---XX
XX---X--#-----XX
XX--XX-----X--XX
XXX--X-X---XXXXX
XXX---XX-XXXXXXX
XXX-X--X-XXXXXXX
XX--XX---XXXXXXX
XX---X---XXXX-XX
XXXX---{------XX
XXXXXXXXXXXXXXXX
XXXXXXXXXXXXXXXX
META {"type": "solver", "id": "pysat-rc2", "objective": 0}
META {"type": "geom", "shape": "path", "group": "path", "data": [[29, 7, 27, 7], [27, 7, 27, 8], [27, 8, 29, 8], [29, 8, 29, 4], [29, 4, 28, 4], [28, 4, 28, 2], [28, 2, 27, 2], [27, 2, 27, 3], [27, 3, 21, 3], [21, 3, 21, 2], [21, 2, 17, 2], [17, 2, 17, 12], [17, 12, 23, 12], [23, 12, 23, 13], [23, 13, 21, 13], [21, 13, 21, 11], [21, 11, 22, 11], [22, 11, 12, 11], [12, 11, 12, 7], [12, 7, 13, 7], [13, 7, 13, 3], [13, 3, 12, 3], [12, 3, 18, 3], [18, 3, 18, 2], [18, 2, 18, 12], [18, 12, 16, 12], [16, 12, 16, 10], [16, 10, 10, 10], [10, 10, 10, 12], [10, 12, 6, 12], [6, 12, 6, 10], [6, 10, 4, 10], [4, 10, 4, 4], [4, 4, 6, 4], [6, 4, 6, 6], [6, 6, 6, 2], [6, 2, 5, 2], [5, 2, 7, 2], [7, 2, 7, 3], [7, 3, 9, 3], [9, 3, 9, 9], [9, 9, 7, 9], [7, 9, 7, 13], [7, 13, 9, 13], [9, 13, 9, 11], [9, 11, 10, 11], [10, 11, 4, 11], [4, 11, 4, 13], [4, 13, 2, 13]]}
META {"type": "geom", "shape": "tile", "group": "path", "data": [[29, 7], [28, 7], [27, 7], [27, 8], [28, 8], [29, 8], [29, 7], [29, 6], [29, 5], [29, 4], [28, 4], [28, 3], [28, 2], [27, 2], [27, 3], [26, 3], [25, 3], [24, 3], [23, 3], [22, 3], [21, 3], [21, 2], [20, 2], [19, 2], [18, 2], [17, 2], [17, 3], [17, 4], [17, 5], [17, 6], [17, 7], [17, 8], [17, 9], [17, 10], [17, 11], [17, 12], [18, 12], [19, 12], [20, 12], [21, 12], [22, 12], [23, 12], [23, 13], [22, 13], [21, 13], [21, 12], [21, 11], [22, 11], [21, 11], [20, 11], [19, 11], [18, 11], [17, 11], [16, 11], [15, 11], [14, 11], [13, 11], [12, 11], [12, 10], [12, 9], [12, 8], [12, 7], [13, 7], [13, 6], [13, 5], [13, 4], [13, 3], [12, 3], [13, 3], [14, 3], [15, 3], [16, 3], [17, 3], [18, 3], [18, 2], [18, 3], [18, 4], [18, 5], [18, 6], [18, 7], [18, 8], [18, 9], [18, 10], [18, 11], [18, 12], [17, 12], [16, 12], [16, 11], [16, 10], [15, 10], [14, 10], [13, 10], [12, 10], [11, 10], [10, 10], [10, 11], [10, 12], [9, 12], [8, 12], [7, 12], [6, 12], [6, 11], [6, 10], [5, 10], [4, 10], [4, 9], [4, 8], [4, 7], [4, 6], [4, 5], [4, 4], [5, 4], [6, 4], [6, 5], [6, 6], [6, 5], [6, 4], [6, 3], [6, 2], [5, 2], [6, 2], [7, 2], [7, 3], [8, 3], [9, 3], [9, 4], [9, 5], [9, 6], [9, 7], [9, 8], [9, 9], [8, 9], [7, 9], [7, 10], [7, 11], [7, 12], [7, 13], [8, 13], [9, 13], [9, 12], [9, 11], [10, 11], [9, 11], [8, 11], [7, 11], [6, 11], [5, 11], [4, 11], [4, 12], [4, 13], [3, 13], [2, 13]]}
META {"type": "geom", "shape": "line", "group": "offpath", "data": [[26, 5, 25, 5], [4, 6, 10, 6], [4, 7, 2, 7], [24, 8, 23, 8], [24, 4, 25, 4], [24, 6, 20, 6], [24, 9, 24, 8], [24, 10, 22, 10], [2, 7, 4, 7], [28, 13, 29, 13], [10, 6, 4, 6], [10, 5, 6, 5], [29, 13, 28, 13], [6, 5, 10, 5], [20, 6, 20, 5], [20, 9, 24, 9], [20, 5, 21, 5], [5, 10, 5, 11], [5, 11, 5, 10], [18, 9, 17, 9], [18, 7, 17, 7], [17, 9, 18, 9], [17, 7, 18, 7], [14, 4, 14, 3], [14, 9, 14, 11], [14, 3, 14, 4], [14, 11, 14, 9], [13, 8, 11, 8], [16, 4, 16, 3], [16, 3, 16, 4], [11, 8, 13, 8], [23, 8, 23, 6], [23, 6, 24, 6], [25, 4, 24, 4], [25, 5, 26, 5], [15, 4, 15, 3], [15, 3, 15, 4], [22, 13, 22, 9], [22, 9, 22, 13], [22, 10, 24, 10], [21, 9, 20, 9], [21, 5, 21, 9]]}
