XXXXXXXXXXXXXXXX
XXXXXXXXXXXXXXXX
XXX}XXX------XXX
XXX------XXX-XXX
XXX--X---XXX-XXX
XX--XX-#-XXX--XX
XXX--X--------XX
XXX-------XXX-XX
XXX--#--#-XXX-XX
XXX-----------XX
XX----XX-#--X-XX
XX-----X---XX-XX
XX##--------X-XX
XX----XX--X---XX
XXXX---X--XXX-XX
XXXX------XXX-XX
XXX---X-------XX
XX--#-XX------XX
XX-----XXXXX--XX
XX##-#-XXXXX--XX
XX-----XXXXX--XX
XX--#--XXXXX--XX
XX-----------XXX
XX----#-----XXXX
XX-XX---###-XXXX
XX--X-------XXXX
XX-----#------XX
XXX--#-------XXX
XXX-------XXXXXX
XXX-{-X---XXXXXX
XXXXXXXXXXXXXXXX
XXXXXXXXXXXXXXXX
META {"type": "solver", "id": "pysat-rc2", "objective": 0}
META {"type": "geom", "shape": "path", "group": "path", "data": [[29, 4, 29, 3], [29, 3, 29, 5], [29, 5, 28, 5], [28, 5, 28, 3], [28, 3, 28, 9], [28, 9, 29, 9], [29, 9, 25, 9], [25, 9, 25, 5], [25, 5, 26, 5], [26, 5, 20, 5], [20, 5, 20, 6], [20, 6, 22, 6], [22, 6, 22, 12], [22, 12, 16, 12], [16, 12, 16, 13], [16, 13, 16, 7], [16, 7, 15, 7], [15, 7, 15, 9], [15, 9, 11, 9], [11, 9, 11, 8], [11, 8, 11, 10], [11, 10, 12, 10], [12, 10, 12, 4], [12, 4, 6, 4], [6, 4, 6, 3], [6, 3, 2, 3]]}
META {"type": "geom", "shape": "tile", "group": "path", "data": [[29, 4], [29, 3], [29, 4], [29, 5], [28, 5], [28, 4], [28, 3], [28, 4], [28, 5], [28, 6], [28, 7], [28, 8], [28, 9], [29, 9], [28, 9], [27, 9], [26, 9], [25, 9], [25, 8], [25, 7], [25, 6], [25, 5], [26, 5], [25, 5], [24, 5], [23, 5], [22, 5], [21, 5], [20, 5], [20, 6], [21, 6], [22, 6], [22, 7], [22, 8], [22, 9], [22, 10], [22, 11], [22, 12], [21, 12], [20, 12], [19, 12], [18, 12], [17, 12], [16, 12], [16, 13], [16, 12], [16, 11], [16, 10], [16, 9], [16, 8], [16, 7], [15, 7], [15, 8], [15, 9], [14, 9], [13, 9], [12, 9], [11, 9], [11, 8], [11, 9], [11, 10], [12, 10], [12, 9], [12, 8], [12, 7], [12, 6], [12, 5], [12, 4], [11, 4], [10, 4], [9, 4], [8, 4], [7, 4], [6, 4], [6, 3], [5, 3], [4, 3], [3, 3], [2, 3]]}
META {"type": "geom", "shape": "line", "group": "offpath", "data": [[23, 9, 22, 9], [23, 10, 22, 10], [24, 7, 25, 7], [24, 5, 24, 7], [24, 6, 24, 5], [2, 7, 4, 7], [2, 8, 2, 7], [16, 5, 18, 5], [16, 10, 17, 10], [16, 3, 16, 5], [28, 6, 24, 6], [6, 12, 6, 13], [6, 13, 5, 13], [26, 12, 26, 8], [26, 2, 20, 2], [26, 8, 25, 8], [5, 12, 6, 12], [5, 13, 5, 12], [20, 2, 26, 2], [20, 4, 18, 4], [15, 6, 14, 6], [18, 5, 18, 6], [18, 2, 17, 2], [18, 3, 16, 3], [18, 4, 20, 4], [18, 6, 18, 2], [19, 12, 19, 13], [19, 13, 19, 12], [10, 2, 11, 2], [10, 10, 10, 11], [10, 11, 10, 10], [4, 7, 4, 6], [4, 8, 2, 8], [4, 3, 4, 4], [4, 4, 4, 3], [4, 6, 4, 8], [22, 9, 23, 9], [22, 10, 23, 10], [29, 7, 27, 7], [29, 8, 29, 7], [14, 6, 15, 6], [17, 2, 17, 3], [17, 10, 16, 10], [17, 3, 18, 3], [11, 2, 10, 2], [8, 7, 8, 6], [8, 3, 8, 4], [8, 4, 8, 3], [8, 6, 8, 7], [27, 12, 26, 12], [27, 7, 27, 6], [27, 3, 27, 4], [27, 4, 27, 3], [27, 6, 28, 6], [27, 11, 27, 12], [21, 5, 21, 6], [21, 6, 21, 5], [3, 6, 9, 6], [25, 7, 25, 11], [25, 8, 29, 8], [25, 11, 27, 11], [9, 6, 3, 6]]}
