XXXXXXXXXXXXXXXX
XXXXXXXXXXXXXXXX
XXXXXXX--XXX}XXX
XXX-----------XX
XXXXX--XX--X--XX
XXXXX---X--XXXXX
XXX---#----XXXXX
XXX-----#---XXXX
XX----------XXXX
XX-#-XX-----XXXX
XX---XXXX-XX--XX
XXX---XXX--X--XX
XXX##-XXX-----XX
XXX---XXX-----XX
XX--##--XX--X-XX
XX-------X-XX-XX
XXX---------X-XX
XXX-XXX-------XX
XXX-XXX-X---X-XX
XX--XXXXXXXXX-XX
XX---XXXXXXXXXXX
XX---XXXXXXXXXXX
XXX--XXXXXXXXXXX
XXX------XXXXXXX
XXX--XXX-XXX--XX
XXXX-XXX----#-XX
XXXX------#---XX
XXXX--X------XXX
XX----XXX--XXXXX
XXX-{-XXXX-XXXXX
XXXXXXXXXXXXXXXX
XXXXXXXXXXXXXXXX
META {"type": "solver", "id": "pysat-rc2", "objective": 0}
META {"type": "geom", "shape": "path", "group": "path", "data": [[29, 4, 29, 5], [29, 5, 29, 3], [29, 3, 28, 3], [28, 3, 28, 5], [28, 5, 26, 5], [26, 5, 26, 4], [26, 4, 20, 4], [20, 4, 20, 2], [20, 2, 19, 2], [19, 2, 19, 3], [19, 3, 13, 3], [13, 3, 13, 5], [13, 5, 11, 5], [11, 5, 11, 3], [11, 3, 10, 3], [10, 3, 10, 4], [10, 4, 6, 4], [6, 4, 6, 5], [6, 5, 8, 5], [8, 5, 8, 11], [8, 11, 9, 11], [9, 11, 7, 11], [7, 11, 7, 9], [7, 9, 3, 9], [3, 9, 3, 3], [3, 3, 3, 13], [3, 13, 4, 13], [4, 13, 4, 12], [4, 12, 2, 12]]}
META {"type": "geom", "shape": "tile", "group": "path", "data": [[29, 4], [29, 5], [29, 4], [29, 3], [28, 3], [28, 4], [28, 5], [27, 5], [26, 5], [26, 4], [25, 4], [24, 4], [23, 4], [22, 4], [21, 4], [20, 4], [20, 3], [20, 2], [19, 2], [19, 3], [18, 3], [17, 3], [16, 3], [15, 3], [14, 3], [13, 3], [13, 4], [13, 5], [12, 5], [11, 5], [11, 4], [11, 3], [10, 3], [10, 4], [9, 4], [8, 4], [7, 4], [6, 4], [6, 5], [7, 5], [8, 5], [8, 6], [8, 7], [8, 8], [8, 9], [8, 10], [8, 11], [9, 11], [8, 11], [7, 11], [7, 10], [7, 9], [6, 9], [5, 9], [4, 9], [3, 9], [3, 8], [3, 7], [3, 6], [3, 5], [3, 4], [3, 3], [3, 4], [3, 5], [3, 6], [3, 7], [3, 8], [3, 9], [3, 10], [3, 11], [3, 12], [3, 13], [4, 13], [4, 12], [3, 12], [2, 12]]}
META {"type": "geom", "shape": "line", "group": "offpath", "data": [[24, 4, 24, 3], [24, 3, 24, 4], [12, 13, 12, 9], [12, 9, 12, 13], [25, 11, 27, 11], [29, 10, 27, 10], [16, 4, 15, 4], [16, 5, 15, 5], [16, 6, 14, 6], [13, 13, 13, 9], [13, 9, 13, 13], [11, 13, 11, 12], [11, 12, 11, 13], [28, 9, 28, 10], [28, 10, 29, 10], [18, 7, 14, 7], [18, 11, 18, 9], [18, 9, 18, 11], [4, 9, 4, 10], [4, 10, 4, 9], [14, 3, 14, 2], [14, 7, 18, 7], [14, 2, 14, 3], [14, 6, 16, 6], [14, 11, 14, 10], [14, 10, 14, 11], [15, 4, 16, 4], [15, 8, 15, 2], [15, 2, 15, 8], [15, 5, 16, 5], [26, 13, 26, 11], [26, 12, 26, 13], [26, 7, 26, 9], [26, 11, 25, 11], [26, 9, 28, 9], [3, 8, 2, 8], [3, 7, 2, 7], [3, 6, 5, 6], [3, 10, 9, 10], [2, 8, 3, 8], [2, 7, 3, 7], [5, 6, 3, 6], [23, 8, 27, 8], [22, 4, 22, 3], [22, 3, 22, 4], [27, 12, 26, 12], [27, 8, 23, 8], [27, 7, 26, 7], [27, 11, 27, 7], [27, 10, 27, 12], [9, 10, 3, 10]]}
