XXXXXXXXXXXXXXXX
XXXXXXXXXXXXXXXX
XX}XXX--XXXXXXXX
XX------XXXX--XX
XX--X---------XX
XX-XX--XXX----XX
XX--X--XXX----XX
XXX----XXXX---XX
XXX--#---XX-XXXX
XXXX---X--X-XXXX
XXXX--XXX---XXXX
XXXX--XXX-----XX
XXXXX-----#---XX
XXXXX--------XXX
XXXXX##-----XXXX
XXXXX----#---XXX
XXXX--##-----XXX
XXX-----------XX
XXX##----XXX--XX
XXX--X-X-XXX--XX
XXXXXXXX-----XXX
XXXXXXXX----XXXX
XXXX-------XXXXX
XX---#--X-XXXXXX
XX##---XX--XXXXX
XX------X--XXXXX
XX-{--X----XXXXX
XXXXXXX--XX---XX
XXXXXXX--XXX--XX
XXXXX--XXXXXXXXX
XXXXXXXXXXXXXXXX
XXXXXXXXXXXXXXXX
META {"type": "solver", "id": "pysat-rc2-boolonly", "objective": 0}
META {"type": "geom", "shape": "path", "group": "path", "data": [[26, 3, 26, 5], [26, 5, 24, 5], [24, 5, 24, 6], [24, 6, 22, 6], [22, 6, 22, 4], [22, 4, 22, 10], [22, 10, 20, 10], [20, 10, 20, 12], [20, 12, 20, 8], [20, 8, 22, 8], [22, 8, 12, 8], [12, 8, 12, 9], [12, 9, 14, 9], [14, 9, 14, 7], [14, 7, 14, 11], [14, 11, 4, 11], [4, 11, 4, 5], [4, 5, 3, 5], [3, 5, 7, 5], [7, 5, 7, 3], [7, 3, 8, 3], [8, 3, 6, 3], [6, 3, 6, 2], [6, 2, 2, 2]]}
META {"type": "geom", "shape": "tile", "group": "path", "data": [[26, 3], [26, 4], [26, 5], [25, 5], [24, 5], [24, 6], [23, 6], [22, 6], [22, 5], [22, 4], [22, 5], [22, 6], [22, 7], [22, 8], [22, 9], [22, 10], [21, 10], [20, 10], [20, 11], [20, 12], [20, 11], [20, 10], [20, 9], [20, 8], [21, 8], [22, 8], [21, 8], [20, 8], [19, 8], [18, 8], [17, 8], [16, 8], [15, 8], [14, 8], [13, 8], [12, 8], [12, 9], [13, 9], [14, 9], [14, 8], [14, 7], [14, 8], [14, 9], [14, 10], [14, 11], [13, 11], [12, 11], [11, 11], [10, 11], [9, 11], [8, 11], [7, 11], [6, 11], [5, 11], [4, 11], [4, 10], [4, 9], [4, 8], [4, 7], [4, 6], [4, 5], [3, 5], [4, 5], [5, 5], [6, 5], [7, 5], [7, 4], [7, 3], [8, 3], [7, 3], [6, 3], [6, 2], [5, 2], [4, 2], [3, 2], [2, 2]]}
META {"type": "geom", "shape": "line", "group": "offpath", "data": [[18, 12, 18, 13], [18, 13, 18, 12], [18, 7, 17, 7], [21, 11, 20, 11], [15, 12, 15, 10], [15, 10, 17, 10], [26, 8, 26, 7], [26, 7, 28, 7], [26, 9, 20, 9], [23, 6, 23, 7], [23, 7, 23, 6], [8, 8, 8, 6], [8, 6, 2, 6], [16, 4, 16, 5], [16, 5, 16, 4], [16, 9, 17, 9], [20, 9, 26, 9], [20, 11, 21, 11], [11, 12, 11, 13], [11, 13, 11, 9], [11, 4, 11, 5], [11, 5, 9, 5], [11, 9, 9, 9], [10, 9, 10, 11], [10, 11, 10, 9], [9, 8, 8, 8], [9, 4, 7, 4], [9, 5, 9, 4], [9, 9, 9, 8], [2, 6, 2, 7], [2, 7, 4, 7], [28, 12, 27, 12], [28, 8, 26, 8], [28, 13, 28, 12], [28, 7, 28, 8], [4, 3, 3, 3], [4, 13, 3, 13], [4, 7, 4, 13], [12, 6, 13, 6], [27, 12, 27, 13], [27, 8, 27, 7], [27, 13, 28, 13], [27, 7, 27, 8], [19, 12, 15, 12], [19, 6, 17, 6], [19, 13, 19, 12], [13, 12, 11, 12], [13, 10, 13, 12], [13, 6, 12, 6], [3, 3, 4, 3], [3, 13, 7, 13], [7, 13, 7, 11], [7, 4, 11, 4], [7, 11, 17, 11], [6, 6, 6, 5], [6, 5, 6, 6], [24, 10, 24, 9], [24, 9, 24, 10], [17, 10, 13, 10], [17, 6, 19, 6], [17, 13, 19, 13], [17, 7, 18, 7], [17, 9, 16, 9], [17, 11, 17, 13]]}
