XXXXXXXXXXXXXXXXXXXXXXXXXXXXXXXX
XXXXXXXXXXXXXXXXXXXXXXXXX-XX-X-X
X---}XXX--------XX-XX-XX------XX
XX-XXXXXXXXXXX-X---------------X
X--XXXXXXXXXXX--X-X---X-XX--XX-X
X-X--XX---------X--XX--XXXXXXXXX
X---------------X-XXXX-XXXXXXXXX
XXXXXXX--XXX-XXX-XXXXX--XX--XX-X
XXXXXXX------XXX-XXXX-----XX---X
X------------XXX---------XXXXXXX
XXXXX-X----------X-------XXXXXXX
XXXXX-X-X--XXX-X-X---X---XXX{--X
X-----X-X--XXX-X-X-XXXXX-XXXXX-X
X--XXX--X------X---XXXXX-XXXXX-X
X------------------------------X
XXXXXXXXXXXXXXXXXXXXXXXXXXXXXXXX
META {"type": "solver", "id": "pysat-rc2-boolonly", "objective": 0}
META {"type": "geom", "shape": "path", "group": "path", "data": [[11, 28, 11, 29], [11, 29, 11, 30], [11, 30, 12, 30], [12, 30, 13, 30], [13, 30, 14, 30], [14, 30, 14, 29], [14, 29, 14, 28], [14, 28, 14, 27], [14, 27, 14, 26], [14, 26, 14, 25], [14, 25, 14, 24], [14, 24, 14, 23], [14, 23, 14, 22], [14, 22, 14, 21], [14, 21, 14, 20], [14, 20, 14, 19], [14, 19, 14, 18], [14, 18, 13, 18], [13, 18, 13, 17], [13, 17, 13, 16], [13, 16, 12, 16], [12, 16, 11, 16], [11, 16, 10, 16], [10, 16, 10, 15], [10, 15, 10, 14], [10, 14, 10, 13], [10, 13, 10, 12], [10, 12, 9, 12], [9, 12, 9, 11], [9, 11, 8, 11], [8, 11, 8, 12], [8, 12, 7, 12], [7, 12, 6, 12], [6, 12, 6, 13], [6, 13, 6, 14], [6, 14, 5, 14], [5, 14, 5, 13], [5, 13, 5, 12], [5, 12, 5, 11], [5, 11, 5, 10], [5, 10, 5, 9], [5, 9, 5, 8], [5, 8, 6, 8], [6, 8, 6, 7], [6, 7, 6, 6], [6, 6, 6, 5], [6, 5, 6, 4], [6, 4, 5, 4], [5, 4, 5, 3], [5, 3, 6, 3], [6, 3, 6, 2], [6, 2, 6, 1], [6, 1, 5, 1], [5, 1, 4, 1], [4, 1, 4, 2], [4, 2, 3, 2], [3, 2, 2, 2], [2, 2, 2, 3], [2, 3, 2, 4]]}
META {"type": "geom", "shape": "tile", "group": "path", "data": [[11, 28], [11, 29], [11, 30], [12, 30], [13, 30], [14, 30], [14, 29], [14, 28], [14, 27], [14, 26], [14, 25], [14, 24], [14, 23], [14, 22], [14, 21], [14, 20], [14, 19], [14, 18], [13, 18], [13, 17], [13, 16], [12, 16], [11, 16], [10, 16], [10, 15], [10, 14], [10, 13], [10, 12], [9, 12], [9, 11], [8, 11], [8, 12], [7, 12], [6, 12], [6, 13], [6, 14], [5, 14], [5, 13], [5, 12], [5, 11], [5, 10], [5, 9], [5, 8], [6, 8], [6, 7], [6, 6], [6, 5], [6, 4], [5, 4], [5, 3], [6, 3], [6, 2], [6, 1], [5, 1], [4, 1], [4, 2], [3, 2], [2, 2], [2, 3], [2, 4]]}
META {"type": "geom", "shape": "line", "group": "offpath", "data": [[14, 5, 14, 6], [14, 6, 14, 5], [9, 20, 10, 20], [9, 17, 9, 16], [9, 16, 9, 17], [9, 19, 9, 18], [9, 18, 9, 19], [9, 23, 10, 23], [4, 14, 4, 15], [4, 15, 4, 14], [6, 10, 6, 11], [6, 11, 6, 10], [2, 12, 2, 11], [2, 10, 2, 9], [2, 11, 2, 12], [2, 9, 2, 10], [10, 20, 9, 20], [10, 10, 11, 10], [10, 19, 10, 18], [10, 18, 10, 19], [10, 23, 9, 23], [13, 12, 13, 11], [13, 11, 13, 12], [13, 14, 12, 14], [12, 24, 11, 24], [12, 14, 13, 14], [12, 9, 11, 9], [11, 24, 12, 24], [11, 10, 10, 10], [11, 22, 11, 23], [11, 19, 11, 18], [11, 18, 11, 19], [11, 9, 12, 9], [11, 23, 11, 22]]}
