XXXXXXXXXXXXXXXXXXXXXXXXXXXXXXXX
X---}XXX-XX-XX-XX--XXX-X-X-X-X-X
XX-XXXXX---------XXXXX--------XX
X--XXXXX-------XXXXXXX----X----X
XX-XXXX--------XXXXXXX----X----X
XX--XXX----X-X-----XXX--X-X-X--X
X-------XXX-----------X-X------X
XX-XXX-XXXX-XXX-XXXXX-X-X---X-XX
XX-----XXXXX----------X--XXX---X
X-----XXXXXX------------XXXXXX-X
X-----XXXX--------------XXXXXX-X
XXX----XXXX--XX-----X---XXX{---X
XXXXXXXXXXXXXXXXXXXXXXXXXXXXXXXX
XXXXXXXXXXXXXXXXXXXXXXXXXXXXXXXX
X------------------------------X
XXXXXXXXXXXXXXXXXXXXXXXXXXXXXXXX
META {"type": "solver", "id": "pysat-rc2-boolonly", "objective": 0}
META {"type": "geom", "shape": "path", "group": "path", "data": [[11, 27, 11, 28], [11, 28, 11, 29], [11, 29, 11, 30], [11, 30, 10, 30], [10, 30, 9, 30], [9, 30, 8, 30], [8, 30, 8, 29], [8, 29, 7, 29], [7, 29, 6, 29], [6, 29, 6, 28], [6, 28, 6, 27], [6, 27, 5, 27], [5, 27, 4, 27], [4, 27, 4, 28], [4, 28, 3, 28], [3, 28, 2, 28], [2, 28, 2, 27], [2, 27, 2, 26], [2, 26, 2, 25], [2, 25, 2, 24], [2, 24, 3, 24], [3, 24, 3, 23], [3, 23, 3, 22], [3, 22, 4, 22], [4, 22, 4, 23], [4, 23, 5, 23], [5, 23, 6, 23], [6, 23, 7, 23], [7, 23, 8, 23], [8, 23, 9, 23], [9, 23, 10, 23], [10, 23, 11, 23], [11, 23, 11, 22], [11, 22, 11, 21], [11, 21, 10, 21], [10, 21, 10, 20], [10, 20, 9, 20], [9, 20, 9, 19], [9, 19, 9, 18], [9, 18, 10, 18], [10, 18, 11, 18], [11, 18, 11, 17], [11, 17, 11, 16], [11, 16, 10, 16], [10, 16, 10, 17], [10, 17, 9, 17], [9, 17, 9, 16], [9, 16, 9, 15], [9, 15, 8, 15], [8, 15, 7, 15], [7, 15, 6, 15], [6, 15, 6, 14], [6, 14, 5, 14], [5, 14, 4, 14], [4, 14, 4, 13], [4, 13, 3, 13], [3, 13, 3, 12], [3, 12, 3, 11], [3, 11, 2, 11], [2, 11, 2, 10], [2, 10, 2, 9], [2, 9, 3, 9], [3, 9, 4, 9], [4, 9, 4, 10], [4, 10, 5, 10], [5, 10, 5, 9], [5, 9, 5, 8], [5, 8, 4, 8], [4, 8, 4, 7], [4, 7, 5, 7], [5, 7, 6, 7], [6, 7, 6, 6], [6, 6, 7, 6], [7, 6, 8, 6], [8, 6, 8, 5], [8, 5, 8, 4], [8, 4, 8, 3], [8, 3, 8, 2], [8, 2, 7, 2], [7, 2, 6, 2], [6, 2, 6, 3], [6, 3, 5, 3], [5, 3, 5, 2], [5, 2, 4, 2], [4, 2, 3, 2], [3, 2, 2, 2], [2, 2, 1, 2], [1, 2, 1, 3], [1, 3, 1, 4]]}
META {"type": "geom", "shape": "tile", "group": "path", "data": [[11, 27], [11, 28], [11, 29], [11, 30], [10, 30], [9, 30], [8, 30], [8, 29], [7, 29], [6, 29], [6, 28], [6, 27], [5, 27], [4, 27], [4, 28], [3, 28], [2, 28], [2, 27], [2, 26], [2, 25], [2, 24], [3, 24], [3, 23], [3, 22], [4, 22], [4, 23], [5, 23], [6, 23], [7, 23], [8, 23], [9, 23], [10, 23], [11, 23], [11, 22], [11, 21], [10, 21], [10, 20], [9, 20], [9, 19], [9, 18], [10, 18], [11, 18], [11, 17], [11, 16], [10, 16], [10, 17], [9, 17], [9, 16], [9, 15], [8, 15], [7, 15], [6, 15], [6, 14], [5, 14], [4, 14], [4, 13], [3, 13], [3, 12], [3, 11], [2, 11], [2, 10], [2, 9], [3, 9], [4, 9], [4, 10], [5, 10], [5, 9], [5, 8], [4, 8], [4, 7], [5, 7], [6, 7], [6, 6], [7, 6], [8, 6], [8, 5], [8, 4], [8, 3], [8, 2], [7, 2], [6, 2], [6, 3], [5, 3], [5, 2], [4, 2], [3, 2], [2, 2], [1, 2], [1, 3], [1, 4]]}
META {"type": "geom", "shape": "line", "group": "offpath", "data": [[11, 5, 10, 5], [11, 3, 11, 4], [11, 4, 11, 3], [6, 25, 7, 25], [6, 5, 6, 4], [6, 11, 7, 11], [6, 26, 7, 26], [6, 4, 6, 5], [4, 25, 4, 24], [4, 30, 5, 30], [4, 24, 4, 25], [8, 14, 8, 13], [8, 18, 8, 17], [8, 13, 8, 14], [8, 17, 8, 18], [9, 2, 9, 3], [9, 3, 9, 2], [9, 4, 10, 4], [7, 25, 6, 25], [7, 11, 6, 11], [7, 26, 6, 26], [14, 2, 14, 3], [14, 5, 14, 4], [14, 9, 14, 8], [14, 6, 14, 7], [14, 28, 14, 27], [14, 27, 14, 28], [14, 3, 14, 2], [14, 8, 14, 9], [14, 4, 14, 5], [14, 7, 14, 6], [2, 14, 2, 13], [2, 13, 2, 14], [2, 22, 2, 23], [2, 23, 2, 22], [5, 30, 4, 30], [10, 2, 10, 3], [10, 5, 11, 5], [10, 3, 10, 2], [10, 4, 9, 4]]}
