XXXXXXXXXXXXXXXXXXXXXXXXXXXXXXXX
X--}XXX-------X----XX--XXXX----X
X-XXXXX-XXXXXX-XXXX-----XXXXXX-X
X-XXXXX------------XXXXXXXXXXXXX
X---XX-XXXX-XXX--X-XXXXXXXXXXXXX
X-----X-----XXX---X------XXXX--X
XXXXX-X-XXXXXXXXX--X-X-X-XXXX-XX
XXXXX-X-XXXXXXXXX-X--X--XXXXX--X
X--------------------X-XXXXX-X-X
XX---XX-------XXXX-----XXXXXXXXX
XXX-XXXX---X--XXXX-------XXXXXXX
XXX-XXXX---X-----------X-XXX{--X
X----------X-----------X-XXXXX-X
XX---------------------X-XXXXX-X
X--XX--------------------------X
XXXXXXXXXXXXXXXXXXXXXXXXXXXXXXXX
META {"type": "solver", "id": "pysat-rc2", "objective": 0}
META {"type": "geom", "shape": "path", "group": "path", "data": [[11, 28, 11, 29], [11, 29, 11, 30], [11, 30, 12, 30], [12, 30, 13, 30], [13, 30, 14, 30], [14, 30, 14, 29], [14, 29, 14, 28], [14, 28, 14, 27], [14, 27, 14, 26], [14, 26, 14, 25], [14, 25, 14, 24], [14, 24, 14, 23], [14, 23, 14, 22], [14, 22, 14, 21], [14, 21, 14, 20], [14, 20, 14, 19], [14, 19, 14, 18], [14, 18, 14, 17], [14, 17, 14, 16], [14, 16, 13, 16], [13, 16, 13, 15], [13, 15, 14, 15], [14, 15, 14, 14], [14, 14, 13, 14], [13, 14, 13, 13], [13, 13, 14, 13], [14, 13, 14, 12], [14, 12, 14, 11], [14, 11, 13, 11], [13, 11, 13, 10], [13, 10, 12, 10], [12, 10, 11, 10], [11, 10, 11, 9], [11, 9, 11, 8], [11, 8, 10, 8], [10, 8, 10, 9], [10, 9, 10, 10], [10, 10, 9, 10], [9, 10, 8, 10], [8, 10, 8, 9], [8, 9, 8, 8], [8, 8, 8, 7], [8, 7, 8, 6], [8, 6, 8, 5], [8, 5, 7, 5], [7, 5, 6, 5], [6, 5, 5, 5], [5, 5, 5, 4], [5, 4, 5, 3], [5, 3, 4, 3], [4, 3, 4, 2], [4, 2, 4, 1], [4, 1, 3, 1], [3, 1, 2, 1], [2, 1, 1, 1], [1, 1, 1, 2], [1, 2, 1, 3]]}
META {"type": "geom", "shape": "tile", "group": "path", "data": [[11, 28], [11, 29], [11, 30], [12, 30], [13, 30], [14, 30], [14, 29], [14, 28], [14, 27], [14, 26], [14, 25], [14, 24], [14, 23], [14, 22], [14, 21], [14, 20], [14, 19], [14, 18], [14, 17], [14, 16], [13, 16], [13, 15], [14, 15], [14, 14], [13, 14], [13, 13], [14, 13], [14, 12], [14, 11], [13, 11], [13, 10], [12, 10], [11, 10], [11, 9], [11, 8], [10, 8], [10, 9], [10, 10], [9, 10], [8, 10], [8, 9], [8, 8], [8, 7], [8, 6], [8, 5], [7, 5], [6, 5], [5, 5], [5, 4], [5, 3], [4, 3], [4, 2], [4, 1], [3, 1], [2, 1], [1, 1], [1, 2], [1, 3]]}
META {"type": "geom", "shape": "line", "group": "offpath", "data": [[4, 11, 5, 11], [4, 15, 5, 15], [14, 9, 13, 9], [14, 6, 14, 5], [14, 5, 13, 5], [14, 8, 14, 9], [6, 17, 5, 17], [6, 20, 5, 20], [6, 7, 5, 7], [1, 7, 1, 8], [1, 10, 1, 9], [1, 11, 1, 12], [1, 9, 1, 10], [1, 12, 1, 11], [1, 8, 1, 7], [5, 17, 6, 17], [5, 20, 6, 20], [5, 7, 6, 7], [5, 11, 4, 11], [5, 15, 4, 15], [3, 14, 3, 15], [3, 17, 3, 16], [3, 16, 3, 17], [3, 11, 3, 12], [3, 9, 3, 8], [3, 12, 3, 11], [3, 15, 3, 14], [3, 8, 3, 9], [7, 19, 8, 19], [9, 13, 8, 13], [9, 22, 9, 21], [9, 18, 10, 18], [9, 11, 9, 12], [9, 2, 9, 3], [9, 9, 9, 8], [9, 12, 9, 11], [9, 21, 9, 22], [9, 8, 9, 9], [9, 3, 9, 2], [13, 19, 13, 18], [13, 22, 13, 21], [13, 18, 13, 19], [13, 7, 12, 7], [13, 9, 13, 8], [13, 6, 14, 6], [13, 21, 13, 22], [13, 5, 13, 6], [13, 8, 14, 8], [13, 3, 13, 4], [13, 4, 13, 3], [10, 13, 9, 13], [10, 22, 10, 23], [10, 20, 10, 21], [10, 18, 11, 18], [10, 24, 11, 24], [10, 23, 10, 22], [10, 12, 10, 13], [10, 21, 10, 20], [11, 14, 11, 13], [11, 19, 11, 20], [11, 13, 11, 12], [11, 22, 11, 21], [11, 17, 12, 17], [11, 20, 12, 20], [11, 16, 11, 15], [11, 18, 11, 17], [11, 24, 10, 24], [11, 12, 10, 12], [11, 21, 11, 22], [11, 15, 11, 14], [11, 3, 12, 3], [8, 14, 8, 15], [8, 19, 7, 19], [8, 13, 8, 14], [8, 17, 8, 18], [8, 16, 8, 17], [8, 18, 9, 18], [8, 1, 8, 2], [8, 2, 8, 1], [8, 15, 8, 16], [12, 19, 11, 19], [12, 13, 12, 12], [12, 17, 12, 16], [12, 20, 12, 19], [12, 16, 11, 16], [12, 7, 13, 7], [12, 9, 12, 8], [12, 12, 12, 13], [12, 8, 12, 9], [12, 3, 11, 3]]}
