XXXXXXXXXXXXXXXXXXXXXXXXXXXXXXXX
X---}XXXXXX---X-XX-X-XX-XX-XXXXX
X-XXXXXXXXXXXX-X--X-X--X-------X
X-XXXXXXXXXXXX--XXXXXXXXXX--XXXX
X----XXX--------XXXXXXXXXX--XXXX
X----XXX-XX-X--------------X---X
XX---XXXXXXX-XXXX----------X-X-X
X--X-XXXXXXX-----X-XXXXX---X-X-X
X-----------XXX-X-X------XX--X-X
X---------XXXXXXXXXXX--XXXXXX-XX
X---XXXX--XXXXXXXXXXX--XXXXXX-XX
XX--------XXXX---------XXXX{---X
X----------XX----------XXXXXX-XX
XX-XXX------------------XXXXX--X
X------XX----------------------X
XXXXXXXXXXXXXXXXXXXXXXXXXXXXXXXX
META {"type": "solver", "id": "pysat-rc2", "objective": 0}
META {"type": "geom", "shape": "path", "group": "path", "data": [[11, 27, 11, 28], [11, 28, 11, 29], [11, 29, 12, 29], [12, 29, 13, 29], [13, 29, 13, 30], [13, 30, 14, 30], [14, 30, 14, 29], [14, 29, 14, 28], [14, 28, 14, 27], [14, 27, 14, 26], [14, 26, 14, 25], [14, 25, 14, 24], [14, 24, 14, 23], [14, 23, 14, 22], [14, 22, 13, 22], [13, 22, 12, 22], [12, 22, 11, 22], [11, 22, 11, 21], [11, 21, 11, 20], [11, 20, 11, 19], [11, 19, 11, 18], [11, 18, 12, 18], [12, 18, 12, 19], [12, 19, 13, 19], [13, 19, 14, 19], [14, 19, 14, 18], [14, 18, 14, 17], [14, 17, 14, 16], [14, 16, 14, 15], [14, 15, 14, 14], [14, 14, 14, 13], [14, 13, 14, 12], [14, 12, 14, 11], [14, 11, 13, 11], [13, 11, 13, 10], [13, 10, 13, 9], [13, 9, 13, 8], [13, 8, 13, 7], [13, 7, 13, 6], [13, 6, 12, 6], [12, 6, 11, 6], [11, 6, 11, 7], [11, 7, 11, 8], [11, 8, 11, 9], [11, 9, 10, 9], [10, 9, 9, 9], [9, 9, 8, 9], [8, 9, 8, 8], [8, 8, 9, 8], [9, 8, 9, 7], [9, 7, 8, 7], [8, 7, 8, 6], [8, 6, 8, 5], [8, 5, 8, 4], [8, 4, 8, 3], [8, 3, 9, 3], [9, 3, 9, 2], [9, 2, 9, 1], [9, 1, 8, 1], [8, 1, 7, 1], [7, 1, 7, 2], [7, 2, 6, 2], [6, 2, 5, 2], [5, 2, 5, 1], [5, 1, 4, 1], [4, 1, 3, 1], [3, 1, 2, 1], [2, 1, 1, 1], [1, 1, 1, 2], [1, 2, 1, 3], [1, 3, 1, 4]]}
META {"type": "geom", "shape": "tile", "group": "path", "data": [[11, 27], [11, 28], [11, 29], [12, 29], [13, 29], [13, 30], [14, 30], [14, 29], [14, 28], [14, 27], [14, 26], [14, 25], [14, 24], [14, 23], [14, 22], [13, 22], [12, 22], [11, 22], [11, 21], [11, 20], [11, 19], [11, 18], [12, 18], [12, 19], [13, 19], [14, 19], [14, 18], [14, 17], [14, 16], [14, 15], [14, 14], [14, 13], [14, 12], [14, 11], [13, 11], [13, 10], [13, 9], [13, 8], [13, 7], [13, 6], [12, 6], [11, 6], [11, 7], [11, 8], [11, 9], [10, 9], [9, 9], [8, 9], [8, 8], [9, 8], [9, 7], [8, 7], [8, 6], [8, 5], [8, 4], [8, 3], [9, 3], [9, 2], [9, 1], [8, 1], [7, 1], [7, 2], [6, 2], [5, 2], [5, 1], [4, 1], [3, 1], [2, 1], [1, 1], [1, 2], [1, 3], [1, 4]]}
META {"type": "geom", "shape": "line", "group": "offpath", "data": [[5, 24, 5, 23], [5, 26, 6, 26], [5, 20, 6, 20], [5, 16, 5, 15], [5, 19, 5, 20], [5, 18, 6, 18], [5, 15, 5, 16], [5, 4, 6, 4], [5, 23, 5, 24], [5, 3, 5, 4], [5, 25, 5, 26], [4, 26, 3, 26], [4, 2, 4, 3], [4, 3, 4, 2], [9, 22, 8, 22], [9, 21, 8, 21], [2, 26, 2, 25], [2, 25, 2, 26], [7, 24, 8, 24], [7, 26, 7, 25], [7, 25, 7, 26], [13, 17, 13, 18], [13, 13, 13, 14], [13, 14, 13, 13], [13, 18, 13, 17], [13, 2, 14, 2], [11, 17, 12, 17], [11, 16, 11, 17], [11, 15, 11, 16], [8, 10, 8, 11], [8, 24, 7, 24], [8, 22, 9, 22], [8, 11, 8, 10], [8, 21, 9, 21], [14, 10, 14, 9], [14, 9, 14, 10], [14, 20, 14, 21], [14, 2, 13, 2], [14, 4, 14, 3], [14, 21, 14, 20], [14, 3, 14, 4], [3, 26, 4, 26], [6, 26, 6, 25], [6, 20, 6, 19], [6, 22, 6, 21], [6, 19, 5, 19], [6, 18, 5, 18], [6, 4, 6, 3], [6, 21, 6, 22], [6, 3, 5, 3], [6, 25, 5, 25], [12, 17, 12, 16], [12, 9, 12, 8], [12, 20, 12, 21], [12, 16, 12, 15], [12, 15, 11, 15], [12, 21, 12, 20], [12, 8, 12, 9]]}
