XXXXXXXXXXXXXXXXXXXXXXXXXXXXXXXX
XX--}XXX-XXXX-X--X-XXX-XXXX-XX-X
X--XXXXXX-XXXX-XX--XXX--XXXX--XX
XX-XXXXXX-XXXX-XX-XXXXXXXXXX-XXX
X---------XXXX---XXXXXXXXXX--XXX
X-X-XXXXX--XX--X-XXXX---XX-----X
X-X------XX--XX-X-XX------X--X-X
X-X-XXXXXXXX-XX-X---XXXXXX--X-XX
XX--XXXXXXXX----X---------XX-X-X
X--X-----XXX----X--------XXXXXXX
XX-X-X---XXX-------------XXXXXXX
X--X-X--------XX-X--X----XXX{--X
XX---X--XXXX-XXXXXXXXXXXXXXXXX-X
X----X-------XXXXXXXXXXXXXXXXX-X
X------------------------------X
XXXXXXXXXXXXXXXXXXXXXXXXXXXXXXXX
META {"type": "solver", "id": "pysat-rc2", "objective": 0}
META {"type": "geom", "shape": "path", "group": "path", "data": [[11, 28, 11, 29], [11, 29, 11, 30], [11, 30, 12, 30], [12, 30, 13, 30], [13, 30, 14, 30], [14, 30, 14, 29], [14, 29, 14, 28], [14, 28, 14, 27], [14, 27, 14, 26], [14, 26, 14, 25], [14, 25, 14, 24], [14, 24, 14, 23], [14, 23, 14, 22], [14, 22, 14, 21], [14, 21, 14, 20], [14, 20, 14, 19], [14, 19, 14, 18], [14, 18, 14, 17], [14, 17, 14, 16], [14, 16, 14, 15], [14, 15, 14, 14], [14, 14, 14, 13], [14, 13, 14, 12], [14, 12, 14, 11], [14, 11, 14, 10], [14, 10, 14, 9], [14, 9, 14, 8], [14, 8, 14, 7], [14, 7, 14, 6], [14, 6, 14, 5], [14, 5, 14, 4], [14, 4, 13, 4], [13, 4, 13, 3], [13, 3, 14, 3], [14, 3, 14, 2], [14, 2, 13, 2], [13, 2, 12, 2], [12, 2, 11, 2], [11, 2, 10, 2], [10, 2, 9, 2], [9, 2, 8, 2], [8, 2, 8, 3], [8, 3, 7, 3], [7, 3, 6, 3], [6, 3, 5, 3], [5, 3, 4, 3], [4, 3, 4, 2], [4, 2, 3, 2], [3, 2, 2, 2], [2, 2, 1, 2], [1, 2, 1, 3], [1, 3, 1, 4]]}
META {"type": "geom", "shape": "tile", "group": "path", "data": [[11, 28], [11, 29], [11, 30], [12, 30], [13, 30], [14, 30], [14, 29], [14, 28], [14, 27], [14, 26], [14, 25], [14, 24], [14, 23], [14, 22], [14, 21], [14, 20], [14, 19], [14, 18], [14, 17], [14, 16], [14, 15], [14, 14], [14, 13], [14, 12], [14, 11], [14, 10], [14, 9], [14, 8], [14, 7], [14, 6], [14, 5], [14, 4], [13, 4], [13, 3], [14, 3], [14, 2], [13, 2], [12, 2], [11, 2], [10, 2], [9, 2], [8, 2], [8, 3], [7, 3], [6, 3], [5, 3], [4, 3], [4, 2], [3, 2], [2, 2], [1, 2], [1, 3], [1, 4]]}
META {"type": "geom", "shape": "line", "group": "offpath", "data": [[13, 6, 13, 7], [13, 7, 13, 6], [7, 18, 8, 18], [7, 17, 7, 18], [11, 4, 10, 4], [11, 21, 10, 21], [9, 4, 9, 5], [9, 6, 10, 6], [9, 5, 9, 4], [9, 24, 8, 24], [9, 19, 8, 19], [9, 7, 9, 8], [9, 8, 9, 7], [10, 4, 11, 4], [10, 6, 9, 6], [10, 21, 11, 21], [5, 1, 6, 1], [5, 10, 5, 9], [5, 9, 5, 10], [8, 22, 8, 21], [8, 18, 8, 17], [8, 17, 7, 17], [8, 24, 9, 24], [8, 19, 9, 19], [8, 21, 8, 22], [6, 25, 6, 24], [6, 1, 5, 1], [6, 24, 6, 25], [4, 6, 4, 7], [4, 7, 4, 6]]}
