XXXXXXXXXXXXXXXX
XX0------XX---1X
XXXXXXX--XX--XXX
XXXXXXXX-----XXX
X---XXXXX--X---X
X----XXXX--X---X
XX----XX---X--XX
X---X---XXX-X--X
XX-----------X-X
X---XX--XXX---XX
XX-XXXXXXXX-XX-X
X--XXXXXXXX-XX-X
XXX--------XXXXX
XXX--------XXXXX
X2------------3X
XXXXXXXXXXXXXXXX
META {"type": "solver", "id": "pysat-rc2", "objective": 0}
META {"type": "geom", "shape": "path", "group": "path", "data": [[1, 2, 1, 3], [1, 3, 1, 4], [1, 4, 1, 5], [1, 5, 1, 6], [1, 6, 1, 7], [1, 7, 2, 7], [2, 7, 2, 8], [2, 8, 3, 8], [3, 8, 3, 9], [3, 9, 3, 10], [3, 10, 3, 11], [3, 11, 2, 11], [2, 11, 2, 12], [2, 12, 1, 12], [1, 12, 1, 13], [1, 13, 1, 14]]}
META {"type": "geom", "shape": "tile", "group": "path", "data": [[1, 2], [1, 3], [1, 4], [1, 5], [1, 6], [1, 7], [2, 7], [2, 8], [3, 8], [3, 9], [3, 10], [3, 11], [2, 11], [2, 12], [1, 12], [1, 13], [1, 14]]}
META {"type": "geom", "shape": "line", "group": "offpath", "data": [[6, 9, 5, 9], [4, 12, 5, 12], [4, 14, 5, 14], [4, 10, 5, 10], [5, 12, 4, 12], [5, 14, 4, 14], [5, 9, 6, 9], [5, 10, 4, 10]]}
META {"type": "geom", "shape": "path", "group": "path", "data": [[14, 1, 14, 2], [14, 2, 14, 3], [14, 3, 13, 3], [13, 3, 13, 4], [13, 4, 13, 5], [13, 5, 12, 5], [12, 5, 12, 6], [12, 6, 13, 6], [13, 6, 13, 7], [13, 7, 13, 8], [13, 8, 13, 9], [13, 9, 13, 10], [13, 10, 14, 10], [14, 10, 14, 11], [14, 11, 14, 12], [14, 12, 14, 13], [14, 13, 14, 14]]}
META {"type": "geom", "shape": "tile", "group": "path", "data": [[14, 1], [14, 2], [14, 3], [13, 3], [13, 4], [13, 5], [12, 5], [12, 6], [13, 6], [13, 7], [13, 8], [13, 9], [13, 10], [14, 10], [14, 11], [14, 12], [14, 13], [14, 14]]}
META {"type": "geom", "shape": "line", "group": "offpath", "data": [[14, 5, 14, 6], [14, 6, 14, 5]]}
