XXXXXXXXXXXXXXXX
X0--X--X--X---1X
XXX----------XXX
XXX------XXX-XXX
X--X-XX-X----XXX
XXXXXXXXXXXXX-XX
XXXXXXXXXXXXX-XX
X-------------XX
X---XXX-----XX-X
XX----------XX-X
X-X-XX-X------XX
X---XX--X--X--XX
XXX-----X----XXX
XXX-----X----XXX
X2------------3X
XXXXXXXXXXXXXXXX
META {"type": "solver", "id": "pysat-rc2", "objective": 0}
META {"type": "geom", "shape": "path", "group": "path", "data": [[1, 1, 1, 2], [1, 2, 1, 3], [1, 3, 2, 3], [2, 3, 2, 4], [2, 4, 2, 5], [2, 5, 2, 6], [2, 6, 2, 7], [2, 7, 2, 8], [2, 8, 2, 9], [2, 9, 2, 10], [2, 10, 2, 11], [2, 11, 2, 12], [2, 12, 1, 12], [1, 12, 1, 13], [1, 13, 1, 14]]}
META {"type": "geom", "shape": "tile", "group": "path", "data": [[1, 1], [1, 2], [1, 3], [2, 3], [2, 4], [2, 5], [2, 6], [2, 7], [2, 8], [2, 9], [2, 10], [2, 11], [2, 12], [1, 12], [1, 13], [1, 14]]}
META {"type": "geom", "shape": "line", "group": "offpath", "data": [[9, 2, 8, 2], [9, 4, 9, 5], [9, 6, 9, 7], [9, 7, 9, 8], [9, 5, 9, 6], [9, 8, 10, 8], [9, 3, 9, 4], [9, 9, 8, 9], [12, 11, 13, 11], [12, 4, 12, 3], [12, 6, 12, 5], [12, 7, 12, 6], [12, 5, 12, 4], [12, 12, 12, 11], [12, 3, 11, 3], [7, 2, 7, 3], [7, 4, 7, 5], [7, 10, 7, 9], [7, 7, 8, 7], [7, 5, 7, 4], [7, 3, 7, 2], [7, 9, 7, 10], [11, 10, 10, 10], [11, 12, 12, 12], [11, 3, 10, 3], [11, 9, 11, 10], [13, 11, 13, 12], [13, 4, 14, 4], [13, 6, 13, 5], [13, 10, 13, 9], [13, 7, 12, 7], [13, 5, 13, 4], [13, 12, 14, 12], [13, 9, 14, 9], [10, 11, 10, 12], [10, 10, 10, 11], [10, 12, 11, 12], [10, 8, 10, 9], [10, 3, 9, 3], [10, 9, 11, 9], [8, 2, 9, 2], [8, 7, 7, 7], [8, 9, 9, 9], [14, 11, 14, 10], [14, 4, 14, 5], [14, 6, 13, 6], [14, 10, 13, 10], [14, 7, 13, 7], [14, 5, 14, 6], [14, 12, 14, 11], [14, 8, 14, 7], [14, 9, 14, 8]]}
META {"type": "geom", "shape": "path", "group": "path", "data": [[14, 1, 14, 2], [14, 2, 14, 3], [14, 3, 13, 3], [13, 3, 13, 4], [13, 4, 12, 4], [12, 4, 12, 5], [12, 5, 12, 6], [12, 6, 13, 6], [13, 6, 13, 7], [13, 7, 14, 7], [14, 7, 14, 8], [14, 8, 14, 9], [14, 9, 13, 9], [13, 9, 13, 10], [13, 10, 14, 10], [14, 10, 14, 11], [14, 11, 14, 12], [14, 12, 14, 13], [14, 13, 14, 14]]}
META {"type": "geom", "shape": "tile", "group": "path", "data": [[14, 1], [14, 2], [14, 3], [13, 3], [13, 4], [12, 4], [12, 5], [12, 6], [13, 6], [13, 7], [14, 7], [14, 8], [14, 9], [13, 9], [13, 10], [14, 10], [14, 11], [14, 12], [14, 13], [14, 14]]}
META {"type": "geom", "shape": "line", "group": "offpath", "data": [[9, 11, 8, 11], [9, 10, 10, 10], [9, 8, 10, 8], [9, 9, 9, 10], [12, 11, 12, 12], [12, 10, 12, 11], [12, 7, 11, 7], [12, 12, 11, 12], [7, 11, 7, 10], [7, 10, 7, 9], [7, 9, 8, 9], [11, 10, 12, 10], [11, 7, 12, 7], [11, 12, 10, 12], [10, 11, 9, 11], [10, 10, 11, 10], [10, 12, 10, 11], [10, 8, 10, 9], [10, 9, 9, 9], [8, 11, 7, 11], [8, 8, 9, 8], [8, 9, 8, 8], [14, 6, 14, 5], [14, 5, 14, 6]]}
