XXXXXXXXXXXXXXXX
----------------
-}--------------
XXXX---------XXX
XXXX-XX------XXX
-----XX-XX------
XX------XX------
XX------XX---XX-
--------XX---XX-
XXXXX---XX------
XXXXX---XX------
------XXXXXX----
------XXXXXX----
--------------XX
-----------XX-XX
------{----XX---
-----XXXX-------
-----XXXX-------
----------------
XXXXXXXXXXXXXXXX
META {"type": "solver", "id": "pysat-rc2-boolonly", "objective": 0}
META {"type": "geom", "shape": "path", "group": "path", "data": [[15, 6, 15, 7], [15, 7, 15, 8], [15, 8, 13, 11], [13, 11, 13, 12], [13, 12, 12, 14], [12, 14, 10, 10], [10, 10, 6, 10], [6, 10, 5, 11], [5, 11, 6, 12], [6, 12, 7, 11], [7, 11, 8, 10], [8, 10, 5, 13], [5, 13, 6, 14], [6, 14, 6, 13], [6, 13, 4, 8], [4, 8, 2, 3], [2, 3, 2, 2], [2, 2, 2, 1]]}
META {"type": "geom", "shape": "tile", "group": "path", "data": [[15, 6], [15, 7], [15, 8], [15, 9], [14, 9], [14, 10], [13, 10], [13, 11], [13, 12], [13, 13], [12, 13], [12, 14], [12, 13], [11, 13], [11, 12], [10, 12], [10, 11], [10, 10], [9, 10], [8, 10], [7, 10], [6, 10], [6, 11], [5, 11], [6, 11], [6, 12], [7, 12], [7, 11], [8, 11], [8, 10], [8, 11], [7, 11], [7, 12], [6, 12], [6, 13], [5, 13], [6, 13], [6, 14], [6, 13], [6, 12], [5, 12], [5, 11], [4, 11], [4, 10], [4, 9], [4, 8], [4, 7], [3, 7], [3, 6], [2, 6], [2, 5], [2, 4], [2, 3], [2, 2], [2, 1]]}
META {"type": "geom", "shape": "line", "group": "offpath", "data": [[9, 5, 10, 6], [13, 3, 14, 4], [3, 6, 1, 8], [3, 5, 2, 4], [15, 5, 13, 3], [5, 12, 6, 11], [5, 7, 6, 6], [5, 3, 6, 4], [10, 7, 5, 7], [10, 6, 10, 7], [8, 7, 5, 3], [8, 5, 9, 5], [8, 4, 7, 5], [8, 2, 8, 3], [8, 3, 8, 2], [18, 12, 18, 13], [18, 7, 18, 6], [18, 13, 18, 12], [18, 6, 18, 7], [18, 2, 18, 1], [18, 1, 18, 2], [7, 10, 5, 12], [7, 6, 8, 7], [7, 5, 8, 4], [7, 4, 8, 5], [14, 4, 15, 5], [6, 6, 7, 6], [6, 4, 7, 4], [6, 11, 7, 10], [2, 7, 3, 6], [2, 4, 3, 5], [1, 8, 2, 7]]}
