XXXXXXXXXXXXXXXX
----------------
-----}----XXX---
----XXX---XXX-XX
----XXX-------XX
XX--------------
XX--------------
----XX--XX-XXXXX
----XX--XX-XXXXX
XX--------------
XX-XX-----------
---XX-XX------XX
------XX------XX
------------XX--
------------XX--
--XXXXXXX---XX--
--XXXXXXX---XX--
------------XX--
---------{--XX--
XXXXXXXXXXXXXXXX
META {"type": "solver", "id": "pysat-rc2", "objective": 0}
META {"type": "geom", "shape": "path", "group": "path", "data": [[18, 9, 18, 10], [18, 10, 18, 11], [18, 11, 15, 11], [15, 11, 14, 9], [14, 9, 15, 10], [15, 10, 16, 11], [16, 11, 14, 8], [14, 8, 12, 12], [12, 12, 10, 7], [10, 7, 10, 6], [10, 6, 9, 4], [9, 4, 9, 3], [9, 3, 7, 1], [7, 1, 8, 1], [8, 1, 6, 4], [6, 4, 4, 1], [4, 1, 2, 5]]}
META {"type": "geom", "shape": "tile", "group": "path", "data": [[18, 9], [18, 10], [18, 11], [17, 11], [16, 11], [15, 11], [15, 10], [14, 10], [14, 9], [15, 9], [15, 10], [16, 10], [16, 11], [16, 10], [15, 10], [15, 9], [14, 9], [14, 8], [14, 9], [13, 9], [13, 10], [12, 10], [12, 11], [12, 12], [12, 11], [11, 11], [11, 10], [10, 10], [10, 9], [10, 8], [10, 7], [10, 6], [10, 5], [9, 5], [9, 4], [9, 3], [9, 2], [8, 2], [8, 1], [7, 1], [8, 1], [8, 2], [7, 2], [7, 3], [6, 3], [6, 4], [6, 3], [5, 3], [5, 2], [4, 2], [4, 1], [4, 2], [3, 2], [3, 3], [2, 3], [2, 4], [2, 5]]}
META {"type": "geom", "shape": "line", "group": "offpath", "data": [[1, 13, 2, 14], [1, 11, 1, 10], [1, 12, 1, 13], [1, 10, 1, 11], [12, 13, 11, 13], [18, 5, 18, 6], [18, 6, 18, 5], [18, 2, 18, 3], [18, 8, 18, 7], [18, 3, 18, 2], [18, 7, 18, 8], [6, 13, 6, 14], [6, 5, 5, 7], [6, 9, 4, 12], [6, 11, 4, 8], [6, 14, 6, 13], [6, 12, 6, 11], [6, 8, 5, 6], [2, 14, 1, 12], [5, 6, 6, 5], [5, 9, 6, 9], [5, 11, 6, 12], [5, 7, 6, 8], [11, 13, 12, 13], [4, 12, 5, 11], [4, 8, 5, 9]]}
