XXXXXXXXXXXXXXXX
----------------
---------XX--}--
------XX-XX-XXXX
--XX--XX----XXXX
--XX----XX------
XX------XX------
XX------XX------
--------XX------
-XX-----XX------
-XX-----XX------
----XXXXXXXXXXXX
----XXXXXXXXXXXX
XX--------------
XX-XX-----------
---XX----{---XXX
-------XXXXX-XXX
-------XXXXX----
----------------
XXXXXXXXXXXXXXXX
META {"type": "solver", "id": "pysat-rc2-boolonly", "objective": 0}
META {"type": "geom", "shape": "path", "group": "path", "data": [[15, 9, 15, 8], [15, 8, 15, 7], [15, 7, 13, 4], [13, 4, 13, 3], [13, 3, 11, 1], [11, 1, 12, 1], [12, 1, 10, 6], [10, 6, 10, 7], [10, 7, 6, 7], [6, 7, 3, 3], [3, 3, 1, 8], [1, 8, 2, 7], [2, 7, 1, 9], [1, 9, 1, 10], [1, 10, 1, 11], [1, 11, 2, 12], [2, 12, 2, 13]]}
META {"type": "geom", "shape": "tile", "group": "path", "data": [[15, 9], [15, 8], [15, 7], [15, 6], [14, 6], [14, 5], [13, 5], [13, 4], [13, 3], [13, 2], [12, 2], [12, 1], [11, 1], [12, 1], [12, 2], [11, 2], [11, 3], [10, 3], [10, 4], [10, 5], [10, 6], [10, 7], [9, 7], [8, 7], [7, 7], [6, 7], [6, 6], [5, 6], [5, 5], [4, 5], [4, 4], [3, 4], [3, 3], [3, 4], [2, 4], [2, 5], [1, 5], [1, 6], [1, 7], [1, 8], [2, 8], [2, 7], [2, 8], [1, 8], [1, 9], [1, 10], [1, 11], [2, 11], [2, 12], [2, 13]]}
META {"type": "geom", "shape": "line", "group": "offpath", "data": [[9, 3, 10, 4], [18, 3, 18, 2], [18, 4, 18, 5], [18, 10, 18, 11], [18, 8, 18, 9], [18, 0, 18, 1], [18, 5, 18, 4], [18, 6, 18, 7], [18, 9, 18, 8], [18, 7, 18, 6], [18, 12, 18, 13], [18, 2, 18, 3], [18, 11, 18, 10], [18, 13, 18, 12], [18, 1, 18, 0], [15, 11, 14, 13], [1, 5, 2, 6], [3, 2, 2, 1], [13, 11, 14, 10], [2, 6, 1, 5], [2, 1, 3, 2], [5, 0, 5, 1], [5, 1, 5, 0], [10, 4, 9, 3], [7, 3, 8, 2], [7, 6, 8, 7], [14, 15, 14, 14], [14, 10, 15, 11], [14, 14, 14, 15], [14, 13, 13, 11], [8, 7, 7, 6], [8, 2, 7, 3]]}
