XXXXXXXXXXXXXXXX
----------------
-}--------------
XXX--XX-------XX
XXX--XX--XX---XX
-----XX--XX-----
-----XX---------
---XXXXXX-------
XX-XXXXXX-------
XX---------XXX--
-----------XXX--
XX-----XX-------
XX-----XX-------
------------XXXX
---------XX-XXXX
--{------XX-----
XXXXX-XXXXXXXX--
XXXXX-XXXXXXXX--
----------------
XXXXXXXXXXXXXXXX
META {"type": "solver", "id": "pysat-rc2-boolonly", "objective": 0}
META {"type": "geom", "shape": "path", "group": "path", "data": [[15, 2, 15, 3], [15, 3, 15, 4], [15, 4, 13, 9], [13, 9, 13, 10], [13, 10, 11, 12], [11, 12, 12, 12], [12, 12, 10, 8], [10, 8, 8, 13], [8, 13, 8, 12], [8, 12, 8, 11], [8, 11, 6, 8], [6, 8, 6, 7], [6, 7, 4, 7], [4, 7, 1, 11], [1, 11, 2, 11], [2, 11, 3, 10], [3, 10, 3, 9], [3, 9, 1, 6], [1, 6, 2, 6], [2, 6, 2, 5], [2, 5, 1, 3], [1, 3, 2, 2], [2, 2, 2, 1]]}
META {"type": "geom", "shape": "tile", "group": "path", "data": [[15, 2], [15, 3], [15, 4], [15, 5], [14, 5], [14, 6], [13, 6], [13, 7], [13, 8], [13, 9], [13, 10], [13, 11], [12, 11], [12, 12], [11, 12], [12, 12], [12, 11], [11, 11], [11, 10], [10, 10], [10, 9], [10, 8], [10, 9], [9, 9], [9, 10], [8, 10], [8, 11], [8, 12], [8, 13], [8, 12], [8, 11], [8, 10], [7, 10], [7, 9], [6, 9], [6, 8], [6, 7], [5, 7], [4, 7], [4, 8], [3, 8], [3, 9], [2, 9], [2, 10], [1, 10], [1, 11], [2, 11], [3, 11], [3, 10], [3, 9], [3, 8], [2, 8], [2, 7], [1, 7], [1, 6], [2, 6], [2, 5], [2, 4], [1, 4], [1, 3], [2, 3], [2, 2], [2, 1]]}
META {"type": "geom", "shape": "line", "group": "offpath", "data": [[6, 4, 6, 3], [6, 3, 6, 4], [18, 2, 18, 1], [18, 1, 18, 2], [18, 10, 18, 9], [18, 9, 18, 10], [14, 11, 15, 11], [15, 1, 15, 0], [15, 0, 15, 1], [15, 11, 14, 11]]}
