XXXXXXXXXXXXXXXX
----------------
--------------}-
XXX----------XXX
XXX----------XXX
-----XX-XX------
-----XX-XX------
XXX-----XX------
XXX-XXX-XX------
----XXX-XX------
--------XX------
-----XXXXXXX----
-----XXXXXXX----
XXX-------------
XXX-------------
-----XX-XX---{--
-----XX-XX-XXXXX
-----------XXXXX
----------------
XXXXXXXXXXXXXXXX
META {"type": "solver", "id": "pysat-rc2-boolonly", "objective": 0}
META {"type": "geom", "shape": "path", "group": "path", "data": [[15, 13, 15, 12], [15, 12, 15, 11], [15, 11, 13, 6], [13, 6, 14, 5], [14, 5, 12, 2], [12, 2, 10, 5], [10, 5, 10, 6], [10, 6, 10, 7], [10, 7, 5, 7], [5, 7, 6, 7], [6, 7, 7, 6], [7, 6, 7, 5], [7, 5, 7, 4], [7, 4, 5, 1], [5, 1, 6, 0], [6, 0, 6, 1], [6, 1, 6, 2], [6, 2, 4, 5], [4, 5, 4, 6], [4, 6, 2, 9], [2, 9, 3, 9], [3, 9, 4, 8], [4, 8, 4, 9], [4, 9, 2, 13], [2, 13, 2, 14]]}
META {"type": "geom", "shape": "tile", "group": "path", "data": [[15, 13], [15, 12], [15, 11], [15, 10], [14, 10], [14, 9], [13, 9], [13, 8], [13, 7], [13, 6], [14, 6], [14, 5], [14, 4], [13, 4], [13, 3], [12, 3], [12, 2], [12, 3], [11, 3], [11, 4], [10, 4], [10, 5], [10, 6], [10, 7], [9, 7], [8, 7], [7, 7], [6, 7], [5, 7], [6, 7], [7, 7], [7, 6], [7, 5], [7, 4], [7, 3], [6, 3], [6, 2], [5, 2], [5, 1], [6, 1], [6, 0], [6, 1], [6, 2], [6, 3], [5, 3], [5, 4], [4, 4], [4, 5], [4, 6], [4, 7], [3, 7], [3, 8], [2, 8], [2, 9], [3, 9], [4, 9], [4, 8], [4, 9], [4, 10], [3, 10], [3, 11], [2, 11], [2, 12], [2, 13], [2, 14]]}
META {"type": "geom", "shape": "line", "group": "offpath", "data": [[6, 11, 7, 10], [15, 14, 15, 15], [15, 15, 15, 14], [18, 8, 18, 9], [18, 9, 18, 8], [18, 3, 18, 2], [18, 2, 18, 3], [14, 8, 14, 9], [14, 9, 14, 8], [10, 11, 9, 12], [9, 12, 10, 11], [12, 1, 12, 0], [12, 0, 12, 1], [7, 10, 6, 11]]}
