XXXXXXXXXXXXXXXX
----------------
-}--------------
XXXX------------
XXXX-XXX--------
-----XXX-XXX----
---------XXX----
--------------XX
-XX-------XXX-XX
-XX-------XXX---
----XXX-XX----XX
----XXX-XX----XX
XX--------------
XX----XX--------
------XX--------
------XX--------
XX----XX--------
XX----XX--------
---{--XX--------
XXXXXXXXXXXXXXXX
META {"type": "solver", "id": "pysat-rc2-boolonly", "objective": 0}
META {"type": "geom", "shape": "path", "group": "path", "data": [[18, 3, 18, 4], [18, 4, 18, 5], [18, 5, 16, 5], [16, 5, 17, 5], [17, 5, 14, 1], [14, 1, 15, 1], [15, 1, 13, 5], [13, 5, 14, 5], [14, 5, 11, 1], [11, 1, 9, 6], [9, 6, 7, 11], [7, 11, 7, 12], [7, 12, 5, 14], [5, 14, 6, 14], [6, 14, 4, 9], [4, 9, 2, 6], [2, 6, 3, 6], [3, 6, 3, 5], [3, 5, 2, 3], [2, 3, 2, 2], [2, 2, 2, 1]]}
META {"type": "geom", "shape": "tile", "group": "path", "data": [[18, 3], [18, 4], [18, 5], [17, 5], [16, 5], [17, 5], [17, 4], [16, 4], [16, 3], [15, 3], [15, 2], [14, 2], [14, 1], [15, 1], [15, 2], [14, 2], [14, 3], [13, 3], [13, 4], [13, 5], [14, 5], [14, 4], [13, 4], [13, 3], [12, 3], [12, 2], [11, 2], [11, 1], [11, 2], [10, 2], [10, 3], [9, 3], [9, 4], [9, 5], [9, 6], [9, 7], [8, 7], [8, 8], [7, 8], [7, 9], [7, 10], [7, 11], [7, 12], [7, 13], [6, 13], [6, 14], [5, 14], [6, 14], [6, 13], [5, 13], [5, 12], [4, 12], [4, 11], [4, 10], [4, 9], [4, 8], [3, 8], [3, 7], [2, 7], [2, 6], [3, 6], [3, 5], [3, 4], [2, 4], [2, 3], [2, 2], [2, 1]]}
META {"type": "geom", "shape": "line", "group": "offpath", "data": [[4, 11, 4, 10], [4, 10, 4, 11], [3, 7, 2, 8], [9, 9, 8, 9], [9, 8, 7, 6], [9, 4, 9, 5], [9, 5, 9, 4], [16, 9, 17, 10], [16, 8, 17, 8], [2, 8, 3, 7], [7, 6, 8, 7], [7, 2, 6, 3], [15, 10, 16, 9], [6, 3, 7, 2], [18, 9, 18, 8], [18, 11, 18, 10], [18, 8, 16, 8], [18, 13, 18, 12], [18, 0, 18, 1], [18, 12, 18, 13], [18, 1, 18, 0], [18, 10, 18, 11], [17, 8, 15, 10], [17, 10, 18, 9], [8, 9, 9, 9], [8, 7, 9, 8]]}
