XXXXXXXXXXXXXXXX
----------------
----XXXXXXXX--}-
----XXXXXXXX-XXX
XX-----------XXX
XX--------------
----XX----------
----XX----------
XX-------XXX----
XX-------XXX--XX
-----XX-------XX
-----XX---------
XX-----------XX-
XX--------XX-XX-
-----XXX--XX----
-----XXX--XX----
XXXXX-----XX----
XXXXX-----XX----
-------{--XX----
XXXXXXXXXXXXXXXX
META {"type": "solver", "id": "pysat-rc2", "objective": 0}
META {"type": "geom", "shape": "path", "group": "path", "data": [[18, 7, 18, 8], [18, 8, 18, 9], [18, 9, 14, 9], [14, 9, 12, 6], [12, 6, 13, 6], [13, 6, 13, 5], [13, 5, 11, 1], [11, 1, 9, 5], [9, 5, 7, 0], [7, 0, 7, 1], [7, 1, 5, 4], [5, 4, 3, 0], [3, 0, 3, 1], [3, 1, 1, 6], [1, 6, 1, 7], [1, 7, 1, 8], [1, 8, 1, 9], [1, 9, 1, 10], [1, 10, 1, 11], [1, 11, 1, 12], [1, 12, 2, 13], [2, 13, 2, 14]]}
META {"type": "geom", "shape": "tile", "group": "path", "data": [[18, 7], [18, 8], [18, 9], [17, 9], [16, 9], [15, 9], [14, 9], [14, 8], [13, 8], [13, 7], [12, 7], [12, 6], [13, 6], [13, 5], [13, 4], [12, 4], [12, 3], [11, 3], [11, 2], [11, 1], [11, 2], [10, 2], [10, 3], [9, 3], [9, 4], [9, 5], [9, 4], [8, 4], [8, 3], [7, 3], [7, 2], [7, 1], [7, 0], [7, 1], [7, 2], [6, 2], [6, 3], [5, 3], [5, 4], [5, 3], [4, 3], [4, 2], [3, 2], [3, 1], [3, 0], [3, 1], [3, 2], [2, 2], [2, 3], [1, 3], [1, 4], [1, 5], [1, 6], [1, 7], [1, 8], [1, 9], [1, 10], [1, 11], [1, 12], [2, 12], [2, 13], [2, 14]]}
META {"type": "geom", "shape": "line", "group": "offpath", "data": [[8, 14, 6, 9], [8, 5, 9, 6], [18, 2, 18, 1], [18, 13, 18, 12], [18, 12, 14, 12], [18, 14, 18, 13], [18, 6, 18, 5], [18, 5, 18, 6], [18, 1, 18, 2], [10, 11, 11, 10], [10, 7, 11, 7], [9, 6, 7, 11], [7, 14, 8, 14], [7, 6, 8, 5], [7, 11, 6, 13], [7, 9, 5, 7], [6, 13, 7, 14], [6, 6, 7, 6], [6, 9, 7, 9], [11, 13, 10, 11], [11, 12, 12, 11], [11, 10, 12, 10], [11, 7, 12, 8], [5, 7, 6, 6], [16, 13, 17, 14], [16, 12, 13, 15], [17, 14, 18, 14], [15, 13, 16, 13], [15, 12, 16, 12], [15, 9, 14, 8], [12, 8, 13, 7], [12, 11, 11, 13], [12, 10, 10, 7], [13, 15, 14, 14], [13, 7, 11, 12], [14, 12, 15, 12], [14, 14, 15, 13], [14, 8, 15, 9]]}
