XXXXXXXXXXXXXXXX
XXXXXXXXXXXXXXXX
XX}XXX--------XX
XX-XXX---XX---XX
XX-----#--X--XXX
XXX---------XXXX
XXX------XX--XXX
XXX--XXX--X--XXX
XX---XXX-----XXX
XX---XXXXX-#-XXX
XX------XX---XXX
XX-------X----XX
XX---###--X---XX
XXX------XX-XXXX
XXX-X-----X-XXXX
XXXXX-#-----XXXX
XXXXX---###-XXXX
XXXXX-------XXXX
XX---XX-------XX
XXXX--X---###-XX
XXXX--XXX-----XX
XXX---XXX-----XX
XXX##-XXX--X--XX
XXX------XXX--XX
XXX------XXX--XX
XX---X-#-XXX--XX
XX--XX-------XXX
XX---X------XXXX
XX-----XXX---XXX
XX--X--XXX-{-XXX
XXXXXXXXXXXXXXXX
XXXXXXXXXXXXXXXX
META {"type": "solver", "id": "pysat-rc2", "objective": 0}
META {"type": "geom", "shape": "path", "group": "path", "data": [[29, 11, 29, 12], [29, 12, 28, 12], [28, 12, 28, 10], [28, 10, 26, 10], [26, 10, 26, 12], [26, 12, 20, 12], [20, 12, 20, 13], [20, 13, 18, 13], [18, 13, 18, 7], [18, 7, 19, 7], [19, 7, 13, 7], [13, 7, 13, 3], [13, 3, 14, 3], [14, 3, 4, 3], [4, 3, 4, 2], [4, 2, 2, 2]]}
META {"type": "geom", "shape": "tile", "group": "path", "data": [[29, 11], [29, 12], [28, 12], [28, 11], [28, 10], [27, 10], [26, 10], [26, 11], [26, 12], [25, 12], [24, 12], [23, 12], [22, 12], [21, 12], [20, 12], [20, 13], [19, 13], [18, 13], [18, 12], [18, 11], [18, 10], [18, 9], [18, 8], [18, 7], [19, 7], [18, 7], [17, 7], [16, 7], [15, 7], [14, 7], [13, 7], [13, 6], [13, 5], [13, 4], [13, 3], [14, 3], [13, 3], [12, 3], [11, 3], [10, 3], [9, 3], [8, 3], [7, 3], [6, 3], [5, 3], [4, 3], [4, 2], [3, 2], [2, 2]]}
META {"type": "geom", "shape": "line", "group": "offpath", "data": [[24, 13, 24, 12], [24, 12, 24, 13], [24, 7, 23, 7], [3, 13, 3, 11], [3, 11, 2, 11], [28, 6, 28, 2], [28, 2, 28, 6], [12, 4, 13, 4], [12, 2, 12, 4], [12, 12, 6, 12], [6, 5, 4, 5], [6, 11, 8, 11], [6, 12, 6, 11], [16, 6, 17, 6], [2, 13, 3, 13], [2, 11, 2, 13], [4, 5, 6, 5], [4, 11, 4, 12], [4, 12, 4, 11], [10, 7, 11, 7], [8, 9, 7, 9], [8, 11, 8, 12], [8, 4, 8, 2], [8, 2, 8, 4], [8, 12, 12, 12], [7, 9, 8, 9], [7, 4, 7, 3], [7, 3, 7, 4], [25, 13, 25, 12], [25, 4, 23, 4], [25, 2, 25, 4], [25, 12, 25, 13], [22, 9, 22, 10], [22, 10, 20, 10], [27, 6, 29, 6], [27, 8, 27, 6], [23, 4, 23, 3], [23, 6, 23, 8], [23, 8, 27, 8], [23, 7, 24, 7], [23, 3, 29, 3], [11, 2, 12, 2], [11, 8, 11, 2], [11, 7, 10, 7], [13, 4, 13, 8], [13, 8, 11, 8], [29, 6, 23, 6], [29, 2, 25, 2], [29, 3, 29, 2], [20, 9, 22, 9], [20, 10, 20, 9], [17, 5, 17, 11], [17, 11, 17, 5], [17, 6, 16, 6]]}
