XXXXXXXXXXXXXXXX
XXX----XX-XXXXXX
X0-XXX-XX---1XXX
XXX----XX-XXXXXX
XXX-XXX---XXXXXX
XXXX---X-------X
XXXX----X----X-X
X-----X--X---X-X
XXX---X---XX-X-X
XXX---X-XXXXX--X
X--XX---XXXXX--X
XX-XX-XX--XX---X
XXX--XXXX----XXX
XXX--XXXX----XXX
X2------------3X
XXXXXXXXXXXXXXXX
META {"type": "solver", "id": "clingo-be", "objective": 0}
META {"type": "geom", "shape": "path", "group": "path", "data": [[14, 1, 14, 2], [14, 2, 14, 3], [14, 3, 14, 4], [14, 4, 14, 5], [14, 5, 14, 6], [14, 6, 14, 7], [14, 7, 14, 8], [14, 8, 14, 9], [14, 9, 14, 10], [14, 10, 14, 11], [14, 11, 14, 12], [14, 12, 14, 13], [14, 13, 14, 14]]}
META {"type": "geom", "shape": "tile", "group": "path", "data": [[14, 1], [14, 2], [14, 3], [14, 4], [14, 5], [14, 6], [14, 7], [14, 8], [14, 9], [14, 10], [14, 11], [14, 12], [14, 13], [14, 14]]}
META {"type": "geom", "shape": "line", "group": "offpath", "data": [[6, 10, 7, 10], [6, 11, 5, 11], [6, 5, 6, 6], [6, 12, 5, 12], [6, 6, 5, 6], [6, 14, 5, 14], [6, 9, 5, 9], [6, 7, 7, 7], [4, 8, 4, 9], [4, 9, 4, 8], [11, 13, 10, 13], [11, 14, 11, 13], [12, 11, 12, 12], [12, 12, 12, 11], [12, 4, 13, 4], [10, 5, 10, 6], [10, 13, 10, 14], [10, 6, 10, 5], [10, 14, 11, 14], [13, 10, 13, 9], [13, 4, 12, 4], [13, 9, 13, 10], [9, 7, 8, 7], [7, 10, 6, 10], [7, 5, 7, 4], [7, 4, 8, 4], [7, 7, 6, 7], [3, 5, 3, 4], [3, 4, 3, 5], [3, 6, 2, 6], [8, 8, 8, 9], [8, 5, 7, 5], [8, 4, 8, 5], [8, 9, 8, 8], [8, 7, 9, 7], [2, 10, 2, 11], [2, 11, 2, 10], [2, 6, 3, 6], [5, 11, 6, 11], [5, 5, 6, 5], [5, 12, 6, 12], [5, 6, 5, 5], [5, 14, 6, 14], [5, 9, 6, 9], [1, 5, 1, 4], [1, 4, 1, 5]]}
