XXXXXXXXXXXXXXXX
XXX----X-X----1X
XXX-----X----XXX
X0-----------XXX
XXX-------X---XX
XXX--------XXX-X
X------X-X-----X
XX-----X--XX-XXX
X--XXX-X--XX-XXX
X-XXXX--------XX
X-XXXX-XXXXX--XX
XX-XX--XXXXX---X
XXX--XX-XXXX-XXX
XXX--XX------XXX
X2-XX---XX----3X
XXXXXXXXXXXXXXXX
META {"type": "solver", "id": "pysat-rc2", "objective": 0}
META {"type": "geom", "shape": "path", "group": "path", "data": [[3, 1, 3, 2], [3, 2, 3, 3], [3, 3, 2, 3], [2, 3, 2, 4], [2, 4, 2, 5], [2, 5, 2, 6], [2, 6, 3, 6], [3, 6, 3, 7], [3, 7, 3, 8], [3, 8, 3, 9], [3, 9, 2, 9], [2, 9, 2, 10], [2, 10, 1, 10], [1, 10, 1, 11], [1, 11, 1, 12], [1, 12, 1, 13], [1, 13, 1, 14]]}
META {"type": "geom", "shape": "tile", "group": "path", "data": [[3, 1], [3, 2], [3, 3], [2, 3], [2, 4], [2, 5], [2, 6], [3, 6], [3, 7], [3, 8], [3, 9], [2, 9], [2, 10], [1, 10], [1, 11], [1, 12], [1, 13], [1, 14]]}
META {"type": "geom", "shape": "line", "group": "offpath", "data": [[13, 9, 13, 10], [13, 10, 13, 9], [7, 3, 7, 2], [7, 4, 7, 3], [7, 2, 6, 2], [5, 7, 4, 7], [5, 14, 6, 14], [5, 6, 4, 6], [5, 3, 5, 4], [5, 4, 6, 4], [8, 6, 9, 6], [8, 1, 8, 2], [8, 2, 8, 1], [4, 7, 5, 7], [4, 5, 3, 5], [4, 9, 4, 8], [4, 6, 5, 6], [4, 8, 4, 9], [3, 5, 4, 5], [3, 10, 3, 11], [3, 11, 3, 10], [6, 14, 5, 14], [6, 12, 6, 13], [6, 13, 6, 12], [6, 3, 5, 3], [6, 10, 6, 11], [6, 11, 6, 10], [6, 4, 7, 4], [6, 2, 6, 3], [1, 5, 1, 6], [1, 6, 1, 5], [1, 3, 1, 4], [1, 4, 1, 3], [9, 6, 8, 6]]}
