XXXXXXXXXXXXXXXX
XXX0-XX-XX-XXXXX
XXXXXXXXXXX--XXX
XXXXXXXXXXXX--1X
XX--XX-XXXXXXXXX
X--XXXX--XXXXXXX
XX-XXXX--------X
X--XXX---------X
XX----X---X-X--X
X-XXX-X-X-X-X-XX
X-----X---X-X--X
X--X-X-XX------X
XXX---XXXXX-XXXX
XXX---XXXXX-XXXX
X2------------3X
XXXXXXXXXXXXXXXX
META {"type": "solver", "id": "pysat-rc2", "objective": 0}
META {"type": "geom", "shape": "path", "group": "path", "data": [[14, 1, 14, 2], [14, 2, 14, 3], [14, 3, 14, 4], [14, 4, 14, 5], [14, 5, 14, 6], [14, 6, 14, 7], [14, 7, 14, 8], [14, 8, 14, 9], [14, 9, 14, 10], [14, 10, 14, 11], [14, 11, 14, 12], [14, 12, 14, 13], [14, 13, 14, 14]]}
META {"type": "geom", "shape": "tile", "group": "path", "data": [[14, 1], [14, 2], [14, 3], [14, 4], [14, 5], [14, 6], [14, 7], [14, 8], [14, 9], [14, 10], [14, 11], [14, 12], [14, 13], [14, 14]]}
META {"type": "geom", "shape": "line", "group": "offpath", "data": [[10, 11, 11, 11], [10, 9, 9, 9], [10, 7, 9, 7], [10, 14, 11, 14], [10, 13, 10, 14], [12, 11, 13, 11], [8, 11, 9, 11], [8, 9, 7, 9], [8, 7, 7, 7], [5, 8, 5, 7], [5, 7, 5, 8], [13, 11, 12, 11], [11, 11, 11, 10], [11, 9, 10, 9], [11, 14, 11, 13], [11, 13, 10, 13], [11, 10, 11, 9], [7, 11, 8, 11], [7, 9, 6, 9], [7, 7, 8, 7], [7, 14, 7, 13], [7, 12, 7, 11], [7, 13, 7, 12], [6, 11, 6, 12], [6, 9, 6, 10], [6, 14, 7, 14], [6, 12, 6, 13], [6, 13, 6, 14], [6, 10, 6, 11], [9, 11, 10, 11], [9, 9, 8, 9], [9, 7, 10, 7]]}
