XXXXXXXXXXXXXXXX
X0------XX--1XXX
XXX-XXX-XX-XXXXX
XXX--------XXXXX
X---X-XXXXX---XX
XXX-X----------X
XXX-X---X-----XX
X----XXX-XXX-X-X
X--XXXXX-XXXX-XX
XXXXXXXX-XXXXX-X
XXXXXX---XXXXX-X
X-XXX--X--XXX--X
XXXXXX--XXXXXXXX
XXXXXX--XXXXXXXX
X2-XX-XX-XX---3X
XXXXXXXXXXXXXXXX
META {"type": "solver", "id": "clingo-be", "objective": 0}
META {"type": "geom", "shape": "path", "group": "path", "data": [[1, 1, 1, 2], [1, 2, 1, 3], [1, 3, 2, 3], [2, 3, 3, 3], [3, 3, 3, 4], [3, 4, 3, 5], [3, 5, 3, 6], [3, 6, 3, 7], [3, 7, 3, 8], [3, 8, 3, 9], [3, 9, 3, 10], [3, 10, 2, 10], [2, 10, 1, 10], [1, 10, 1, 11], [1, 11, 1, 12]]}
META {"type": "geom", "shape": "tile", "group": "path", "data": [[1, 1], [1, 2], [1, 3], [2, 3], [3, 3], [3, 4], [3, 5], [3, 6], [3, 7], [3, 8], [3, 9], [3, 10], [2, 10], [1, 10], [1, 11], [1, 12]]}
META {"type": "geom", "shape": "line", "group": "offpath", "data": [[4, 11, 5, 11], [4, 12, 4, 13], [4, 5, 5, 5], [4, 2, 4, 1], [4, 1, 4, 2], [4, 13, 4, 12], [10, 14, 9, 14], [10, 7, 10, 6], [10, 8, 11, 8], [10, 6, 10, 7], [1, 5, 1, 4], [1, 4, 1, 5], [6, 9, 6, 10], [6, 10, 5, 10], [6, 3, 7, 3], [6, 12, 6, 13], [6, 5, 6, 6], [6, 13, 5, 13], [6, 6, 6, 5], [14, 11, 14, 12], [14, 12, 14, 11], [13, 7, 12, 7], [7, 3, 6, 3], [5, 9, 6, 9], [5, 10, 5, 9], [5, 7, 5, 6], [5, 11, 4, 11], [5, 12, 6, 12], [5, 5, 4, 5], [5, 13, 5, 12], [5, 6, 5, 7], [8, 8, 9, 8], [11, 8, 10, 8], [11, 6, 12, 6], [9, 14, 10, 14], [9, 8, 8, 8], [12, 7, 13, 7], [12, 6, 11, 6]]}
