XXXXXXXXXXXXXXXX
XX0-XX-X-XXXX-1X
XXXXXXX-X-XX-XXX
XXXXXXX-X-XX-XXX
XX--XX--X-----XX
XX-X---X----XXXX
XX--XXX-----XXXX
X-------XXX----X
X-XXX-X-------XX
X-----X--------X
X-XX--X-XXXX--XX
X-XX----XXXX---X
XXXXX-X-XXXX-XXX
XXXXX---XXXX-XXX
X2----XX-XX---3X
XXXXXXXXXXXXXXXX
META {"type": "solver", "id": "pysat-rc2", "objective": 0}
META {"type": "geom", "shape": "path", "group": "path", "data": [[14, 1, 14, 2], [14, 2, 14, 3], [14, 3, 14, 4], [14, 4, 14, 5], [14, 5, 13, 5], [13, 5, 12, 5], [12, 5, 11, 5], [11, 5, 11, 6], [11, 6, 11, 7], [11, 7, 10, 7], [10, 7, 9, 7], [9, 7, 8, 7], [8, 7, 7, 7], [7, 7, 6, 7], [6, 7, 6, 8], [6, 8, 6, 9], [6, 9, 6, 10], [6, 10, 6, 11], [6, 11, 7, 11], [7, 11, 7, 12], [7, 12, 8, 12], [8, 12, 8, 13], [8, 13, 9, 13], [9, 13, 10, 13], [10, 13, 11, 13], [11, 13, 11, 12], [11, 12, 12, 12], [12, 12, 13, 12], [13, 12, 14, 12], [14, 12, 14, 13], [14, 13, 14, 14]]}
META {"type": "geom", "shape": "tile", "group": "path", "data": [[14, 1], [14, 2], [14, 3], [14, 4], [14, 5], [13, 5], [12, 5], [11, 5], [11, 6], [11, 7], [10, 7], [9, 7], [8, 7], [7, 7], [6, 7], [6, 8], [6, 9], [6, 10], [6, 11], [7, 11], [7, 12], [8, 12], [8, 13], [9, 13], [10, 13], [11, 13], [11, 12], [12, 12], [13, 12], [14, 12], [14, 13], [14, 14]]}
META {"type": "geom", "shape": "line", "group": "offpath", "data": [[8, 9, 8, 8], [8, 8, 8, 9], [7, 14, 7, 13], [7, 5, 7, 6], [7, 6, 7, 5], [7, 4, 7, 3], [7, 3, 7, 4], [7, 13, 7, 14], [9, 9, 9, 10], [9, 2, 9, 1], [9, 12, 9, 11], [9, 11, 9, 12], [9, 10, 9, 9], [9, 1, 9, 2], [9, 4, 9, 3], [9, 3, 9, 4], [13, 7, 12, 7], [12, 7, 13, 7], [4, 11, 4, 10], [4, 10, 4, 11], [4, 6, 5, 6], [5, 11, 5, 10], [5, 10, 5, 11], [5, 6, 4, 6]]}
