XXXXXXXXXXXXXXXX
XXXXXXXXXXXXXXXX
XXX-----------XX
XXX---#-XXXXXXXX
XX------XXXXXXXX
XX-X-----XXX}XXX
XXXX-----XXX-XXX
XXXX---X-XXX--XX
XXXX--XX-XXXX-XX
XXX-#--X--XXX-XX
XXX----XX-XXX-XX
XXX--X--X-----XX
XX---XX--#----XX
XX----X-----XXXX
XX##---#-----XXX
XX-------#---XXX
XX--XX-----X--XX
XX---X--#-XX--XX
XX---XX----X--XX
XX##--X--#----XX
XX--#-XX------XX
XXX----X---#--XX
XXX-----------XX
XXX-XXX---#---XX
XXX-XXX-#----XXX
XX--XXX----XXXXX
XXX--------XXXXX
XXX-----XXXXXXXX
XXXX-{--XXXXXXXX
XXXXXXXXXXXXXXXX
XXXXXXXXXXXXXXXX
XXXXXXXXXXXXXXXX
META {"type": "solver", "id": "pysat-rc2", "objective": 0}
META {"type": "geom", "shape": "path", "group": "path", "data": [[28, 5, 28, 4], [28, 4, 26, 4], [26, 4, 26, 10], [26, 10, 24, 10], [24, 10, 24, 9], [24, 9, 20, 9], [20, 9, 26, 9], [26, 9, 26, 3], [26, 3, 27, 3], [27, 3, 27, 7], [27, 7, 28, 7], [28, 7, 22, 7], [22, 7, 22, 3], [22, 3, 22, 13], [22, 13, 23, 13], [23, 13, 23, 11], [23, 11, 24, 11], [24, 11, 24, 12], [24, 12, 14, 12], [14, 12, 14, 8], [14, 8, 12, 8], [12, 8, 12, 7], [12, 7, 13, 7], [13, 7, 13, 11], [13, 11, 15, 11], [15, 11, 11, 11], [11, 11, 11, 13], [11, 13, 7, 13], [7, 13, 7, 12], [7, 12, 5, 12]]}
META {"type": "geom", "shape": "tile", "group": "path", "data": [[28, 5], [28, 4], [27, 4], [26, 4], [26, 5], [26, 6], [26, 7], [26, 8], [26, 9], [26, 10], [25, 10], [24, 10], [24, 9], [23, 9], [22, 9], [21, 9], [20, 9], [21, 9], [22, 9], [23, 9], [24, 9], [25, 9], [26, 9], [26, 8], [26, 7], [26, 6], [26, 5], [26, 4], [26, 3], [27, 3], [27, 4], [27, 5], [27, 6], [27, 7], [28, 7], [27, 7], [26, 7], [25, 7], [24, 7], [23, 7], [22, 7], [22, 6], [22, 5], [22, 4], [22, 3], [22, 4], [22, 5], [22, 6], [22, 7], [22, 8], [22, 9], [22, 10], [22, 11], [22, 12], [22, 13], [23, 13], [23, 12], [23, 11], [24, 11], [24, 12], [23, 12], [22, 12], [21, 12], [20, 12], [19, 12], [18, 12], [17, 12], [16, 12], [15, 12], [14, 12], [14, 11], [14, 10], [14, 9], [14, 8], [13, 8], [12, 8], [12, 7], [13, 7], [13, 8], [13, 9], [13, 10], [13, 11], [14, 11], [15, 11], [14, 11], [13, 11], [12, 11], [11, 11], [11, 12], [11, 13], [10, 13], [9, 13], [8, 13], [7, 13], [7, 12], [6, 12], [5, 12]]}
META {"type": "geom", "shape": "line", "group": "offpath", "data": [[5, 8, 5, 4], [5, 4, 5, 8], [5, 2, 4, 2], [22, 6, 21, 6], [17, 12, 17, 13], [17, 4, 19, 4], [17, 7, 17, 6], [17, 6, 17, 7], [17, 13, 17, 12], [2, 3, 4, 3], [2, 7, 2, 3], [10, 3, 9, 3], [10, 4, 10, 3], [25, 3, 25, 2], [25, 8, 26, 8], [25, 2, 25, 3], [21, 12, 21, 13], [21, 6, 22, 6], [21, 13, 21, 12], [9, 3, 13, 3], [9, 9, 11, 9], [18, 12, 18, 13], [18, 8, 18, 7], [18, 4, 18, 2], [18, 2, 18, 4], [18, 7, 19, 7], [18, 13, 18, 12], [14, 4, 15, 4], [14, 6, 14, 4], [20, 3, 20, 2], [20, 2, 20, 3], [12, 12, 11, 12], [12, 4, 10, 4], [12, 2, 12, 4], [15, 8, 16, 8], [15, 4, 15, 8], [19, 8, 18, 8], [19, 4, 17, 4], [19, 7, 19, 8], [11, 12, 12, 12], [11, 9, 9, 9], [26, 8, 25, 8], [8, 4, 8, 5], [8, 5, 8, 4], [13, 3, 13, 2], [13, 2, 12, 2], [16, 8, 16, 10], [16, 10, 16, 6], [16, 6, 14, 6], [6, 8, 6, 4], [6, 4, 6, 8], [6, 7, 2, 7], [4, 3, 4, 7], [4, 2, 5, 2], [4, 7, 6, 7]]}
