XXXXXXXXXXXXXXXX
XXXXXXXXXXXXXXXX
XXX-------XXXXXX
XX--------XXX}XX
XXXX-#-##-----XX
XXXX----------XX
XXX---X-------XX
XX--XXX--XX-XXXX
XX--XXX---X--XXX
XXX----------XXX
XXXX---#-XXX--XX
XXXX##---XXX--XX
XX-------XXXX-XX
XXX--XX----XX-XX
XXX---X-X---X-XX
XXX-#-XXXXX---XX
XXX---XXXXX##-XX
XX-#--XXXXX---XX
XX------XXX---XX
XX------XXX---XX
XXX-----XXX-XXXX
XXXXX--#-----XXX
XXXXX-----#--XXX
XXXX--#-----XXXX
XX-XX----#-XXXXX
XX--XX-X---XXXXX
XX--XXXX---XXXXX
XXX--XXX--#---XX
XXX--XXXX-----XX
XXXX-XXXX---{-XX
XXXXXXXXXXXXXXXX
XXXXXXXXXXXXXXXX
META {"type": "solver", "id": "pysat-rc2", "objective": 0}
META {"type": "geom", "shape": "path", "group": "path", "data": [[29, 12, 29, 13], [29, 13, 29, 9], [29, 9, 25, 9], [25, 9, 25, 8], [25, 8, 25, 10], [25, 10, 26, 10], [26, 10, 26, 8], [26, 8, 27, 8], [27, 8, 21, 8], [21, 8, 21, 12], [21, 12, 22, 12], [22, 12, 22, 11], [22, 11, 23, 11], [23, 11, 23, 7], [23, 7, 24, 7], [24, 7, 22, 7], [22, 7, 22, 9], [22, 9, 22, 5], [22, 5, 24, 5], [24, 5, 14, 5], [14, 5, 14, 3], [14, 3, 16, 3], [16, 3, 12, 3], [12, 3, 12, 2], [12, 2, 12, 8], [12, 8, 13, 8], [13, 8, 13, 10], [13, 10, 14, 10], [14, 10, 14, 11], [14, 11, 14, 9], [14, 9, 13, 9], [13, 9, 13, 7], [13, 7, 11, 7], [11, 7, 11, 6], [11, 6, 9, 6], [9, 6, 9, 12], [9, 12, 11, 12], [11, 12, 11, 13], [11, 13, 10, 13], [10, 13, 10, 12], [10, 12, 8, 12], [8, 12, 8, 11], [8, 11, 4, 11], [4, 11, 4, 9], [4, 9, 4, 13], [4, 13, 6, 13], [6, 13, 6, 7], [6, 7, 5, 7], [5, 7, 5, 13], [5, 13, 3, 13]]}
META {"type": "geom", "shape": "tile", "group": "path", "data": [[29, 12], [29, 13], [29, 12], [29, 11], [29, 10], [29, 9], [28, 9], [27, 9], [26, 9], [25, 9], [25, 8], [25, 9], [25, 10], [26, 10], [26, 9], [26, 8], [27, 8], [26, 8], [25, 8], [24, 8], [23, 8], [22, 8], [21, 8], [21, 9], [21, 10], [21, 11], [21, 12], [22, 12], [22, 11], [23, 11], [23, 10], [23, 9], [23, 8], [23, 7], [24, 7], [23, 7], [22, 7], [22, 8], [22, 9], [22, 8], [22, 7], [22, 6], [22, 5], [23, 5], [24, 5], [23, 5], [22, 5], [21, 5], [20, 5], [19, 5], [18, 5], [17, 5], [16, 5], [15, 5], [14, 5], [14, 4], [14, 3], [15, 3], [16, 3], [15, 3], [14, 3], [13, 3], [12, 3], [12, 2], [12, 3], [12, 4], [12, 5], [12, 6], [12, 7], [12, 8], [13, 8], [13, 9], [13, 10], [14, 10], [14, 11], [14, 10], [14, 9], [13, 9], [13, 8], [13, 7], [12, 7], [11, 7], [11, 6], [10, 6], [9, 6], [9, 7], [9, 8], [9, 9], [9, 10], [9, 11], [9, 12], [10, 12], [11, 12], [11, 13], [10, 13], [10, 12], [9, 12], [8, 12], [8, 11], [7, 11], [6, 11], [5, 11], [4, 11], [4, 10], [4, 9], [4, 10], [4, 11], [4, 12], [4, 13], [5, 13], [6, 13], [6, 12], [6, 11], [6, 10], [6, 9], [6, 8], [6, 7], [5, 7], [5, 8], [5, 9], [5, 10], [5, 11], [5, 12], [5, 13], [4, 13], [3, 13]]}
META {"type": "geom", "shape": "line", "group": "offpath", "data": [[8, 3, 8, 2], [8, 2, 8, 3], [18, 6, 22, 6], [9, 5, 10, 5], [16, 4, 20, 4], [5, 5, 5, 4], [5, 4, 6, 4], [25, 6, 24, 6], [27, 11, 27, 13], [27, 3, 28, 3], [27, 4, 27, 3], [27, 13, 27, 11], [10, 5, 9, 5], [10, 6, 10, 4], [10, 4, 10, 6], [20, 4, 16, 4], [19, 12, 17, 12], [19, 11, 19, 13], [19, 13, 19, 11], [19, 2, 17, 2], [29, 4, 27, 4], [22, 6, 18, 6], [3, 3, 2, 3], [17, 12, 19, 12], [17, 2, 19, 2], [24, 6, 25, 6], [28, 3, 28, 4], [28, 4, 29, 4], [6, 5, 5, 5], [6, 3, 6, 5], [6, 4, 6, 3], [6, 9, 2, 9], [2, 3, 3, 3], [2, 9, 6, 9]]}
