XXXXXXXXXXXXXXXX
XXXXXXXXXXXXXXXX
XXXXXXX-------XX
XXXXXXX--XX---XX
XXX}XXX---XXXXXX
XXX-XXX##--XXXXX
XX--XXX----XXXXX
XX--XXX--#-XXXXX
XXX-----------XX
XXX----##-XXXXXX
XXXX------XXXXXX
XXXXX-X---XXXXXX
XXXXX-XXX----XXX
XXX---XXX-XX-XXX
XXX-------XX-XXX
XXXX-------X-XXX
XXXX--#------XXX
XXXX-------#-XXX
XX-----XX-----XX
XX--XXXXX-#---XX
XX--XXXXX-----XX
XX--XXX-XX--X-XX
XX-------X-XX-XX
XX--#-##----X-XX
XX-------##---XX
XXXX-#-------XXX
XXXX----{---XXXX
XXXX--XXXX--XXXX
XXX---XXXX--XXXX
XXXXX-XXX-----XX
XXXXXXXXXXXXXXXX
XXXXXXXXXXXXXXXX
META {"type": "solver", "id": "pysat-rc2-boolonly", "objective": 0}
META {"type": "geom", "shape": "path", "group": "path", "data": [[26, 8, 22, 8], [22, 8, 22, 2], [22, 2, 18, 2], [18, 2, 18, 6], [18, 6, 17, 6], [17, 6, 17, 4], [17, 4, 13, 4], [13, 4, 13, 5], [13, 5, 13, 3], [13, 3, 14, 3], [14, 3, 14, 9], [14, 9, 8, 9], [8, 9, 8, 13], [8, 13, 8, 3], [8, 3, 4, 3]]}
META {"type": "geom", "shape": "tile", "group": "path", "data": [[26, 8], [25, 8], [24, 8], [23, 8], [22, 8], [22, 7], [22, 6], [22, 5], [22, 4], [22, 3], [22, 2], [21, 2], [20, 2], [19, 2], [18, 2], [18, 3], [18, 4], [18, 5], [18, 6], [17, 6], [17, 5], [17, 4], [16, 4], [15, 4], [14, 4], [13, 4], [13, 5], [13, 4], [13, 3], [14, 3], [14, 4], [14, 5], [14, 6], [14, 7], [14, 8], [14, 9], [13, 9], [12, 9], [11, 9], [10, 9], [9, 9], [8, 9], [8, 10], [8, 11], [8, 12], [8, 13], [8, 12], [8, 11], [8, 10], [8, 9], [8, 8], [8, 7], [8, 6], [8, 5], [8, 4], [8, 3], [7, 3], [6, 3], [5, 3], [4, 3]]}
META {"type": "geom", "shape": "line", "group": "offpath", "data": [[24, 3, 18, 3], [24, 8, 24, 2], [24, 2, 24, 8], [18, 5, 8, 5], [18, 13, 18, 9], [18, 3, 24, 3], [18, 9, 18, 13], [21, 7, 22, 7], [21, 10, 21, 11], [21, 11, 21, 10], [8, 5, 18, 5], [19, 3, 19, 2], [19, 2, 19, 3], [20, 3, 20, 2], [20, 2, 20, 3], [22, 7, 21, 7]]}
