XXXXXXXXXXXXXXXX
XXXXXXXXXXXXXXXX
XXXXX--XXXXXX}XX
XXXX-#-XXXXXX-XX
XX-----XXXXX--XX
XXX----XXX-XX-XX
XXX---------X-XX
XXX-XX-X--#---XX
XX---X-XX-----XX
XX------X--##-XX
XXXXX---------XX
XXXXXXXX------XX
XXXXXXXXX--#--XX
XXX--XXXX----XXX
XXX---XXX-#-XXXX
XX--#-XXX---XXXX
XX----XXX---XXXX
XX##-----X---XXX
XX--XX-XXX---XXX
XXX--X-XXX##--XX
XXX-----------XX
XXX-XXX---#-XXXX
XX--XXX##---XXXX
XX-------#---XXX
XX-----X-----XXX
XX##---XX-----XX
XX---X--X---#-XX
XXXXXXX-------XX
XXXXXXX--{-X--XX
XXXXXXXXXXXXXXXX
XXXXXXXXXXXXXXXX
XXXXXXXXXXXXXXXX
META {"type": "solver", "id": "pysat-rc2", "objective": 0}
META {"type": "geom", "shape": "path", "group": "path", "data": [[28, 9, 28, 10], [28, 10, 22, 10], [22, 10, 22, 9], [22, 9, 22, 11], [22, 11, 20, 11], [20, 11, 20, 13], [20, 13, 19, 13], [19, 13, 19, 12], [19, 12, 17, 12], [17, 12, 17, 10], [17, 10, 15, 10], [15, 10, 15, 9], [15, 9, 16, 9], [16, 9, 6, 9], [6, 9, 6, 3], [6, 3, 4, 3], [4, 3, 4, 2], [4, 2, 4, 6], [4, 6, 10, 6], [10, 6, 10, 5], [10, 5, 9, 5], [9, 5, 9, 7], [9, 7, 10, 7], [10, 7, 10, 13], [10, 13, 12, 13], [12, 13, 2, 13]]}
META {"type": "geom", "shape": "tile", "group": "path", "data": [[28, 9], [28, 10], [27, 10], [26, 10], [25, 10], [24, 10], [23, 10], [22, 10], [22, 9], [22, 10], [22, 11], [21, 11], [20, 11], [20, 12], [20, 13], [19, 13], [19, 12], [18, 12], [17, 12], [17, 11], [17, 10], [16, 10], [15, 10], [15, 9], [16, 9], [15, 9], [14, 9], [13, 9], [12, 9], [11, 9], [10, 9], [9, 9], [8, 9], [7, 9], [6, 9], [6, 8], [6, 7], [6, 6], [6, 5], [6, 4], [6, 3], [5, 3], [4, 3], [4, 2], [4, 3], [4, 4], [4, 5], [4, 6], [5, 6], [6, 6], [7, 6], [8, 6], [9, 6], [10, 6], [10, 5], [9, 5], [9, 6], [9, 7], [10, 7], [10, 8], [10, 9], [10, 10], [10, 11], [10, 12], [10, 13], [11, 13], [12, 13], [11, 13], [10, 13], [9, 13], [8, 13], [7, 13], [6, 13], [5, 13], [4, 13], [3, 13], [2, 13]]}
META {"type": "geom", "shape": "line", "group": "offpath", "data": [[8, 2, 9, 2], [8, 12, 7, 12], [26, 4, 26, 2], [26, 2, 26, 4], [2, 5, 2, 6], [2, 6, 2, 5], [13, 4, 14, 4], [18, 3, 24, 3], [19, 3, 19, 4], [19, 4, 19, 3], [24, 3, 18, 3], [24, 8, 24, 12], [24, 12, 25, 12], [24, 9, 24, 8], [9, 2, 8, 2], [9, 10, 9, 9], [9, 9, 9, 10], [14, 3, 16, 3], [14, 4, 13, 4], [14, 5, 14, 3], [7, 13, 7, 11], [7, 11, 7, 13], [7, 8, 7, 9], [7, 12, 8, 12], [7, 9, 7, 8], [27, 13, 27, 7], [27, 7, 27, 13], [27, 8, 28, 8], [28, 13, 28, 12], [28, 8, 27, 8], [28, 12, 28, 13], [16, 3, 16, 5], [16, 5, 14, 5], [10, 8, 11, 8], [25, 13, 25, 9], [25, 12, 25, 13], [25, 9, 24, 9], [22, 3, 22, 2], [22, 2, 22, 3], [21, 7, 20, 7], [12, 10, 12, 9], [12, 9, 12, 10], [11, 8, 10, 8], [20, 7, 21, 7], [4, 13, 4, 12], [4, 12, 4, 13]]}
