XXXXXXXXXXXXXXXX
XXXXXXXXXXXXXXXX
XXX}XXXXXXXXXXXX
XXX-XXX-XXX-XXXX
XXX---------XXXX
XXX-------X--XXX
XX--X-X-XXX--XXX
XX--XXX-XXX--XXX
XX--XXX-XXXX--XX
XX--XXXX---XX-XX
XX---XXX-#--X-XX
XX---XXX------XX
XXX-----------XX
XXX-#-X--X---XXX
XXX---XXXXX-XXXX
XX-#--XXXXX-XXXX
XX----XXXX--XXXX
XXX-XX-----#--XX
XXX--X---#----XX
XXX---------X-XX
XX------X--XX-XX
XX--##-XX---X-XX
XXX-----X-X---XX
XXX------XX-XXXX
XXX-X-----X--XXX
XX--XX-XX--#-XXX
XX---X-XXX---XXX
XX##---XXX---XXX
XX--XXXXXXX---XX
XX-XXXXXXXX-{-XX
XXXXXXXXXXXXXXXX
XXXXXXXXXXXXXXXX
META {"type": "solver", "id": "pysat-rc2-boolonly", "objective": 0}
META {"type": "geom", "shape": "path", "group": "path", "data": [[29, 12, 29, 13], [29, 13, 28, 13], [28, 13, 28, 11], [28, 11, 26, 11], [26, 11, 26, 12], [26, 12, 26, 10], [26, 10, 27, 10], [27, 10, 25, 10], [25, 10, 25, 9], [25, 9, 24, 9], [24, 9, 24, 5], [24, 5, 22, 5], [22, 5, 22, 7], [22, 7, 22, 3], [22, 3, 16, 3], [16, 3, 26, 3], [26, 3, 26, 4], [26, 4, 27, 4], [27, 4, 27, 6], [27, 6, 17, 6], [17, 6, 17, 10], [17, 10, 16, 10], [16, 10, 16, 11], [16, 11, 10, 11], [10, 11, 10, 10], [10, 10, 9, 10], [9, 10, 13, 10], [13, 10, 13, 12], [13, 12, 11, 12], [11, 12, 11, 13], [11, 13, 12, 13], [12, 13, 12, 3], [12, 3, 2, 3]]}
META {"type": "geom", "shape": "tile", "group": "path", "data": [[29, 12], [29, 13], [28, 13], [28, 12], [28, 11], [27, 11], [26, 11], [26, 12], [26, 11], [26, 10], [27, 10], [26, 10], [25, 10], [25, 9], [24, 9], [24, 8], [24, 7], [24, 6], [24, 5], [23, 5], [22, 5], [22, 6], [22, 7], [22, 6], [22, 5], [22, 4], [22, 3], [21, 3], [20, 3], [19, 3], [18, 3], [17, 3], [16, 3], [17, 3], [18, 3], [19, 3], [20, 3], [21, 3], [22, 3], [23, 3], [24, 3], [25, 3], [26, 3], [26, 4], [27, 4], [27, 5], [27, 6], [26, 6], [25, 6], [24, 6], [23, 6], [22, 6], [21, 6], [20, 6], [19, 6], [18, 6], [17, 6], [17, 7], [17, 8], [17, 9], [17, 10], [16, 10], [16, 11], [15, 11], [14, 11], [13, 11], [12, 11], [11, 11], [10, 11], [10, 10], [9, 10], [10, 10], [11, 10], [12, 10], [13, 10], [13, 11], [13, 12], [12, 12], [11, 12], [11, 13], [12, 13], [12, 12], [12, 11], [12, 10], [12, 9], [12, 8], [12, 7], [12, 6], [12, 5], [12, 4], [12, 3], [11, 3], [10, 3], [9, 3], [8, 3], [7, 3], [6, 3], [5, 3], [4, 3], [3, 3], [2, 3]]}
META {"type": "geom", "shape": "line", "group": "offpath", "data": [[17, 13, 17, 12], [17, 12, 17, 13], [4, 8, 5, 8], [4, 4, 5, 4], [4, 5, 6, 5], [25, 3, 25, 2], [25, 2, 25, 3], [16, 4, 14, 4], [12, 9, 11, 9], [12, 4, 10, 4], [23, 4, 22, 4], [22, 11, 22, 13], [22, 13, 22, 11], [22, 4, 23, 4], [7, 11, 7, 12], [7, 12, 5, 12], [28, 3, 28, 2], [28, 2, 28, 3], [18, 3, 18, 4], [18, 8, 18, 6], [18, 6, 18, 8], [18, 4, 18, 3], [8, 13, 8, 12], [8, 12, 8, 13], [3, 11, 7, 11], [9, 3, 9, 2], [9, 2, 9, 3], [6, 11, 6, 12], [6, 12, 6, 11], [6, 5, 4, 5], [5, 11, 3, 11], [5, 3, 5, 9], [5, 9, 5, 3], [5, 8, 4, 8], [5, 12, 5, 11], [5, 4, 4, 4], [20, 10, 20, 9], [20, 9, 20, 10], [20, 2, 21, 2], [20, 5, 19, 5], [21, 2, 20, 2], [14, 4, 16, 4], [11, 9, 12, 9], [11, 4, 12, 4], [11, 2, 11, 4], [19, 5, 20, 5], [10, 4, 10, 2], [10, 2, 11, 2]]}
