XXXXXXXXXXXXXXXX
X---}XXX-------X
XX-XXXXX----X--X
X--XXXXX------XX
X--XXXX--XXXX--X
X--XXX-XX------X
XX-XXX-XX----X-X
XX--------XXX--X
X-----XX-XXXX--X
X--X-XXXXXXXX--X
X--X-XXXXXXXX-XX
XX-X--XXXXX{--XX
X-------XXXXX--X
XX------XXXXX--X
X-----XX-------X
XXXXXXXXXXXXXXXX
META {"type": "solver", "id": "pysat-rc2", "objective": 0}
META {"type": "geom", "shape": "path", "group": "path", "data": [[11, 11, 11, 12], [11, 12, 11, 13], [11, 13, 10, 13], [10, 13, 9, 13], [9, 13, 8, 13], [8, 13, 7, 13], [7, 13, 7, 14], [7, 14, 6, 14], [6, 14, 5, 14], [5, 14, 5, 13], [5, 13, 5, 12], [5, 12, 5, 11], [5, 11, 5, 10], [5, 10, 5, 9], [5, 9, 6, 9], [6, 9, 7, 9], [7, 9, 7, 8], [7, 8, 7, 7], [7, 7, 7, 6], [7, 6, 7, 5], [7, 5, 7, 4], [7, 4, 7, 3], [7, 3, 7, 2], [7, 2, 6, 2], [6, 2, 5, 2], [5, 2, 4, 2], [4, 2, 3, 2], [3, 2, 2, 2], [2, 2, 1, 2], [1, 2, 1, 3], [1, 3, 1, 4]]}
