XXXXXXXXXXXXXXXX
X0---XX---XX--1X
XXXX---------XXX
XXXX---------XXX
X----X-XX-X----X
X-XXX--XX------X
X---------X-XX-X
XXXXX--XXXXXXXXX
XXXXX--XXXXXXXXX
X-XXX-X--------X
XXXXX-X-XXXXX--X
XXXXX-X-XXXXXX-X
XXXXXX-XXXXXXXXX
XXXXXX-XXXXXXXXX
X2------------3X
XXXXXXXXXXXXXXXX
META {"type": "solver", "id": "pysat-rc2", "objective": 0}
META {"type": "geom", "shape": "path", "group": "path", "data": [[1, 1, 1, 2], [1, 2, 1, 3], [1, 3, 1, 4], [1, 4, 2, 4], [2, 4, 3, 4], [3, 4, 4, 4], [4, 4, 4, 3], [4, 3, 4, 2], [4, 2, 4, 1], [4, 1, 5, 1], [5, 1, 6, 1], [6, 1, 6, 2], [6, 2, 6, 3], [6, 3, 6, 4], [6, 4, 6, 5], [6, 5, 7, 5], [7, 5, 8, 5], [8, 5, 8, 6], [8, 6, 7, 6], [7, 6, 6, 6], [6, 6, 6, 7], [6, 7, 6, 8], [6, 8, 6, 9], [6, 9, 5, 9], [5, 9, 4, 9], [4, 9, 3, 9], [3, 9, 2, 9], [2, 9, 2, 10], [2, 10, 2, 11], [2, 11, 2, 12], [2, 12, 1, 12], [1, 12, 1, 13], [1, 13, 1, 14]]}
META {"type": "geom", "shape": "tile", "group": "path", "data": [[1, 1], [1, 2], [1, 3], [1, 4], [2, 4], [3, 4], [4, 4], [4, 3], [4, 2], [4, 1], [5, 1], [6, 1], [6, 2], [6, 3], [6, 4], [6, 5], [7, 5], [8, 5], [8, 6], [7, 6], [6, 6], [6, 7], [6, 8], [6, 9], [5, 9], [4, 9], [3, 9], [2, 9], [2, 10], [2, 11], [2, 12], [1, 12], [1, 13], [1, 14]]}
META {"type": "geom", "shape": "line", "group": "offpath", "data": [[9, 5, 10, 5], [10, 5, 9, 5], [5, 12, 4, 12], [4, 12, 5, 12]]}
META {"type": "geom", "shape": "path", "group": "path", "data": [[14, 1, 14, 2], [14, 2, 14, 3], [14, 3, 14, 4], [14, 4, 14, 5], [14, 5, 14, 6], [14, 6, 14, 7], [14, 7, 14, 8], [14, 8, 14, 9], [14, 9, 14, 10], [14, 10, 14, 11], [14, 11, 14, 12], [14, 12, 14, 13], [14, 13, 14, 14]]}
META {"type": "geom", "shape": "tile", "group": "path", "data": [[14, 1], [14, 2], [14, 3], [14, 4], [14, 5], [14, 6], [14, 7], [14, 8], [14, 9], [14, 10], [14, 11], [14, 12], [14, 13], [14, 14]]}
META {"type": "geom", "shape": "line", "group": "offpath", "data": [[2, 9, 1, 9], [2, 12, 2, 11], [2, 8, 2, 9], [2, 11, 2, 10], [2, 10, 3, 10], [2, 7, 2, 6], [2, 5, 2, 4], [2, 6, 2, 5], [2, 4, 3, 4], [9, 8, 9, 7], [9, 7, 9, 8], [1, 9, 1, 8], [1, 8, 1, 7], [1, 3, 1, 2], [1, 7, 2, 7], [1, 2, 1, 3], [5, 9, 5, 10], [5, 12, 4, 12], [5, 11, 4, 11], [5, 10, 5, 11], [5, 1, 6, 1], [3, 9, 3, 8], [3, 12, 2, 12], [3, 8, 2, 8], [3, 11, 3, 12], [3, 10, 3, 9], [3, 6, 4, 6], [3, 4, 4, 4], [6, 9, 5, 9], [6, 8, 6, 9], [6, 3, 6, 4], [6, 1, 6, 2], [6, 7, 6, 8], [6, 5, 6, 6], [6, 2, 6, 3], [6, 6, 6, 7], [6, 4, 6, 5], [4, 12, 5, 12], [4, 3, 4, 2], [4, 11, 3, 11], [4, 1, 5, 1], [4, 2, 4, 1], [4, 6, 3, 6], [4, 4, 4, 3]]}
