XXXXXXXXXXXXXXXX
XXXXX-X------1XX
XXX0----XXX-XXXX
XXXXX-X-----XXXX
XXXXX-X--------X
X-----X------X-X
XX---X---------X
X--XX---XX-----X
XXXXXXXXXXXXXX-X
XXXXXXXXXXXXXX-X
X-XX----XX-----X
X-XX-XXX--XX-X-X
XXXXX----XXXXXXX
XXXXX-XX-XXXXXXX
X2----XX------3X
XXXXXXXXXXXXXXXX
META {"type": "solver", "id": "pysat-rc2-boolonly", "objective": 0}
META {"type": "geom", "shape": "path", "group": "path", "data": [[2, 3, 2, 4], [2, 4, 2, 5], [2, 5, 2, 6], [2, 6, 2, 7], [2, 7, 3, 7], [3, 7, 4, 7], [4, 7, 4, 8], [4, 8, 3, 8], [3, 8, 3, 9], [3, 9, 3, 10], [3, 10, 3, 11], [3, 11, 2, 11], [2, 11, 1, 11], [1, 11, 1, 12], [1, 12, 1, 13]]}
META {"type": "geom", "shape": "tile", "group": "path", "data": [[2, 3], [2, 4], [2, 5], [2, 6], [2, 7], [3, 7], [4, 7], [4, 8], [3, 8], [3, 9], [3, 10], [3, 11], [2, 11], [1, 11], [1, 12], [1, 13]]}
META {"type": "geom", "shape": "line", "group": "offpath", "data": [[4, 10, 4, 11], [4, 5, 5, 5], [4, 11, 4, 12], [4, 13, 4, 14], [4, 14, 5, 14], [4, 9, 4, 10], [4, 12, 4, 13], [8, 14, 7, 14], [10, 5, 10, 4], [10, 13, 10, 14], [10, 4, 10, 5], [10, 14, 10, 13], [10, 12, 11, 12], [11, 12, 10, 12], [7, 11, 6, 11], [7, 13, 7, 12], [7, 14, 8, 14], [7, 2, 7, 1], [7, 1, 7, 2], [7, 12, 6, 12], [6, 10, 6, 9], [6, 11, 7, 11], [6, 13, 7, 13], [6, 14, 6, 13], [6, 9, 6, 10], [6, 2, 6, 3], [6, 7, 6, 6], [6, 12, 5, 12], [6, 3, 5, 3], [6, 6, 6, 7], [5, 10, 5, 9], [5, 5, 4, 5], [5, 11, 5, 10], [5, 8, 5, 7], [5, 14, 6, 14], [5, 9, 4, 9], [5, 2, 6, 2], [5, 7, 5, 8], [5, 12, 5, 11], [5, 3, 5, 2]]}
META {"type": "geom", "shape": "path", "group": "path", "data": [[14, 1, 14, 2], [14, 2, 14, 3], [14, 3, 14, 4], [14, 4, 14, 5], [14, 5, 13, 5], [13, 5, 12, 5], [12, 5, 12, 6], [12, 6, 12, 7], [12, 7, 12, 8], [12, 8, 13, 8], [13, 8, 14, 8], [14, 8, 14, 9], [14, 9, 14, 10], [14, 10, 14, 11], [14, 11, 14, 12], [14, 12, 14, 13], [14, 13, 14, 14]]}
META {"type": "geom", "shape": "tile", "group": "path", "data": [[14, 1], [14, 2], [14, 3], [14, 4], [14, 5], [13, 5], [12, 5], [12, 6], [12, 7], [12, 8], [13, 8], [14, 8], [14, 9], [14, 10], [14, 11], [14, 12], [14, 13], [14, 14]]}
META {"type": "geom", "shape": "line", "group": "offpath", "data": [[10, 7, 10, 6], [10, 6, 10, 7], [11, 8, 11, 9], [11, 9, 11, 8]]}
