XXXXXXXXXXXXXXXX
XXXXXXXXXXXXXXXX
XXXX-XXXXXXX}XXX
XX---XXXXXXX-XXX
XX-----XXX---XXX
XX-#---XXXX--XXX
XX---#-XXXX---XX
XX-----XXXX##-XX
XX--X--XXXX---XX
XXXXXX-------XXX
XXXXXX---XX-XXXX
XXXXXXXX--X-XXXX
XXXXXXXX----XXXX
XXX-XXXX-X---XXX
XX--XXX--XXX-XXX
XX--XXX--XXX--XX
XX##-----XXX--XX
XX---XX-------XX
XXX---X----#--XX
XXX##---X-----XX
XXX----XXXX-X-XX
XXXX-#--XXX-XXXX
XXXX----XXX-XXXX
XXXX--------XXXX
XXXX--X---X-XXXX
XXXX--XXXXX-XXXX
XXX---XXXXX-XXXX
XXX##--XXXX---XX
XXX--{-XXXX---XX
XXXXXXXXXX---XXX
XXXXXXXXXXXXXXXX
XXXXXXXXXXXXXXXX
META {"type": "solver", "id": "pysat-rc2", "objective": 0}
META {"type": "geom", "shape": "path", "group": "path", "data": [[28, 5, 22, 5], [22, 5, 22, 4], [22, 4, 26, 4], [26, 4, 20, 4], [20, 4, 20, 6], [20, 6, 19, 6], [19, 6, 19, 5], [19, 5, 20, 5], [20, 5, 18, 5], [18, 5, 18, 3], [18, 3, 17, 3], [17, 3, 17, 2], [17, 2, 17, 4], [17, 4, 16, 4], [16, 4, 16, 8], [16, 8, 18, 8], [18, 8, 18, 10], [18, 10, 19, 10], [19, 10, 19, 9], [19, 9, 19, 13], [19, 13, 15, 13], [15, 13, 15, 12], [15, 12, 19, 12], [19, 12, 13, 12], [13, 12, 13, 10], [13, 10, 12, 10], [12, 10, 12, 11], [12, 11, 8, 11], [8, 11, 8, 13], [8, 13, 6, 13], [6, 13, 6, 11], [6, 11, 4, 11], [4, 11, 4, 10], [4, 10, 4, 12], [4, 12, 6, 12], [6, 12, 2, 12]]}
META {"type": "geom", "shape": "tile", "group": "path", "data": [[28, 5], [27, 5], [26, 5], [25, 5], [24, 5], [23, 5], [22, 5], [22, 4], [23, 4], [24, 4], [25, 4], [26, 4], [25, 4], [24, 4], [23, 4], [22, 4], [21, 4], [20, 4], [20, 5], [20, 6], [19, 6], [19, 5], [20, 5], [19, 5], [18, 5], [18, 4], [18, 3], [17, 3], [17, 2], [17, 3], [17, 4], [16, 4], [16, 5], [16, 6], [16, 7], [16, 8], [17, 8], [18, 8], [18, 9], [18, 10], [19, 10], [19, 9], [19, 10], [19, 11], [19, 12], [19, 13], [18, 13], [17, 13], [16, 13], [15, 13], [15, 12], [16, 12], [17, 12], [18, 12], [19, 12], [18, 12], [17, 12], [16, 12], [15, 12], [14, 12], [13, 12], [13, 11], [13, 10], [12, 10], [12, 11], [11, 11], [10, 11], [9, 11], [8, 11], [8, 12], [8, 13], [7, 13], [6, 13], [6, 12], [6, 11], [5, 11], [4, 11], [4, 10], [4, 11], [4, 12], [5, 12], [6, 12], [5, 12], [4, 12], [3, 12], [2, 12]]}
META {"type": "geom", "shape": "line", "group": "offpath", "data": [[25, 4, 25, 5], [25, 5, 25, 4], [14, 8, 14, 7], [14, 7, 14, 8], [14, 3, 13, 3], [14, 2, 14, 3], [8, 5, 7, 5], [8, 3, 8, 2], [8, 2, 8, 3], [7, 4, 7, 2], [7, 5, 8, 5], [7, 2, 3, 2], [9, 6, 9, 12], [9, 12, 9, 6], [13, 3, 15, 3], [15, 8, 15, 7], [15, 7, 15, 8], [15, 3, 15, 2], [15, 2, 14, 2], [28, 13, 28, 11], [28, 11, 29, 11], [4, 5, 5, 5], [4, 3, 3, 3], [4, 6, 4, 2], [4, 2, 4, 6], [5, 5, 4, 5], [5, 11, 5, 12], [5, 12, 5, 11], [24, 9, 24, 7], [24, 8, 23, 8], [24, 7, 24, 9], [11, 9, 12, 9], [3, 4, 7, 4], [3, 3, 4, 3], [3, 2, 3, 4], [27, 5, 27, 6], [27, 13, 28, 13], [27, 6, 27, 5], [27, 12, 27, 13], [12, 9, 11, 9], [29, 11, 29, 12], [29, 12, 27, 12], [23, 8, 24, 8]]}
