XXXXXXXXXXXXXXXX
XXXXXXXXXXXXXXXX
XXXXXX-XXXX}XXXX
XXXX---XXXX--XXX
XXXX---------XXX
XXX------XXX--XX
XXXX--##-XXXX-XX
XXXX-----XXXX-XX
XXXX-#---XXX--XX
XXX-----#---#-XX
XX--X-X-------XX
XX--XXX-------XX
XX--XXX-X-###-XX
XX--XXXXX-----XX
XX---XXXX-----XX
XXX--XXXX--X--XX
XXX--XXX---XXXXX
XXX------#--XXXX
XX---XX-----XXXX
XX----X-----XXXX
XX-#------#---XX
XX---XX-----XXXX
XX--XXXX-----XXX
XXX-XXXX---#-XXX
XXX-XXX-#-----XX
XXX-XXX-------XX
XXX------X--XXXX
XX---{--XX---XXX
XX-XXXX--X---XXX
XX-XXXX------XXX
XXXXXXXXXXXXXXXX
XXXXXXXXXXXXXXXX
META {"type": "solver", "id": "pysat-rc2", "objective": 0}
META {"type": "geom", "shape": "path", "group": "path", "data": [[27, 5, 26, 5], [26, 5, 26, 3], [26, 3, 27, 3], [27, 3, 21, 3], [21, 3, 21, 2], [21, 2, 22, 2], [22, 2, 18, 2], [18, 2, 18, 4], [18, 4, 14, 4], [14, 4, 14, 2], [14, 2, 10, 2], [10, 2, 10, 3], [10, 3, 9, 3], [9, 3, 9, 7], [9, 7, 7, 7], [7, 7, 7, 8], [7, 8, 7, 4], [7, 4, 3, 4], [3, 4, 3, 6], [3, 6, 5, 6], [5, 6, 5, 8], [5, 8, 4, 8], [4, 8, 4, 12], [4, 12, 5, 12], [5, 12, 3, 12], [3, 12, 3, 11], [3, 11, 2, 11]]}
META {"type": "geom", "shape": "tile", "group": "path", "data": [[27, 5], [26, 5], [26, 4], [26, 3], [27, 3], [26, 3], [25, 3], [24, 3], [23, 3], [22, 3], [21, 3], [21, 2], [22, 2], [21, 2], [20, 2], [19, 2], [18, 2], [18, 3], [18, 4], [17, 4], [16, 4], [15, 4], [14, 4], [14, 3], [14, 2], [13, 2], [12, 2], [11, 2], [10, 2], [10, 3], [9, 3], [9, 4], [9, 5], [9, 6], [9, 7], [8, 7], [7, 7], [7, 8], [7, 7], [7, 6], [7, 5], [7, 4], [6, 4], [5, 4], [4, 4], [3, 4], [3, 5], [3, 6], [4, 6], [5, 6], [5, 7], [5, 8], [4, 8], [4, 9], [4, 10], [4, 11], [4, 12], [5, 12], [4, 12], [3, 12], [3, 11], [2, 11]]}
META {"type": "geom", "shape": "line", "group": "offpath", "data": [[21, 7, 21, 11], [21, 11, 21, 7], [9, 9, 9, 11], [9, 11, 11, 11], [26, 10, 26, 11], [26, 11, 26, 10], [26, 8, 25, 8], [26, 6, 27, 6], [25, 7, 25, 13], [25, 13, 25, 7], [25, 8, 26, 8], [27, 10, 29, 10], [27, 2, 29, 2], [27, 6, 26, 6], [27, 12, 27, 10], [17, 7, 17, 3], [17, 3, 19, 3], [17, 10, 13, 10], [17, 11, 17, 10], [5, 7, 4, 7], [10, 7, 10, 13], [10, 13, 10, 7], [19, 7, 17, 7], [19, 3, 19, 5], [19, 10, 19, 11], [19, 11, 19, 7], [19, 5, 20, 5], [24, 9, 24, 13], [24, 13, 24, 9], [14, 9, 14, 13], [14, 11, 13, 11], [14, 13, 14, 9], [11, 7, 11, 13], [11, 3, 11, 2], [11, 11, 11, 7], [11, 13, 15, 13], [11, 2, 11, 3], [12, 3, 12, 2], [12, 2, 12, 3], [28, 8, 29, 8], [20, 9, 18, 9], [20, 5, 20, 9], [15, 9, 15, 10], [15, 10, 15, 9], [15, 13, 15, 12], [15, 12, 13, 12], [22, 8, 22, 12], [22, 12, 22, 8], [13, 3, 13, 2], [13, 9, 9, 9], [13, 10, 19, 10], [13, 11, 14, 11], [13, 13, 13, 9], [13, 2, 13, 3], [13, 12, 13, 13], [29, 10, 29, 12], [29, 2, 27, 2], [29, 8, 28, 8], [29, 12, 27, 12], [4, 7, 5, 7], [8, 8, 8, 6], [8, 6, 8, 8], [18, 9, 18, 11], [18, 11, 17, 11]]}
