XXXXXXXXXXXXXXXX
XXXXXXXXXXXXXXXX
XXXXX----XXX}XXX
XXXX---X-XXX--XX
XXX-XXXX------XX
XXX-XXXX-XX-XXXX
XX--XXXX--X--XXX
XX-----------XXX
XX----##-XXX-XXX
XXXX-----XXX-XXX
XXXX-#---XXX--XX
XXX----##--XX-XX
XXX---------X-XX
XX---#---X--XXXX
XX-#----XX---XXX
XX----#--X---XXX
XX---------XXXXX
XXX-----#---XXXX
XXX-#-----X-XXXX
XXX----#-XXXXXXX
XX-#-----XXXXXXX
XX-------XXXXXXX
XX--#--##-----XX
XX----------#-XX
XX---X---XX---XX
XX--XX-#--X---XX
XXX--X-----##-XX
XXX-----#-----XX
XXX##---------XX
XXX--XXX-XX-{-XX
XXXXXXXXXXXXXXXX
XXXXXXXXXXXXXXXX
META {"type": "solver", "id": "pysat-rc2", "objective": 0}
META {"type": "geom", "shape": "path", "group": "path", "data": [[29, 12, 27, 12], [27, 12, 27, 13], [27, 13, 27, 9], [27, 9, 25, 9], [25, 9, 25, 8], [25, 8, 23, 8], [23, 8, 23, 2], [23, 2, 25, 2], [25, 2, 25, 3], [25, 3, 27, 3], [27, 3, 27, 7], [27, 7, 28, 7], [28, 7, 26, 7], [26, 7, 26, 6], [26, 6, 16, 6], [16, 6, 16, 10], [16, 10, 17, 10], [17, 10, 17, 9], [17, 9, 18, 9], [18, 9, 18, 5], [18, 5, 14, 5], [14, 5, 14, 7], [14, 7, 12, 7], [12, 7, 12, 3], [12, 3, 11, 3], [11, 3, 13, 3], [13, 3, 13, 2], [13, 2, 13, 4], [13, 4, 7, 4], [7, 4, 7, 2], [7, 2, 7, 12], [7, 12, 6, 12], [6, 12, 6, 11], [6, 11, 4, 11], [4, 11, 4, 13], [4, 13, 3, 13], [3, 13, 3, 12], [3, 12, 2, 12]]}
META {"type": "geom", "shape": "tile", "group": "path", "data": [[29, 12], [28, 12], [27, 12], [27, 13], [27, 12], [27, 11], [27, 10], [27, 9], [26, 9], [25, 9], [25, 8], [24, 8], [23, 8], [23, 7], [23, 6], [23, 5], [23, 4], [23, 3], [23, 2], [24, 2], [25, 2], [25, 3], [26, 3], [27, 3], [27, 4], [27, 5], [27, 6], [27, 7], [28, 7], [27, 7], [26, 7], [26, 6], [25, 6], [24, 6], [23, 6], [22, 6], [21, 6], [20, 6], [19, 6], [18, 6], [17, 6], [16, 6], [16, 7], [16, 8], [16, 9], [16, 10], [17, 10], [17, 9], [18, 9], [18, 8], [18, 7], [18, 6], [18, 5], [17, 5], [16, 5], [15, 5], [14, 5], [14, 6], [14, 7], [13, 7], [12, 7], [12, 6], [12, 5], [12, 4], [12, 3], [11, 3], [12, 3], [13, 3], [13, 2], [13, 3], [13, 4], [12, 4], [11, 4], [10, 4], [9, 4], [8, 4], [7, 4], [7, 3], [7, 2], [7, 3], [7, 4], [7, 5], [7, 6], [7, 7], [7, 8], [7, 9], [7, 10], [7, 11], [7, 12], [6, 12], [6, 11], [5, 11], [4, 11], [4, 12], [4, 13], [3, 13], [3, 12], [2, 12]]}
META {"type": "geom", "shape": "line", "group": "offpath", "data": [[16, 8, 15, 8], [19, 3, 15, 3], [13, 10, 13, 11], [13, 11, 13, 10], [20, 4, 20, 8], [20, 7, 21, 7], [20, 8, 20, 4], [10, 13, 12, 13], [10, 7, 9, 7], [26, 10, 28, 10], [26, 4, 27, 4], [27, 4, 26, 4], [27, 5, 28, 5], [27, 11, 29, 11], [21, 2, 21, 8], [21, 7, 20, 7], [21, 8, 21, 2], [23, 7, 24, 7], [2, 5, 3, 5], [12, 5, 11, 5], [12, 13, 10, 13], [12, 9, 11, 9], [29, 4, 29, 3], [29, 11, 27, 11], [29, 3, 29, 4], [15, 10, 15, 12], [15, 8, 16, 8], [15, 3, 19, 3], [15, 12, 15, 10], [11, 5, 12, 5], [11, 9, 12, 9], [17, 7, 17, 3], [17, 3, 17, 7], [6, 2, 8, 2], [6, 8, 6, 9], [6, 9, 6, 8], [3, 4, 3, 6], [3, 5, 2, 5], [3, 6, 3, 4], [22, 2, 22, 3], [22, 13, 22, 9], [22, 3, 22, 2], [22, 9, 22, 13], [4, 3, 8, 3], [8, 2, 6, 2], [8, 3, 4, 3], [9, 7, 10, 7], [28, 10, 26, 10], [28, 5, 27, 5], [24, 7, 23, 7]]}
