XXXXXXXXXXXXXXXX
XXXXXXXXXXXXXXXX
XXXXXXX------XXX
XXXXXXX-------XX
XX}XXX------X-XX
XX-XXX-X--#-XXXX
XX---XXXX---XXXX
XXX---XXX---XXXX
XXX---XXX---XXXX
XXX##-XXX##---XX
XXX---XXX--#--XX
XXX-#----X----XX
XXX----XXX--#-XX
XXX--#-XXXX---XX
XXX----XXXX---XX
XX-----XXXX---XX
XX-----XXXX---XX
XX-##---XXXX--XX
XX----#-XXXX--XX
XX-------XXX-XXX
XX--X----XXXXXXX
XX--XXXX-XXXXXXX
XXX-XXXX-XXXXXXX
XXXXXXXX-XXXXXXX
XXXXXX------XXXX
XXXXXX---X---XXX
XXX--XX--XXX-XXX
XXX---X--XXX--XX
XXXX-----XXX--XX
XXXXX--{-----XXX
XXXXXXXXXXXXXXXX
XXXXXXXXXXXXXXXX
META {"type": "solver", "id": "pysat-rc2", "objective": 0}
META {"type": "geom", "shape": "path", "group": "path", "data": [[29, 7, 29, 5], [29, 5, 27, 5], [27, 5, 27, 3], [27, 3, 26, 3], [26, 3, 26, 4], [26, 4, 28, 4], [28, 4, 28, 8], [28, 8, 29, 8], [29, 8, 29, 12], [29, 12, 25, 12], [25, 12, 25, 10], [25, 10, 24, 10], [24, 10, 24, 6], [24, 6, 25, 6], [25, 6, 25, 8], [25, 8, 19, 8], [19, 8, 19, 2], [19, 2, 21, 2], [21, 2, 21, 3], [21, 3, 22, 3], [22, 3, 18, 3], [18, 3, 18, 5], [18, 5, 20, 5], [20, 5, 14, 5], [14, 5, 14, 3], [14, 3, 10, 3], [10, 3, 10, 5], [10, 5, 12, 5], [12, 5, 12, 6], [12, 6, 11, 6], [11, 6, 11, 5], [11, 5, 7, 5], [7, 5, 7, 3], [7, 3, 6, 3], [6, 3, 6, 2], [6, 2, 4, 2]]}
META {"type": "geom", "shape": "tile", "group": "path", "data": [[29, 7], [29, 6], [29, 5], [28, 5], [27, 5], [27, 4], [27, 3], [26, 3], [26, 4], [27, 4], [28, 4], [28, 5], [28, 6], [28, 7], [28, 8], [29, 8], [29, 9], [29, 10], [29, 11], [29, 12], [28, 12], [27, 12], [26, 12], [25, 12], [25, 11], [25, 10], [24, 10], [24, 9], [24, 8], [24, 7], [24, 6], [25, 6], [25, 7], [25, 8], [24, 8], [23, 8], [22, 8], [21, 8], [20, 8], [19, 8], [19, 7], [19, 6], [19, 5], [19, 4], [19, 3], [19, 2], [20, 2], [21, 2], [21, 3], [22, 3], [21, 3], [20, 3], [19, 3], [18, 3], [18, 4], [18, 5], [19, 5], [20, 5], [19, 5], [18, 5], [17, 5], [16, 5], [15, 5], [14, 5], [14, 4], [14, 3], [13, 3], [12, 3], [11, 3], [10, 3], [10, 4], [10, 5], [11, 5], [12, 5], [12, 6], [11, 6], [11, 5], [10, 5], [9, 5], [8, 5], [7, 5], [7, 4], [7, 3], [6, 3], [6, 2], [5, 2], [4, 2]]}
META {"type": "geom", "shape": "line", "group": "offpath", "data": [[2, 10, 4, 10], [2, 11, 2, 12], [2, 12, 3, 12], [20, 6, 19, 6], [8, 11, 8, 9], [8, 9, 8, 11], [8, 3, 8, 5], [8, 5, 8, 3], [18, 13, 18, 12], [18, 12, 19, 12], [25, 11, 24, 11], [12, 10, 12, 11], [12, 11, 16, 11], [19, 6, 20, 6], [19, 12, 13, 12], [16, 11, 16, 13], [16, 13, 18, 13], [16, 6, 16, 2], [16, 2, 16, 6], [17, 13, 17, 12], [17, 12, 17, 13], [3, 13, 3, 7], [3, 7, 4, 7], [3, 12, 3, 13], [14, 11, 14, 13], [14, 13, 14, 11], [27, 13, 28, 13], [6, 11, 6, 9], [6, 9, 6, 11], [9, 12, 11, 12], [24, 11, 25, 11], [28, 13, 27, 13], [28, 6, 29, 6], [26, 8, 26, 7], [26, 7, 26, 8], [4, 10, 2, 10], [4, 11, 2, 11], [4, 7, 4, 11], [11, 10, 12, 10], [11, 11, 11, 10], [11, 12, 9, 12], [15, 6, 15, 2], [15, 2, 15, 6], [29, 6, 28, 6], [13, 11, 11, 11], [13, 13, 13, 11], [13, 3, 13, 4], [13, 4, 13, 3], [13, 12, 13, 13]]}
