--------------------------------
--------------------------------
-----------------Q--------------
--------------------------Q-----
-------X---------------------X--
--------------Q-----------------
----------XX-----XX---XXX-------
--------------------------------
----------------------XXX--X----
-------------XX-----------------
------X-----XXX--Q--------------
--Q--------XXXX-----------------
----------XXXXX-----------<>----
---------XXXXXX------XX---[]----
-{------XXXXXXX-----XXX---[]--}-
XXXXXXXXXXXXXXXXXXXXXXXXXXXXXXXX
META {"type": "solver", "id": "pysat-rc2", "objective": 0}
META {"type": "geom", "shape": "path", "group": "path", "data": [[14, 1, 14, 2], [14, 2, 14, 3], [14, 3, 14, 4], [14, 4, 14, 5], [14, 5, 14, 6], [14, 6, 14, 7], [14, 7, 12, 9], [12, 9, 8, 13], [8, 13, 8, 14], [8, 14, 5, 17], [5, 17, 5, 18], [5, 18, 4, 19], [4, 19, 5, 20], [5, 20, 6, 21], [6, 21, 7, 22], [7, 22, 7, 23], [7, 23, 7, 24], [7, 24, 7, 25], [7, 25, 8, 25], [8, 25, 9, 26], [9, 26, 10, 27], [10, 27, 11, 28], [11, 28, 12, 28], [12, 28, 13, 29], [13, 29, 14, 30]]}
