--------------------------------
--------------------------------
----------------XX--X------XXX--
----------Q---------------------
---------------------------XXX--
-----------------------X--------
----------Q---------------------
-------Q--------------------XX--
--------------------------------
-----------------------Q--------
-------------------Q------------
-----<>-------------------------
-----[]---X-------------X-------
-----[]---XX-------XX---XX------
-{---[]---XXX-----XXX---XXX---}-
XXXXXXXXXXXXXXXXXXXXXXXXXXXXXXXX
META {"type": "solver", "id": "pysat-rc2", "objective": 0}
META {"type": "geom", "shape": "path", "group": "path", "data": [[14, 1, 10, 5], [10, 5, 10, 6], [10, 6, 8, 8], [8, 8, 9, 9], [9, 9, 10, 10], [10, 10, 11, 11], [11, 11, 12, 12], [12, 12, 13, 13], [13, 13, 14, 14], [14, 14, 14, 15], [14, 15, 14, 16], [14, 16, 14, 17], [14, 17, 12, 19], [12, 19, 12, 20], [12, 20, 12, 21], [12, 21, 13, 21], [13, 21, 14, 21], [14, 21, 11, 24], [11, 24, 11, 25], [11, 25, 12, 26], [12, 26, 13, 27], [13, 27, 14, 28], [14, 28, 14, 29], [14, 29, 14, 30]]}
