--------------------------------
--------------------------------
--------------------------------
--------------------------------
----------------Q--Q-------Q----
--------------------------------
-------------X--------X---------
-------------------X------------
--------XX----------------------
-----------------------Q--------
-----X------XX--XX--------------
--X-----------------------------
---------X----------------------
-----XX--XX----XX----<>---------
-{--XXX--XXX--XXX----[]-------}-
XXXXXXXXXXXXXXXXX--XXXXXXXXXXXXX
META {"type": "solver", "id": "pysat-rc2", "objective": 0}
META {"type": "geom", "shape": "path", "group": "path", "data": [[14, 1, 14, 2], [14, 2, 14, 3], [14, 3, 12, 5], [12, 5, 12, 6], [12, 6, 10, 8], [10, 8, 11, 9], [11, 9, 11, 10], [11, 10, 12, 11], [12, 11, 13, 12], [13, 12, 14, 13], [14, 13, 12, 15], [12, 15, 12, 16], [12, 16, 12, 17], [12, 17, 13, 18], [13, 18, 14, 19], [14, 19, 12, 21], [12, 21, 12, 22], [12, 22, 12, 23], [12, 23, 13, 24], [13, 24, 14, 25], [14, 25, 14, 26], [14, 26, 14, 27], [14, 27, 14, 28], [14, 28, 14, 29], [14, 29, 14, 30]]}
