--------------------------------
--------------------------------
------X-------------XX--X-------
--Q-------------XX--------------
--------------------XX-----Q----
-------------Q------------------
-----------------X------Q-------
---------------------X------Q---
--------------------XX----------
--------XXXX-------XXX--<>------
------------------XXXX--[]------
--------XXXX-----XXXXX--[]------
----------------XXXXXX--[]------
---------------XXXXXXX--[]------
-{------------XXXXXXXX--[]----}-
XXXXXXXXXXXXXXXXXXXXXXXXXXXXXXXX
META {"type": "solver", "id": "pysat-rc2", "objective": 0}
META {"type": "geom", "shape": "path", "group": "path", "data": [[14, 1, 14, 2], [14, 2, 14, 3], [14, 3, 14, 4], [14, 4, 14, 5], [14, 5, 14, 6], [14, 6, 14, 7], [14, 7, 14, 8], [14, 8, 14, 9], [14, 9, 14, 10], [14, 10, 14, 11], [14, 11, 14, 12], [14, 12, 14, 13], [14, 13, 10, 17], [10, 17, 6, 21], [6, 21, 6, 22], [6, 22, 7, 23], [7, 23, 8, 24], [8, 24, 8, 25], [8, 25, 8, 26], [8, 26, 9, 26], [9, 26, 10, 26], [10, 26, 11, 27], [11, 27, 12, 28], [12, 28, 13, 29], [13, 29, 14, 30]]}
