--------------------------------
--------------------------------
----------------X---------------
-------------------XXX---X------
--------------------------------
--------------Q-----------------
------------------Q---XQQX--XX--
--------------------------------
------------X-------------------
---------X-----X---------X--X---
--------XX----------------------
-------XXX----------------------
------XXXX--X-------------------
-----XXXXX-----X----<>----XX----
-{--XXXXXX----------[]---XXX--}-
XXXXXXXXXXXXX-----XXXXXXXXXXXXXX
META {"type": "solver", "id": "pysat-rc2", "objective": 0}
META {"type": "geom", "shape": "path", "group": "path", "data": [[14, 1, 14, 2], [14, 2, 14, 3], [14, 3, 11, 6], [11, 6, 7, 10], [7, 10, 8, 11], [8, 11, 9, 12], [9, 12, 10, 13], [10, 13, 11, 14], [11, 14, 12, 15], [12, 15, 12, 16], [12, 16, 13, 17], [13, 17, 14, 18], [14, 18, 12, 20], [12, 20, 12, 21], [12, 21, 12, 22], [12, 22, 13, 23], [13, 23, 14, 24], [14, 24, 12, 26], [12, 26, 12, 27], [12, 27, 12, 28], [12, 28, 13, 29], [13, 29, 14, 30]]}
