XXXXXXXXXXXXXXXX
XXXX-XX--X---XXX
X0--X--XX----XXX
XXX----XX-----1X
XXX-XXXXXX-X-XXX
X---XXXXXX---XXX
XX----XX--XX---X
X-XXX---X-XX---X
XX---XXXXXXXX-XX
X--X-XXXXXXXX--X
X--------XXXXXXX
X----X----XXXXXX
XXX--X-XX----XXX
XXX--X-XX----XXX
X2-----XX-----3X
XXXXXXXXXXXXXXXX
META {"type": "solver", "id": "pysat-rc2", "objective": 0}
META {"type": "geom", "shape": "path", "group": "path", "data": [[14, 1, 14, 2], [14, 2, 14, 3], [14, 3, 14, 4], [14, 4, 13, 4], [13, 4, 12, 4], [12, 4, 12, 3], [12, 3, 11, 3], [11, 3, 10, 3], [10, 3, 10, 4], [10, 4, 10, 5], [10, 5, 10, 6], [10, 6, 10, 7], [10, 7, 10, 8], [10, 8, 11, 8], [11, 8, 11, 9], [11, 9, 12, 9], [12, 9, 12, 10], [12, 10, 12, 11], [12, 11, 12, 12], [12, 12, 13, 12], [13, 12, 14, 12], [14, 12, 14, 13], [14, 13, 14, 14]]}
META {"type": "geom", "shape": "tile", "group": "path", "data": [[14, 1], [14, 2], [14, 3], [14, 4], [13, 4], [12, 4], [12, 3], [11, 3], [10, 3], [10, 4], [10, 5], [10, 6], [10, 7], [10, 8], [11, 8], [11, 9], [12, 9], [12, 10], [12, 11], [12, 12], [13, 12], [14, 12], [14, 13], [14, 14]]}
META {"type": "geom", "shape": "line", "group": "offpath", "data": [[12, 6, 11, 6], [11, 6, 12, 6], [11, 2, 11, 1], [11, 1, 10, 1], [13, 10, 13, 9], [13, 9, 13, 10], [10, 2, 11, 2], [10, 1, 10, 2]]}
