XXXXXXXXXXXXXXXX
X0---X----X--XXX
XXXX----------1X
XXXX-XX------XXX
X----XX------XXX
X-XXX--------XXX
X-XXX-X----X--XX
XX----X----X---X
XX-XX-X-X--X-XXX
XX-XX--------XXX
XX-XX-----XXX--X
XX-XX---X----XXX
XXXXXXXX-X-XXXXX
XXXXXXXX---XXXXX
X2-XX----XX---3X
XXXXXXXXXXXXXXXX
META {"type": "solver", "id": "pysat-rc2", "objective": 0}
META {"type": "geom", "shape": "path", "group": "path", "data": [[1, 1, 1, 2], [1, 2, 1, 3], [1, 3, 1, 4], [1, 4, 2, 4], [2, 4, 2, 5], [2, 5, 2, 6], [2, 6, 1, 6], [1, 6, 1, 7], [1, 7, 2, 7], [2, 7, 3, 7], [3, 7, 4, 7], [4, 7, 5, 7], [5, 7, 5, 8], [5, 8, 5, 9], [5, 9, 6, 9], [6, 9, 6, 8], [6, 8, 7, 8], [7, 8, 7, 9], [7, 9, 8, 9], [8, 9, 8, 10], [8, 10, 7, 10], [7, 10, 6, 10], [6, 10, 5, 10], [5, 10, 5, 11], [5, 11, 4, 11], [4, 11, 4, 10], [4, 10, 3, 10], [3, 10, 3, 11], [3, 11, 2, 11], [2, 11, 2, 12], [2, 12, 2, 13], [2, 13, 2, 14]]}
META {"type": "geom", "shape": "tile", "group": "path", "data": [[1, 1], [1, 2], [1, 3], [1, 4], [2, 4], [2, 5], [2, 6], [1, 6], [1, 7], [2, 7], [3, 7], [4, 7], [5, 7], [5, 8], [5, 9], [6, 9], [6, 8], [7, 8], [7, 9], [8, 9], [8, 10], [7, 10], [6, 10], [5, 10], [5, 11], [4, 11], [4, 10], [3, 10], [3, 11], [2, 11], [2, 12], [2, 13], [2, 14]]}
META {"type": "geom", "shape": "line", "group": "offpath", "data": [[11, 7, 10, 7], [11, 10, 12, 10], [11, 5, 10, 5], [11, 6, 11, 7], [9, 7, 9, 6], [9, 8, 9, 7], [9, 9, 9, 8], [9, 6, 10, 6], [4, 4, 4, 3], [4, 8, 4, 9], [4, 2, 4, 1], [4, 12, 3, 12], [4, 3, 4, 4], [4, 9, 4, 8], [4, 1, 4, 2], [1, 8, 1, 9], [1, 12, 1, 11], [1, 9, 1, 8], [1, 11, 1, 12], [10, 7, 10, 8], [10, 8, 10, 9], [10, 9, 9, 9], [10, 5, 11, 5], [10, 6, 11, 6], [3, 8, 2, 8], [3, 12, 4, 12], [3, 9, 3, 8], [7, 4, 7, 3], [7, 3, 7, 4], [7, 5, 8, 5], [2, 8, 2, 9], [2, 9, 3, 9], [12, 10, 11, 10], [12, 8, 13, 8], [5, 5, 5, 6], [5, 6, 5, 5], [6, 13, 6, 12], [6, 12, 6, 13], [13, 8, 12, 8], [14, 5, 14, 6], [14, 6, 14, 5], [8, 5, 7, 5]]}
