XXXXXXXXXXXXXXXX
XXXXX--X----XXXX
X0-------X----1X
XXXXXXXXXXXXXXXX
XXXXXXXXXXXXXXXX
X-------------XX
XX------XX-X---X
X-XXXX--XX-X--XX
X-------XX-X--XX
XX-XXX-XXXX-X-XX
X------XXXX--X-X
XXX-----XX-X---X
XXX--------X-XXX
XXX----XXX-X-XXX
X2-XX---------3X
XXXXXXXXXXXXXXXX
META {"type": "solver", "id": "pysat-rc2", "objective": 0}
META {"type": "geom", "shape": "path", "group": "path", "data": [[2, 1, 2, 2], [2, 2, 2, 3], [2, 3, 2, 4], [2, 4, 2, 5], [2, 5, 1, 5], [1, 5, 1, 6], [1, 6, 2, 6], [2, 6, 2, 7], [2, 7, 2, 8], [2, 8, 1, 8], [1, 8, 1, 9], [1, 9, 1, 10], [1, 10, 1, 11], [1, 11, 2, 11], [2, 11, 2, 12], [2, 12, 2, 13], [2, 13, 2, 14]]}
META {"type": "geom", "shape": "tile", "group": "path", "data": [[2, 1], [2, 2], [2, 3], [2, 4], [2, 5], [1, 5], [1, 6], [2, 6], [2, 7], [2, 8], [1, 8], [1, 9], [1, 10], [1, 11], [2, 11], [2, 12], [2, 13], [2, 14]]}
META {"type": "geom", "shape": "line", "group": "offpath", "data": [[7, 7, 7, 6], [7, 6, 8, 6], [5, 7, 6, 7], [5, 6, 5, 5], [5, 5, 5, 6], [6, 7, 5, 7], [6, 13, 6, 12], [6, 12, 6, 13], [9, 6, 10, 6], [9, 2, 10, 2], [13, 4, 12, 4], [10, 6, 9, 6], [10, 12, 11, 12], [10, 2, 9, 2], [8, 7, 7, 7], [8, 6, 8, 7], [8, 4, 8, 5], [8, 5, 8, 4], [11, 7, 12, 7], [11, 6, 11, 7], [11, 13, 11, 14], [11, 14, 11, 13], [11, 5, 11, 6], [11, 12, 10, 12], [12, 7, 12, 6], [12, 10, 12, 9], [12, 6, 12, 5], [12, 4, 13, 4], [12, 9, 12, 10], [12, 5, 11, 5]]}
