XXXXXXXXXXXXXXXX
XXX--XX-------1X
X0------X--XXXXX
XXX-XXX----XXXXX
XXXXXXXXXXX----X
XXXXXXXXXXXXXXXX
X--XX---XXXXXXXX
XX-----X------XX
X--XXX-X--X---XX
X------X----XX-X
XX----X-----XX-X
X-XX--X--X--XX-X
XXXXX-X----XXXXX
XXXXX------XXXXX
X2------XX----3X
XXXXXXXXXXXXXXXX
META {"type": "solver", "id": "pysat-rc2-boolonly", "objective": 0}
META {"type": "geom", "shape": "path", "group": "path", "data": [[2, 1, 2, 2], [2, 2, 2, 3], [2, 3, 2, 4], [2, 4, 2, 5], [2, 5, 2, 6], [2, 6, 2, 7], [2, 7, 1, 7], [1, 7, 1, 8], [1, 8, 1, 9], [1, 9, 1, 10], [1, 10, 1, 11], [1, 11, 1, 12], [1, 12, 1, 13], [1, 13, 1, 14]]}
META {"type": "geom", "shape": "tile", "group": "path", "data": [[2, 1], [2, 2], [2, 3], [2, 4], [2, 5], [2, 6], [2, 7], [1, 7], [1, 8], [1, 9], [1, 10], [1, 11], [1, 12], [1, 13], [1, 14]]}
META {"type": "geom", "shape": "line", "group": "offpath", "data": [[11, 14, 10, 14], [13, 6, 14, 6], [10, 5, 9, 5], [10, 10, 10, 9], [10, 9, 10, 10], [10, 14, 11, 14], [7, 8, 8, 8], [8, 2, 8, 1], [8, 1, 8, 2], [8, 8, 7, 8], [6, 6, 6, 7], [6, 7, 6, 6], [9, 5, 10, 5], [1, 3, 1, 4], [1, 4, 1, 3], [14, 6, 13, 6]]}
META {"type": "geom", "shape": "path", "group": "path", "data": [[14, 1, 14, 2], [14, 2, 14, 3], [14, 3, 14, 4], [14, 4, 14, 5], [14, 5, 14, 6], [14, 6, 14, 7], [14, 7, 13, 7], [13, 7, 13, 8], [13, 8, 12, 8], [12, 8, 11, 8], [11, 8, 10, 8], [10, 8, 10, 9], [10, 9, 10, 10], [10, 10, 11, 10], [11, 10, 12, 10], [12, 10, 13, 10], [13, 10, 14, 10], [14, 10, 14, 11], [14, 11, 14, 12], [14, 12, 14, 13], [14, 13, 14, 14]]}
META {"type": "geom", "shape": "tile", "group": "path", "data": [[14, 1], [14, 2], [14, 3], [14, 4], [14, 5], [14, 6], [14, 7], [13, 7], [13, 8], [12, 8], [11, 8], [10, 8], [10, 9], [10, 10], [11, 10], [12, 10], [13, 10], [14, 10], [14, 11], [14, 12], [14, 13], [14, 14]]}
META {"type": "geom", "shape": "line", "group": "offpath", "data": [[11, 11, 10, 11], [11, 5, 10, 5], [11, 14, 10, 14], [10, 11, 11, 11], [10, 5, 11, 5], [10, 2, 9, 2], [10, 3, 10, 2], [10, 14, 11, 14], [7, 5, 6, 5], [7, 3, 7, 4], [7, 4, 7, 3], [8, 11, 9, 11], [8, 2, 8, 1], [8, 1, 8, 2], [8, 8, 9, 8], [6, 5, 7, 5], [6, 2, 6, 1], [6, 6, 6, 7], [6, 7, 6, 6], [6, 1, 6, 2], [9, 11, 8, 11], [9, 2, 9, 3], [9, 3, 10, 3], [9, 8, 8, 8]]}
