XXXXXXXXXXXXXXXX
XXXXX--XX-X--1XX
XXX0--XXXX--XXXX
XXXXX-XXXX--XXXX
XXXXX------X--XX
X----XXX---X--XX
XX---------X--XX
X-XXXXXX---X--XX
X-------XXX----X
XX----X-XXX-X-XX
X-----X--------X
X-XX--X-XX-X--XX
XXXXX---XX--XXXX
XXXXX-XX--X-XXXX
X2----XX------3X
XXXXXXXXXXXXXXXX
META {"type": "solver", "id": "pysat-rc2", "objective": 0}
META {"type": "geom", "shape": "path", "group": "path", "data": [[2, 3, 2, 4], [2, 4, 2, 5], [2, 5, 3, 5], [3, 5, 4, 5], [4, 5, 4, 6], [4, 6, 4, 7], [4, 7, 4, 8], [4, 8, 4, 9], [4, 9, 4, 10], [4, 10, 3, 10], [3, 10, 3, 11], [3, 11, 2, 11], [2, 11, 1, 11], [1, 11, 1, 12], [1, 12, 1, 13]]}
META {"type": "geom", "shape": "tile", "group": "path", "data": [[2, 3], [2, 4], [2, 5], [3, 5], [4, 5], [4, 6], [4, 7], [4, 8], [4, 9], [4, 10], [3, 10], [3, 11], [2, 11], [1, 11], [1, 12], [1, 13]]}
META {"type": "geom", "shape": "line", "group": "offpath", "data": [[6, 4, 6, 5], [6, 8, 5, 8], [6, 3, 5, 3], [6, 10, 7, 10], [6, 9, 6, 10], [6, 5, 6, 4], [5, 1, 5, 2], [5, 8, 6, 8], [5, 3, 6, 3], [5, 2, 5, 1], [5, 10, 5, 9], [5, 9, 5, 10], [7, 10, 7, 9], [7, 9, 6, 9]]}
META {"type": "geom", "shape": "path", "group": "path", "data": [[14, 1, 14, 2], [14, 2, 14, 3], [14, 3, 14, 4], [14, 4, 14, 5], [14, 5, 13, 5], [13, 5, 12, 5], [12, 5, 12, 6], [12, 6, 12, 7], [12, 7, 11, 7], [11, 7, 10, 7], [10, 7, 10, 8], [10, 8, 10, 9], [10, 9, 10, 10], [10, 10, 11, 10], [11, 10, 12, 10], [12, 10, 12, 11], [12, 11, 13, 11], [13, 11, 14, 11], [14, 11, 14, 12], [14, 12, 14, 13], [14, 13, 14, 14]]}
META {"type": "geom", "shape": "tile", "group": "path", "data": [[14, 1], [14, 2], [14, 3], [14, 4], [14, 5], [13, 5], [12, 5], [12, 6], [12, 7], [11, 7], [10, 7], [10, 8], [10, 9], [10, 10], [11, 10], [12, 10], [12, 11], [13, 11], [14, 11], [14, 12], [14, 13], [14, 14]]}
META {"type": "geom", "shape": "line", "group": "offpath", "data": [[10, 12, 11, 12], [11, 12, 10, 12]]}
