XXXXXXXXXXXXXXXX
XX0--XX-------1X
XXXX---------XXX
XXXX-XXX-----XXX
X--------X--X--X
XX----------X-XX
XX-XX-XX-XX-X--X
X-XXXXXXXXXX-X-X
X-XXXXXXXXXX--XX
X--XXXX--XX----X
XXX------XX-X-XX
XXXX-------X-XXX
XXXX-------X-XXX
XXX--------X-XXX
X2------XX----3X
XXXXXXXXXXXXXXXX
META {"type": "solver", "id": "pysat-rc2", "objective": 0}
META {"type": "geom", "shape": "path", "group": "path", "data": [[1, 2, 1, 3], [1, 3, 1, 4], [1, 4, 2, 4], [2, 4, 2, 5], [2, 5, 2, 6], [2, 6, 2, 7], [2, 7, 1, 7], [1, 7, 1, 8], [1, 8, 2, 8], [2, 8, 3, 8], [3, 8, 3, 9], [3, 9, 2, 9], [2, 9, 1, 9], [1, 9, 1, 10], [1, 10, 1, 11], [1, 11, 1, 12], [1, 12, 1, 13], [1, 13, 1, 14]]}
META {"type": "geom", "shape": "tile", "group": "path", "data": [[1, 2], [1, 3], [1, 4], [2, 4], [2, 5], [2, 6], [2, 7], [1, 7], [1, 8], [2, 8], [3, 8], [3, 9], [2, 9], [1, 9], [1, 10], [1, 11], [1, 12], [1, 13], [1, 14]]}
META {"type": "geom", "shape": "line", "group": "offpath", "data": [[6, 11, 5, 11], [3, 10, 3, 11], [3, 11, 3, 10], [3, 12, 2, 12], [8, 12, 7, 12], [4, 5, 4, 4], [4, 10, 4, 11], [4, 4, 4, 3], [4, 7, 4, 6], [4, 11, 4, 10], [4, 3, 4, 2], [4, 8, 4, 7], [4, 6, 4, 5], [4, 2, 5, 2], [14, 12, 14, 13], [14, 13, 14, 12], [2, 10, 2, 11], [2, 11, 2, 10], [2, 12, 3, 12], [5, 5, 5, 6], [5, 4, 5, 5], [5, 7, 5, 8], [5, 11, 6, 11], [5, 3, 5, 4], [5, 8, 4, 8], [5, 6, 5, 7], [5, 2, 5, 3], [7, 12, 8, 12]]}
META {"type": "geom", "shape": "path", "group": "path", "data": [[14, 1, 14, 2], [14, 2, 14, 3], [14, 3, 13, 3], [13, 3, 13, 4], [13, 4, 13, 5], [13, 5, 13, 6], [13, 6, 13, 7], [13, 7, 13, 8], [13, 8, 13, 9], [13, 9, 13, 10], [13, 10, 14, 10], [14, 10, 14, 11], [14, 11, 14, 12], [14, 12, 14, 13], [14, 13, 14, 14]]}
META {"type": "geom", "shape": "tile", "group": "path", "data": [[14, 1], [14, 2], [14, 3], [13, 3], [13, 4], [13, 5], [13, 6], [13, 7], [13, 8], [13, 9], [13, 10], [14, 10], [14, 11], [14, 12], [14, 13], [14, 14]]}
META {"type": "geom", "shape": "line", "group": "offpath", "data": [[3, 12, 2, 12], [12, 12, 13, 12], [14, 7, 14, 6], [14, 6, 14, 7], [2, 12, 3, 12], [13, 12, 12, 12]]}
