XXXXXXXXXXXXXXXXXXXXXXXXXXXXXXXX
X--XXX-XX-XXXXXXX----XXX-XXX-X-X
XXXXXXX--XXXXXXXXXXXXXXXXXXXX-XX
XXXXXXXXXXXXXXXXXXXXXXXXXXXXXX-X
X--}XXXXXXXX--------------XXXX-X
X-XXXXX------X------X-XXXX-XX-XX
X-XXXXX-----X-------X-----X----X
X-------XXXX--XXX---X-XXX------X
XX------XXXX-----XX-------XX-X-X
X----XXX---------XX----X-XXXXXXX
XXXX-XXX-XX-XX-XX--XXX-X-XXXXXXX
XXXX----XXXXXXXXXX-XXX-X-XXX{--X
X---XX--XXXXXXXXXX-----X-XXXXX-X
XX--XX------XX-XX--XXX---XXXXX-X
X-XX------XX-------------------X
XXXXXXXXXXXXXXXXXXXXXXXXXXXXXXXX
META {"type": "solver", "id": "pysat-rc2", "objective": 0}
META {"type": "geom", "shape": "path", "group": "path", "data": [[11, 28, 11, 29], [11, 29, 11, 30], [11, 30, 12, 30], [12, 30, 13, 30], [13, 30, 14, 30], [14, 30, 14, 29], [14, 29, 14, 28], [14, 28, 14, 27], [14, 27, 14, 26], [14, 26, 14, 25], [14, 25, 14, 24], [14, 24, 14, 23], [14, 23, 14, 22], [14, 22, 14, 21], [14, 21, 14, 20], [14, 20, 14, 19], [14, 19, 14, 18], [14, 18, 13, 18], [13, 18, 12, 18], [12, 18, 12, 19], [12, 19, 12, 20], [12, 20, 12, 21], [12, 21, 12, 22], [12, 22, 11, 22], [11, 22, 10, 22], [10, 22, 9, 22], [9, 22, 8, 22], [8, 22, 8, 21], [8, 21, 8, 20], [8, 20, 8, 19], [8, 19, 7, 19], [7, 19, 7, 18], [7, 18, 6, 18], [6, 18, 6, 17], [6, 17, 6, 16], [6, 16, 6, 15], [6, 15, 6, 14], [6, 14, 5, 14], [5, 14, 5, 15], [5, 15, 4, 15], [4, 15, 4, 14], [4, 14, 4, 13], [4, 13, 4, 12], [4, 12, 5, 12], [5, 12, 5, 11], [5, 11, 5, 10], [5, 10, 5, 9], [5, 9, 5, 8], [5, 8, 5, 7], [5, 7, 6, 7], [6, 7, 7, 7], [7, 7, 8, 7], [8, 7, 8, 6], [8, 6, 8, 5], [8, 5, 7, 5], [7, 5, 7, 4], [7, 4, 7, 3], [7, 3, 7, 2], [7, 2, 7, 1], [7, 1, 6, 1], [6, 1, 5, 1], [5, 1, 4, 1], [4, 1, 4, 2], [4, 2, 4, 3]]}
META {"type": "geom", "shape": "tile", "group": "path", "data": [[11, 28], [11, 29], [11, 30], [12, 30], [13, 30], [14, 30], [14, 29], [14, 28], [14, 27], [14, 26], [14, 25], [14, 24], [14, 23], [14, 22], [14, 21], [14, 20], [14, 19], [14, 18], [13, 18], [12, 18], [12, 19], [12, 20], [12, 21], [12, 22], [11, 22], [10, 22], [9, 22], [8, 22], [8, 21], [8, 20], [8, 19], [7, 19], [7, 18], [6, 18], [6, 17], [6, 16], [6, 15], [6, 14], [5, 14], [5, 15], [4, 15], [4, 14], [4, 13], [4, 12], [5, 12], [5, 11], [5, 10], [5, 9], [5, 8], [5, 7], [6, 7], [7, 7], [8, 7], [8, 6], [8, 5], [7, 5], [7, 4], [7, 3], [7, 2], [7, 1], [6, 1], [5, 1], [4, 1], [4, 2], [4, 3]]}
META {"type": "geom", "shape": "line", "group": "offpath", "data": [[7, 13, 8, 13], [12, 6, 13, 6], [14, 5, 14, 6], [14, 9, 14, 8], [14, 8, 14, 9], [14, 6, 14, 5], [11, 18, 10, 18], [10, 18, 11, 18], [9, 10, 9, 11], [9, 16, 8, 16], [9, 24, 8, 24], [9, 3, 9, 4], [9, 4, 8, 4], [9, 20, 9, 21], [9, 11, 9, 10], [9, 12, 8, 12], [9, 2, 9, 3], [9, 14, 8, 14], [9, 21, 9, 20], [9, 15, 9, 16], [6, 10, 6, 11], [6, 9, 6, 8], [6, 11, 6, 10], [6, 8, 6, 9], [8, 13, 7, 13], [8, 16, 8, 15], [8, 24, 9, 24], [8, 3, 8, 2], [8, 4, 8, 3], [8, 12, 9, 12], [8, 2, 9, 2], [8, 14, 9, 14], [8, 15, 9, 15], [13, 6, 12, 6]]}
