XXXXXXXXXXXXXXXXXXXXXXXXXXXXXXXX
X--}XXX-X---XX--XX-XX---X---X--X
X-XXXXX--XXX--XX-----XXX-XXX-X-X
X-XXXXX-----X-XX-XX-X----XXX--XX
X---------X-X---XXXXXXX-----XX-X
X-----X---X-X---XXXXXXX--XXXXXXX
XXX---X---X--XXX---------XXXXXXX
XXXXX-X-XX------X--XX-XX-XXXXX-X
XXXXX-X-XX-XXX---XXXXXXXXXXXX-XX
X----------------XXXXXXXXXXXXXXX
XX-X--X-XX---------XXXXXXXXXXXXX
X--X----XX-XX-X-XXXXXXXXXXX{--XX
XX-X--X----XX-X-XXXXXX--XXXXX--X
X-------------X---------XXXXX--X
X-XX-XX------------------------X
XXXXXXXXXXXXXXXXXXXXXXXXXXXXXXXX
META {"type": "solver", "id": "pysat-rc2", "objective": 0}
META {"type": "geom", "shape": "path", "group": "path", "data": [[11, 27, 11, 28], [11, 28, 11, 29], [11, 29, 12, 29], [12, 29, 12, 30], [12, 30, 13, 30], [13, 30, 14, 30], [14, 30, 14, 29], [14, 29, 14, 28], [14, 28, 14, 27], [14, 27, 14, 26], [14, 26, 14, 25], [14, 25, 14, 24], [14, 24, 14, 23], [14, 23, 14, 22], [14, 22, 13, 22], [13, 22, 13, 21], [13, 21, 13, 20], [13, 20, 13, 19], [13, 19, 13, 18], [13, 18, 14, 18], [14, 18, 14, 17], [14, 17, 14, 16], [14, 16, 14, 15], [14, 15, 14, 14], [14, 14, 14, 13], [14, 13, 14, 12], [14, 12, 14, 11], [14, 11, 13, 11], [13, 11, 13, 10], [13, 10, 12, 10], [12, 10, 12, 9], [12, 9, 13, 9], [13, 9, 13, 8], [13, 8, 14, 8], [14, 8, 14, 7], [14, 7, 13, 7], [13, 7, 13, 6], [13, 6, 13, 5], [13, 5, 12, 5], [12, 5, 12, 4], [12, 4, 11, 4], [11, 4, 10, 4], [10, 4, 9, 4], [9, 4, 9, 5], [9, 5, 8, 5], [8, 5, 7, 5], [7, 5, 6, 5], [6, 5, 5, 5], [5, 5, 4, 5], [4, 5, 4, 4], [4, 4, 4, 3], [4, 3, 4, 2], [4, 2, 4, 1], [4, 1, 3, 1], [3, 1, 2, 1], [2, 1, 1, 1], [1, 1, 1, 2], [1, 2, 1, 3]]}
META {"type": "geom", "shape": "tile", "group": "path", "data": [[11, 27], [11, 28], [11, 29], [12, 29], [12, 30], [13, 30], [14, 30], [14, 29], [14, 28], [14, 27], [14, 26], [14, 25], [14, 24], [14, 23], [14, 22], [13, 22], [13, 21], [13, 20], [13, 19], [13, 18], [14, 18], [14, 17], [14, 16], [14, 15], [14, 14], [14, 13], [14, 12], [14, 11], [13, 11], [13, 10], [12, 10], [12, 9], [13, 9], [13, 8], [14, 8], [14, 7], [13, 7], [13, 6], [13, 5], [12, 5], [12, 4], [11, 4], [10, 4], [9, 4], [9, 5], [8, 5], [7, 5], [6, 5], [5, 5], [4, 5], [4, 4], [4, 3], [4, 2], [4, 1], [3, 1], [2, 1], [1, 1], [1, 2], [1, 3]]}
META {"type": "geom", "shape": "line", "group": "offpath", "data": [[6, 9, 6, 8], [6, 17, 6, 18], [6, 8, 5, 8], [6, 7, 5, 7], [6, 18, 6, 17], [6, 12, 7, 12], [6, 11, 6, 12], [4, 8, 3, 8], [4, 7, 4, 8], [4, 11, 5, 11], [5, 9, 6, 9], [5, 8, 5, 9], [5, 3, 5, 4], [5, 7, 4, 7], [5, 4, 5, 3], [5, 11, 6, 11], [9, 13, 9, 12], [9, 9, 9, 8], [9, 8, 9, 7], [9, 3, 9, 2], [9, 7, 8, 7], [9, 10, 9, 9], [9, 2, 9, 3], [9, 12, 9, 11], [9, 14, 9, 13], [9, 11, 9, 10], [3, 9, 3, 10], [3, 8, 3, 9], [3, 10, 3, 11], [3, 11, 4, 11], [14, 19, 14, 20], [14, 20, 14, 19], [7, 13, 7, 14], [7, 7, 6, 7], [7, 12, 7, 13], [7, 14, 8, 14], [12, 23, 12, 22], [12, 22, 12, 23], [8, 7, 7, 7], [8, 14, 9, 14], [13, 13, 13, 12], [13, 16, 13, 15], [13, 15, 13, 16], [13, 12, 13, 13], [1, 9, 1, 10], [1, 10, 1, 9]]}
