XXXXXXXXXXXXXXXXXXXXXXXXXXXXXXXX
X---}XXXXX--X--X--X-XXXX--X----X
X--XXXXX--X---X-X---XXXX-X--XX-X
XX-XXXXX------X---X--XXXX--XXXXX
X-------------X-X-X--XXXXX-XXXXX
X---XXX-------X-X-X---XXXX-----X
X-X-----X-XX----X--XXX-XXX-----X
XXXXXXXXXXXXXXXX--XXXXXXXXXX--XX
XXXXXXXXXXXXXXXX--XXXXXXXXXXX--X
X----------------X-XXX--XXXXXXXX
XX--XXXX-XXX-XXX---XXXXXXXXXXXXX
XX--XXXX----X---XXXXXXXXXXXX{--X
X-XX------------XXXXXX---XXXXX-X
X-XX---------------------XXXXX-X
X------------------------------X
XXXXXXXXXXXXXXXXXXXXXXXXXXXXXXXX
META {"type": "solver", "id": "pysat-rc2-boolonly", "objective": 0}
META {"type": "geom", "shape": "path", "group": "path", "data": [[11, 28, 11, 29], [11, 29, 11, 30], [11, 30, 12, 30], [12, 30, 13, 30], [13, 30, 14, 30], [14, 30, 14, 29], [14, 29, 14, 28], [14, 28, 14, 27], [14, 27, 14, 26], [14, 26, 14, 25], [14, 25, 14, 24], [14, 24, 14, 23], [14, 23, 14, 22], [14, 22, 13, 22], [13, 22, 13, 21], [13, 21, 14, 21], [14, 21, 14, 20], [14, 20, 13, 20], [13, 20, 13, 19], [13, 19, 13, 18], [13, 18, 13, 17], [13, 17, 13, 16], [13, 16, 13, 15], [13, 15, 14, 15], [14, 15, 14, 14], [14, 14, 13, 14], [13, 14, 13, 13], [13, 13, 13, 12], [13, 12, 13, 11], [13, 11, 13, 10], [13, 10, 12, 10], [12, 10, 12, 9], [12, 9, 12, 8], [12, 8, 11, 8], [11, 8, 10, 8], [10, 8, 9, 8], [9, 8, 9, 9], [9, 9, 9, 10], [9, 10, 9, 11], [9, 11, 9, 12], [9, 12, 9, 13], [9, 13, 9, 14], [9, 14, 9, 15], [9, 15, 9, 16], [9, 16, 8, 16], [8, 16, 7, 16], [7, 16, 7, 17], [7, 17, 6, 17], [6, 17, 5, 17], [5, 17, 4, 17], [4, 17, 3, 17], [3, 17, 3, 16], [3, 16, 3, 15], [3, 15, 4, 15], [4, 15, 5, 15], [5, 15, 6, 15], [6, 15, 6, 14], [6, 14, 6, 13], [6, 13, 5, 13], [5, 13, 4, 13], [4, 13, 4, 12], [4, 12, 4, 11], [4, 11, 3, 11], [3, 11, 3, 10], [3, 10, 3, 9], [3, 9, 3, 8], [3, 8, 4, 8], [4, 8, 4, 7], [4, 7, 5, 7], [5, 7, 6, 7], [6, 7, 6, 6], [6, 6, 6, 5], [6, 5, 6, 4], [6, 4, 6, 3], [6, 3, 5, 3], [5, 3, 5, 2], [5, 2, 5, 1], [5, 1, 4, 1], [4, 1, 4, 2], [4, 2, 3, 2], [3, 2, 2, 2], [2, 2, 2, 1], [2, 1, 1, 1], [1, 1, 1, 2], [1, 2, 1, 3], [1, 3, 1, 4]]}
META {"type": "geom", "shape": "tile", "group": "path", "data": [[11, 28], [11, 29], [11, 30], [12, 30], [13, 30], [14, 30], [14, 29], [14, 28], [14, 27], [14, 26], [14, 25], [14, 24], [14, 23], [14, 22], [13, 22], [13, 21], [14, 21], [14, 20], [13, 20], [13, 19], [13, 18], [13, 17], [13, 16], [13, 15], [14, 15], [14, 14], [13, 14], [13, 13], [13, 12], [13, 11], [13, 10], [12, 10], [12, 9], [12, 8], [11, 8], [10, 8], [9, 8], [9, 9], [9, 10], [9, 11], [9, 12], [9, 13], [9, 14], [9, 15], [9, 16], [8, 16], [7, 16], [7, 17], [6, 17], [5, 17], [4, 17], [3, 17], [3, 16], [3, 15], [4, 15], [5, 15], [6, 15], [6, 14], [6, 13], [5, 13], [4, 13], [4, 12], [4, 11], [3, 11], [3, 10], [3, 9], [3, 8], [4, 8], [4, 7], [5, 7], [6, 7], [6, 6], [6, 5], [6, 4], [6, 3], [5, 3], [5, 2], [5, 1], [4, 1], [4, 2], [3, 2], [2, 2], [2, 1], [1, 1], [1, 2], [1, 3], [1, 4]]}
META {"type": "geom", "shape": "line", "group": "offpath", "data": [[9, 7, 9, 6], [9, 2, 10, 2], [9, 6, 9, 7], [9, 4, 9, 3], [9, 3, 9, 4], [3, 12, 2, 12], [3, 13, 2, 13], [3, 19, 2, 19], [13, 24, 12, 24], [5, 12, 5, 11], [5, 11, 5, 12], [2, 12, 3, 12], [2, 13, 3, 13], [2, 17, 1, 17], [2, 19, 3, 19], [11, 10, 11, 11], [11, 11, 11, 10], [14, 18, 14, 19], [14, 19, 14, 18], [10, 2, 9, 2], [1, 17, 2, 17], [4, 6, 4, 5], [4, 4, 4, 3], [4, 5, 4, 6], [4, 9, 4, 10], [4, 10, 4, 9], [4, 3, 4, 4], [12, 12, 12, 13], [12, 13, 12, 12], [12, 14, 12, 15], [12, 15, 12, 14], [12, 24, 13, 24]]}
