XXXXXXXXXXXXXXXXXXXXXXXXXXXXXXXX
X---}XXX-X---X---XXX-----X---X-X
XX-XXXXXX-XXX-XXXXXXXXXX--XXX--X
X--XXXXXX-----XXXXXXXXXX-----X-X
X----XX----------XX-------XXX-XX
X--X---XXXXXXX--X----XXX--XXX-XX
XX------------XXXXXXX---XXXXX-XX
XXX--X-XX-X-X-XXXXXXX---XXXXX--X
XXX-X--XX-----------------XXX-XX
X---X-----XX---XX-XX-----XXXXX-X
XX--X----XXXXXXXXXXXXX-X-XXXXX-X
XX--X----XXXXXXXXXXXXX-X-XXX{--X
X----XXX-------XX-XX---X-XXXXX-X
XX-----------------------XXXXX-X
X------------------------------X
XXXXXXXXXXXXXXXXXXXXXXXXXXXXXXXX
META {"type": "solver", "id": "pysat-rc2", "objective": 0}
META {"type": "geom", "shape": "path", "group": "path", "data": [[11, 28, 11, 29], [11, 29, 11, 30], [11, 30, 12, 30], [12, 30, 13, 30], [13, 30, 14, 30], [14, 30, 14, 29], [14, 29, 14, 28], [14, 28, 14, 27], [14, 27, 14, 26], [14, 26, 14, 25], [14, 25, 14, 24], [14, 24, 14, 23], [14, 23, 13, 23], [13, 23, 13, 22], [13, 22, 14, 22], [14, 22, 14, 21], [14, 21, 14, 20], [14, 20, 14, 19], [14, 19, 14, 18], [14, 18, 14, 17], [14, 17, 13, 17], [13, 17, 13, 16], [13, 16, 13, 15], [13, 15, 14, 15], [14, 15, 14, 14], [14, 14, 14, 13], [14, 13, 14, 12], [14, 12, 14, 11], [14, 11, 14, 10], [14, 10, 14, 9], [14, 9, 14, 8], [14, 8, 14, 7], [14, 7, 14, 6], [14, 6, 13, 6], [13, 6, 13, 5], [13, 5, 13, 4], [13, 4, 13, 3], [13, 3, 14, 3], [14, 3, 14, 2], [14, 2, 13, 2], [13, 2, 12, 2], [12, 2, 11, 2], [11, 2, 10, 2], [10, 2, 9, 2], [9, 2, 9, 3], [9, 3, 8, 3], [8, 3, 7, 3], [7, 3, 6, 3], [6, 3, 6, 4], [6, 4, 5, 4], [5, 4, 4, 4], [4, 4, 4, 3], [4, 3, 4, 2], [4, 2, 4, 1], [4, 1, 3, 1], [3, 1, 3, 2], [3, 2, 2, 2], [2, 2, 1, 2], [1, 2, 1, 3], [1, 3, 1, 4]]}
META {"type": "geom", "shape": "tile", "group": "path", "data": [[11, 28], [11, 29], [11, 30], [12, 30], [13, 30], [14, 30], [14, 29], [14, 28], [14, 27], [14, 26], [14, 25], [14, 24], [14, 23], [13, 23], [13, 22], [14, 22], [14, 21], [14, 20], [14, 19], [14, 18], [14, 17], [13, 17], [13, 16], [13, 15], [14, 15], [14, 14], [14, 13], [14, 12], [14, 11], [14, 10], [14, 9], [14, 8], [14, 7], [14, 6], [13, 6], [13, 5], [13, 4], [13, 3], [14, 3], [14, 2], [13, 2], [12, 2], [11, 2], [10, 2], [9, 2], [9, 3], [8, 3], [7, 3], [6, 3], [6, 4], [5, 4], [4, 4], [4, 3], [4, 2], [4, 1], [3, 1], [3, 2], [2, 2], [1, 2], [1, 3], [1, 4]]}
META {"type": "geom", "shape": "line", "group": "offpath", "data": [[9, 13, 9, 14], [9, 14, 9, 13], [9, 24, 9, 23], [9, 20, 9, 21], [9, 5, 8, 5], [9, 23, 9, 24], [9, 21, 9, 20], [12, 8, 12, 9], [12, 13, 12, 12], [12, 14, 12, 13], [12, 9, 12, 8], [12, 24, 11, 24], [12, 12, 13, 12], [12, 21, 13, 21], [10, 8, 11, 8], [10, 7, 10, 6], [10, 6, 10, 5], [10, 5, 11, 5], [10, 3, 11, 3], [5, 5, 6, 5], [5, 2, 5, 1], [5, 1, 5, 2], [2, 13, 3, 13], [13, 13, 13, 14], [13, 14, 12, 14], [13, 19, 13, 20], [13, 20, 13, 19], [13, 12, 13, 13], [13, 21, 12, 21], [14, 4, 14, 5], [14, 5, 14, 4], [11, 8, 10, 8], [11, 7, 10, 7], [11, 24, 12, 24], [11, 6, 11, 7], [11, 5, 11, 6], [11, 3, 10, 3], [4, 8, 4, 9], [4, 9, 4, 8], [8, 11, 8, 12], [8, 14, 8, 15], [8, 16, 8, 17], [8, 10, 8, 9], [8, 19, 8, 18], [8, 9, 8, 10], [8, 6, 7, 6], [8, 5, 9, 5], [8, 12, 8, 11], [8, 18, 8, 19], [8, 15, 8, 14], [8, 17, 8, 16], [7, 6, 8, 6], [6, 11, 6, 12], [6, 5, 5, 5], [6, 12, 6, 11], [3, 13, 2, 13]]}
