XXXXXXXXXXXXXXXXXXXXXXXXXXXXXXXX
X--}XXX-XX-XX-XX-X-X--XX--XX---X
X-XXXXX---X-------------------XX
X-XXXXX-XXXXX--X---------------X
X-------XXXXX--X-XXX-----------X
X-----X--------X-XXX----XX-----X
XX----X-----------------XX-----X
X-----X-------------XXX--------X
X---XX------XXX-X-XX---XXXXXX-XX
X-XXXXXXXX--XXXX-XXXX-XXXXXXX-XX
X-XXXXXXXXX-XXXX-XXXX-XXXXXXX--X
XX--XXXXXXX-----XXXXXXXXXXX{---X
XXXXXXX-XX--XXX-XXXXXXXXXXXXXXXX
XXXXXXX--------X--------XXXXXXXX
X------XX-XX-XX-XX-XX-XX-------X
XXXXXXXXXXXXXXXXXXXXXXXXXXXXXXXX
META {"type": "solver", "id": "pysat-rc2-boolonly", "objective": 0}
META {"type": "geom", "shape": "path", "group": "path", "data": [[11, 27, 11, 28], [11, 28, 11, 29], [11, 29, 11, 30], [11, 30, 10, 30], [10, 30, 10, 29], [10, 29, 9, 29], [9, 29, 8, 29], [8, 29, 7, 29], [7, 29, 7, 30], [7, 30, 6, 30], [6, 30, 6, 29], [6, 29, 6, 28], [6, 28, 5, 28], [5, 28, 4, 28], [4, 28, 3, 28], [3, 28, 3, 29], [3, 29, 2, 29], [2, 29, 1, 29], [1, 29, 1, 28], [1, 28, 2, 28], [2, 28, 2, 27], [2, 27, 3, 27], [3, 27, 3, 26], [3, 26, 4, 26], [4, 26, 4, 25], [4, 25, 4, 24], [4, 24, 4, 23], [4, 23, 5, 23], [5, 23, 6, 23], [6, 23, 6, 22], [6, 22, 6, 21], [6, 21, 6, 20], [6, 20, 6, 19], [6, 19, 6, 18], [6, 18, 6, 17], [6, 17, 6, 16], [6, 16, 6, 15], [6, 15, 6, 14], [6, 14, 6, 13], [6, 13, 5, 13], [5, 13, 5, 12], [5, 12, 5, 11], [5, 11, 6, 11], [6, 11, 7, 11], [7, 11, 7, 10], [7, 10, 7, 9], [7, 9, 7, 8], [7, 8, 7, 7], [7, 7, 6, 7], [6, 7, 5, 7], [5, 7, 4, 7], [4, 7, 4, 6], [4, 6, 4, 5], [4, 5, 4, 4], [4, 4, 5, 4], [5, 4, 6, 4], [6, 4, 6, 3], [6, 3, 6, 2], [6, 2, 5, 2], [5, 2, 5, 1], [5, 1, 4, 1], [4, 1, 3, 1], [3, 1, 2, 1], [2, 1, 1, 1], [1, 1, 1, 2], [1, 2, 1, 3]]}
META {"type": "geom", "shape": "tile", "group": "path", "data": [[11, 27], [11, 28], [11, 29], [11, 30], [10, 30], [10, 29], [9, 29], [8, 29], [7, 29], [7, 30], [6, 30], [6, 29], [6, 28], [5, 28], [4, 28], [3, 28], [3, 29], [2, 29], [1, 29], [1, 28], [2, 28], [2, 27], [3, 27], [3, 26], [4, 26], [4, 25], [4, 24], [4, 23], [5, 23], [6, 23], [6, 22], [6, 21], [6, 20], [6, 19], [6, 18], [6, 17], [6, 16], [6, 15], [6, 14], [6, 13], [5, 13], [5, 12], [5, 11], [6, 11], [7, 11], [7, 10], [7, 9], [7, 8], [7, 7], [6, 7], [5, 7], [4, 7], [4, 6], [4, 5], [4, 4], [5, 4], [6, 4], [6, 3], [6, 2], [5, 2], [5, 1], [4, 1], [3, 1], [2, 1], [1, 1], [1, 2], [1, 3]]}
META {"type": "geom", "shape": "line", "group": "offpath", "data": [[14, 27, 14, 28], [14, 25, 14, 26], [14, 28, 14, 27], [14, 26, 14, 25], [8, 1, 8, 2], [8, 2, 8, 3], [8, 17, 7, 17], [8, 10, 9, 10], [8, 20, 8, 21], [8, 21, 8, 20], [8, 3, 7, 3], [9, 11, 10, 11], [9, 10, 8, 10], [4, 29, 5, 29], [4, 22, 5, 22], [4, 13, 3, 13], [4, 2, 4, 3], [4, 30, 4, 29], [4, 20, 3, 20], [4, 21, 4, 22], [4, 3, 4, 2], [3, 22, 3, 23], [3, 13, 4, 13], [3, 24, 3, 25], [3, 25, 3, 24], [3, 20, 3, 21], [3, 21, 4, 21], [3, 23, 3, 22], [7, 4, 7, 5], [7, 1, 8, 1], [7, 24, 7, 25], [7, 2, 7, 1], [7, 17, 8, 17], [7, 25, 7, 24], [7, 26, 6, 26], [7, 5, 7, 4], [7, 3, 7, 2], [13, 11, 13, 12], [13, 12, 13, 11], [5, 29, 5, 30], [5, 22, 5, 21], [5, 9, 6, 9], [5, 27, 5, 26], [5, 26, 5, 27], [5, 30, 4, 30], [5, 20, 4, 20], [5, 21, 5, 20], [1, 24, 1, 25], [1, 25, 1, 24], [11, 11, 12, 11], [11, 15, 11, 14], [11, 14, 11, 15], [12, 11, 11, 11], [2, 13, 2, 14], [2, 25, 2, 26], [2, 26, 2, 25], [2, 14, 2, 13], [6, 9, 5, 9], [6, 26, 7, 26], [10, 11, 9, 11]]}
