XXXXXXXXXXXXXXXXXXXXXXXXXXXXXXXX
X--}XXX----------XX--XX-XX-X-X-X
X-XXXXX------X--X--------------X
X-XXXXX----XXXXX-XXXX-XXXX-X--XX
X---XX-XXX-XXXXX------XXXX-X---X
XX-X------X------XX--------X--XX
X-----------XXXXXXXXX-XXX--X--XX
X-XX----XX--XXXXXXXXXX---XX---XX
X-XX----XX-------XXXXXXXXXXXX--X
X---------XXX-XXX--XXXXXXXXXXX-X
X----XXX------------XX---XXXXX-X
XX---XXXX---XX-XX-XX---X-XXX{--X
XXXXXXXXXXXXXXXXXXXXXX--XXXXXXXX
XXXXXXXXXXXXXXXXXXXXXX--XXXXXXXX
X---------------------XX-------X
XXXXXXXXXXXXXXXXXXXXXXXXXXXXXXXX
META {"type": "solver", "id": "pysat-rc2-boolonly", "objective": 0}
META {"type": "geom", "shape": "path", "group": "path", "data": [[11, 28, 11, 29], [11, 29, 11, 30], [11, 30, 10, 30], [10, 30, 9, 30], [9, 30, 8, 30], [8, 30, 8, 29], [8, 29, 7, 29], [7, 29, 7, 28], [7, 28, 6, 28], [6, 28, 5, 28], [5, 28, 5, 29], [5, 29, 4, 29], [4, 29, 4, 28], [4, 28, 3, 28], [3, 28, 2, 28], [2, 28, 2, 27], [2, 27, 2, 26], [2, 26, 2, 25], [2, 25, 2, 24], [2, 24, 2, 23], [2, 23, 2, 22], [2, 22, 2, 21], [2, 21, 3, 21], [3, 21, 4, 21], [4, 21, 4, 20], [4, 20, 5, 20], [5, 20, 5, 19], [5, 19, 4, 19], [4, 19, 4, 18], [4, 18, 4, 17], [4, 17, 4, 16], [4, 16, 5, 16], [5, 16, 5, 15], [5, 15, 5, 14], [5, 14, 5, 13], [5, 13, 5, 12], [5, 12, 5, 11], [5, 11, 6, 11], [6, 11, 6, 10], [6, 10, 7, 10], [7, 10, 8, 10], [8, 10, 8, 11], [8, 11, 8, 12], [8, 12, 8, 13], [8, 13, 9, 13], [9, 13, 10, 13], [10, 13, 10, 12], [10, 12, 10, 11], [10, 11, 11, 11], [11, 11, 11, 10], [11, 10, 10, 10], [10, 10, 10, 9], [10, 9, 9, 9], [9, 9, 9, 8], [9, 8, 9, 7], [9, 7, 9, 6], [9, 6, 8, 6], [8, 6, 8, 7], [8, 7, 7, 7], [7, 7, 7, 6], [7, 6, 6, 6], [6, 6, 6, 5], [6, 5, 7, 5], [7, 5, 7, 4], [7, 4, 6, 4], [6, 4, 6, 3], [6, 3, 6, 2], [6, 2, 5, 2], [5, 2, 4, 2], [4, 2, 4, 1], [4, 1, 3, 1], [3, 1, 2, 1], [2, 1, 1, 1], [1, 1, 1, 2], [1, 2, 1, 3]]}
META {"type": "geom", "shape": "tile", "group": "path", "data": [[11, 28], [11, 29], [11, 30], [10, 30], [9, 30], [8, 30], [8, 29], [7, 29], [7, 28], [6, 28], [5, 28], [5, 29], [4, 29], [4, 28], [3, 28], [2, 28], [2, 27], [2, 26], [2, 25], [2, 24], [2, 23], [2, 22], [2, 21], [3, 21], [4, 21], [4, 20], [5, 20], [5, 19], [4, 19], [4, 18], [4, 17], [4, 16], [5, 16], [5, 15], [5, 14], [5, 13], [5, 12], [5, 11], [6, 11], [6, 10], [7, 10], [8, 10], [8, 11], [8, 12], [8, 13], [9, 13], [10, 13], [10, 12], [10, 11], [11, 11], [11, 10], [10, 10], [10, 9], [9, 9], [9, 8], [9, 7], [9, 6], [8, 6], [8, 7], [7, 7], [7, 6], [6, 6], [6, 5], [7, 5], [7, 4], [6, 4], [6, 3], [6, 2], [5, 2], [4, 2], [4, 1], [3, 1], [2, 1], [1, 1], [1, 2], [1, 3]]}
META {"type": "geom", "shape": "line", "group": "offpath", "data": [[14, 30, 14, 29], [14, 26, 14, 27], [14, 29, 14, 30], [14, 27, 14, 26], [6, 25, 6, 26], [6, 26, 5, 26], [6, 21, 5, 21], [6, 9, 5, 9], [2, 30, 1, 30], [11, 3, 11, 4], [11, 4, 11, 3], [5, 23, 5, 22], [5, 25, 6, 25], [5, 26, 5, 25], [5, 21, 6, 21], [5, 8, 5, 7], [5, 9, 6, 9], [5, 7, 5, 8], [5, 22, 5, 23], [1, 30, 2, 30], [9, 3, 9, 4], [9, 18, 9, 17], [9, 4, 10, 4], [9, 5, 8, 5], [9, 17, 10, 17], [8, 15, 8, 14], [8, 14, 8, 15], [8, 5, 9, 5], [10, 15, 10, 14], [10, 3, 9, 3], [10, 18, 9, 18], [10, 4, 10, 3], [10, 14, 10, 15], [10, 17, 10, 18]]}
