XXXXXXXXXXXXXXXXXXXXXXXXXXXXXXXX
X---}XXX---X-X-X-XXXXXXX-XX-XX-X
X-XXXXXX-X--X-X--XXX-XX--------X
X-XXXXXX------X-XXXXX--XXXX----X
X-------------X-XXXXX---------XX
X-XXXXX----X---------XXX---X--XX
X-XXXXX-------XX-XXX----X--X-X-X
XX------XXXXXXXXX---XXX----X---X
X-XX----XXXXXXXXX-------XXX---XX
XXXXXXX-------XX-XXX----XXXXX--X
XXXXXXX-X---XX------XXXXXXXXX--X
XXXXXXXXXXX-XX------XXXXXXX{---X
XXX-XXXXXXX---XXXXXX----XXXXX-XX
X-------------XXXXXX----XXXXX-XX
X---XX--XX---------------------X
XXXXXXXXXXXXXXXXXXXXXXXXXXXXXXXX
META {"type": "solver", "id": "pysat-rc2-boolonly", "objective": 0}
META {"type": "geom", "shape": "path", "group": "path", "data": [[11, 27, 11, 28], [11, 28, 11, 29], [11, 29, 12, 29], [12, 29, 13, 29], [13, 29, 14, 29], [14, 29, 14, 28], [14, 28, 14, 27], [14, 27, 14, 26], [14, 26, 14, 25], [14, 25, 14, 24], [14, 24, 14, 23], [14, 23, 13, 23], [13, 23, 12, 23], [12, 23, 12, 22], [12, 22, 12, 21], [12, 21, 12, 20], [12, 20, 13, 20], [13, 20, 14, 20], [14, 20, 14, 19], [14, 19, 14, 18], [14, 18, 14, 17], [14, 17, 14, 16], [14, 16, 14, 15], [14, 15, 14, 14], [14, 14, 14, 13], [14, 13, 13, 13], [13, 13, 12, 13], [12, 13, 12, 12], [12, 12, 12, 11], [12, 11, 11, 11], [11, 11, 10, 11], [10, 11, 10, 10], [10, 10, 10, 9], [10, 9, 9, 9], [9, 9, 9, 8], [9, 8, 9, 7], [9, 7, 8, 7], [8, 7, 7, 7], [7, 7, 6, 7], [6, 7, 5, 7], [5, 7, 5, 8], [5, 8, 4, 8], [4, 8, 4, 7], [4, 7, 4, 6], [4, 6, 4, 5], [4, 5, 4, 4], [4, 4, 4, 3], [4, 3, 4, 2], [4, 2, 4, 1], [4, 1, 3, 1], [3, 1, 2, 1], [2, 1, 1, 1], [1, 1, 1, 2], [1, 2, 1, 3], [1, 3, 1, 4]]}
META {"type": "geom", "shape": "tile", "group": "path", "data": [[11, 27], [11, 28], [11, 29], [12, 29], [13, 29], [14, 29], [14, 28], [14, 27], [14, 26], [14, 25], [14, 24], [14, 23], [13, 23], [12, 23], [12, 22], [12, 21], [12, 20], [13, 20], [14, 20], [14, 19], [14, 18], [14, 17], [14, 16], [14, 15], [14, 14], [14, 13], [13, 13], [12, 13], [12, 12], [12, 11], [11, 11], [10, 11], [10, 10], [10, 9], [9, 9], [9, 8], [9, 7], [8, 7], [7, 7], [6, 7], [5, 7], [5, 8], [4, 8], [4, 7], [4, 6], [4, 5], [4, 4], [4, 3], [4, 2], [4, 1], [3, 1], [2, 1], [1, 1], [1, 2], [1, 3], [1, 4]]}
META {"type": "geom", "shape": "line", "group": "offpath", "data": [[13, 5, 13, 4], [13, 21, 14, 21], [13, 4, 13, 5], [11, 19, 10, 19], [3, 8, 3, 9], [3, 27, 4, 27], [3, 13, 2, 13], [3, 21, 3, 22], [3, 22, 3, 21], [3, 9, 4, 9], [3, 11, 2, 11], [8, 17, 8, 18], [8, 18, 8, 19], [8, 21, 8, 20], [8, 20, 8, 21], [8, 19, 7, 19], [8, 22, 8, 23], [8, 23, 8, 22], [7, 26, 7, 25], [7, 24, 7, 23], [7, 17, 8, 17], [7, 5, 7, 6], [7, 18, 7, 17], [7, 19, 7, 18], [7, 6, 7, 5], [7, 25, 7, 26], [7, 23, 7, 24], [7, 3, 7, 4], [7, 4, 7, 3], [2, 8, 3, 8], [2, 13, 3, 13], [2, 10, 1, 10], [2, 11, 2, 10], [6, 26, 5, 26], [6, 10, 6, 11], [6, 12, 5, 12], [6, 9, 5, 9], [6, 11, 6, 12], [6, 16, 5, 16], [5, 26, 6, 26], [5, 13, 5, 14], [5, 10, 6, 10], [5, 12, 4, 12], [5, 9, 6, 9], [5, 15, 4, 15], [5, 14, 5, 13], [5, 16, 6, 16], [10, 19, 11, 19], [4, 26, 4, 25], [4, 24, 4, 23], [4, 27, 3, 27], [4, 10, 5, 10], [4, 12, 4, 11], [4, 9, 4, 10], [4, 11, 3, 11], [4, 25, 4, 26], [4, 23, 4, 24], [4, 15, 5, 15], [1, 8, 2, 8], [1, 10, 1, 9], [1, 9, 1, 8], [14, 2, 14, 3], [14, 21, 13, 21], [14, 10, 14, 11], [14, 11, 14, 10], [14, 3, 14, 2]]}
