XXXXXXXXXXXXXXXX
XXXXXXXXXXXXXXXX
XXXXXXXX--XXXXXX
XXXXX---#-XXXXXX
XXX--#----XXXXXX
XX-#---#--XXX}XX
XX------------XX
XX---------X--XX
XX---X---XXX--XX
XX-XXX---XXX--XX
XX-XXXX-------XX
XX-XXXXXX---#-XX
XX-XXXXXX-#---XX
XX---XXXX-----XX
XX---XXXX--X--XX
XXXX-------XXXXX
XXXX--XXX---XXXX
XXX---XXXX--XXXX
XXX---XXXXXXXXXX
XX-----XXXXXXXXX
XX--X--XXXXXXXXX
XX--XXXXXXXX--XX
XXX-XXXXXX--#-XX
XXX--XXXX-----XX
XXX--XXXXXX---XX
XXXX--XXXXX---XX
XXXXX-XXXXX-XXXX
XXXXX-XXXXXXXXXX
XXXX--XXXXXXXXXX
XX---{---XXX-XXX
XXXXXXXXXXXXXXXX
XXXXXXXXXXXXXXXX
META {"type": "solver", "id": "pysat-rc2", "objective": 0}
META {"type": "geom", "shape": "path", "group": "path", "data": [[29, 5, 25, 5], [25, 5, 25, 4], [25, 4, 23, 4], [23, 4, 23, 3], [23, 3, 17, 3], [17, 3, 17, 5], [17, 5, 15, 5], [15, 5, 15, 4], [15, 4, 15, 10], [15, 10, 17, 10], [17, 10, 13, 10], [13, 10, 13, 9], [13, 9, 13, 13], [13, 13, 14, 13], [14, 13, 14, 12], [14, 12, 12, 12], [12, 12, 12, 13], [12, 13, 12, 11], [12, 11, 10, 11], [10, 11, 10, 13], [10, 13, 10, 7], [10, 7, 6, 7], [6, 7, 6, 13], [6, 13, 5, 13]]}
META {"type": "geom", "shape": "tile", "group": "path", "data": [[29, 5], [28, 5], [27, 5], [26, 5], [25, 5], [25, 4], [24, 4], [23, 4], [23, 3], [22, 3], [21, 3], [20, 3], [19, 3], [18, 3], [17, 3], [17, 4], [17, 5], [16, 5], [15, 5], [15, 4], [15, 5], [15, 6], [15, 7], [15, 8], [15, 9], [15, 10], [16, 10], [17, 10], [16, 10], [15, 10], [14, 10], [13, 10], [13, 9], [13, 10], [13, 11], [13, 12], [13, 13], [14, 13], [14, 12], [13, 12], [12, 12], [12, 13], [12, 12], [12, 11], [11, 11], [10, 11], [10, 12], [10, 13], [10, 12], [10, 11], [10, 10], [10, 9], [10, 8], [10, 7], [9, 7], [8, 7], [7, 7], [6, 7], [6, 8], [6, 9], [6, 10], [6, 11], [6, 12], [6, 13], [5, 13]]}
META {"type": "geom", "shape": "line", "group": "offpath", "data": [[4, 6, 3, 6], [4, 7, 4, 6], [16, 11, 17, 11], [16, 9, 10, 9], [7, 5, 5, 5], [7, 12, 7, 13], [7, 10, 6, 10], [7, 13, 7, 12], [29, 8, 29, 2], [29, 2, 29, 8], [28, 5, 28, 4], [28, 4, 28, 5], [23, 12, 25, 12], [23, 9, 23, 13], [23, 10, 23, 9], [23, 13, 25, 13], [6, 3, 8, 3], [6, 10, 7, 10], [19, 2, 21, 2], [14, 2, 14, 4], [14, 9, 14, 10], [14, 4, 14, 2], [14, 10, 14, 9], [21, 2, 19, 2], [17, 11, 16, 11], [9, 8, 9, 6], [9, 12, 9, 13], [9, 6, 9, 8], [9, 13, 9, 12], [22, 11, 22, 10], [22, 10, 23, 10], [26, 11, 22, 11], [5, 5, 7, 5], [5, 6, 5, 4], [5, 4, 5, 6], [25, 12, 23, 12], [25, 11, 26, 11], [25, 13, 25, 11], [11, 11, 11, 9], [11, 9, 11, 11], [11, 10, 10, 10], [3, 5, 3, 7], [3, 6, 3, 5], [3, 7, 4, 7], [8, 8, 8, 6], [8, 2, 8, 4], [8, 3, 6, 3], [8, 6, 8, 8], [8, 4, 8, 2], [10, 9, 16, 9], [10, 10, 11, 10], [20, 5, 20, 6], [20, 6, 20, 5], [24, 11, 24, 13], [24, 13, 24, 11]]}
