XXXXXXXXXXXXXXXX
XXXXXXXXXXXXXXXX
XX-XXXXXXXXXX}XX
XX-XXXX---XXX-XX
XXX----#------XX
XXXX-------X--XX
XXXX-----#-XX-XX
XXX-XXX-----X-XX
XXX-XXX##-X---XX
XXX------XXX--XX
XX-#-----XXX--XX
XX------------XX
XX---##-X-X---XX
XXX-----XXX--XXX
XXX-X---XXX-XXXX
XXX-XX------XXXX
XXX--X---XX--XXX
XX-------XXX-XXX
XX---X---XXX--XX
XX-XXX--------XX
XX-XXX-XX---XXXX
XX-XXX--X----XXX
XX-XXX----XX-XXX
XX----##---X-XXX
XX-------#----XX
XX-XX---------XX
XX--X-#---{-X-XX
XX-------XXXX-XX
XXXX-----XXXX-XX
XXXX-XXXXXXXXXXX
XXXXXXXXXXXXXXXX
XXXXXXXXXXXXXXXX
META {"type": "solver", "id": "pysat-rc2", "objective": 0}
META {"type": "geom", "shape": "path", "group": "path", "data": [[26, 10, 26, 11], [26, 11, 26, 7], [26, 7, 24, 7], [24, 7, 24, 8], [24, 8, 28, 8], [28, 8, 28, 4], [28, 4, 29, 4], [29, 4, 27, 4], [27, 4, 27, 2], [27, 2, 17, 2], [17, 2, 17, 8], [17, 8, 15, 8], [15, 8, 19, 8], [19, 8, 19, 6], [19, 6, 13, 6], [13, 6, 13, 7], [13, 7, 9, 7], [9, 7, 9, 8], [9, 8, 11, 8], [11, 8, 11, 2], [11, 2, 10, 2], [10, 2, 12, 2], [12, 2, 12, 4], [12, 4, 13, 4], [13, 4, 13, 3], [13, 3, 11, 3], [11, 3, 11, 13], [11, 13, 12, 13], [12, 13, 2, 13]]}
META {"type": "geom", "shape": "tile", "group": "path", "data": [[26, 10], [26, 11], [26, 10], [26, 9], [26, 8], [26, 7], [25, 7], [24, 7], [24, 8], [25, 8], [26, 8], [27, 8], [28, 8], [28, 7], [28, 6], [28, 5], [28, 4], [29, 4], [28, 4], [27, 4], [27, 3], [27, 2], [26, 2], [25, 2], [24, 2], [23, 2], [22, 2], [21, 2], [20, 2], [19, 2], [18, 2], [17, 2], [17, 3], [17, 4], [17, 5], [17, 6], [17, 7], [17, 8], [16, 8], [15, 8], [16, 8], [17, 8], [18, 8], [19, 8], [19, 7], [19, 6], [18, 6], [17, 6], [16, 6], [15, 6], [14, 6], [13, 6], [13, 7], [12, 7], [11, 7], [10, 7], [9, 7], [9, 8], [10, 8], [11, 8], [11, 7], [11, 6], [11, 5], [11, 4], [11, 3], [11, 2], [10, 2], [11, 2], [12, 2], [12, 3], [12, 4], [13, 4], [13, 3], [12, 3], [11, 3], [11, 4], [11, 5], [11, 6], [11, 7], [11, 8], [11, 9], [11, 10], [11, 11], [11, 12], [11, 13], [12, 13], [11, 13], [10, 13], [9, 13], [8, 13], [7, 13], [6, 13], [5, 13], [4, 13], [3, 13], [2, 13]]}
META {"type": "geom", "shape": "line", "group": "offpath", "data": [[3, 7, 3, 9], [3, 8, 3, 7], [3, 2, 2, 2], [3, 9, 5, 9], [16, 4, 16, 3], [16, 3, 18, 3], [5, 12, 4, 12], [5, 10, 5, 4], [5, 4, 4, 4], [5, 9, 5, 10], [23, 10, 23, 8], [23, 8, 22, 8], [23, 3, 24, 3], [23, 9, 23, 10], [2, 2, 3, 2], [18, 4, 16, 4], [18, 3, 18, 4], [10, 13, 10, 12], [10, 12, 10, 13], [27, 3, 26, 3], [27, 6, 28, 6], [6, 4, 6, 8], [6, 8, 7, 8], [6, 6, 6, 4], [26, 3, 27, 3], [22, 8, 22, 9], [22, 9, 23, 9], [24, 13, 28, 13], [24, 3, 23, 3], [20, 9, 20, 11], [20, 11, 20, 9], [8, 13, 8, 11], [8, 11, 8, 13], [19, 10, 21, 10], [4, 12, 5, 12], [4, 4, 4, 6], [4, 6, 6, 6], [7, 8, 3, 8], [14, 5, 14, 7], [14, 7, 14, 5], [28, 13, 24, 13], [28, 6, 27, 6], [21, 10, 19, 10]]}
