--------------------------------
--------------------------------
--------------------------------
--------------------------------
--------------------------------
----------------------X---Q--X--
-------------------Q------------
--------------------------------
--------------------------------
---------------XX------X--------
--------------------------------
--------------------------------
----X----X----XQQX-------<>-----
----XX---XX----------XX--[]-----
-{--XXX--XXX--------XXX--[]---}-
XXXXXXXXXXXXXXXXXXXXXXXXXXXXXXXX
META {"type": "solver", "id": "pysat-rc2-boolonly", "objective": 0}
META {"type": "geom", "shape": "path", "group": "path", "data": [[14, 1, 11, 4], [11, 4, 11, 5], [11, 5, 12, 6], [12, 6, 13, 6], [13, 6, 10, 9], [10, 9, 11, 10], [11, 10, 12, 11], [12, 11, 13, 12], [13, 12, 14, 13], [14, 13, 14, 14], [14, 14, 14, 15], [14, 15, 14, 16], [14, 16, 14, 17], [14, 17, 14, 18], [14, 18, 14, 19], [14, 19, 12, 21], [12, 21, 12, 22], [12, 22, 10, 24], [10, 24, 11, 25], [11, 25, 11, 26], [11, 26, 11, 27], [11, 27, 12, 28], [12, 28, 13, 29], [13, 29, 14, 30]]}
