--------------------------------
--------------------------------
--------------------------------
---XQX--------------------------
---------XXX--------------------
--------------------------------
-----XX-------------------------
--X-------------X---------------
--------------------------------
-----XQXQQX--Q------------------
--------------------------------
-----------------------X--------
------XX----X-------------------
-----XXX---XX----<>-------------
-{--XXXX--XXX----[]-----------}-
XXXXXXXXXXXXX--XXXXXXXXXXXXXXXXX
META {"type": "solver", "id": "pysat-rc2-boolonly", "objective": 0}
META {"type": "geom", "shape": "path", "group": "path", "data": [[14, 1, 14, 2], [14, 2, 14, 3], [14, 3, 11, 6], [11, 6, 11, 7], [11, 7, 11, 8], [11, 8, 12, 9], [12, 9, 13, 10], [13, 10, 11, 12], [11, 12, 11, 13], [11, 13, 12, 13], [12, 13, 13, 14], [13, 14, 14, 15], [14, 15, 12, 17], [12, 17, 12, 18], [12, 18, 12, 19], [12, 19, 13, 20], [13, 20, 14, 21], [14, 21, 14, 22], [14, 22, 14, 23], [14, 23, 14, 24], [14, 24, 14, 25], [14, 25, 14, 26], [14, 26, 14, 27], [14, 27, 14, 28], [14, 28, 14, 29], [14, 29, 14, 30]]}
