--------------------------------
--------------------------------
-------------------------X------
------------------X--X------Q---
--------------------------------
------------------------Q-------
------------Q--XX---------------
---------------------------XXX--
---XX----------------X----------
--------X-----<>--Q-------------
--------------[]--------X----X--
--------------[]-------XX-------
----X------Q--[]------XXX-------
--------------[]-----XXXX-------
-{------------[]----XXXXX-----}-
XXXXXXXXXXXXXXXXXXXXXXXXXXXXXXXX
META {"type": "solver", "id": "pysat-rc2", "objective": 0}
META {"type": "geom", "shape": "path", "group": "path", "data": [[14, 1, 14, 2], [14, 2, 14, 3], [14, 3, 14, 4], [14, 4, 14, 5], [14, 5, 14, 6], [14, 6, 14, 7], [14, 7, 14, 8], [14, 8, 11, 11], [11, 11, 8, 14], [8, 14, 8, 15], [8, 15, 8, 16], [8, 16, 9, 16], [9, 16, 10, 17], [10, 17, 11, 18], [11, 18, 12, 19], [12, 19, 13, 20], [13, 20, 9, 24], [9, 24, 9, 25], [9, 25, 10, 26], [10, 26, 11, 27], [11, 27, 12, 28], [12, 28, 13, 29], [13, 29, 14, 30]]}
