--------------------------------
--------------------------------
----------------------------X---
-------X----------Q------X------
--------------------------------
--------------------------------
----X---X----------------X------
--------------------------------
-----------Q--------------------
--------------------XXXXX-------
-------<>-----------------------
---X---[]-------XX--XXXXX-------
-------[]------XXX---------Q----
-------[]-----XXXX--------------
-{-----[]----XXXXX------------}-
XXXXXXXXXXXXXXXXXXXXXXXXXXXXXXXX
META {"type": "solver", "id": "pysat-rc2", "objective": 0}
META {"type": "geom", "shape": "path", "group": "path", "data": [[14, 1, 14, 2], [14, 2, 10, 3], [10, 3, 7, 6], [7, 6, 8, 7], [8, 7, 9, 8], [9, 8, 9, 9], [9, 9, 10, 10], [10, 10, 11, 11], [11, 11, 12, 12], [12, 12, 13, 13], [13, 13, 10, 16], [10, 16, 10, 17], [10, 17, 10, 18], [10, 18, 11, 19], [11, 19, 12, 20], [12, 20, 13, 21], [13, 21, 14, 22], [14, 22, 14, 23], [14, 23, 14, 24], [14, 24, 14, 25], [14, 25, 14, 26], [14, 26, 14, 27], [14, 27, 14, 28], [14, 28, 14, 29], [14, 29, 14, 30]]}
