--------------------------------
--------------------------------
----------------X---XQXQX----X--
--------------------------------
--------------------------------
-----------------------XQQX-----
----------------X---------------
-----X----XQX-------------------
--------------------------------
----------------X---------------
--------------------------------
----------------------<>--<>----
----X------X----X-----[]--[]----
----XX----XX----------[]--[]----
-{--XXX--XXX----------[]--[]--}-
XXXXXXXXXXXX--XXXXXXXXXXXXXXXXXX
META {"type": "solver", "id": "pysat-rc2", "objective": 0}
META {"type": "geom", "shape": "path", "group": "path", "data": [[14, 1, 11, 4], [11, 4, 11, 5], [11, 5, 12, 6], [12, 6, 13, 7], [13, 7, 14, 8], [14, 8, 11, 11], [11, 11, 11, 12], [11, 12, 12, 13], [12, 13, 13, 14], [13, 14, 14, 15], [14, 15, 14, 16], [14, 16, 14, 17], [14, 17, 14, 18], [14, 18, 10, 22], [10, 22, 10, 23], [10, 23, 8, 25], [8, 25, 9, 26], [9, 26, 10, 27], [10, 27, 10, 28], [10, 28, 11, 28], [11, 28, 12, 28], [12, 28, 13, 29], [13, 29, 14, 30]]}
