--------------------------------
--------------------------------
--------------------------------
-------Q-----------------X------
----Q---------------------------
----------X-----------------Q---
----------------X----Q----------
--------------------------------
---XX----XX-------------Q-------
-------------X--X------------X--
---------------------X----------
--------X-----------XX---<>-----
-----X-----XX------XXX---[]-----
------------------XXXX---[]-----
-{---------------XXXXX---[]---}-
XXXXXX---XXXXXXXXXXXXXXXXXXXXXXX
META {"type": "solver", "id": "pysat-rc2", "objective": 0}
META {"type": "geom", "shape": "path", "group": "path", "data": [[14, 1, 14, 2], [14, 2, 14, 3], [14, 3, 14, 4], [14, 4, 14, 5], [14, 5, 12, 7], [12, 7, 13, 8], [13, 8, 14, 9], [14, 9, 14, 10], [14, 10, 14, 11], [14, 11, 14, 12], [14, 12, 14, 13], [14, 13, 14, 14], [14, 14, 14, 15], [14, 15, 14, 16], [14, 16, 11, 19], [11, 19, 7, 22], [7, 22, 8, 23], [8, 23, 9, 24], [9, 24, 10, 25], [10, 25, 10, 26], [10, 26, 10, 27], [10, 27, 11, 27], [11, 27, 12, 28], [12, 28, 13, 29], [13, 29, 14, 30]]}
