--------------------------------
--------------------------------
----------------------------X---
--------------------------------
-----XX--------X--------Q-------
----------XQX-----XXXX-----Q----
--Q-----------------------------
--------------------------------
-------XX---------------X--Q----
--------------------------------
---XX---------------------------
-------XXX---<>-----------------
-------------[]--X-----X--------
-------------[]--XX----XX-------
-{-----------[]--XXX---XXX----}-
XXXXX--XXXXXXXXXXXXXXXXXXXXXXXXX
META {"type": "solver", "id": "clingo-be", "objective": 0}
META {"type": "geom", "shape": "path", "group": "path", "data": [[14, 1, 11, 3], [11, 3, 12, 4], [12, 4, 13, 4], [13, 4, 14, 3], [14, 3, 10, 7], [10, 7, 6, 4], [6, 4, 7, 5], [7, 5, 8, 4], [8, 4, 9, 3], [9, 3, 5, 2], [5, 2, 2, 5], [2, 5, 3, 5], [3, 5, 3, 6], [3, 6, 0, 8], [0, 8, 1, 9], [1, 9, 2, 10], [2, 10, 3, 11], [3, 11, 4, 12], [4, 12, 2, 13], [2, 13, 3, 12], [3, 12, 4, 11], [4, 11, 0, 15], [0, 15, 1, 16], [1, 16, 2, 17], [2, 17, 3, 17], [3, 17, 4, 16], [4, 16, 5, 15], [5, 15, 6, 14], [6, 14, 7, 15], [7, 15, 8, 14], [8, 14, 9, 15], [9, 15, 10, 16], [10, 16, 11, 17], [11, 17, 7, 20], [7, 20, 8, 20], [8, 20, 9, 20], [9, 20, 10, 20], [10, 20, 11, 21], [11, 21, 12, 22], [12, 22, 13, 21], [13, 21, 14, 22], [14, 22, 10, 19], [10, 19, 11, 20], [11, 20, 12, 20], [12, 20, 13, 19], [13, 19, 13, 20], [13, 20, 14, 20], [14, 20, 10, 24], [10, 24, 11, 23], [11, 23, 7, 24], [7, 24, 3, 20], [3, 20, 4, 19], [4, 19, 1, 17], [1, 17, 2, 16], [2, 16, 3, 15], [3, 15, 0, 13], [0, 13, 1, 14], [1, 14, 2, 14], [2, 14, 3, 13], [3, 13, 4, 14], [4, 14, 5, 13], [5, 13, 6, 13], [6, 13, 7, 13], [7, 13, 8, 13], [8, 13, 9, 14], [9, 14, 10, 15], [10, 15, 11, 15], [11, 15, 12, 16], [12, 16, 13, 16], [13, 16, 14, 15], [14, 15, 10, 14], [10, 14, 6, 17], [6, 17, 7, 17], [7, 17, 8, 16], [8, 16, 9, 16], [9, 16, 10, 17], [10, 17, 11, 18], [11, 18, 12, 18], [12, 18, 8, 22], [8, 22, 9, 23], [9, 23, 10, 23], [10, 23, 11, 24], [11, 24, 12, 24], [12, 24, 9, 26], [9, 26, 10, 26], [10, 26, 11, 26], [11, 26, 12, 25], [12, 25, 13, 26], [13, 26, 14, 26], [14, 26, 13, 27], [13, 27, 14, 28], [14, 28, 12, 28], [12, 28, 13, 29], [13, 29, 14, 29], [14, 29, 10, 30], [10, 30, 11, 31], [11, 31, 12, 31], [12, 31, 13, 31], [13, 31, 14, 30]]}
META {"type": "geom", "shape": "tile", "group": "path", "data": [[14, 1], [13, 1], [13, 2], [12, 2], [12, 3], [11, 3], [12, 3], [12, 4], [13, 4], [14, 4], [14, 3], [13, 3], [13, 4], [12, 4], [12, 5], [11, 5], [11, 6], [10, 6], [10, 7], [9, 7], [9, 6], [8, 6], [8, 5], [7, 5], [7, 4], [6, 4], [7, 4], [7, 5], [8, 5], [8, 4], [9, 4], [9, 3], [8, 3], [7, 3], [6, 3], [5, 3], [5, 2], [4, 2], [4, 3], [3, 3], [3, 4], [2, 4], [2, 5], [3, 5], [3, 6], [2, 6], [2, 7], [1, 7], [1, 8], [0, 8], [1, 8], [1, 9], [2, 9], [2, 10], [3, 10], [3, 11], [4, 11], [4, 12], [3, 12], [3, 13], [2, 13], [3, 13], [3, 12], [4, 12], [4, 11], [3, 11], [3, 12], [2, 12], [2, 13], [1, 13], [1, 14], [0, 14], [0, 15], [1, 15], [1, 16], [2, 16], [2, 17], [3, 17], [4, 17], [4, 16], [5, 16], [5, 15], [6, 15], [6, 14], [7, 14], [7, 15], [8, 15], [8, 14], [9, 14], [9, 15], [10, 15], [10, 16], [11, 16], [11, 17], [10, 17], [10, 18], [9, 18], [9, 19], [8, 19], [8, 20], [7, 20], [8, 20], [9, 20], [10, 20], [11, 20], [11, 21], [12, 21], [12, 22], [13, 22], [13, 21], [14, 21], [14, 22], [13, 22], [13, 21], [12, 21], [12, 20], [11, 20], [11, 19], [10, 19], [11, 19], [11, 20], [12, 20], [13, 20], [13, 19], [13, 20], [14, 20], [13, 20], [13, 21], [12, 21], [12, 22], [11, 22], [11, 23], [10, 23], [10, 24], [11, 24], [11, 23], [10, 23], [9, 23], [8, 23], [7, 23], [7, 24], [6, 24], [6, 23], [5, 23], [5, 22], [4, 22], [4, 21], [3, 21], [3, 20], [4, 20], [4, 19], [3, 19], [3, 18], [2, 18], [2, 17], [1, 17], [2, 17], [2, 16], [3, 16], [3, 15], [2, 15], [2, 14], [1, 14], [1, 13], [0, 13], [1, 13], [1, 14], [2, 14], [3, 14], [3, 13], [4, 13], [4, 14], [5, 14], [5, 13], [6, 13], [7, 13], [8, 13], [9, 13], [9, 14], [10, 14], [10, 15], [11, 15], [12, 15], [12, 16], [13, 16], [14, 16], [14, 15], [13, 15], [12, 15], [11, 15], [10, 15], [10, 14], [9, 14], [9, 15], [8, 15], [8, 16], [7, 16], [7, 17], [6, 17], [7, 17], [8, 17], [8, 16], [9, 16], [10, 16], [10, 17], [11, 17], [11, 18], [12, 18], [11, 18], [11, 19], [10, 19], [10, 20], [9, 20], [9, 21], [8, 21], [8, 22], [9, 22], [9, 23], [10, 23], [11, 23], [11, 24], [12, 24], [11, 24], [11, 25], [10, 25], [10, 26], [9, 26], [10, 26], [11, 26], [12, 26], [12, 25], [13, 25], [13, 26], [14, 26], [13, 26], [13, 27], [14, 27], [14, 28], [13, 28], [12, 28], [13, 28], [13, 29], [14, 29], [13, 29], [12, 29], [11, 29], [10, 29], [10, 30], [11, 30], [11, 31], [12, 31], [13, 31], [14, 31], [14, 30]]}
META {"type": "geom", "shape": "line", "group": "offpath", "data": [[13, 28, 14, 27], [13, 1, 14, 2], [13, 12, 14, 12], [13, 11, 14, 11], [13, 8, 14, 8], [13, 30, 14, 31], [13, 9, 14, 9], [13, 5, 14, 4], [3, 18, 4, 18], [3, 21, 4, 21], [3, 10, 4, 10], [3, 19, 4, 20], [3, 9, 4, 8], [0, 28, 1, 28], [0, 11, 1, 10], [0, 19, 1, 18], [7, 7, 5, 6], [7, 27, 6, 26], [7, 8, 3, 9], [7, 3, 8, 3], [7, 9, 8, 9], [5, 6, 6, 6], [5, 4, 6, 3], [5, 8, 6, 9], [10, 6, 11, 6], [10, 12, 11, 11], [10, 11, 11, 10], [10, 13, 10, 12], [10, 9, 6, 8], [9, 4, 5, 4], [9, 10, 10, 11], [1, 28, 0, 28], [1, 18, 2, 19], [1, 10, 2, 9], [6, 26, 7, 27], [6, 6, 7, 7], [6, 8, 7, 9], [6, 3, 7, 3], [6, 9, 7, 8], [14, 31, 11, 28], [14, 4, 11, 2], [14, 27, 11, 30], [14, 10, 10, 9], [14, 12, 10, 13], [14, 11, 14, 10], [14, 8, 12, 6], [14, 2, 10, 6], [14, 9, 12, 9], [11, 28, 12, 29], [11, 6, 12, 7], [11, 10, 12, 11], [11, 11, 12, 12], [11, 30, 12, 30], [11, 2, 12, 1], [8, 3, 9, 4], [8, 9, 9, 10], [12, 7, 13, 8], [12, 6, 13, 5], [12, 1, 13, 1], [12, 12, 13, 12], [12, 11, 13, 11], [12, 29, 13, 28], [12, 30, 13, 30], [12, 9, 13, 9], [2, 20, 3, 21], [2, 19, 3, 19], [2, 9, 3, 10], [4, 18, 3, 18], [4, 21, 2, 20], [4, 10, 0, 11], [4, 8, 5, 8], [4, 20, 0, 19]]}
