--------------------------------
--------------------------------
--------------------------------
--------------------------Q--Q--
--------------------------------
-------X----X-------X--Q--------
----------------------------XX--
-----------------X--------------
--XXXXXX-----XX-----------------
------------XXX----------Q------
-----------XXXX-----------------
----------XXXXX-----Q-----------
---------XXXXXX---------<>------
--------XXXXXXX---------[]------
-{-----XXXXXXXX---------[]----}-
XXXXXXXXXXXXXXXXXXXXXXXXXXXXXXXX
META {"type": "solver", "id": "pysat-rc2", "objective": 0}
META {"type": "geom", "shape": "path", "group": "path", "data": [[14, 1, 10, 2], [10, 2, 11, 1], [11, 1, 12, 2], [12, 2, 13, 2], [13, 2, 14, 3], [14, 3, 10, 7], [10, 7, 11, 8], [11, 8, 12, 8], [12, 8, 10, 9], [10, 9, 11, 9], [11, 9, 7, 13], [7, 13, 3, 16], [3, 16, 4, 16], [4, 16, 5, 17], [5, 17, 6, 17], [6, 17, 3, 14], [3, 14, 4, 13], [4, 13, 5, 14], [5, 14, 6, 15], [6, 15, 7, 14], [7, 14, 3, 17], [3, 17, 4, 17], [4, 17, 5, 18], [5, 18, 6, 18], [6, 18, 7, 19], [7, 19, 8, 18], [8, 18, 9, 19], [9, 19, 10, 20], [10, 20, 6, 24], [6, 24, 7, 25], [7, 25, 8, 25], [8, 25, 4, 28], [4, 28, 5, 29], [5, 29, 1, 25], [1, 25, 2, 24], [2, 24, 3, 23], [3, 23, 4, 23], [4, 23, 2, 23], [2, 23, 3, 24], [3, 24, 4, 24], [4, 24, 5, 24], [5, 24, 6, 23], [6, 23, 7, 24], [7, 24, 8, 23], [8, 23, 9, 23], [9, 23, 10, 24], [10, 24, 11, 24], [11, 24, 10, 25], [10, 25, 11, 25], [11, 25, 11, 26], [11, 26, 12, 26], [12, 26, 13, 26], [13, 26, 14, 26], [14, 26, 11, 29], [11, 29, 12, 28], [12, 28, 13, 27], [13, 27, 14, 27], [14, 27, 10, 27], [10, 27, 11, 28], [11, 28, 12, 27], [12, 27, 13, 28], [13, 28, 14, 29], [14, 29, 12, 30], [12, 30, 13, 30], [13, 30, 14, 30]]}
META {"type": "geom", "shape": "tile", "group": "path", "data": [[14, 1], [13, 1], [12, 1], [11, 1], [10, 1], [10, 2], [11, 2], [11, 1], [12, 1], [12, 2], [13, 2], [14, 2], [14, 3], [13, 3], [13, 4], [12, 4], [12, 5], [11, 5], [11, 6], [10, 6], [10, 7], [11, 7], [11, 8], [12, 8], [11, 8], [11, 9], [10, 9], [11, 9], [10, 9], [10, 10], [9, 10], [9, 11], [8, 11], [8, 12], [7, 12], [7, 13], [6, 13], [6, 14], [5, 14], [5, 15], [4, 15], [4, 16], [3, 16], [4, 16], [5, 16], [5, 17], [6, 17], [5, 17], [5, 16], [4, 16], [4, 15], [3, 15], [3, 14], [4, 14], [4, 13], [5, 13], [5, 14], [6, 14], [6, 15], [7, 15], [7, 14], [6, 14], [6, 15], [5, 15], [5, 16], [4, 16], [4, 17], [3, 17], [4, 17], [5, 17], [5, 18], [6, 18], [7, 18], [7, 19], [8, 19], [8, 18], [9, 18], [9, 19], [10, 19], [10, 20], [9, 20], [9, 21], [8, 21], [8, 22], [7, 22], [7, 23], [6, 23], [6, 24], [7, 24], [7, 25], [8, 25], [7, 25], [7, 26], [6, 26], [6, 27], [5, 27], [5, 28], [4, 28], [5, 28], [5, 29], [4, 29], [4, 28], [3, 28], [3, 27], [2, 27], [2, 26], [1, 26], [1, 25], [2, 25], [2, 24], [3, 24], [3, 23], [4, 23], [3, 23], [2, 23], [3, 23], [3, 24], [4, 24], [5, 24], [6, 24], [6, 23], [7, 23], [7, 24], [8, 24], [8, 23], [9, 23], [10, 23], [10, 24], [11, 24], [10, 24], [10, 25], [11, 25], [11, 26], [12, 26], [13, 26], [14, 26], [13, 26], [13, 27], [12, 27], [12, 28], [11, 28], [11, 29], [12, 29], [12, 28], [13, 28], [13, 27], [14, 27], [13, 27], [12, 27], [11, 27], [10, 27], [11, 27], [11, 28], [12, 28], [12, 27], [13, 27], [13, 28], [14, 28], [14, 29], [13, 29], [13, 30], [12, 30], [13, 30], [14, 30]]}
META {"type": "geom", "shape": "line", "group": "offpath", "data": [[10, 10, 8, 12], [10, 31, 11, 30], [2, 11, 3, 11], [2, 26, 0, 27], [2, 10, 3, 9], [2, 18, 3, 19], [2, 27, 3, 28], [1, 9, 2, 10], [1, 26, 2, 26], [1, 10, 2, 11], [1, 17, 2, 18], [1, 28, 2, 27], [13, 1, 14, 2], [13, 21, 14, 20], [13, 22, 14, 21], [13, 20, 14, 19], [13, 31, 14, 31], [13, 29, 14, 28], [11, 31, 12, 31], [11, 30, 12, 29], [11, 19, 12, 20], [11, 23, 12, 22], [0, 27, 1, 26], [14, 21, 13, 22], [14, 20, 11, 23], [14, 31, 11, 31], [14, 19, 11, 19], [14, 28, 10, 31], [14, 2, 13, 1], [6, 9, 7, 10], [6, 10, 7, 9], [6, 6, 7, 5], [6, 4, 7, 3], [6, 3, 7, 4], [6, 8, 7, 7], [7, 9, 8, 10], [7, 7, 4, 4], [7, 10, 8, 11], [7, 4, 4, 7], [7, 5, 5, 6], [7, 3, 5, 3], [9, 9, 10, 10], [9, 11, 6, 8], [5, 9, 6, 9], [5, 10, 6, 10], [5, 6, 6, 6], [5, 4, 6, 4], [5, 3, 6, 3], [5, 28, 1, 28], [8, 11, 9, 11], [8, 10, 9, 9], [8, 12, 5, 9], [3, 9, 4, 10], [3, 11, 4, 12], [3, 19, 4, 20], [3, 28, 4, 27], [4, 7, 1, 10], [4, 10, 5, 10], [4, 4, 5, 4], [4, 20, 1, 17], [4, 12, 1, 9], [4, 27, 5, 28], [12, 22, 13, 21], [12, 20, 13, 20], [12, 31, 13, 31], [12, 29, 13, 29]]}
