--------------------------------
--------------------------------
----X-----X----------------Q----
--------------------------------
-----------------X--------------
-----X---X--XXX-----XXX---------
--------------------------------
--------------------------------
---------Q--XX--<>--------------
------Q---------[]--------------
----------------[]--------------
----------------[]--------------
--------X----X--[]---------Q----
-------XX---XX--[]-----XX-------
-{----XXX--XXX--[]----XXX-----}-
XXXXXXXXXXXXXXXXXXXXXXXXXXXXXXXX
META {"type": "solver", "id": "pysat-rc2", "objective": 0}
META {"type": "geom", "shape": "path", "group": "path", "data": [[14, 1, 10, 5], [10, 5, 11, 6], [11, 6, 12, 6], [12, 6, 13, 5], [13, 5, 14, 5], [14, 5, 13, 6], [13, 6, 9, 9], [9, 9, 10, 10], [10, 10, 11, 9], [11, 9, 12, 9], [12, 9, 13, 10], [13, 10, 14, 9], [14, 9, 13, 9], [13, 9, 14, 10], [14, 10, 11, 13], [11, 13, 7, 9], [7, 9, 4, 12], [4, 12, 2, 11], [2, 11, 3, 12], [3, 12, 4, 13], [4, 13, 2, 15], [2, 15, 3, 14], [3, 14, 4, 15], [4, 15, 5, 16], [5, 16, 6, 15], [6, 15, 7, 16], [7, 16, 3, 20], [3, 20, 4, 20], [4, 20, 0, 23], [0, 23, 1, 22], [1, 22, 2, 23], [2, 23, 3, 22], [3, 22, 4, 21], [4, 21, 1, 24], [1, 24, 2, 24], [2, 24, 3, 23], [3, 23, 4, 22], [4, 22, 0, 26], [0, 26, 1, 27], [1, 27, 0, 27], [0, 27, 1, 28], [1, 28, 2, 29], [2, 29, 3, 30], [3, 30, 4, 31], [4, 31, 5, 30], [5, 30, 6, 29], [6, 29, 7, 30], [7, 30, 8, 30], [8, 30, 9, 30], [9, 30, 10, 29], [10, 29, 11, 29], [11, 29, 12, 30], [12, 30, 13, 30], [13, 30, 14, 30]]}
META {"type": "geom", "shape": "tile", "group": "path", "data": [[14, 1], [13, 1], [13, 2], [12, 2], [12, 3], [11, 3], [11, 4], [10, 4], [10, 5], [11, 5], [11, 6], [12, 6], [13, 6], [13, 5], [14, 5], [13, 5], [13, 6], [12, 6], [12, 7], [11, 7], [11, 8], [10, 8], [10, 9], [9, 9], [10, 9], [10, 10], [11, 10], [11, 9], [12, 9], [13, 9], [13, 10], [14, 10], [14, 9], [13, 9], [14, 9], [14, 10], [13, 10], [13, 11], [12, 11], [12, 12], [11, 12], [11, 13], [10, 13], [10, 12], [9, 12], [9, 11], [8, 11], [8, 10], [7, 10], [7, 9], [6, 9], [6, 10], [5, 10], [5, 11], [4, 11], [4, 12], [3, 12], [3, 11], [2, 11], [3, 11], [3, 12], [4, 12], [4, 13], [3, 13], [3, 14], [2, 14], [2, 15], [3, 15], [3, 14], [4, 14], [4, 15], [5, 15], [5, 16], [6, 16], [6, 15], [7, 15], [7, 16], [6, 16], [6, 17], [5, 17], [5, 18], [4, 18], [4, 19], [3, 19], [3, 20], [4, 20], [3, 20], [3, 21], [2, 21], [2, 22], [1, 22], [1, 23], [0, 23], [1, 23], [1, 22], [2, 22], [2, 23], [3, 23], [3, 22], [4, 22], [4, 21], [3, 21], [3, 22], [2, 22], [2, 23], [1, 23], [1, 24], [2, 24], [3, 24], [3, 23], [4, 23], [4, 22], [3, 22], [3, 23], [2, 23], [2, 24], [1, 24], [1, 25], [0, 25], [0, 26], [1, 26], [1, 27], [0, 27], [1, 27], [1, 28], [2, 28], [2, 29], [3, 29], [3, 30], [4, 30], [4, 31], [5, 31], [5, 30], [6, 30], [6, 29], [7, 29], [7, 30], [8, 30], [9, 30], [10, 30], [10, 29], [11, 29], [12, 29], [12, 30], [13, 30], [14, 30]]}
META {"type": "geom", "shape": "line", "group": "offpath", "data": [[6, 11, 7, 10], [6, 14, 7, 13], [6, 13, 7, 12], [2, 8, 3, 8], [2, 12, 3, 13], [2, 17, 3, 17], [2, 16, 3, 16], [0, 3, 1, 4], [0, 17, 1, 16], [0, 9, 1, 10], [10, 7, 11, 7], [10, 0, 11, 1], [10, 8, 11, 8], [10, 23, 11, 22], [10, 3, 11, 2], [10, 12, 11, 12], [10, 11, 11, 10], [10, 21, 11, 21], [10, 27, 11, 27], [3, 8, 4, 9], [3, 17, 0, 17], [3, 13, 4, 14], [3, 16, 4, 16], [8, 8, 9, 8], [8, 11, 9, 11], [8, 25, 9, 24], [8, 28, 9, 28], [8, 6, 4, 5], [13, 2, 14, 3], [13, 19, 14, 18], [13, 22, 11, 23], [13, 3, 14, 2], [13, 29, 14, 29], [13, 11, 9, 7], [13, 31, 14, 31], [13, 1, 14, 0], [13, 28, 14, 28], [13, 20, 14, 21], [13, 15, 14, 15], [9, 7, 10, 8], [9, 8, 10, 7], [9, 24, 10, 23], [9, 11, 10, 12], [9, 21, 10, 21], [9, 28, 10, 27], [7, 7, 8, 6], [7, 10, 8, 11], [7, 12, 4, 10], [7, 13, 6, 13], [7, 26, 8, 25], [12, 7, 8, 8], [12, 2, 13, 3], [12, 22, 13, 22], [12, 0, 13, 1], [12, 10, 13, 11], [12, 23, 9, 21], [12, 24, 8, 28], [12, 12, 10, 11], [12, 1, 13, 2], [12, 14, 13, 15], [4, 10, 5, 10], [4, 5, 1, 8], [4, 14, 2, 16], [4, 9, 0, 9], [4, 16, 5, 15], [5, 10, 6, 11], [5, 15, 6, 14], [11, 7, 12, 7], [11, 2, 12, 2], [11, 22, 12, 23], [11, 0, 12, 0], [11, 8, 7, 7], [11, 10, 12, 10], [11, 23, 12, 24], [11, 12, 12, 12], [11, 21, 12, 22], [11, 1, 12, 1], [11, 27, 7, 26], [1, 8, 2, 8], [1, 10, 1, 11], [1, 11, 2, 12], [1, 4, 0, 3], [1, 16, 2, 17], [14, 2, 11, 0], [14, 0, 10, 3], [14, 3, 10, 0], [14, 29, 13, 29], [14, 21, 13, 20], [14, 31, 13, 31], [14, 14, 12, 14], [14, 18, 13, 19], [14, 28, 13, 28], [14, 15, 14, 14]]}
