XXXXXXXXXXXXXXXX
X--}XXXXX------X
X-XXXXXX---X--XX
X-XXXXX----X--XX
X-------XX-X--XX
X-------XX----XX
X--------------X
XXXXX----------X
XXXXX---X-XXXXXX
X--------XXXXXXX
X---X----XXXXXXX
X-XX-----XXX{--X
X-XX-XXX-XXXXX-X
X--------XXXXX-X
X--XX----------X
XXXXXXXXXXXXXXXX
META {"type": "solver", "id": "pysat-rc2", "objective": 0}
META {"type": "geom", "shape": "path", "group": "path", "data": [[11, 12, 11, 13], [11, 13, 11, 14], [11, 14, 12, 14], [12, 14, 13, 14], [13, 14, 14, 14], [14, 14, 14, 13], [14, 13, 14, 12], [14, 12, 14, 11], [14, 11, 14, 10], [14, 10, 14, 9], [14, 9, 14, 8], [14, 8, 14, 7], [14, 7, 14, 6], [14, 6, 14, 5], [14, 5, 13, 5], [13, 5, 13, 6], [13, 6, 13, 7], [13, 7, 13, 8], [13, 8, 12, 8], [12, 8, 11, 8], [11, 8, 11, 7], [11, 7, 10, 7], [10, 7, 9, 7], [9, 7, 8, 7], [8, 7, 7, 7], [7, 7, 7, 8], [7, 8, 7, 9], [7, 9, 6, 9], [6, 9, 6, 10], [6, 10, 5, 10], [5, 10, 4, 10], [4, 10, 3, 10], [3, 10, 2, 10], [2, 10, 1, 10], [1, 10, 1, 9], [1, 9, 2, 9], [2, 9, 3, 9], [3, 9, 3, 8], [3, 8, 3, 7], [3, 7, 4, 7], [4, 7, 4, 6], [4, 6, 4, 5], [4, 5, 4, 4], [4, 4, 5, 4], [5, 4, 5, 3], [5, 3, 4, 3], [4, 3, 4, 2], [4, 2, 4, 1], [4, 1, 3, 1], [3, 1, 2, 1], [2, 1, 1, 1], [1, 1, 1, 2], [1, 2, 1, 3]]}
META {"type": "geom", "shape": "tile", "group": "path", "data": [[11, 12], [11, 13], [11, 14], [12, 14], [13, 14], [14, 14], [14, 13], [14, 12], [14, 11], [14, 10], [14, 9], [14, 8], [14, 7], [14, 6], [14, 5], [13, 5], [13, 6], [13, 7], [13, 8], [12, 8], [11, 8], [11, 7], [10, 7], [9, 7], [8, 7], [7, 7], [7, 8], [7, 9], [6, 9], [6, 10], [5, 10], [4, 10], [3, 10], [2, 10], [1, 10], [1, 9], [2, 9], [3, 9], [3, 8], [3, 7], [4, 7], [4, 6], [4, 5], [4, 4], [5, 4], [5, 3], [4, 3], [4, 2], [4, 1], [3, 1], [2, 1], [1, 1], [1, 2], [1, 3]]}
META {"type": "geom", "shape": "line", "group": "offpath", "data": [[14, 2, 13, 2], [12, 4, 11, 4], [12, 1, 13, 1], [6, 2, 5, 2], [6, 8, 6, 7], [6, 13, 7, 13], [6, 1, 6, 2], [6, 6, 6, 5], [6, 7, 6, 8], [6, 5, 7, 5], [6, 14, 6, 13], [3, 12, 4, 12], [10, 2, 10, 1], [10, 1, 10, 2], [10, 6, 9, 6], [10, 5, 10, 6], [9, 4, 9, 3], [9, 2, 9, 1], [9, 1, 9, 2], [9, 6, 9, 5], [9, 3, 9, 4], [9, 5, 10, 5], [1, 11, 1, 12], [1, 13, 2, 13], [1, 12, 1, 11], [5, 2, 5, 1], [5, 11, 5, 12], [5, 13, 4, 13], [5, 12, 5, 11], [5, 1, 6, 1], [2, 13, 1, 13], [7, 11, 7, 10], [7, 13, 7, 14], [7, 6, 6, 6], [7, 5, 7, 6], [7, 10, 7, 11], [7, 14, 6, 14], [11, 4, 12, 4], [13, 2, 14, 2], [13, 1, 12, 1], [4, 13, 5, 13], [4, 12, 3, 12]]}
