XXXXXXXXXXXXXXXX
X--XXXXX-X-X-XXX
X--XXXXX--X-X--X
XX--}XXXXXXXXXXX
X--XXXXXXXXXXXXX
X--XXXXX-------X
X----XXX-XXX--XX
X-X---------X-XX
X-X------XX--X-X
X-X-----XXXXX--X
X-------XXXXX-XX
X-------XXX{--XX
XX------XXXXX--X
X-XXX---XXXXX-XX
X----XX--------X
XXXXXXXXXXXXXXXX
META {"type": "solver", "id": "pysat-rc2", "objective": 0}
META {"type": "geom", "shape": "path", "group": "path", "data": [[11, 11, 11, 12], [11, 12, 11, 13], [11, 13, 12, 13], [12, 13, 13, 13], [13, 13, 14, 13], [14, 13, 14, 12], [14, 12, 14, 11], [14, 11, 14, 10], [14, 10, 14, 9], [14, 9, 14, 8], [14, 8, 14, 7], [14, 7, 13, 7], [13, 7, 12, 7], [12, 7, 12, 6], [12, 6, 11, 6], [11, 6, 10, 6], [10, 6, 10, 7], [10, 7, 9, 7], [9, 7, 9, 6], [9, 6, 9, 5], [9, 5, 9, 4], [9, 4, 9, 3], [9, 3, 10, 3], [10, 3, 10, 2], [10, 2, 10, 1], [10, 1, 9, 1], [9, 1, 8, 1], [8, 1, 7, 1], [7, 1, 6, 1], [6, 1, 6, 2], [6, 2, 5, 2], [5, 2, 5, 1], [5, 1, 4, 1], [4, 1, 4, 2], [4, 2, 3, 2], [3, 2, 3, 3], [3, 3, 3, 4]]}
META {"type": "geom", "shape": "tile", "group": "path", "data": [[11, 11], [11, 12], [11, 13], [12, 13], [13, 13], [14, 13], [14, 12], [14, 11], [14, 10], [14, 9], [14, 8], [14, 7], [13, 7], [12, 7], [12, 6], [11, 6], [10, 6], [10, 7], [9, 7], [9, 6], [9, 5], [9, 4], [9, 3], [10, 3], [10, 2], [10, 1], [9, 1], [8, 1], [7, 1], [6, 1], [6, 2], [5, 2], [5, 1], [4, 1], [4, 2], [3, 2], [3, 3], [3, 4]]}
META {"type": "geom", "shape": "line", "group": "offpath", "data": [[5, 12, 5, 13], [5, 13, 5, 12], [6, 4, 6, 3], [6, 3, 6, 4], [7, 4, 7, 3], [7, 3, 7, 4], [14, 2, 14, 1], [14, 1, 14, 2], [12, 4, 12, 5], [12, 5, 12, 4], [1, 2, 1, 1], [1, 1, 1, 2]]}
