XXXXXXXXXXXXXXXX
XXXXXXXXXXXXXXXX
XXXX}XXX------XX
XXXX------#---XX
XXXXX-------#-XX
XXXXX-X-------XX
XXX---XX-----XXX
XXX----X-XXXXXXX
XX--##---XXXXXXX
XX--------XXXXXX
XX-#----X-XXXXXX
XX---XX-XXXXXXXX
XX----X-XXXXX-XX
XXX-----XXX---XX
XXX-X---XXX---XX
XXXXXXX-----XXXX
XXXXXXX------XXX
XXXXXXX------XXX
XXXXXX----##-XXX
XXX--XXX-----XXX
XX---XXX##----XX
XX-#-------X--XX
XX------XXXX--XX
XX--X----XXX--XX
XX--XXXX-XXX--XX
XXX-XXXX------XX
XXX-XXXX---XX-XX
XXX------XXXXXXX
XXX-XXX---XXXXXX
XXXXXXX-{-XXXXXX
XXXXXXXXXXXXXXXX
XXXXXXXXXXXXXXXX
META {"type": "solver", "id": "pysat-rc2", "objective": 0}
META {"type": "geom", "shape": "path", "group": "path", "data": [[29, 8, 29, 7], [29, 7, 27, 7], [27, 7, 27, 3], [27, 3, 28, 3], [28, 3, 22, 3], [22, 3, 22, 7], [22, 7, 21, 7], [21, 7, 23, 7], [23, 7, 23, 5], [23, 5, 21, 5], [21, 5, 21, 4], [21, 4, 21, 10], [21, 10, 19, 10], [19, 10, 19, 12], [19, 12, 19, 8], [19, 8, 15, 8], [15, 8, 15, 7], [15, 7, 15, 11], [15, 11, 17, 11], [17, 11, 17, 7], [17, 7, 18, 7], [18, 7, 8, 7], [8, 7, 8, 8], [8, 8, 9, 8], [9, 8, 9, 2], [9, 2, 8, 2], [8, 2, 8, 3], [8, 3, 6, 3], [6, 3, 6, 5], [6, 5, 7, 5], [7, 5, 3, 5], [3, 5, 3, 4], [3, 4, 2, 4]]}
META {"type": "geom", "shape": "tile", "group": "path", "data": [[29, 8], [29, 7], [28, 7], [27, 7], [27, 6], [27, 5], [27, 4], [27, 3], [28, 3], [27, 3], [26, 3], [25, 3], [24, 3], [23, 3], [22, 3], [22, 4], [22, 5], [22, 6], [22, 7], [21, 7], [22, 7], [23, 7], [23, 6], [23, 5], [22, 5], [21, 5], [21, 4], [21, 5], [21, 6], [21, 7], [21, 8], [21, 9], [21, 10], [20, 10], [19, 10], [19, 11], [19, 12], [19, 11], [19, 10], [19, 9], [19, 8], [18, 8], [17, 8], [16, 8], [15, 8], [15, 7], [15, 8], [15, 9], [15, 10], [15, 11], [16, 11], [17, 11], [17, 10], [17, 9], [17, 8], [17, 7], [18, 7], [17, 7], [16, 7], [15, 7], [14, 7], [13, 7], [12, 7], [11, 7], [10, 7], [9, 7], [8, 7], [8, 8], [9, 8], [9, 7], [9, 6], [9, 5], [9, 4], [9, 3], [9, 2], [8, 2], [8, 3], [7, 3], [6, 3], [6, 4], [6, 5], [7, 5], [6, 5], [5, 5], [4, 5], [3, 5], [3, 4], [2, 4]]}
META {"type": "geom", "shape": "line", "group": "offpath", "data": [[23, 12, 23, 13], [23, 6, 21, 6], [23, 13, 23, 12], [23, 2, 23, 3], [23, 3, 23, 2], [15, 9, 19, 9], [15, 10, 17, 10], [21, 12, 21, 13], [21, 6, 23, 6], [21, 13, 21, 12], [25, 9, 26, 9], [24, 2, 20, 2], [6, 11, 2, 11], [6, 12, 5, 12], [6, 9, 6, 8], [6, 4, 7, 4], [6, 8, 6, 12], [11, 4, 13, 4], [11, 3, 11, 4], [7, 4, 6, 4], [2, 11, 6, 11], [2, 12, 3, 12], [2, 9, 6, 9], [20, 11, 19, 11], [20, 4, 22, 4], [20, 13, 26, 13], [20, 2, 20, 4], [4, 6, 3, 6], [26, 9, 25, 9], [26, 8, 26, 10], [26, 10, 26, 8], [26, 13, 20, 13], [13, 11, 13, 13], [13, 4, 13, 3], [13, 6, 14, 6], [13, 13, 12, 13], [13, 3, 11, 3], [5, 12, 5, 13], [5, 7, 3, 7], [5, 13, 5, 7], [14, 11, 13, 11], [14, 6, 13, 6], [14, 7, 14, 5], [14, 5, 14, 7], [14, 13, 14, 11], [22, 12, 22, 13], [22, 4, 22, 2], [22, 13, 22, 12], [22, 2, 24, 2], [3, 11, 3, 13], [3, 12, 2, 12], [3, 9, 2, 9], [3, 6, 4, 6], [3, 7, 3, 9], [3, 13, 3, 11], [19, 11, 20, 11], [19, 9, 15, 9], [19, 4, 19, 3], [19, 3, 19, 4], [12, 13, 14, 13], [17, 10, 15, 10]]}
