XXXXXXXXXXXXXXXX
XXXXXXXXXXXXXXXX
XX--XXXXXXX}XXXX
XXX-XXXXXXX-XXXX
XXXXXXXXX-----XX
XXXXXXXXX---XXXX
XXXXXXXXX##-XXXX
XXXXX-XXX---XXXX
XXXX--------XXXX
XX-------XX-XXXX
XX---XXX--X--XXX
XXX--XXX-----XXX
XXX----------XXX
XXX---XXX-##-XXX
XXXX--XXX----XXX
XX-XX-XXX-----XX
XX--X---------XX
XX---X--X-----XX
XXXXXXXXX---XXXX
XXXXXXXXX----XXX
XXX-XXX----X-XXX
XXX------XXX-XXX
XX-----#-XXX-XXX
XXXX-----XXX--XX
XXXX-----XXX--XX
XXXX--#-------XX
XXXXX------XXXXX
XXXXX--XX--XXXXX
XXXXX---X--XXXXX
XXXXXX---{---XXX
XXXXXXXXXXXXXXXX
XXXXXXXXXXXXXXXX
META {"type": "solver", "id": "pysat-rc2-boolonly", "objective": 0}
META {"type": "geom", "shape": "path", "group": "path", "data": [[29, 9, 25, 9], [25, 9, 25, 13], [25, 13, 25, 7], [25, 7, 23, 7], [23, 7, 23, 8], [23, 8, 23, 4], [23, 4, 25, 4], [25, 4, 21, 4], [21, 4, 21, 8], [21, 8, 20, 8], [20, 8, 20, 10], [20, 10, 14, 10], [14, 10, 14, 12], [14, 12, 10, 12], [10, 12, 10, 11], [10, 11, 12, 11], [12, 11, 2, 11]]}
META {"type": "geom", "shape": "tile", "group": "path", "data": [[29, 9], [28, 9], [27, 9], [26, 9], [25, 9], [25, 10], [25, 11], [25, 12], [25, 13], [25, 12], [25, 11], [25, 10], [25, 9], [25, 8], [25, 7], [24, 7], [23, 7], [23, 8], [23, 7], [23, 6], [23, 5], [23, 4], [24, 4], [25, 4], [24, 4], [23, 4], [22, 4], [21, 4], [21, 5], [21, 6], [21, 7], [21, 8], [20, 8], [20, 9], [20, 10], [19, 10], [18, 10], [17, 10], [16, 10], [15, 10], [14, 10], [14, 11], [14, 12], [13, 12], [12, 12], [11, 12], [10, 12], [10, 11], [11, 11], [12, 11], [11, 11], [10, 11], [9, 11], [8, 11], [7, 11], [6, 11], [5, 11], [4, 11], [3, 11], [2, 11]]}
META {"type": "geom", "shape": "line", "group": "offpath", "data": [[17, 13, 17, 9], [17, 4, 17, 2], [17, 9, 17, 13], [17, 2, 17, 4], [12, 3, 13, 3], [12, 5, 12, 3], [13, 3, 9, 3], [7, 5, 9, 5], [7, 9, 8, 9], [8, 8, 8, 4], [8, 4, 14, 4], [8, 9, 7, 9], [21, 7, 20, 7], [14, 5, 12, 5], [14, 4, 14, 5], [2, 3, 2, 2], [2, 2, 2, 3], [15, 13, 15, 9], [15, 9, 15, 13], [20, 7, 21, 7], [9, 3, 9, 2], [9, 5, 7, 5], [9, 8, 8, 8], [9, 2, 9, 8]]}
