XXXXXXXXXXXXXXXX
XXXXXXXXXXXXXXXX
XX-----XXX}XXXXX
XX---#-----XXXXX
XX--------#--XXX
XX----###----XXX
XX##-------XXXXX
XX--#------XXXXX
XX----XX---XXXXX
XX##--XX-----XXX
XX-----X--#--XXX
XXX-----------XX
XXXX-----#----XX
XXXX--X-----XXXX
XXXX--XXX---XXXX
XX----XXX-#-XXXX
XXX---XXX-----XX
XXXX-#------X-XX
XXXX-----XX-XXXX
XXX---#---X--XXX
XXXXX--------XXX
XXXXX----##--XXX
XXXX--X-------XX
XXXXXXX-----#-XX
XXXXXXX-------XX
XXXXXXXX------XX
XXXXX-XX-###--XX
XXXXX--X-----XXX
XXXXX-------XXXX
XXXXX-X-X-{-XXXX
XXXXXXXXXXXXXXXX
XXXXXXXXXXXXXXXX
META {"type": "solver", "id": "pysat-rc2-boolonly", "objective": 0}
META {"type": "geom", "shape": "path", "group": "path", "data": [[29, 10, 27, 10], [27, 10, 27, 8], [27, 8, 17, 8], [17, 8, 17, 6], [17, 6, 18, 6], [18, 6, 18, 8], [18, 8, 18, 4], [18, 4, 8, 4], [8, 4, 8, 5], [8, 5, 4, 5], [4, 5, 4, 9], [4, 9, 3, 9], [3, 9, 3, 10], [3, 10, 2, 10]]}
META {"type": "geom", "shape": "tile", "group": "path", "data": [[29, 10], [28, 10], [27, 10], [27, 9], [27, 8], [26, 8], [25, 8], [24, 8], [23, 8], [22, 8], [21, 8], [20, 8], [19, 8], [18, 8], [17, 8], [17, 7], [17, 6], [18, 6], [18, 7], [18, 8], [18, 7], [18, 6], [18, 5], [18, 4], [17, 4], [16, 4], [15, 4], [14, 4], [13, 4], [12, 4], [11, 4], [10, 4], [9, 4], [8, 4], [8, 5], [7, 5], [6, 5], [5, 5], [4, 5], [4, 6], [4, 7], [4, 8], [4, 9], [3, 9], [3, 10], [2, 10]]}
META {"type": "geom", "shape": "line", "group": "offpath", "data": [[19, 12, 19, 11], [19, 11, 19, 12], [8, 8, 8, 10], [8, 10, 8, 8], [3, 4, 3, 2], [3, 7, 4, 7], [3, 2, 3, 4], [18, 5, 22, 5], [6, 4, 6, 10], [6, 8, 6, 4], [6, 10, 5, 10], [6, 6, 7, 6], [22, 5, 18, 5], [9, 12, 9, 8], [9, 8, 13, 8], [9, 11, 9, 12], [12, 4, 12, 8], [12, 8, 6, 8], [12, 6, 12, 4], [21, 12, 21, 11], [21, 11, 21, 12], [10, 3, 10, 2], [10, 8, 10, 9], [10, 2, 10, 6], [10, 6, 12, 6], [10, 9, 10, 8], [4, 7, 3, 7], [4, 2, 2, 2], [4, 6, 4, 2], [17, 10, 16, 10], [17, 13, 16, 13], [16, 10, 17, 10], [16, 13, 17, 13], [23, 7, 23, 11], [23, 11, 23, 7], [7, 6, 6, 6], [13, 7, 13, 11], [13, 8, 13, 7], [13, 11, 9, 11], [11, 3, 10, 3], [11, 13, 11, 3], [11, 9, 11, 13], [2, 2, 2, 6], [2, 6, 4, 6], [5, 10, 5, 9], [5, 9, 11, 9]]}
