XXXXXXXXXXXXXXXX
XXXXXXXXXXXXXXXX
XX}XXX--XXX--XXX
XX-XXX--XXX--XXX
XX-----#-----XXX
XXX-#------#-XXX
XXX---#-##----XX
XXX---------X-XX
XX---X----XXX-XX
XX-XXXX---XXX-XX
XX-XXXX-------XX
XX-XXX-XXX----XX
XX-XXXXXXX-#--XX
XX--XXXXXX---XXX
XX--XXXX----XXXX
XX---XXX----XXXX
XX---XXX----XXXX
XX-------#-#--XX
XX------------XX
XXX--X------X-XX
XXX-XX---#-XX-XX
XXX--X------X-XX
XX-----XX-#---XX
XX--XX--X-----XX
XX---X-------XXX
XX-#-XXXXXXXXXXX
XX---XXXXXXXXXXX
XX---XXXXX--XXXX
XX-{-XXX----XXXX
XXXXXXXX--XXXXXX
XXXXXXXXXXXXXXXX
XXXXXXXXXXXXXXXX
META {"type": "solver", "id": "pysat-rc2", "objective": 0}
META {"type": "geom", "shape": "path", "group": "path", "data": [[28, 3, 26, 3], [26, 3, 26, 2], [26, 2, 22, 2], [22, 2, 22, 6], [22, 6, 24, 6], [24, 6, 24, 12], [24, 12, 22, 12], [22, 12, 22, 11], [22, 11, 22, 13], [22, 13, 23, 13], [23, 13, 17, 13], [17, 13, 17, 12], [17, 12, 18, 12], [18, 12, 18, 2], [18, 2, 8, 2], [8, 2, 8, 4], [8, 4, 6, 4], [6, 4, 6, 3], [6, 3, 4, 3], [4, 3, 4, 2], [4, 2, 2, 2]]}
META {"type": "geom", "shape": "tile", "group": "path", "data": [[28, 3], [27, 3], [26, 3], [26, 2], [25, 2], [24, 2], [23, 2], [22, 2], [22, 3], [22, 4], [22, 5], [22, 6], [23, 6], [24, 6], [24, 7], [24, 8], [24, 9], [24, 10], [24, 11], [24, 12], [23, 12], [22, 12], [22, 11], [22, 12], [22, 13], [23, 13], [22, 13], [21, 13], [20, 13], [19, 13], [18, 13], [17, 13], [17, 12], [18, 12], [18, 11], [18, 10], [18, 9], [18, 8], [18, 7], [18, 6], [18, 5], [18, 4], [18, 3], [18, 2], [17, 2], [16, 2], [15, 2], [14, 2], [13, 2], [12, 2], [11, 2], [10, 2], [9, 2], [8, 2], [8, 3], [8, 4], [7, 4], [6, 4], [6, 3], [5, 3], [4, 3], [4, 2], [3, 2], [2, 2]]}
META {"type": "geom", "shape": "line", "group": "offpath", "data": [[29, 9, 28, 9], [29, 8, 29, 9], [5, 9, 4, 9], [5, 10, 7, 10], [5, 8, 5, 10], [5, 6, 5, 5], [5, 5, 4, 5], [27, 11, 28, 11], [11, 11, 10, 11], [3, 7, 3, 6], [3, 6, 5, 6], [13, 2, 13, 3], [13, 3, 13, 2], [17, 8, 21, 8], [17, 7, 21, 7], [17, 6, 17, 8], [10, 11, 11, 11], [10, 13, 6, 13], [10, 12, 10, 13], [28, 9, 28, 8], [28, 11, 27, 11], [28, 8, 29, 8], [6, 10, 4, 10], [6, 11, 6, 10], [6, 13, 12, 13], [22, 4, 21, 4], [7, 10, 7, 11], [7, 11, 6, 11], [12, 13, 12, 12], [12, 12, 10, 12], [23, 2, 23, 3], [23, 10, 24, 10], [23, 3, 23, 2], [24, 10, 23, 10], [19, 11, 18, 11], [19, 4, 19, 3], [19, 3, 19, 4], [4, 9, 5, 9], [4, 10, 4, 8], [4, 11, 4, 12], [4, 8, 5, 8], [4, 6, 2, 6], [4, 12, 2, 12], [4, 5, 4, 6], [21, 4, 22, 4], [21, 8, 21, 6], [21, 7, 17, 7], [21, 6, 17, 6], [2, 11, 4, 11], [2, 7, 3, 7], [2, 6, 2, 7], [2, 12, 2, 11], [18, 11, 19, 11], [16, 2, 16, 4], [16, 4, 16, 2]]}
