XXXXXXXXXXXXXXXX
XXXXXXXXXXXXXXXX
XXXXX---XXX}XXXX
XX----------XXXX
XX--##----X---XX
XXX----#--XXX-XX
XXX-------XXXXXX
XXX--##---XXXXXX
XXXX-------XXXXX
XX-XX------XXXXX
XX--XX-----XXXXX
XX--XX---##--XXX
XX---X-------XXX
XX----##------XX
XXXXX----##-X-XX
XXXXX-------XXXX
XXX--#-XX---XXXX
XXX----XXX---XXX
XXX-#--XXX---XXX
XX----XXXXX---XX
XX---XXXXXX##-XX
XX---XXXX----XXX
XXX---XXX---XXXX
XXXXX-XXX-X--XXX
XXXXX-----XX-XXX
XXX--#--X--X--XX
XXXX----XX-XX-XX
XXXX--X--X--XXXX
XXXXXXX-----XXXX
XXXXXXX-{-X-XXXX
XXXXXXXXXXXXXXXX
XXXXXXXXXXXXXXXX
META {"type": "solver", "id": "pysat-rc2", "objective": 0}
META {"type": "geom", "shape": "path", "group": "path", "data": [[29, 8, 29, 9], [29, 9, 28, 9], [28, 9, 28, 11], [28, 11, 28, 7], [28, 7, 24, 7], [24, 7, 24, 9], [24, 9, 24, 5], [24, 5, 22, 5], [22, 5, 22, 3], [22, 3, 16, 3], [16, 3, 16, 4], [16, 4, 17, 4], [17, 4, 17, 6], [17, 6, 18, 6], [18, 6, 14, 6], [14, 6, 14, 5], [14, 5, 13, 5], [13, 5, 15, 5], [15, 5, 15, 11], [15, 11, 11, 11], [11, 11, 11, 12], [11, 12, 13, 12], [13, 12, 13, 8], [13, 8, 3, 8], [3, 8, 3, 2], [3, 2, 4, 2], [4, 2, 4, 3], [4, 3, 3, 3], [3, 3, 7, 3], [7, 3, 7, 4], [7, 4, 5, 4], [5, 4, 5, 6], [5, 6, 6, 6], [6, 6, 2, 6], [2, 6, 2, 5], [2, 5, 2, 7], [2, 7, 4, 7], [4, 7, 4, 9], [4, 9, 3, 9], [3, 9, 3, 11], [3, 11, 4, 11], [4, 11, 2, 11]]}
META {"type": "geom", "shape": "tile", "group": "path", "data": [[29, 8], [29, 9], [28, 9], [28, 10], [28, 11], [28, 10], [28, 9], [28, 8], [28, 7], [27, 7], [26, 7], [25, 7], [24, 7], [24, 8], [24, 9], [24, 8], [24, 7], [24, 6], [24, 5], [23, 5], [22, 5], [22, 4], [22, 3], [21, 3], [20, 3], [19, 3], [18, 3], [17, 3], [16, 3], [16, 4], [17, 4], [17, 5], [17, 6], [18, 6], [17, 6], [16, 6], [15, 6], [14, 6], [14, 5], [13, 5], [14, 5], [15, 5], [15, 6], [15, 7], [15, 8], [15, 9], [15, 10], [15, 11], [14, 11], [13, 11], [12, 11], [11, 11], [11, 12], [12, 12], [13, 12], [13, 11], [13, 10], [13, 9], [13, 8], [12, 8], [11, 8], [10, 8], [9, 8], [8, 8], [7, 8], [6, 8], [5, 8], [4, 8], [3, 8], [3, 7], [3, 6], [3, 5], [3, 4], [3, 3], [3, 2], [4, 2], [4, 3], [3, 3], [4, 3], [5, 3], [6, 3], [7, 3], [7, 4], [6, 4], [5, 4], [5, 5], [5, 6], [6, 6], [5, 6], [4, 6], [3, 6], [2, 6], [2, 5], [2, 6], [2, 7], [3, 7], [4, 7], [4, 8], [4, 9], [3, 9], [3, 10], [3, 11], [4, 11], [3, 11], [2, 11]]}
META {"type": "geom", "shape": "line", "group": "offpath", "data": [[14, 13, 13, 13], [25, 4, 25, 3], [25, 13, 26, 13], [25, 7, 25, 6], [25, 6, 25, 7], [25, 3, 25, 4], [26, 4, 27, 4], [26, 13, 25, 13], [26, 5, 26, 4], [12, 4, 12, 2], [12, 6, 12, 12], [12, 12, 12, 6], [12, 9, 13, 9], [12, 2, 12, 4], [4, 13, 5, 13], [23, 12, 23, 11], [23, 11, 23, 12], [17, 10, 18, 10], [17, 5, 19, 5], [17, 12, 17, 10], [16, 9, 16, 11], [16, 11, 16, 9], [29, 11, 27, 11], [13, 13, 14, 13], [13, 9, 12, 9], [5, 13, 4, 13], [5, 5, 6, 5], [6, 5, 5, 5], [6, 9, 6, 3], [6, 3, 6, 9], [19, 13, 20, 13], [19, 5, 17, 5], [18, 10, 18, 12], [18, 12, 17, 12], [20, 4, 20, 2], [20, 13, 19, 13], [20, 2, 20, 4], [7, 7, 7, 9], [7, 9, 7, 7], [27, 4, 27, 5], [27, 5, 26, 5], [27, 11, 29, 11]]}
