XXXXXXXXXXXXXXXXXXXXXXXXXXXXXXXX
X--}XXXX-XX-X-X-XX--X---X-XXXX-X
X-XXXXX-----------X--------XXX-X
X-XXXXXX-----------XXXXXXXXXXXXX
X-XXXXXX--XXX-XXX-XXXXXXXXXXXXXX
X----XX-------XXX-XXXXXXXXXXXX-X
XX------------XXX---XX-XXX----XX
X-X--XX--XX------X----X--------X
XXXXXXXXXXXX---XX-----X--XX-X--X
XXXXXXXXXXXXX--XX-----X-XXXXXXXX
X----XX--XXXX-X---XXX---XXXXXXXX
XX--------XX--X---------XXX{---X
XX----XXXX----X------XX-XXXXX--X
XX-X--XXXX-XXX----X--XX-XXXXX-XX
X-------------XX---------------X
XXXXXXXXXXXXXXXXXXXXXXXXXXXXXXXX
META {"type": "solver", "id": "pysat-rc2", "objective": 0}
META {"type": "geom", "shape": "path", "group": "path", "data": [[11, 27, 11, 28], [11, 28, 11, 29], [11, 29, 12, 29], [12, 29, 13, 29], [13, 29, 14, 29], [14, 29, 14, 28], [14, 28, 14, 27], [14, 27, 14, 26], [14, 26, 14, 25], [14, 25, 14, 24], [14, 24, 14, 23], [14, 23, 13, 23], [13, 23, 12, 23], [12, 23, 11, 23], [11, 23, 10, 23], [10, 23, 10, 22], [10, 22, 10, 21], [10, 21, 9, 21], [9, 21, 8, 21], [8, 21, 7, 21], [7, 21, 7, 20], [7, 20, 7, 19], [7, 19, 6, 19], [6, 19, 6, 18], [6, 18, 6, 17], [6, 17, 5, 17], [5, 17, 4, 17], [4, 17, 3, 17], [3, 17, 3, 16], [3, 16, 3, 15], [3, 15, 3, 14], [3, 14, 3, 13], [3, 13, 3, 12], [3, 12, 3, 11], [3, 11, 3, 10], [3, 10, 3, 9], [3, 9, 3, 8], [3, 8, 4, 8], [4, 8, 5, 8], [5, 8, 5, 7], [5, 7, 6, 7], [6, 7, 6, 6], [6, 6, 6, 5], [6, 5, 6, 4], [6, 4, 5, 4], [5, 4, 5, 3], [5, 3, 5, 2], [5, 2, 5, 1], [5, 1, 4, 1], [4, 1, 3, 1], [3, 1, 2, 1], [2, 1, 1, 1], [1, 1, 1, 2], [1, 2, 1, 3]]}
