XXXXXXXXXXXXXXXX
XXXXXXXXXXXXXXXX
XXX}XXXXX-----XX
XXX-XXXXX---#-XX
XXX-XXXX------XX
XXX-------XX--XX
XX---##---XX--XX
XX-#----X--XXXXX
XX-----XX--XXXXX
XX--#---X-XXXXXX
XX-------XXXXXXX
XX-#-----XXXXXXX
XX----XX--XXXXXX
XXX----X--XXXXXX
XXXX-------XXXXX
XXXX--XXX--XXXXX
XXXX--XXX-XXXXXX
XX----XXXXXXXXXX
XX----XXXXXXXXXX
XX----XXXXXXXXXX
XX-------XXX--XX
XX---XXX------XX
XXX--XXX------XX
XXX--------XXXXX
XXX-X--XX--XXXXX
XXX-XX-XX--XXXXX
XX---X--X-----XX
XX----{----#--XX
XXXXXXXXXX----XX
XXXXXXXXXX--XXXX
XXXXXXXXXXXXXXXX
XXXXXXXXXXXXXXXX
META {"type": "solver", "id": "pysat-rc2", "objective": 0}
META {"type": "geom", "shape": "path", "group": "path", "data": [[27, 6, 27, 2], [27, 2, 26, 2], [26, 2, 26, 4], [26, 4, 27, 4], [27, 4, 27, 10], [27, 10, 21, 10], [21, 10, 21, 8], [21, 8, 23, 8], [23, 8, 23, 10], [23, 10, 29, 10], [29, 10, 29, 11], [29, 11, 28, 11], [28, 11, 28, 13], [28, 13, 26, 13], [26, 13, 26, 9], [26, 9, 27, 9], [27, 9, 21, 9], [21, 9, 21, 13], [21, 13, 20, 13], [20, 13, 20, 12], [20, 12, 22, 12], [22, 12, 22, 8], [22, 8, 20, 8], [20, 8, 20, 2], [20, 2, 21, 2], [21, 2, 21, 4], [21, 4, 23, 4], [23, 4, 23, 3], [23, 3, 27, 3], [27, 3, 17, 3], [17, 3, 17, 5], [17, 5, 7, 5], [7, 5, 7, 7], [7, 7, 5, 7], [5, 7, 5, 9], [5, 9, 5, 3], [5, 3, 6, 3], [6, 3, 2, 3]]}
META {"type": "geom", "shape": "tile", "group": "path", "data": [[27, 6], [27, 5], [27, 4], [27, 3], [27, 2], [26, 2], [26, 3], [26, 4], [27, 4], [27, 5], [27, 6], [27, 7], [27, 8], [27, 9], [27, 10], [26, 10], [25, 10], [24, 10], [23, 10], [22, 10], [21, 10], [21, 9], [21, 8], [22, 8], [23, 8], [23, 9], [23, 10], [24, 10], [25, 10], [26, 10], [27, 10], [28, 10], [29, 10], [29, 11], [28, 11], [28, 12], [28, 13], [27, 13], [26, 13], [26, 12], [26, 11], [26, 10], [26, 9], [27, 9], [26, 9], [25, 9], [24, 9], [23, 9], [22, 9], [21, 9], [21, 10], [21, 11], [21, 12], [21, 13], [20, 13], [20, 12], [21, 12], [22, 12], [22, 11], [22, 10], [22, 9], [22, 8], [21, 8], [20, 8], [20, 7], [20, 6], [20, 5], [20, 4], [20, 3], [20, 2], [21, 2], [21, 3], [21, 4], [22, 4], [23, 4], [23, 3], [24, 3], [25, 3], [26, 3], [27, 3], [26, 3], [25, 3], [24, 3], [23, 3], [22, 3], [21, 3], [20, 3], [19, 3], [18, 3], [17, 3], [17, 4], [17, 5], [16, 5], [15, 5], [14, 5], [13, 5], [12, 5], [11, 5], [10, 5], [9, 5], [8, 5], [7, 5], [7, 6], [7, 7], [6, 7], [5, 7], [5, 8], [5, 9], [5, 8], [5, 7], [5, 6], [5, 5], [5, 4], [5, 3], [6, 3], [5, 3], [4, 3], [3, 3], [2, 3]]}
META {"type": "geom", "shape": "line", "group": "offpath", "data": [[15, 9, 16, 9], [15, 10, 15, 9], [15, 5, 15, 4], [15, 4, 15, 5], [9, 3, 9, 2], [9, 7, 11, 7], [9, 2, 9, 3], [25, 9, 25, 10], [25, 10, 25, 9], [4, 12, 4, 8], [4, 10, 2, 10], [4, 8, 6, 8], [4, 11, 2, 11], [6, 12, 4, 12], [6, 9, 2, 9], [6, 13, 6, 12], [6, 8, 6, 7], [6, 4, 8, 4], [6, 7, 6, 9], [6, 2, 6, 4], [12, 9, 12, 8], [12, 8, 10, 8], [16, 9, 12, 9], [16, 5, 16, 4], [16, 4, 16, 5], [13, 6, 14, 6], [27, 12, 27, 13], [27, 13, 27, 12], [10, 3, 8, 3], [10, 8, 14, 8], [10, 4, 10, 2], [10, 2, 6, 2], [14, 10, 15, 10], [14, 8, 14, 4], [14, 4, 14, 10], [14, 6, 13, 6], [7, 6, 11, 6], [11, 4, 10, 4], [11, 6, 11, 4], [11, 7, 9, 7], [8, 3, 10, 3], [8, 9, 8, 10], [8, 10, 8, 9], [8, 4, 8, 6], [8, 6, 7, 6], [26, 6, 26, 7], [26, 7, 26, 6], [2, 9, 2, 13], [2, 10, 4, 10], [2, 13, 6, 13], [2, 11, 4, 11], [24, 5, 24, 6], [24, 6, 24, 5]]}
