XXXXXXXXXXXXXXXX
XXXXXXXXXXXXXXXX
XXXXXXXXXXXXXXXX
XXXX}XXXXXXXXXXX
XX---XXXXXXXXXXX
XX---XXXXX----XX
XX------------XX
XX--XX-----X--XX
XX---X--#--XX-XX
XXXX--------X-XX
XXXX-----##---XX
XXX--XX-----X-XX
XXX---X-X--XX-XX
XXX---XXX---X-XX
XXXX--XXX-----XX
XXXX--XXX-----XX
XX----XXXXX-XXXX
XX-------XXXXXXX
XXXX-----XXXXXXX
XXXX##-XXXXXXXXX
XX-----XXXXXXXXX
XX--#--XXXX--XXX
XX---------#--XX
XX-----X------XX
XX--##-XXXX-XXXX
XX-----XXXX-XXXX
XX-#---XXXX-XXXX
XX---{-----#--XX
XX--XXX-------XX
XXX-XXXXXXX-X-XX
XXXXXXXXXXXXXXXX
XXXXXXXXXXXXXXXX
META {"type": "solver", "id": "pysat-rc2-boolonly", "objective": 0}
META {"type": "geom", "shape": "path", "group": "path", "data": [[27, 5, 25, 5], [25, 5, 25, 6], [25, 6, 27, 6], [27, 6, 17, 6], [17, 6, 17, 8], [17, 8, 18, 8], [18, 8, 18, 4], [18, 4, 8, 4], [8, 4, 8, 2], [8, 2, 4, 2], [4, 2, 4, 4], [4, 4, 3, 4]]}
META {"type": "geom", "shape": "tile", "group": "path", "data": [[27, 5], [26, 5], [25, 5], [25, 6], [26, 6], [27, 6], [26, 6], [25, 6], [24, 6], [23, 6], [22, 6], [21, 6], [20, 6], [19, 6], [18, 6], [17, 6], [17, 7], [17, 8], [18, 8], [18, 7], [18, 6], [18, 5], [18, 4], [17, 4], [16, 4], [15, 4], [14, 4], [13, 4], [12, 4], [11, 4], [10, 4], [9, 4], [8, 4], [8, 3], [8, 2], [7, 2], [6, 2], [5, 2], [4, 2], [4, 3], [4, 4], [3, 4]]}
META {"type": "geom", "shape": "line", "group": "offpath", "data": [[17, 7, 18, 7], [17, 2, 16, 2], [9, 10, 5, 10], [15, 10, 11, 10], [15, 13, 5, 13], [15, 9, 11, 9], [7, 12, 5, 12], [14, 13, 14, 9], [14, 9, 14, 13], [20, 6, 20, 2], [20, 2, 20, 6], [28, 10, 27, 10], [28, 13, 29, 13], [28, 12, 28, 13], [5, 4, 5, 2], [5, 10, 9, 10], [5, 13, 15, 13], [5, 12, 7, 12], [5, 2, 5, 4], [6, 7, 12, 7], [23, 6, 23, 2], [23, 4, 22, 4], [23, 10, 22, 10], [23, 12, 21, 12], [23, 2, 23, 6], [11, 11, 11, 7], [11, 3, 13, 3], [11, 10, 15, 10], [11, 7, 11, 11], [11, 9, 15, 9], [27, 10, 28, 10], [27, 13, 27, 12], [27, 12, 28, 12], [18, 7, 17, 7], [13, 11, 13, 9], [13, 3, 11, 3], [13, 9, 13, 11], [10, 11, 10, 13], [10, 13, 10, 11], [12, 7, 6, 7], [21, 3, 21, 2], [21, 12, 23, 12], [21, 2, 21, 3], [16, 2, 17, 2], [8, 6, 8, 7], [8, 7, 8, 6], [22, 4, 23, 4], [22, 10, 23, 10], [22, 13, 22, 12], [22, 12, 22, 13], [29, 13, 27, 13]]}
