XXXXXXXXXXXXXXXX
XXXXXXXXXXXXXXXX
XXXXX-----XXX}XX
XXX-----------XX
XX----#-------XX
XXXX----XX----XX
XXXX-----X-XX-XX
XX---#-#---XX-XX
XX----------X-XX
XX-##----#----XX
XX----XX-----XXX
XX----XXX-XXXXXX
XX--#-XXX--XXXXX
XX----XXX--XXXXX
XXXX--XXX--XXXXX
XXXX-#-------XXX
XX-----------XXX
XX-----##--#-XXX
XX------------XX
XX---X------X-XX
XX-#-XXXX--XX-XX
XX---XXXX---XXXX
XXX--XXX-#--XXXX
XXX---------XXXX
XXX##-XXX---XXXX
XXX---XXXX-XXXXX
XXX-XXXXXXXXXXXX
XX---XXXXXXXXXXX
XX---XXXXX-XXXXX
XX-{-XXX---XXXXX
XXXXXXXXXXXXXXXX
XXXXXXXXXXXXXXXX
META {"type": "solver", "id": "pysat-rc2", "objective": 0}
META {"type": "geom", "shape": "path", "group": "path", "data": [[29, 3, 25, 3], [25, 3, 25, 5], [25, 5, 23, 5], [23, 5, 23, 3], [23, 3, 21, 3], [21, 3, 21, 4], [21, 4, 23, 4], [23, 4, 13, 4], [13, 4, 13, 2], [13, 2, 7, 2], [7, 2, 7, 4], [7, 4, 3, 4], [3, 4, 3, 3], [3, 3, 4, 3], [4, 3, 4, 5], [4, 5, 2, 5], [2, 5, 2, 9], [2, 9, 4, 9], [4, 9, 4, 13], [4, 13, 2, 13]]}
META {"type": "geom", "shape": "tile", "group": "path", "data": [[29, 3], [28, 3], [27, 3], [26, 3], [25, 3], [25, 4], [25, 5], [24, 5], [23, 5], [23, 4], [23, 3], [22, 3], [21, 3], [21, 4], [22, 4], [23, 4], [22, 4], [21, 4], [20, 4], [19, 4], [18, 4], [17, 4], [16, 4], [15, 4], [14, 4], [13, 4], [13, 3], [13, 2], [12, 2], [11, 2], [10, 2], [9, 2], [8, 2], [7, 2], [7, 3], [7, 4], [6, 4], [5, 4], [4, 4], [3, 4], [3, 3], [4, 3], [4, 4], [4, 5], [3, 5], [2, 5], [2, 6], [2, 7], [2, 8], [2, 9], [3, 9], [4, 9], [4, 10], [4, 11], [4, 12], [4, 13], [3, 13], [2, 13]]}
META {"type": "geom", "shape": "line", "group": "offpath", "data": [[11, 4, 10, 4], [5, 12, 3, 12], [5, 6, 9, 6], [12, 3, 12, 2], [12, 2, 12, 3], [9, 6, 5, 6], [3, 12, 5, 12], [27, 4, 29, 4], [27, 2, 29, 2], [10, 12, 10, 8], [10, 4, 11, 4], [10, 8, 10, 12], [10, 11, 8, 11], [18, 12, 18, 2], [18, 13, 20, 13], [18, 11, 19, 11], [18, 5, 16, 5], [18, 2, 16, 2], [20, 10, 20, 9], [20, 9, 20, 10], [20, 13, 18, 13], [22, 4, 22, 3], [22, 3, 22, 4], [24, 9, 23, 9], [24, 11, 24, 9], [7, 10, 7, 8], [7, 8, 7, 10], [7, 9, 8, 9], [28, 4, 28, 2], [28, 2, 28, 4], [14, 5, 8, 5], [16, 7, 15, 7], [16, 12, 18, 12], [16, 11, 15, 11], [16, 5, 18, 5], [16, 2, 16, 12], [23, 9, 23, 11], [23, 11, 24, 11], [19, 11, 18, 11], [19, 6, 15, 6], [8, 9, 7, 9], [8, 11, 10, 11], [8, 5, 14, 5], [29, 10, 29, 8], [29, 4, 27, 4], [29, 8, 29, 10], [29, 2, 27, 2], [15, 7, 16, 7], [15, 11, 16, 11], [15, 6, 19, 6], [17, 10, 17, 9], [17, 9, 17, 10], [17, 6, 17, 2], [17, 2, 17, 6]]}
