XXXXXXXXXXXXXXXX
XXXXXXXXXXXXXXXX
XXXXXXXXX-----XX
XXX}XXX-----#-XX
XXX-XXX-------XX
XXX-----------XX
XX-----###--#-XX
XXX-----------XX
XXX--XX------XXX
XXX---X-XX--XXXX
XXX------X---XXX
XXX--X-----X-XXX
XX-X-XX-XX-XXXXX
XXXX--X--X-XXXXX
XXXX-----XXXXXXX
XXX--#---XXXXXXX
XXX----XXXXXXXXX
XXX----XXXXXXXXX
XXX##--XXXXXXXXX
XXX--------XXXXX
XXX-X-##---XXXXX
XXXXX------XXXXX
XXXXX---X---XXXX
XXXXX---XX--XXXX
XX-------X--XXXX
XX----#-------XX
XXXXX---#-----XX
XXXXXX----##--XX
XXXXXXXX------XX
XXXXXXXX----{-XX
XXXXXXXXXXXXXXXX
XXXXXXXXXXXXXXXX
META {"type": "solver", "id": "pysat-rc2-boolonly", "objective": 0}
META {"type": "geom", "shape": "path", "group": "path", "data": [[29, 12, 29, 8], [29, 8, 27, 8], [27, 8, 27, 9], [27, 9, 25, 9], [25, 9, 25, 13], [25, 13, 25, 7], [25, 7, 27, 7], [27, 7, 27, 6], [27, 6, 26, 6], [26, 6, 26, 7], [26, 7, 26, 5], [26, 5, 16, 5], [16, 5, 16, 3], [16, 3, 15, 3], [15, 3, 15, 4], [15, 4, 5, 4], [5, 4, 5, 3], [5, 3, 5, 13], [5, 13, 7, 13], [7, 13, 7, 3], [7, 3, 3, 3]]}
META {"type": "geom", "shape": "tile", "group": "path", "data": [[29, 12], [29, 11], [29, 10], [29, 9], [29, 8], [28, 8], [27, 8], [27, 9], [26, 9], [25, 9], [25, 10], [25, 11], [25, 12], [25, 13], [25, 12], [25, 11], [25, 10], [25, 9], [25, 8], [25, 7], [26, 7], [27, 7], [27, 6], [26, 6], [26, 7], [26, 6], [26, 5], [25, 5], [24, 5], [23, 5], [22, 5], [21, 5], [20, 5], [19, 5], [18, 5], [17, 5], [16, 5], [16, 4], [16, 3], [15, 3], [15, 4], [14, 4], [13, 4], [12, 4], [11, 4], [10, 4], [9, 4], [8, 4], [7, 4], [6, 4], [5, 4], [5, 3], [5, 4], [5, 5], [5, 6], [5, 7], [5, 8], [5, 9], [5, 10], [5, 11], [5, 12], [5, 13], [6, 13], [7, 13], [7, 12], [7, 11], [7, 10], [7, 9], [7, 8], [7, 7], [7, 6], [7, 5], [7, 4], [7, 3], [6, 3], [5, 3], [4, 3], [3, 3]]}
META {"type": "geom", "shape": "line", "group": "offpath", "data": [[11, 3, 11, 4], [11, 4, 11, 3], [3, 7, 3, 11], [3, 11, 3, 7], [22, 7, 22, 5], [22, 5, 22, 7], [7, 5, 5, 5], [25, 2, 24, 2], [25, 8, 24, 8], [25, 4, 24, 4], [24, 2, 25, 2], [24, 8, 25, 8], [24, 4, 25, 4], [18, 6, 18, 5], [18, 5, 18, 6], [4, 13, 4, 7], [4, 7, 4, 13], [4, 12, 5, 12], [5, 5, 7, 5], [5, 12, 4, 12]]}
