XXXXXXXXXXXXXXXX
XXXXXXXXXXXXXXXX
XXX}XXXX-----XXX
XXX-XXXX---#-XXX
XX--XXXX-X----XX
XX--XXXX-XX-#-XX
XXX-------X---XX
XXXXX---------XX
XXXXX-#---XX--XX
XXX-------XX--XX
XXX-----#--X--XX
XXX-#---------XX
XX-------#----XX
XX-----#---#--XX
XX------------XX
XX-XX-----#---XX
XX--X--XX----XXX
XXX-XX--X---XXXX
XXX--X--XX---XXX
XXX------X-X-XXX
XX--X--#---XXXXX
XX-XXX-----XXXXX
XX-XXX--#--XXXXX
XX-XXXX---XXXXXX
XX---XX--XXXXXXX
XXXX--X-XXXXXXXX
XXXX---XXXXXX-XX
XX---{-XXXX---XX
XX--XXXXXXX---XX
XXX-XXXXXXX---XX
XXXXXXXXXXXXXXXX
XXXXXXXXXXXXXXXX
META {"type": "solver", "id": "pysat-rc2", "objective": 0}
META {"type": "geom", "shape": "path", "group": "path", "data": [[27, 5, 25, 5], [25, 5, 25, 4], [25, 4, 24, 4], [24, 4, 24, 2], [24, 2, 20, 2], [20, 2, 20, 3], [20, 3, 16, 3], [16, 3, 16, 2], [16, 2, 12, 2], [12, 2, 12, 8], [12, 8, 11, 8], [11, 8, 15, 8], [15, 8, 15, 9], [15, 9, 13, 9], [13, 9, 13, 8], [13, 8, 13, 10], [13, 10, 14, 10], [14, 10, 10, 10], [10, 10, 10, 9], [10, 9, 6, 9], [6, 9, 6, 3], [6, 3, 2, 3]]}
META {"type": "geom", "shape": "tile", "group": "path", "data": [[27, 5], [26, 5], [25, 5], [25, 4], [24, 4], [24, 3], [24, 2], [23, 2], [22, 2], [21, 2], [20, 2], [20, 3], [19, 3], [18, 3], [17, 3], [16, 3], [16, 2], [15, 2], [14, 2], [13, 2], [12, 2], [12, 3], [12, 4], [12, 5], [12, 6], [12, 7], [12, 8], [11, 8], [12, 8], [13, 8], [14, 8], [15, 8], [15, 9], [14, 9], [13, 9], [13, 8], [13, 9], [13, 10], [14, 10], [13, 10], [12, 10], [11, 10], [10, 10], [10, 9], [9, 9], [8, 9], [7, 9], [6, 9], [6, 8], [6, 7], [6, 6], [6, 5], [6, 4], [6, 3], [5, 3], [4, 3], [3, 3], [2, 3]]}
META {"type": "geom", "shape": "line", "group": "offpath", "data": [[8, 7, 8, 9], [8, 9, 8, 7], [2, 10, 2, 8], [2, 8, 2, 12], [2, 12, 4, 12], [7, 11, 7, 5], [7, 5, 6, 5], [15, 7, 14, 7], [20, 10, 20, 8], [20, 8, 20, 10], [22, 7, 21, 7], [22, 10, 16, 10], [22, 6, 22, 7], [18, 7, 18, 6], [18, 11, 14, 11], [18, 6, 18, 7], [18, 3, 18, 4], [18, 4, 18, 3], [21, 7, 21, 6], [21, 10, 22, 10], [21, 8, 19, 8], [21, 6, 21, 10], [23, 8, 24, 8], [5, 3, 5, 2], [5, 2, 5, 3], [17, 7, 17, 6], [17, 11, 17, 9], [17, 9, 17, 11], [17, 6, 17, 7], [16, 10, 16, 12], [16, 6, 22, 6], [16, 5, 16, 6], [16, 12, 6, 12], [29, 11, 27, 11], [29, 13, 29, 11], [28, 3, 27, 3], [28, 2, 28, 3], [27, 11, 27, 13], [27, 6, 26, 6], [27, 3, 27, 2], [27, 2, 28, 2], [27, 4, 27, 6], [27, 13, 29, 13], [24, 8, 23, 8], [19, 8, 21, 8], [10, 7, 10, 3], [10, 3, 10, 7], [10, 4, 9, 4], [9, 9, 9, 3], [9, 3, 9, 9], [9, 4, 10, 4], [9, 13, 9, 12], [9, 12, 9, 13], [12, 7, 6, 7], [12, 11, 11, 11], [12, 4, 14, 4], [26, 6, 26, 4], [26, 4, 27, 4], [4, 10, 2, 10], [4, 3, 4, 2], [4, 2, 4, 3], [4, 12, 4, 10], [11, 11, 12, 11], [14, 7, 15, 7], [14, 11, 18, 11], [14, 4, 12, 4], [6, 7, 12, 7], [6, 11, 7, 11], [6, 5, 16, 5], [6, 13, 6, 11], [6, 12, 6, 13]]}
