XXXXXXXXXXXXXXXX
XXXXXXXXXXXXXXXX
XX-------XXXX}XX
XX--##---XXXX-XX
XX------#-----XX
XX---------#--XX
XX-X---#-#----XX
XX-XX-------XXXX
XX--X-------XXXX
XXX--##---X-XXXX
XXX-------XX--XX
XXX##------X--XX
XXX--XX--#-XX-XX
XX----X-----XXXX
XXX---XX----XXXX
XXXX---X-----XXX
XXXX----XX-#-XXX
XXX-XX---X---XXX
XX---X-------XXX
XX------X-#---XX
XX----XXX---#-XX
XX-#--XXX-----XX
XX----XXX##---XX
XX-----------XXX
XXX-----X---XXXX
XXX##--XX-X--XXX
XXX-----X-XX-XXX
XX---#-----X-XXX
XX-----XXX---XXX
XXXXX-XXXX-{-XXX
XXXXXXXXXXXXXXXX
XXXXXXXXXXXXXXXX
META {"type": "solver", "id": "pysat-rc2", "objective": 0}
META {"type": "geom", "shape": "path", "group": "path", "data": [[29, 11, 28, 11], [28, 11, 28, 12], [28, 12, 28, 10], [28, 10, 27, 10], [27, 10, 27, 6], [27, 6, 23, 6], [23, 6, 23, 2], [23, 2, 23, 12], [23, 12, 21, 12], [21, 12, 21, 13], [21, 13, 19, 13], [19, 13, 19, 11], [19, 11, 17, 11], [17, 11, 17, 12], [17, 12, 17, 10], [17, 10, 18, 10], [18, 10, 18, 6], [18, 6, 18, 12], [18, 12, 19, 12], [19, 12, 15, 12], [15, 12, 15, 8], [15, 8, 5, 8], [5, 8, 5, 10], [5, 10, 4, 10], [4, 10, 8, 10], [8, 10, 8, 11], [8, 11, 6, 11], [6, 11, 6, 13], [6, 13, 2, 13]]}
META {"type": "geom", "shape": "tile", "group": "path", "data": [[29, 11], [28, 11], [28, 12], [28, 11], [28, 10], [27, 10], [27, 9], [27, 8], [27, 7], [27, 6], [26, 6], [25, 6], [24, 6], [23, 6], [23, 5], [23, 4], [23, 3], [23, 2], [23, 3], [23, 4], [23, 5], [23, 6], [23, 7], [23, 8], [23, 9], [23, 10], [23, 11], [23, 12], [22, 12], [21, 12], [21, 13], [20, 13], [19, 13], [19, 12], [19, 11], [18, 11], [17, 11], [17, 12], [17, 11], [17, 10], [18, 10], [18, 9], [18, 8], [18, 7], [18, 6], [18, 7], [18, 8], [18, 9], [18, 10], [18, 11], [18, 12], [19, 12], [18, 12], [17, 12], [16, 12], [15, 12], [15, 11], [15, 10], [15, 9], [15, 8], [14, 8], [13, 8], [12, 8], [11, 8], [10, 8], [9, 8], [8, 8], [7, 8], [6, 8], [5, 8], [5, 9], [5, 10], [4, 10], [5, 10], [6, 10], [7, 10], [8, 10], [8, 11], [7, 11], [6, 11], [6, 12], [6, 13], [5, 13], [4, 13], [3, 13], [2, 13]]}
META {"type": "geom", "shape": "line", "group": "offpath", "data": [[18, 4, 24, 4], [9, 7, 9, 9], [9, 4, 10, 4], [9, 9, 9, 7], [28, 4, 28, 6], [28, 2, 27, 2], [28, 6, 28, 2], [13, 11, 15, 11], [13, 9, 15, 9], [6, 12, 4, 12], [6, 4, 6, 6], [6, 6, 6, 4], [2, 7, 2, 8], [2, 2, 8, 2], [2, 8, 2, 2], [4, 7, 2, 7], [4, 12, 6, 12], [4, 5, 4, 7], [8, 3, 10, 3], [8, 2, 8, 3], [8, 5, 4, 5], [23, 10, 24, 10], [20, 10, 21, 10], [25, 6, 25, 5], [25, 5, 25, 6], [5, 13, 5, 12], [5, 12, 5, 13], [7, 9, 7, 5], [7, 5, 8, 5], [24, 3, 24, 7], [24, 7, 24, 3], [24, 10, 23, 10], [24, 4, 18, 4], [24, 11, 24, 9], [24, 9, 24, 11], [14, 3, 14, 5], [14, 5, 16, 5], [17, 8, 17, 6], [17, 6, 17, 8], [10, 3, 10, 9], [10, 13, 10, 12], [10, 12, 11, 12], [10, 4, 9, 4], [10, 6, 11, 6], [10, 9, 11, 9], [16, 4, 12, 4], [16, 5, 16, 4], [15, 11, 13, 11], [15, 9, 13, 9], [27, 4, 28, 4], [27, 2, 27, 4], [11, 13, 12, 13], [11, 12, 11, 13], [11, 6, 10, 6], [11, 9, 7, 9], [21, 10, 20, 10], [12, 3, 14, 3], [12, 7, 12, 8], [12, 13, 10, 13], [12, 4, 12, 3], [12, 8, 12, 7]]}
