XXXXXXXXXXXXXXXX
XXXXXXXXXXXXXXXX
XXX}XXXXX-XXXXXX
XXX--XXX--XXX-XX
XX---XXXX-----XX
XX-XXXXXX##--XXX
XX-XXXXXX--XXXXX
XX-XXXXXX---XXXX
XX---XXXX---XXXX
XX---XXX-X--XXXX
XXX-----XXXXXXXX
XXX--#--XXXXXXXX
XXX-----XXXXXXXX
XX-#------XXX-XX
XX-----X--XXX-XX
XX----XXXX----XX
XXX-#--XXX----XX
XXX----XXX----XX
XXX----XXX----XX
XXX---#----XXXXX
XX--X-------XXXX
XX-XX--#--#-XXXX
XX--X-------XXXX
XXX------X-X--XX
XXX-----XX-XX-XX
XXXX-----X--X-XX
XXXX-X--------XX
XXXXXXX-------XX
XXXXXXX--{-X--XX
XXXXXXXXXXXXXXXX
XXXXXXXXXXXXXXXX
XXXXXXXXXXXXXXXX
META {"type": "solver", "id": "pysat-rc2", "objective": 0}
META {"type": "geom", "shape": "path", "group": "path", "data": [[28, 9, 26, 9], [26, 9, 26, 13], [26, 13, 28, 13], [28, 13, 28, 12], [28, 12, 26, 12], [26, 12, 26, 6], [26, 6, 20, 6], [20, 6, 20, 5], [20, 5, 20, 11], [20, 11, 22, 11], [22, 11, 22, 5], [22, 5, 12, 5], [12, 5, 12, 7], [12, 7, 13, 7], [13, 7, 13, 9], [13, 9, 14, 9], [14, 9, 14, 8], [14, 8, 13, 8], [13, 8, 13, 4], [13, 4, 15, 4], [15, 4, 15, 5], [15, 5, 25, 5], [25, 5, 25, 4], [25, 4, 23, 4], [23, 4, 23, 3], [23, 3, 22, 3], [22, 3, 22, 2], [22, 2, 20, 2], [20, 2, 20, 3], [20, 3, 14, 3], [14, 3, 14, 2], [14, 2, 14, 6], [14, 6, 10, 6], [10, 6, 10, 7], [10, 7, 10, 3], [10, 3, 8, 3], [8, 3, 8, 4], [8, 4, 8, 2], [8, 2, 4, 2], [4, 2, 4, 4], [4, 4, 3, 4], [3, 4, 3, 3], [3, 3, 2, 3]]}
META {"type": "geom", "shape": "tile", "group": "path", "data": [[28, 9], [27, 9], [26, 9], [26, 10], [26, 11], [26, 12], [26, 13], [27, 13], [28, 13], [28, 12], [27, 12], [26, 12], [26, 11], [26, 10], [26, 9], [26, 8], [26, 7], [26, 6], [25, 6], [24, 6], [23, 6], [22, 6], [21, 6], [20, 6], [20, 5], [20, 6], [20, 7], [20, 8], [20, 9], [20, 10], [20, 11], [21, 11], [22, 11], [22, 10], [22, 9], [22, 8], [22, 7], [22, 6], [22, 5], [21, 5], [20, 5], [19, 5], [18, 5], [17, 5], [16, 5], [15, 5], [14, 5], [13, 5], [12, 5], [12, 6], [12, 7], [13, 7], [13, 8], [13, 9], [14, 9], [14, 8], [13, 8], [13, 7], [13, 6], [13, 5], [13, 4], [14, 4], [15, 4], [15, 5], [16, 5], [17, 5], [18, 5], [19, 5], [20, 5], [21, 5], [22, 5], [23, 5], [24, 5], [25, 5], [25, 4], [24, 4], [23, 4], [23, 3], [22, 3], [22, 2], [21, 2], [20, 2], [20, 3], [19, 3], [18, 3], [17, 3], [16, 3], [15, 3], [14, 3], [14, 2], [14, 3], [14, 4], [14, 5], [14, 6], [13, 6], [12, 6], [11, 6], [10, 6], [10, 7], [10, 6], [10, 5], [10, 4], [10, 3], [9, 3], [8, 3], [8, 4], [8, 3], [8, 2], [7, 2], [6, 2], [5, 2], [4, 2], [4, 3], [4, 4], [3, 4], [3, 3], [2, 3]]}
META {"type": "geom", "shape": "line", "group": "offpath", "data": [[5, 12, 4, 12], [5, 11, 4, 11], [21, 9, 21, 8], [21, 8, 21, 9], [9, 4, 9, 2], [9, 2, 9, 4], [15, 2, 13, 2], [27, 7, 27, 13], [27, 11, 25, 11], [27, 13, 27, 7], [23, 12, 23, 13], [23, 13, 23, 12], [23, 8, 19, 8], [28, 10, 22, 10], [28, 7, 22, 7], [19, 8, 23, 8], [25, 11, 27, 11], [7, 9, 7, 11], [7, 11, 7, 9], [4, 12, 5, 12], [4, 11, 5, 11], [24, 3, 24, 7], [24, 7, 24, 3], [18, 6, 16, 6], [13, 2, 15, 2], [16, 6, 18, 6], [22, 10, 28, 10], [22, 7, 28, 7]]}
