XXXXXXXXXXXXXXXX
XXXXXXXXXXXXXXXX
XXXXXXXX}XXX--XX
XXXXXX---XXX-XXX
XXXXXX--#---XXXX
XXXXX-#-----XXXX
XXX-------#--XXX
XX-----------XXX
XX---X---X---XXX
XXXXXX-#-XXX-XXX
XXXXXX---XXX-XXX
XXXXX----XXX-XXX
XXX---##-----XXX
XX-#-----#---XXX
XX---X-------XXX
XX--XX-X---#--XX
XXX--X-XXX----XX
XXX----XXX--XXXX
XXX-XX-XXX--XXXX
XX---X---XXXXXXX
XXX-------XXXXXX
XXX-##----XXXXXX
XXX----X--XXXXXX
XXX---XX-----XXX
XX-#---X--X--XXX
XX---X---XXX--XX
XX---XXX-XXX--XX
XXX--XXX-XXX--XX
XXX--XXX------XX
XXX-{-----X-X-XX
XXXXXXXXXXXXXXXX
XXXXXXXXXXXXXXXX
META {"type": "solver", "id": "pysat-rc2", "objective": 0}
META {"type": "geom", "shape": "path", "group": "path", "data": [[29, 4, 29, 3], [29, 3, 25, 3], [25, 3, 25, 4], [25, 4, 25, 2], [25, 2, 26, 2], [26, 2, 26, 4], [26, 4, 22, 4], [22, 4, 22, 3], [22, 3, 23, 3], [23, 3, 23, 5], [23, 5, 22, 5], [22, 5, 24, 5], [24, 5, 24, 4], [24, 4, 24, 6], [24, 6, 25, 6], [25, 6, 25, 8], [25, 8, 29, 8], [29, 8, 29, 9], [29, 9, 28, 9], [28, 9, 28, 13], [28, 13, 29, 13], [29, 13, 25, 13], [25, 13, 25, 12], [25, 12, 23, 12], [23, 12, 23, 8], [23, 8, 19, 8], [19, 8, 19, 6], [19, 6, 13, 6], [13, 6, 13, 8], [13, 8, 15, 8], [15, 8, 5, 8], [5, 8, 5, 7], [5, 7, 3, 7], [3, 7, 3, 8], [3, 8, 2, 8]]}
META {"type": "geom", "shape": "tile", "group": "path", "data": [[29, 4], [29, 3], [28, 3], [27, 3], [26, 3], [25, 3], [25, 4], [25, 3], [25, 2], [26, 2], [26, 3], [26, 4], [25, 4], [24, 4], [23, 4], [22, 4], [22, 3], [23, 3], [23, 4], [23, 5], [22, 5], [23, 5], [24, 5], [24, 4], [24, 5], [24, 6], [25, 6], [25, 7], [25, 8], [26, 8], [27, 8], [28, 8], [29, 8], [29, 9], [28, 9], [28, 10], [28, 11], [28, 12], [28, 13], [29, 13], [28, 13], [27, 13], [26, 13], [25, 13], [25, 12], [24, 12], [23, 12], [23, 11], [23, 10], [23, 9], [23, 8], [22, 8], [21, 8], [20, 8], [19, 8], [19, 7], [19, 6], [18, 6], [17, 6], [16, 6], [15, 6], [14, 6], [13, 6], [13, 7], [13, 8], [14, 8], [15, 8], [14, 8], [13, 8], [12, 8], [11, 8], [10, 8], [9, 8], [8, 8], [7, 8], [6, 8], [5, 8], [5, 7], [4, 7], [3, 7], [3, 8], [2, 8]]}
META {"type": "geom", "shape": "line", "group": "offpath", "data": [[16, 10, 12, 10], [16, 12, 16, 10], [22, 8, 22, 9], [22, 9, 22, 8], [23, 11, 24, 11], [12, 5, 11, 5], [12, 4, 12, 3], [12, 10, 12, 12], [12, 3, 12, 5], [12, 12, 6, 12], [10, 7, 11, 7], [24, 8, 24, 9], [24, 11, 23, 11], [24, 9, 24, 8], [8, 4, 6, 4], [8, 10, 7, 10], [8, 11, 8, 12], [8, 12, 8, 10], [8, 2, 8, 4], [20, 4, 19, 4], [20, 3, 20, 9], [20, 9, 20, 3], [6, 4, 6, 3], [6, 3, 6, 9], [6, 12, 16, 12], [6, 9, 4, 9], [15, 3, 14, 3], [15, 2, 15, 3], [2, 12, 3, 12], [27, 13, 27, 12], [27, 12, 27, 13], [11, 7, 10, 7], [11, 5, 13, 5], [14, 4, 12, 4], [14, 3, 14, 2], [14, 6, 14, 12], [14, 12, 14, 6], [14, 2, 15, 2], [7, 10, 7, 12], [7, 12, 7, 2], [7, 2, 8, 2], [28, 4, 28, 3], [28, 3, 28, 4], [19, 7, 21, 7], [19, 4, 20, 4], [18, 10, 18, 11], [18, 11, 18, 10], [3, 12, 2, 12], [13, 5, 13, 4], [13, 4, 14, 4], [13, 10, 13, 12], [13, 12, 13, 10], [21, 7, 19, 7], [4, 7, 4, 6], [4, 11, 8, 11], [4, 6, 4, 7], [4, 9, 4, 11]]}
