XXXXXXXXXXXXXXXX
XXXXXXXXXXXXXXXX
XXXXXXXXXXXXXXXX
XXXXXXXXXX}XXXXX
XXXXXXXX---XXXXX
XX--XXXXXX-XXXXX
XX---XXXXX-XXXXX
XXX--XXXXX----XX
XXX--XXXX---XXXX
XXX-------#-XXXX
XX--#-------XXXX
XX-------#---XXX
XX-#-------X-XXX
XX---#-##-XXXXXX
XXX-------XXXXXX
XXXX--#---XXXXXX
XXXX-----#---XXX
XX-----#---#--XX
XXX-X---------XX
XXXXX-----X---XX
XXXXX-XX--XXX-XX
XXX--XXXX-XXX-XX
XXX---XXX-XXX-XX
XXX##-XXXX----XX
XXX---XXXX--#-XX
XX-X---XXXX---XX
XXXXXX-XXXX---XX
XXXXXX-XXXX-XXXX
XXXXX--XXXX-XXXX
XXXXX-{-----XXXX
XXXXXXXXXXXXXXXX
XXXXXXXXXXXXXXXX
META {"type": "solver", "id": "pysat-rc2-boolonly", "objective": 0}
META {"type": "geom", "shape": "path", "group": "path", "data": [[29, 6, 29, 5], [29, 5, 29, 11], [29, 11, 23, 11], [23, 11, 23, 13], [23, 13, 17, 13], [17, 13, 17, 12], [17, 12, 19, 12], [19, 12, 19, 11], [19, 11, 18, 11], [18, 11, 18, 5], [18, 5, 20, 5], [20, 5, 14, 5], [14, 5, 14, 3], [14, 3, 14, 9], [14, 9, 12, 9], [12, 9, 12, 10], [12, 10, 10, 10], [10, 10, 10, 11], [10, 11, 10, 5], [10, 5, 9, 5], [9, 5, 9, 3], [9, 3, 9, 9], [9, 9, 10, 9], [10, 9, 8, 9], [8, 9, 8, 11], [8, 11, 7, 11], [7, 11, 7, 10], [7, 10, 3, 10]]}
META {"type": "geom", "shape": "tile", "group": "path", "data": [[29, 6], [29, 5], [29, 6], [29, 7], [29, 8], [29, 9], [29, 10], [29, 11], [28, 11], [27, 11], [26, 11], [25, 11], [24, 11], [23, 11], [23, 12], [23, 13], [22, 13], [21, 13], [20, 13], [19, 13], [18, 13], [17, 13], [17, 12], [18, 12], [19, 12], [19, 11], [18, 11], [18, 10], [18, 9], [18, 8], [18, 7], [18, 6], [18, 5], [19, 5], [20, 5], [19, 5], [18, 5], [17, 5], [16, 5], [15, 5], [14, 5], [14, 4], [14, 3], [14, 4], [14, 5], [14, 6], [14, 7], [14, 8], [14, 9], [13, 9], [12, 9], [12, 10], [11, 10], [10, 10], [10, 11], [10, 10], [10, 9], [10, 8], [10, 7], [10, 6], [10, 5], [9, 5], [9, 4], [9, 3], [9, 4], [9, 5], [9, 6], [9, 7], [9, 8], [9, 9], [10, 9], [9, 9], [8, 9], [8, 10], [8, 11], [7, 11], [7, 10], [6, 10], [5, 10], [4, 10], [3, 10]]}
META {"type": "geom", "shape": "line", "group": "offpath", "data": [[4, 8, 4, 10], [4, 10, 4, 8], [18, 3, 17, 3], [18, 10, 16, 10], [11, 3, 5, 3], [11, 2, 11, 8], [11, 8, 11, 2], [5, 3, 11, 3], [23, 10, 24, 10], [10, 3, 10, 2], [10, 2, 10, 3], [15, 4, 15, 5], [15, 5, 15, 4], [17, 3, 18, 3], [14, 7, 16, 7], [16, 10, 18, 10], [16, 7, 14, 7], [24, 10, 23, 10]]}
