XXXXXXXXXXXXXXXXXXXXXXXXXXXXXXXX
X--}XXX--XX---XXXX--XXX---X-X-XX
X-XXXXX-X--XX-XXX-X----XXX----XX
X-XXXXX-X--XX----X-X---XXX-XXX-X
X---XX--X----XXX-X-X-XXXXXXXXXXX
X-----XX-XXX-----X-X-XXXXXXXXXXX
X-----XX-XXX----------------XXXX
X--------XXX-------------XX----X
XX-------XXX------------XXXXX--X
X--X-----XXX------XXXX--XXXXX-XX
X---X-X----------X----X-XXXXX-XX
XX-------X-------X-XXXXXXXX{--XX
X------XXXXXXXXX-X-XXXXXXXXXX--X
X------XXXXXXXXX--------XXXXX-XX
X--XX-----------XX-XX----------X
XXXXXXXXXXXXXXXXXXXXXXXXXXXXXXXX
META {"type": "solver", "id": "pysat-rc2", "objective": 0}
META {"type": "geom", "shape": "path", "group": "path", "data": [[11, 27, 11, 28], [11, 28, 11, 29], [11, 29, 12, 29], [12, 29, 13, 29], [13, 29, 14, 29], [14, 29, 14, 28], [14, 28, 14, 27], [14, 27, 14, 26], [14, 26, 14, 25], [14, 25, 14, 24], [14, 24, 14, 23], [14, 23, 14, 22], [14, 22, 13, 22], [13, 22, 13, 21], [13, 21, 13, 20], [13, 20, 13, 19], [13, 19, 13, 18], [13, 18, 13, 17], [13, 17, 13, 16], [13, 16, 12, 16], [12, 16, 11, 16], [11, 16, 10, 16], [10, 16, 10, 15], [10, 15, 10, 14], [10, 14, 10, 13], [10, 13, 9, 13], [9, 13, 8, 13], [8, 13, 7, 13], [7, 13, 7, 12], [7, 12, 8, 12], [8, 12, 9, 12], [9, 12, 10, 12], [10, 12, 10, 11], [10, 11, 10, 10], [10, 10, 10, 9], [10, 9, 10, 8], [10, 8, 11, 8], [11, 8, 11, 7], [11, 7, 11, 6], [11, 6, 12, 6], [12, 6, 12, 5], [12, 5, 12, 4], [12, 4, 11, 4], [11, 4, 11, 5], [11, 5, 10, 5], [10, 5, 9, 5], [9, 5, 9, 6], [9, 6, 9, 7], [9, 7, 8, 7], [8, 7, 8, 6], [8, 6, 7, 6], [7, 6, 7, 5], [7, 5, 6, 5], [6, 5, 5, 5], [5, 5, 5, 4], [5, 4, 6, 4], [6, 4, 6, 3], [6, 3, 6, 2], [6, 2, 5, 2], [5, 2, 5, 3], [5, 3, 4, 3], [4, 3, 4, 2], [4, 2, 4, 1], [4, 1, 3, 1], [3, 1, 2, 1], [2, 1, 1, 1], [1, 1, 1, 2], [1, 2, 1, 3]]}
META {"type": "geom", "shape": "tile", "group": "path", "data": [[11, 27], [11, 28], [11, 29], [12, 29], [13, 29], [14, 29], [14, 28], [14, 27], [14, 26], [14, 25], [14, 24], [14, 23], [14, 22], [13, 22], [13, 21], [13, 20], [13, 19], [13, 18], [13, 17], [13, 16], [12, 16], [11, 16], [10, 16], [10, 15], [10, 14], [10, 13], [9, 13], [8, 13], [7, 13], [7, 12], [8, 12], [9, 12], [10, 12], [10, 11], [10, 10], [10, 9], [10, 8], [11, 8], [11, 7], [11, 6], [12, 6], [12, 5], [12, 4], [11, 4], [11, 5], [10, 5], [9, 5], [9, 6], [9, 7], [8, 7], [8, 6], [7, 6], [7, 5], [6, 5], [5, 5], [5, 4], [6, 4], [6, 3], [6, 2], [5, 2], [5, 3], [4, 3], [4, 2], [4, 1], [3, 1], [2, 1], [1, 1], [1, 2], [1, 3]]}
META {"type": "geom", "shape": "line", "group": "offpath", "data": [[3, 16, 4, 16], [5, 16, 6, 16], [13, 5, 13, 6], [13, 6, 13, 5], [1, 13, 2, 13], [6, 19, 6, 18], [6, 22, 6, 21], [6, 16, 5, 16], [6, 21, 6, 22], [6, 18, 6, 19], [11, 14, 11, 13], [11, 13, 11, 14], [11, 18, 12, 18], [2, 13, 1, 13], [4, 16, 3, 16], [4, 6, 4, 7], [4, 7, 4, 6], [14, 14, 14, 13], [14, 13, 14, 14], [14, 6, 14, 7], [14, 7, 14, 6], [12, 18, 11, 18]]}
