XXXXXXXXXXXXXXXXXXXXXXXXXXXXXXXX
X--}XXX----X----XXXXXXXXXXXXXXXX
X-XXXXX--XX-XX-X-XX---XXXXXXXXXX
X-XXXXX--XX-XX--X--XXX-XXX-XXXXX
X---XX--X-------------------XX-X
X-XX----X---XXX-XXX-------X----X
X-XX----X-------XXX--XXXX-----XX
X-----XX--XX--XX---------------X
XX---XXXXXXXXXXXX----X----XX-X-X
X----XXXXXXXXXXXX-X--X---XXXXXXX
X-X-X-XX--XX--XX---X-X-X-XXXXXXX
X-X-X---XX--XX--XX--X--X-XXX{--X
X-X-X-XXXXXXXXXXXXX-X--X-XXXXX-X
XX--X-XXXXXXXXXXXXX-X--X-XXXXX-X
X--------------------XX--------X
XXXXXXXXXXXXXXXXXXXXXXXXXXXXXXXX
META {"type": "solver", "id": "pysat-rc2-boolonly", "objective": 0}
META {"type": "geom", "shape": "path", "group": "path", "data": [[11, 28, 11, 29], [11, 29, 11, 30], [11, 30, 12, 30], [12, 30, 13, 30], [13, 30, 14, 30], [14, 30, 14, 29], [14, 29, 14, 28], [14, 28, 14, 27], [14, 27, 14, 26], [14, 26, 14, 25], [14, 25, 14, 24], [14, 24, 13, 24], [13, 24, 12, 24], [12, 24, 11, 24], [11, 24, 10, 24], [10, 24, 9, 24], [9, 24, 8, 24], [8, 24, 7, 24], [7, 24, 7, 23], [7, 23, 7, 22], [7, 22, 7, 21], [7, 21, 7, 20], [7, 20, 7, 19], [7, 19, 8, 19], [8, 19, 8, 18], [8, 18, 8, 17], [8, 17, 9, 17], [9, 17, 10, 17], [10, 17, 10, 18], [10, 18, 11, 18], [11, 18, 11, 19], [11, 19, 12, 19], [12, 19, 13, 19], [13, 19, 14, 19], [14, 19, 14, 18], [14, 18, 14, 17], [14, 17, 14, 16], [14, 16, 14, 15], [14, 15, 14, 14], [14, 14, 14, 13], [14, 13, 14, 12], [14, 12, 14, 11], [14, 11, 14, 10], [14, 10, 14, 9], [14, 9, 14, 8], [14, 8, 14, 7], [14, 7, 14, 6], [14, 6, 14, 5], [14, 5, 14, 4], [14, 4, 14, 3], [14, 3, 14, 2], [14, 2, 13, 2], [13, 2, 13, 3], [13, 3, 12, 3], [12, 3, 11, 3], [11, 3, 10, 3], [10, 3, 9, 3], [9, 3, 8, 3], [8, 3, 8, 2], [8, 2, 7, 2], [7, 2, 7, 1], [7, 1, 6, 1], [6, 1, 5, 1], [5, 1, 4, 1], [4, 1, 3, 1], [3, 1, 2, 1], [2, 1, 1, 1], [1, 1, 1, 2], [1, 2, 1, 3]]}
META {"type": "geom", "shape": "tile", "group": "path", "data": [[11, 28], [11, 29], [11, 30], [12, 30], [13, 30], [14, 30], [14, 29], [14, 28], [14, 27], [14, 26], [14, 25], [14, 24], [13, 24], [12, 24], [11, 24], [10, 24], [9, 24], [8, 24], [7, 24], [7, 23], [7, 22], [7, 21], [7, 20], [7, 19], [8, 19], [8, 18], [8, 17], [9, 17], [10, 17], [10, 18], [11, 18], [11, 19], [12, 19], [13, 19], [14, 19], [14, 18], [14, 17], [14, 16], [14, 15], [14, 14], [14, 13], [14, 12], [14, 11], [14, 10], [14, 9], [14, 8], [14, 7], [14, 6], [14, 5], [14, 4], [14, 3], [14, 2], [13, 2], [13, 3], [12, 3], [11, 3], [10, 3], [9, 3], [8, 3], [8, 2], [7, 2], [7, 1], [6, 1], [5, 1], [4, 1], [3, 1], [2, 1], [1, 1], [1, 2], [1, 3]]}
META {"type": "geom", "shape": "line", "group": "offpath", "data": [[10, 22, 9, 22], [10, 20, 9, 20], [7, 25, 6, 25], [7, 4, 7, 3], [7, 30, 8, 30], [7, 26, 6, 26], [7, 3, 7, 4], [1, 8, 1, 9], [1, 9, 1, 8], [8, 4, 9, 4], [8, 30, 7, 30], [8, 23, 9, 23], [5, 27, 4, 27], [5, 25, 4, 25], [5, 21, 5, 22], [5, 4, 6, 4], [5, 6, 6, 6], [5, 7, 4, 7], [5, 29, 6, 29], [5, 24, 5, 25], [5, 22, 5, 23], [5, 23, 5, 24], [5, 20, 6, 20], [6, 13, 6, 12], [6, 27, 6, 28], [6, 25, 7, 25], [6, 11, 6, 10], [6, 4, 5, 4], [6, 15, 6, 14], [6, 6, 6, 7], [6, 7, 5, 7], [6, 29, 5, 29], [6, 12, 6, 13], [6, 26, 7, 26], [6, 20, 5, 20], [6, 28, 6, 27], [6, 14, 6, 15], [6, 10, 6, 11], [11, 1, 12, 1], [11, 21, 12, 21], [11, 6, 11, 7], [11, 7, 11, 6], [9, 4, 8, 4], [9, 22, 10, 22], [9, 23, 8, 23], [9, 20, 10, 20], [4, 27, 5, 27], [4, 25, 4, 24], [4, 11, 3, 11], [4, 21, 5, 21], [4, 15, 4, 16], [4, 6, 5, 6], [4, 19, 4, 18], [4, 18, 4, 19], [4, 7, 4, 6], [4, 16, 4, 15], [4, 24, 4, 23], [4, 22, 4, 21], [4, 23, 4, 22], [4, 26, 3, 26], [3, 8, 3, 7], [3, 11, 4, 11], [3, 18, 3, 17], [3, 7, 3, 8], [3, 17, 3, 18], [3, 26, 4, 26], [12, 1, 11, 1], [12, 21, 11, 21]]}
