XXXXXXXXXXXXXXXXXXXXXXXXXXXXXXXX
X--}XXX--X--XXX------X-X-----XXX
X-XXXXX-----XXX-XX-XX----XX--XXX
X-XXXXX-XX-XXXXXXXXXXX--XXXXXXXX
X------XXXXXXXXXXXXXXXXXXXXXXXXX
XXXXXX-XXXXXXXX-XX-XXXXXXXX--XXX
XXXXXX--XX-XXXXX--X-----XX-----X
X-----------XXXX--X------------X
XX--XX-XXX--------X--XXX-XX-X--X
X--XXXX---X---X---X-----XXXXXXXX
XX-XXXX-XXXXXX-XX-X-XXXXXXXXXXXX
X-X-XXX-XXXXXX-XX-X-XXXXXXX{---X
XXXXXXX-----------------XXXXX-XX
XXXXXXX-------X-XXXXXXX-XXXXX--X
X------XX-XX-------------------X
XXXXXXXXXXXXXXXXXXXXXXXXXXXXXXXX
META {"type": "solver", "id": "pysat-rc2-boolonly", "objective": 0}
META {"type": "geom", "shape": "path", "group": "path", "data": [[11, 27, 11, 28], [11, 28, 11, 29], [11, 29, 12, 29], [12, 29, 13, 29], [13, 29, 14, 29], [14, 29, 14, 28], [14, 28, 14, 27], [14, 27, 14, 26], [14, 26, 14, 25], [14, 25, 14, 24], [14, 24, 14, 23], [14, 23, 13, 23], [13, 23, 12, 23], [12, 23, 12, 22], [12, 22, 12, 21], [12, 21, 12, 20], [12, 20, 12, 19], [12, 19, 12, 18], [12, 18, 12, 17], [12, 17, 11, 17], [11, 17, 10, 17], [10, 17, 9, 17], [9, 17, 8, 17], [8, 17, 8, 16], [8, 16, 8, 15], [8, 15, 8, 14], [8, 14, 8, 13], [8, 13, 9, 13], [9, 13, 9, 12], [9, 12, 8, 12], [8, 12, 8, 11], [8, 11, 7, 11], [7, 11, 7, 10], [7, 10, 7, 9], [7, 9, 7, 8], [7, 8, 7, 7], [7, 7, 7, 6], [7, 6, 6, 6], [6, 6, 5, 6], [5, 6, 4, 6], [4, 6, 4, 5], [4, 5, 4, 4], [4, 4, 4, 3], [4, 3, 4, 2], [4, 2, 4, 1], [4, 1, 3, 1], [3, 1, 2, 1], [2, 1, 1, 1], [1, 1, 1, 2], [1, 2, 1, 3]]}
META {"type": "geom", "shape": "tile", "group": "path", "data": [[11, 27], [11, 28], [11, 29], [12, 29], [13, 29], [14, 29], [14, 28], [14, 27], [14, 26], [14, 25], [14, 24], [14, 23], [13, 23], [12, 23], [12, 22], [12, 21], [12, 20], [12, 19], [12, 18], [12, 17], [11, 17], [10, 17], [9, 17], [8, 17], [8, 16], [8, 15], [8, 14], [8, 13], [9, 13], [9, 12], [8, 12], [8, 11], [7, 11], [7, 10], [7, 9], [7, 8], [7, 7], [7, 6], [6, 6], [5, 6], [4, 6], [4, 5], [4, 4], [4, 3], [4, 2], [4, 1], [3, 1], [2, 1], [1, 1], [1, 2], [1, 3]]}
META {"type": "geom", "shape": "line", "group": "offpath", "data": [[3, 10, 2, 10], [2, 9, 2, 8], [2, 8, 2, 9], [2, 10, 3, 10], [2, 11, 1, 11], [1, 8, 1, 7], [1, 7, 1, 8], [1, 11, 2, 11], [6, 17, 6, 16], [6, 16, 6, 17], [7, 3, 7, 4], [7, 4, 7, 3]]}
