XXXXXXXXXXXXXXXXXXXXXXXXXXXXXXXX
X---}XXX-X--XXXXX--------------X
XX-XXXXX------XX-XXX--X-X-XXXXXX
XX-XXXXX--XXXX------X-X-X-XXXXXX
X----XX--------XXX--X-X-X------X
X------XXX-----XXX--X-X-X-----XX
XX-----XXX--XX------------XXX--X
X--X--XXXX-XXXXX---XX-X-XX-----X
X--X--XXXX-XXXXX-XXXXXXXXXXX---X
X--X-XXXXX-XXX--XXXXXXXXXXXXXX-X
X-X-XXXXX-XXXX--XXXXX---XXXXXX-X
X--XXXXX--XXXXX--XXXX---XXXX{--X
X--XXXX----XXXX-X-XX----XXXXXX-X
XX--XX-XXXX-XX------XXXX-XXXXX-X
X------------------------------X
XXXXXXXXXXXXXXXXXXXXXXXXXXXXXXXX
META {"type": "solver", "id": "pysat-rc2", "objective": 0}
META {"type": "geom", "shape": "path", "group": "path", "data": [[11, 28, 11, 29], [11, 29, 11, 30], [11, 30, 12, 30], [12, 30, 13, 30], [13, 30, 14, 30], [14, 30, 14, 29], [14, 29, 14, 28], [14, 28, 14, 27], [14, 27, 14, 26], [14, 26, 14, 25], [14, 25, 14, 24], [14, 24, 14, 23], [14, 23, 14, 22], [14, 22, 14, 21], [14, 21, 14, 20], [14, 20, 14, 19], [14, 19, 14, 18], [14, 18, 14, 17], [14, 17, 13, 17], [13, 17, 13, 16], [13, 16, 13, 15], [13, 15, 13, 14], [13, 14, 14, 14], [14, 14, 14, 13], [14, 13, 14, 12], [14, 12, 14, 11], [14, 11, 14, 10], [14, 10, 14, 9], [14, 9, 14, 8], [14, 8, 14, 7], [14, 7, 14, 6], [14, 6, 14, 5], [14, 5, 14, 4], [14, 4, 14, 3], [14, 3, 14, 2], [14, 2, 13, 2], [13, 2, 12, 2], [12, 2, 11, 2], [11, 2, 11, 1], [11, 1, 10, 1], [10, 1, 9, 1], [9, 1, 8, 1], [8, 1, 8, 2], [8, 2, 7, 2], [7, 2, 6, 2], [6, 2, 6, 3], [6, 3, 5, 3], [5, 3, 5, 2], [5, 2, 4, 2], [4, 2, 3, 2], [3, 2, 2, 2], [2, 2, 1, 2], [1, 2, 1, 3], [1, 3, 1, 4]]}
META {"type": "geom", "shape": "tile", "group": "path", "data": [[11, 28], [11, 29], [11, 30], [12, 30], [13, 30], [14, 30], [14, 29], [14, 28], [14, 27], [14, 26], [14, 25], [14, 24], [14, 23], [14, 22], [14, 21], [14, 20], [14, 19], [14, 18], [14, 17], [13, 17], [13, 16], [13, 15], [13, 14], [14, 14], [14, 13], [14, 12], [14, 11], [14, 10], [14, 9], [14, 8], [14, 7], [14, 6], [14, 5], [14, 4], [14, 3], [14, 2], [13, 2], [12, 2], [11, 2], [11, 1], [10, 1], [9, 1], [8, 1], [8, 2], [7, 2], [6, 2], [6, 3], [5, 3], [5, 2], [4, 2], [3, 2], [2, 2], [1, 2], [1, 3], [1, 4]]}
META {"type": "geom", "shape": "line", "group": "offpath", "data": [[4, 1, 5, 1], [4, 8, 4, 7], [4, 7, 4, 8], [6, 6, 5, 6], [6, 5, 7, 5], [6, 4, 6, 5], [14, 16, 14, 15], [14, 15, 14, 16], [9, 4, 8, 4], [9, 15, 9, 14], [9, 14, 9, 15], [7, 5, 7, 4], [7, 4, 6, 4], [11, 9, 11, 8], [11, 15, 12, 15], [11, 8, 12, 8], [13, 18, 13, 19], [13, 19, 13, 18], [8, 4, 9, 4], [5, 6, 6, 6], [5, 5, 5, 4], [5, 1, 4, 1], [5, 4, 5, 5], [12, 20, 12, 21], [12, 9, 11, 9], [12, 21, 12, 20], [12, 15, 11, 15], [12, 8, 12, 9]]}
