XXXXXXXXXXXXXXXXXXXXXXXXXXXXXXXX
X--}XXX-X-XX--XX-XXXX---XXXXX-XX
X-XXXXXX----X---X-XX-XXX-XX--X-X
X-XXXXXXX-X-X----X--XXXXX--XX-XX
X-XXXXXXX-X-X--X-X--XXXXX-XXXX-X
X-XXXX----X-X----X--------XXXX-X
X-XXX--X--X--XXXX-XXXXXXX-XXX-XX
X-----X---X-X-----XXXXXXX-----XX
X-----X--X----------------XXX--X
XX----X--X-XXX--XXXXX----XXXXX-X
X--------X-XXX-----------XXXXX-X
X---XX-X---XXX-XX-XX--XX-XXX{--X
XXXXXXXXXXXXXXXXXXXXXXXXXXXXXXXX
XXXXXXXXXXXXXXXXXXXXXXXXXXXXXXXX
X------------------------------X
XXXXXXXXXXXXXXXXXXXXXXXXXXXXXXXX
META {"type": "solver", "id": "pysat-rc2", "objective": 0}
META {"type": "geom", "shape": "path", "group": "path", "data": [[11, 28, 11, 29], [11, 29, 11, 30], [11, 30, 10, 30], [10, 30, 9, 30], [9, 30, 8, 30], [8, 30, 8, 29], [8, 29, 7, 29], [7, 29, 7, 28], [7, 28, 7, 27], [7, 27, 7, 26], [7, 26, 7, 25], [7, 25, 8, 25], [8, 25, 8, 24], [8, 24, 9, 24], [9, 24, 10, 24], [10, 24, 10, 23], [10, 23, 10, 22], [10, 22, 10, 21], [10, 21, 9, 21], [9, 21, 8, 21], [8, 21, 8, 20], [8, 20, 8, 19], [8, 19, 8, 18], [8, 18, 8, 17], [8, 17, 8, 16], [8, 16, 8, 15], [8, 15, 8, 14], [8, 14, 8, 13], [8, 13, 8, 12], [8, 12, 8, 11], [8, 11, 8, 10], [8, 10, 9, 10], [9, 10, 10, 10], [10, 10, 11, 10], [11, 10, 11, 9], [11, 9, 11, 8], [11, 8, 10, 8], [10, 8, 10, 7], [10, 7, 9, 7], [9, 7, 9, 8], [9, 8, 8, 8], [8, 8, 7, 8], [7, 8, 6, 8], [6, 8, 5, 8], [5, 8, 5, 7], [5, 7, 5, 6], [5, 6, 6, 6], [6, 6, 6, 5], [6, 5, 7, 5], [7, 5, 7, 4], [7, 4, 7, 3], [7, 3, 7, 2], [7, 2, 8, 2], [8, 2, 8, 1], [8, 1, 7, 1], [7, 1, 6, 1], [6, 1, 5, 1], [5, 1, 4, 1], [4, 1, 3, 1], [3, 1, 2, 1], [2, 1, 1, 1], [1, 1, 1, 2], [1, 2, 1, 3]]}
META {"type": "geom", "shape": "tile", "group": "path", "data": [[11, 28], [11, 29], [11, 30], [10, 30], [9, 30], [8, 30], [8, 29], [7, 29], [7, 28], [7, 27], [7, 26], [7, 25], [8, 25], [8, 24], [9, 24], [10, 24], [10, 23], [10, 22], [10, 21], [9, 21], [8, 21], [8, 20], [8, 19], [8, 18], [8, 17], [8, 16], [8, 15], [8, 14], [8, 13], [8, 12], [8, 11], [8, 10], [9, 10], [10, 10], [11, 10], [11, 9], [11, 8], [10, 8], [10, 7], [9, 7], [9, 8], [8, 8], [7, 8], [6, 8], [5, 8], [5, 7], [5, 6], [6, 6], [6, 5], [7, 5], [7, 4], [7, 3], [7, 2], [8, 2], [8, 1], [7, 1], [6, 1], [5, 1], [4, 1], [3, 1], [2, 1], [1, 1], [1, 2], [1, 3]]}
META {"type": "geom", "shape": "line", "group": "offpath", "data": [[5, 11, 4, 11], [4, 11, 5, 11], [14, 28, 14, 27], [14, 27, 14, 28], [2, 10, 2, 9], [2, 9, 2, 10], [2, 11, 3, 11], [3, 11, 2, 11], [9, 15, 10, 15], [9, 23, 9, 22], [9, 22, 9, 23], [9, 2, 10, 2], [10, 15, 9, 15], [10, 19, 10, 20], [10, 18, 10, 17], [10, 2, 9, 2], [10, 17, 10, 18], [10, 20, 10, 19], [11, 21, 11, 20], [11, 2, 11, 3], [11, 3, 11, 2], [11, 20, 11, 21]]}
