XXXXXXXXXXXXXXXXXXXXXXXXXXXXXXXX
XX--}XXXXXXXXXXX-X----------XX-X
X--XXXXX-XX-XXX---X------------X
XX-XXXXX----XXXXXX-------X-----X
XX---XX-XX--XXXXXX----------XX-X
X-XX---XXXX-----------XXX--XXXXX
XXXXXX-XXXX-XX----XX-----X-XXXXX
XXXXXX-XXX-XXXXX--XX-X---------X
X------XXX-XXXXX---------XXXX-XX
X---X-----X-----X-------XXXXXX-X
XX--X-X-X-X-XXXXXXX---XXXXXXXX-X
X---X-X-X-X-XXXXXXX-X-XXXXX{---X
X---X-X-X---------------XXXXX--X
X---------XXX------XXXX-XXXXX--X
X-----XX-----------------------X
XXXXXXXXXXXXXXXXXXXXXXXXXXXXXXXX
META {"type": "solver", "id": "pysat-rc2", "objective": 0}
META {"type": "geom", "shape": "path", "group": "path", "data": [[11, 27, 11, 28], [11, 28, 11, 29], [11, 29, 12, 29], [12, 29, 12, 30], [12, 30, 13, 30], [13, 30, 14, 30], [14, 30, 14, 29], [14, 29, 14, 28], [14, 28, 14, 27], [14, 27, 14, 26], [14, 26, 14, 25], [14, 25, 14, 24], [14, 24, 14, 23], [14, 23, 13, 23], [13, 23, 12, 23], [12, 23, 12, 22], [12, 22, 12, 21], [12, 21, 12, 20], [12, 20, 12, 19], [12, 19, 12, 18], [12, 18, 13, 18], [13, 18, 13, 17], [13, 17, 13, 16], [13, 16, 14, 16], [14, 16, 14, 15], [14, 15, 14, 14], [14, 14, 13, 14], [13, 14, 13, 15], [13, 15, 12, 15], [12, 15, 12, 14], [12, 14, 12, 13], [12, 13, 13, 13], [13, 13, 14, 13], [14, 13, 14, 12], [14, 12, 14, 11], [14, 11, 14, 10], [14, 10, 14, 9], [14, 9, 14, 8], [14, 8, 13, 8], [13, 8, 13, 7], [13, 7, 13, 6], [13, 6, 13, 5], [13, 5, 12, 5], [12, 5, 11, 5], [11, 5, 10, 5], [10, 5, 9, 5], [9, 5, 9, 6], [9, 6, 8, 6], [8, 6, 7, 6], [7, 6, 6, 6], [6, 6, 5, 6], [5, 6, 5, 5], [5, 5, 5, 4], [5, 4, 4, 4], [4, 4, 4, 3], [4, 3, 4, 2], [4, 2, 3, 2], [3, 2, 2, 2], [2, 2, 1, 2], [1, 2, 1, 3], [1, 3, 1, 4]]}
META {"type": "geom", "shape": "tile", "group": "path", "data": [[11, 27], [11, 28], [11, 29], [12, 29], [12, 30], [13, 30], [14, 30], [14, 29], [14, 28], [14, 27], [14, 26], [14, 25], [14, 24], [14, 23], [13, 23], [12, 23], [12, 22], [12, 21], [12, 20], [12, 19], [12, 18], [13, 18], [13, 17], [13, 16], [14, 16], [14, 15], [14, 14], [13, 14], [13, 15], [12, 15], [12, 14], [12, 13], [13, 13], [14, 13], [14, 12], [14, 11], [14, 10], [14, 9], [14, 8], [13, 8], [13, 7], [13, 6], [13, 5], [12, 5], [11, 5], [10, 5], [9, 5], [9, 6], [8, 6], [7, 6], [6, 6], [5, 6], [5, 5], [5, 4], [4, 4], [4, 3], [4, 2], [3, 2], [2, 2], [1, 2], [1, 3], [1, 4]]}
META {"type": "geom", "shape": "line", "group": "offpath", "data": [[11, 3, 11, 2], [11, 2, 11, 3], [13, 1, 12, 1], [13, 3, 14, 3], [2, 24, 3, 24], [2, 21, 3, 21], [2, 27, 2, 26], [2, 28, 2, 27], [2, 23, 3, 23], [2, 20, 2, 19], [2, 22, 3, 22], [2, 26, 3, 26], [2, 29, 3, 29], [2, 19, 1, 19], [2, 25, 2, 24], [2, 30, 1, 30], [3, 24, 4, 24], [3, 21, 2, 21], [3, 27, 3, 28], [3, 28, 2, 28], [3, 23, 2, 23], [3, 18, 4, 18], [3, 20, 2, 20], [3, 22, 2, 22], [3, 26, 3, 27], [3, 29, 2, 29], [3, 19, 3, 18], [3, 30, 4, 30], [3, 11, 4, 11], [5, 21, 6, 21], [5, 18, 5, 19], [5, 20, 4, 20], [5, 17, 5, 18], [5, 26, 6, 26], [5, 19, 5, 20], [7, 24, 7, 23], [7, 27, 7, 26], [7, 23, 7, 24], [7, 17, 7, 16], [7, 22, 8, 22], [7, 26, 7, 27], [7, 16, 6, 16], [7, 10, 8, 10], [7, 29, 8, 29], [12, 1, 13, 1], [6, 24, 6, 23], [6, 21, 6, 22], [6, 23, 6, 24], [6, 17, 5, 17], [6, 22, 7, 22], [6, 26, 5, 26], [6, 16, 6, 17], [1, 24, 1, 25], [1, 21, 1, 22], [1, 27, 1, 26], [1, 23, 1, 24], [1, 20, 1, 21], [1, 22, 1, 23], [1, 26, 1, 27], [1, 19, 1, 20], [1, 25, 2, 25], [1, 30, 2, 30], [4, 24, 4, 23], [4, 21, 5, 21], [4, 23, 4, 22], [4, 18, 4, 19], [4, 20, 3, 20], [4, 22, 4, 21], [4, 19, 3, 19], [4, 30, 3, 30], [4, 11, 3, 11], [14, 21, 14, 20], [14, 20, 14, 21], [14, 3, 13, 3], [14, 5, 14, 4], [14, 4, 14, 5], [9, 1, 8, 1], [9, 21, 9, 20], [9, 7, 10, 7], [9, 23, 9, 22], [9, 18, 8, 18], [9, 20, 9, 19], [9, 8, 9, 9], [9, 3, 9, 2], [9, 9, 9, 8], [9, 22, 9, 21], [9, 2, 9, 3], [9, 19, 9, 18], [10, 7, 9, 7], [8, 1, 9, 1], [8, 23, 9, 23], [8, 18, 8, 17], [8, 20, 8, 19], [8, 17, 7, 17], [8, 22, 8, 23], [8, 5, 8, 4], [8, 10, 7, 10], [8, 4, 8, 5], [8, 29, 7, 29], [8, 19, 8, 20]]}
