XXXXXXXXXXXXXXXXXXXXXXXXXXXXXXXX
X--}XXXXX--XX---X--X----X---XX-X
X-XXXXXXX-----X-------X--XXX--XX
X-XXXXX----X--X--X-X---------X-X
X-------X-----X----------------X
XXXX--XXXXXXX----XXXX----------X
XXXX--XXXXXXX------------------X
X---XX-----------XXX-----------X
X--XXXXXX-XXX----XXX------XX---X
XX-XXXXXX-XXX----XXX-----XXXXX-X
XXXXXXXXXXXXX-------XX---XXXXX-X
XXXXXXXXXXXXXXX-----XX-X-XXX{--X
X--XXX-XX-XXXXX-XXXX---X-XXXXXXX
XX-XXX-----------------X-XXXXXXX
X-----XX-XX-XX-XX-XX-XX--------X
XXXXXXXXXXXXXXXXXXXXXXXXXXXXXXXX
META {"type": "solver", "id": "pysat-rc2", "objective": 0}
META {"type": "geom", "shape": "path", "group": "path", "data": [[11, 28, 11, 29], [11, 29, 11, 30], [11, 30, 10, 30], [10, 30, 9, 30], [9, 30, 8, 30], [8, 30, 7, 30], [7, 30, 7, 29], [7, 29, 6, 29], [6, 29, 6, 28], [6, 28, 6, 27], [6, 27, 5, 27], [5, 27, 5, 28], [5, 28, 4, 28], [4, 28, 3, 28], [3, 28, 3, 27], [3, 27, 3, 26], [3, 26, 4, 26], [4, 26, 5, 26], [5, 26, 6, 26], [6, 26, 6, 25], [6, 25, 6, 24], [6, 24, 6, 23], [6, 23, 5, 23], [5, 23, 5, 22], [5, 22, 5, 21], [5, 21, 4, 21], [4, 21, 4, 20], [4, 20, 4, 19], [4, 19, 4, 18], [4, 18, 3, 18], [3, 18, 2, 18], [2, 18, 2, 17], [2, 17, 2, 16], [2, 16, 3, 16], [3, 16, 3, 15], [3, 15, 2, 15], [2, 15, 1, 15], [1, 15, 1, 14], [1, 14, 1, 13], [1, 13, 2, 13], [2, 13, 2, 12], [2, 12, 3, 12], [3, 12, 4, 12], [4, 12, 4, 11], [4, 11, 4, 10], [4, 10, 4, 9], [4, 9, 3, 9], [3, 9, 3, 8], [3, 8, 3, 7], [3, 7, 4, 7], [4, 7, 4, 6], [4, 6, 4, 5], [4, 5, 4, 4], [4, 4, 4, 3], [4, 3, 4, 2], [4, 2, 4, 1], [4, 1, 3, 1], [3, 1, 2, 1], [2, 1, 1, 1], [1, 1, 1, 2], [1, 2, 1, 3]]}
META {"type": "geom", "shape": "tile", "group": "path", "data": [[11, 28], [11, 29], [11, 30], [10, 30], [9, 30], [8, 30], [7, 30], [7, 29], [6, 29], [6, 28], [6, 27], [5, 27], [5, 28], [4, 28], [3, 28], [3, 27], [3, 26], [4, 26], [5, 26], [6, 26], [6, 25], [6, 24], [6, 23], [5, 23], [5, 22], [5, 21], [4, 21], [4, 20], [4, 19], [4, 18], [3, 18], [2, 18], [2, 17], [2, 16], [3, 16], [3, 15], [2, 15], [1, 15], [1, 14], [1, 13], [2, 13], [2, 12], [3, 12], [4, 12], [4, 11], [4, 10], [4, 9], [3, 9], [3, 8], [3, 7], [4, 7], [4, 6], [4, 5], [4, 4], [4, 3], [4, 2], [4, 1], [3, 1], [2, 1], [1, 1], [1, 2], [1, 3]]}
META {"type": "geom", "shape": "line", "group": "offpath", "data": [[11, 16, 11, 17], [11, 17, 11, 16], [11, 22, 10, 22], [14, 30, 14, 29], [14, 25, 14, 26], [14, 29, 14, 30], [14, 27, 14, 28], [14, 28, 14, 27], [14, 26, 14, 25], [2, 23, 3, 23], [2, 10, 2, 9], [2, 20, 1, 20], [2, 9, 2, 10], [2, 24, 3, 24], [1, 23, 2, 23], [1, 17, 1, 18], [1, 22, 1, 23], [1, 10, 1, 9], [1, 27, 1, 26], [1, 20, 1, 21], [1, 26, 1, 27], [1, 21, 1, 22], [1, 18, 1, 17], [1, 9, 1, 10], [13, 11, 13, 10], [13, 15, 12, 15], [13, 10, 13, 11], [13, 6, 12, 6], [10, 23, 10, 24], [10, 16, 10, 15], [10, 15, 9, 15], [10, 22, 11, 22], [10, 13, 9, 13], [10, 24, 9, 24], [6, 30, 5, 30], [6, 14, 5, 14], [6, 15, 6, 14], [6, 20, 7, 20], [7, 7, 7, 6], [7, 23, 8, 23], [7, 15, 8, 15], [7, 25, 7, 24], [7, 22, 7, 21], [7, 27, 7, 28], [7, 20, 6, 20], [7, 28, 7, 27], [7, 6, 7, 7], [7, 13, 7, 12], [7, 21, 7, 22], [7, 9, 8, 9], [7, 24, 7, 23], [7, 12, 7, 13], [12, 15, 13, 15], [12, 20, 12, 21], [12, 6, 13, 6], [12, 21, 12, 20], [9, 23, 10, 23], [9, 16, 10, 16], [9, 15, 9, 16], [9, 22, 9, 23], [9, 13, 10, 13], [9, 24, 8, 24], [3, 23, 3, 22], [3, 22, 3, 21], [3, 20, 2, 20], [3, 21, 3, 20], [3, 24, 2, 24], [5, 30, 6, 30], [5, 14, 5, 15], [5, 16, 4, 16], [5, 15, 6, 15], [5, 25, 4, 25], [4, 23, 4, 22], [4, 16, 5, 16], [4, 25, 5, 25], [4, 22, 4, 23], [8, 23, 8, 22], [8, 15, 7, 15], [8, 25, 7, 25], [8, 22, 9, 22], [8, 29, 8, 28], [8, 28, 8, 29], [8, 9, 7, 9], [8, 24, 8, 25]]}
