XXXXXXXXXXXXXXXXXXXXXXXXXXXXXXXX
X--}XXX----XX-------X--XXX-X-X-X
X-XXXXX--X---XXX-XXX-XXXXX-----X
X-XXXXX----------XXX-XXXXXXXXXXX
X------------XXXX---X--XXXXXXXXX
X-----X----XXXXXXXX-X-X--------X
XX----X-X--XXXXXXXX-X-X-X-----XX
X-----X-X--XXXXXX-----X--XXX---X
X-XXX-X-X-X-XXXX---XXX---XXX-XXX
X---------------XXX---X-XXXXXXXX
XX-XXX-XXXX--------XXXXXXXXXXXXX
XX----XXXXX-XX-----XXXXXXXX{---X
XXXX--XXXXX-XX--XX------XXXXX-XX
XXXX---XXXX-----XX------XXXXX--X
X---XX-------------XX----------X
XXXXXXXXXXXXXXXXXXXXXXXXXXXXXXXX
META {"type": "solver", "id": "pysat-rc2-boolonly", "objective": 0}
META {"type": "geom", "shape": "path", "group": "path", "data": [[11, 27, 11, 28], [11, 28, 11, 29], [11, 29, 12, 29], [12, 29, 13, 29], [13, 29, 13, 30], [13, 30, 14, 30], [14, 30, 14, 29], [14, 29, 14, 28], [14, 28, 14, 27], [14, 27, 14, 26], [14, 26, 14, 25], [14, 25, 14, 24], [14, 24, 14, 23], [14, 23, 14, 22], [14, 22, 14, 21], [14, 21, 13, 21], [13, 21, 13, 22], [13, 22, 12, 22], [12, 22, 12, 21], [12, 21, 12, 20], [12, 20, 13, 20], [13, 20, 13, 19], [13, 19, 13, 18], [13, 18, 14, 18], [14, 18, 14, 17], [14, 17, 14, 16], [14, 16, 14, 15], [14, 15, 14, 14], [14, 14, 13, 14], [13, 14, 12, 14], [12, 14, 12, 15], [12, 15, 11, 15], [11, 15, 10, 15], [10, 15, 9, 15], [9, 15, 9, 14], [9, 14, 9, 13], [9, 13, 10, 13], [10, 13, 10, 12], [10, 12, 9, 12], [9, 12, 9, 11], [9, 11, 9, 10], [9, 10, 9, 9], [9, 9, 9, 8], [9, 8, 9, 7], [9, 7, 9, 6], [9, 6, 9, 5], [9, 5, 9, 4], [9, 4, 9, 3], [9, 3, 9, 2], [9, 2, 9, 1], [9, 1, 8, 1], [8, 1, 7, 1], [7, 1, 7, 2], [7, 2, 6, 2], [6, 2, 5, 2], [5, 2, 5, 1], [5, 1, 4, 1], [4, 1, 3, 1], [3, 1, 2, 1], [2, 1, 1, 1], [1, 1, 1, 2], [1, 2, 1, 3]]}
META {"type": "geom", "shape": "tile", "group": "path", "data": [[11, 27], [11, 28], [11, 29], [12, 29], [13, 29], [13, 30], [14, 30], [14, 29], [14, 28], [14, 27], [14, 26], [14, 25], [14, 24], [14, 23], [14, 22], [14, 21], [13, 21], [13, 22], [12, 22], [12, 21], [12, 20], [13, 20], [13, 19], [13, 18], [14, 18], [14, 17], [14, 16], [14, 15], [14, 14], [13, 14], [12, 14], [12, 15], [11, 15], [10, 15], [9, 15], [9, 14], [9, 13], [10, 13], [10, 12], [9, 12], [9, 11], [9, 10], [9, 9], [9, 8], [9, 7], [9, 6], [9, 5], [9, 4], [9, 3], [9, 2], [9, 1], [8, 1], [7, 1], [7, 2], [6, 2], [5, 2], [5, 1], [4, 1], [3, 1], [2, 1], [1, 1], [1, 2], [1, 3]]}
META {"type": "geom", "shape": "line", "group": "offpath", "data": [[1, 7, 1, 8], [1, 8, 1, 9], [1, 10, 2, 10], [1, 9, 1, 10], [10, 17, 11, 17], [10, 16, 10, 17], [10, 11, 11, 11], [13, 23, 12, 23], [14, 7, 14, 6], [14, 8, 14, 9], [14, 10, 14, 11], [14, 9, 14, 8], [14, 6, 14, 7], [14, 11, 14, 10], [2, 7, 1, 7], [2, 8, 3, 8], [2, 10, 3, 10], [11, 17, 11, 16], [11, 16, 10, 16], [11, 11, 10, 11], [3, 7, 2, 7], [3, 8, 2, 8], [3, 14, 3, 15], [3, 15, 3, 14], [3, 10, 3, 11], [3, 11, 4, 11], [4, 2, 4, 3], [4, 3, 4, 2], [4, 7, 3, 7], [4, 10, 5, 10], [4, 11, 4, 10], [7, 18, 7, 17], [7, 19, 7, 20], [7, 7, 6, 7], [7, 20, 7, 19], [7, 10, 7, 9], [7, 17, 7, 18], [7, 9, 6, 9], [7, 4, 6, 4], [5, 5, 6, 5], [5, 19, 6, 19], [5, 7, 4, 7], [5, 8, 5, 7], [5, 10, 5, 9], [5, 9, 5, 8], [6, 5, 5, 5], [6, 19, 5, 19], [6, 7, 7, 7], [6, 10, 7, 10], [6, 9, 6, 10], [6, 4, 7, 4], [12, 5, 12, 4], [12, 23, 13, 23], [12, 4, 12, 5]]}
