XXXXXXXXXXXXXXXX
XXXXXXXXXXXXXXXX
XXXXXXXXXXXXXXXX
XXX}XXXXXXXX--XX
XXX-XXX-XXXXXXXX
XXX-----XXXXXXXX
XX--XX-#---XXXXX
XX---X-----XXXXX
XX-------XX--XXX
XX-##-XX-XX---XX
XX-----X--X-X-XX
XX---#-XX--XXXXX
XXX-----XX-XXXXX
XXX---#--XXXXXXX
XXX-#----XXXXXXX
XXX------XXXXXXX
XX---XX-----XXXX
XX-X--X---XXXXXX
XX-XX--XX--XXXXX
XX--XX--X--XXXXX
XX---XX----XXXXX
XXX---X--##--XXX
XXX-#--------XXX
XXX----X---#--XX
XX-----XX-----XX
XX------X-----XX
XX##-----#---XXX
XX--{-------XXXX
XXXXXX-------XXX
XXXXXXX--X-X-XXX
XXXXXXXXXXXXXXXX
XXXXXXXXXXXXXXXX
META {"type": "solver", "id": "pysat-rc2", "objective": 0}
META {"type": "geom", "shape": "path", "group": "path", "data": [[27, 4, 23, 4], [23, 4, 23, 3], [23, 3, 25, 3], [25, 3, 19, 3], [19, 3, 19, 2], [19, 2, 20, 2], [20, 2, 16, 2], [16, 2, 16, 4], [16, 4, 17, 4], [17, 4, 15, 4], [15, 4, 15, 8], [15, 8, 13, 8], [13, 8, 13, 7], [13, 7, 12, 7], [12, 7, 12, 3], [12, 3, 10, 3], [10, 3, 10, 2], [10, 2, 6, 2], [6, 2, 6, 3], [6, 3, 8, 3], [8, 3, 8, 2], [8, 2, 8, 8], [8, 8, 10, 8], [10, 8, 6, 8], [6, 8, 6, 10], [6, 10, 7, 10], [7, 10, 7, 6], [7, 6, 5, 6], [5, 6, 5, 7], [5, 7, 5, 3], [5, 3, 3, 3]]}
META {"type": "geom", "shape": "tile", "group": "path", "data": [[27, 4], [26, 4], [25, 4], [24, 4], [23, 4], [23, 3], [24, 3], [25, 3], [24, 3], [23, 3], [22, 3], [21, 3], [20, 3], [19, 3], [19, 2], [20, 2], [19, 2], [18, 2], [17, 2], [16, 2], [16, 3], [16, 4], [17, 4], [16, 4], [15, 4], [15, 5], [15, 6], [15, 7], [15, 8], [14, 8], [13, 8], [13, 7], [12, 7], [12, 6], [12, 5], [12, 4], [12, 3], [11, 3], [10, 3], [10, 2], [9, 2], [8, 2], [7, 2], [6, 2], [6, 3], [7, 3], [8, 3], [8, 2], [8, 3], [8, 4], [8, 5], [8, 6], [8, 7], [8, 8], [9, 8], [10, 8], [9, 8], [8, 8], [7, 8], [6, 8], [6, 9], [6, 10], [7, 10], [7, 9], [7, 8], [7, 7], [7, 6], [6, 6], [5, 6], [5, 7], [5, 6], [5, 5], [5, 4], [5, 3], [4, 3], [3, 3]]}
META {"type": "geom", "shape": "line", "group": "offpath", "data": [[26, 10, 22, 10], [26, 12, 26, 10], [18, 5, 18, 6], [18, 10, 18, 9], [18, 9, 16, 9], [18, 6, 18, 5], [27, 5, 27, 11], [27, 11, 28, 11], [10, 11, 8, 11], [19, 10, 19, 9], [19, 7, 19, 6], [19, 9, 19, 10], [19, 6, 19, 7], [20, 10, 18, 10], [20, 9, 20, 10], [20, 4, 21, 4], [11, 4, 11, 2], [11, 2, 11, 4], [8, 7, 7, 7], [8, 12, 9, 12], [8, 11, 8, 12], [24, 9, 22, 9], [24, 11, 24, 9], [16, 7, 16, 11], [16, 9, 20, 9], [16, 11, 16, 7], [28, 6, 22, 6], [28, 11, 24, 11], [3, 12, 3, 13], [3, 13, 3, 12], [21, 5, 27, 5], [21, 7, 21, 8], [21, 8, 21, 7], [21, 4, 20, 4], [29, 7, 29, 8], [29, 8, 29, 7], [13, 5, 13, 3], [13, 3, 13, 5], [23, 10, 23, 8], [23, 8, 23, 10], [25, 9, 25, 13], [25, 13, 25, 9], [9, 12, 9, 11], [9, 11, 10, 11], [22, 5, 21, 5], [22, 10, 22, 12], [22, 12, 26, 12], [22, 9, 22, 5], [22, 6, 28, 6], [7, 7, 8, 7], [7, 4, 7, 2], [7, 2, 7, 4]]}
