XXXXXXXXXXXXXXXX
XXXX-XX--X-XXXXX
XX0---------1XXX
XXXXX----X-XXXXX
XXXXX--X---XXXXX
X----X-X-XX-XX-X
X-XX---X-XX-XX-X
X-XX-----XX----X
X-XX-XXX-XX-XXXX
XX---XXX----XXXX
X-XXX---XXXX---X
X----XX-----XX-X
XXX-XXXX-X-XXXXX
XXX-XXXX---XXXXX
X2------------3X
XXXXXXXXXXXXXXXX
META {"type": "solver", "id": "pysat-rc2-boolonly", "objective": 0}
META {"type": "geom", "shape": "path", "group": "path", "data": [[2, 2, 2, 3], [2, 3, 2, 4], [2, 4, 2, 5], [2, 5, 2, 6], [2, 6, 2, 7], [2, 7, 2, 8], [2, 8, 2, 9], [2, 9, 2, 10], [2, 10, 2, 11], [2, 11, 2, 12]]}
META {"type": "geom", "shape": "path", "group": "path", "data": [[14, 1, 14, 2], [14, 2, 14, 3], [14, 3, 14, 4], [14, 4, 14, 5], [14, 5, 14, 6], [14, 6, 14, 7], [14, 7, 14, 8], [14, 8, 14, 9], [14, 9, 14, 10], [14, 10, 14, 11], [14, 11, 14, 12], [14, 12, 14, 13], [14, 13, 14, 14]]}
META {"type": "geom", "shape": "tile", "group": "reachable", "data": [[2, 2], [2, 3], [2, 4], [1, 4], [2, 5], [3, 5], [2, 6], [3, 6], [2, 7], [4, 5], [1, 7], [3, 7], [2, 8], [4, 6], [1, 8], [3, 8], [2, 9], [5, 6], [2, 10], [4, 8], [6, 6], [1, 10], [3, 10], [2, 11], [5, 8], [4, 9], [7, 6], [6, 5], [4, 10], [6, 8], [7, 5], [6, 4], [7, 7], [7, 8], [5, 4], [7, 4], [8, 8], [5, 3], [8, 4], [9, 8], [5, 2], [9, 4], [9, 9], [5, 1], [9, 3], [9, 10], [6, 1], [9, 2], [9, 11], [7, 1], [8, 11], [8, 1], [7, 11], [6, 11], [7, 12], [5, 11], [7, 13], [7, 14], [6, 14], [5, 14]]}
