XXXXXXXXXXXXXXXX
XXX-X--XXX----1X
X0---XXXXX-X-XXX
XXXX-XXXXX-X-XXX
XXXX-------X---X
XXXXXXXX-------X
XXXXXXXX--X-XX-X
X-XXXXXX-X--XX-X
X-------X------X
XX-XXX---XXX-XXX
XX----XXX----XXX
X--------XXX---X
XXXXXX------XXXX
XXXXXX--XXX-XXXX
X2------------3X
XXXXXXXXXXXXXXXX
META {"type": "solver", "id": "pysat-rc2", "objective": 0}
META {"type": "geom", "shape": "path", "group": "path", "data": [[2, 1, 2, 2], [2, 2, 2, 3], [2, 3, 2, 4], [2, 4, 3, 4], [3, 4, 4, 4], [4, 4, 4, 5], [4, 5, 4, 6], [4, 6, 4, 7], [4, 7, 4, 8], [4, 8, 4, 9], [4, 9, 4, 10], [4, 10, 3, 10], [3, 10, 2, 10], [2, 10, 1, 10], [1, 10, 1, 11], [1, 11, 1, 12], [1, 12, 1, 13], [1, 13, 1, 14]]}
META {"type": "geom", "shape": "path", "group": "path", "data": [[14, 1, 14, 2], [14, 2, 14, 3], [14, 3, 14, 4], [14, 4, 14, 5], [14, 5, 14, 6], [14, 6, 14, 7], [14, 7, 14, 8], [14, 8, 14, 9], [14, 9, 14, 10], [14, 10, 14, 11], [14, 11, 14, 12], [14, 12, 14, 13], [14, 13, 14, 14]]}
META {"type": "geom", "shape": "tile", "group": "reachable", "data": [[2, 1], [2, 2], [2, 3], [1, 3], [2, 4], [3, 4], [4, 4], [4, 5], [4, 6], [4, 7], [4, 8], [5, 8], [4, 9], [5, 9], [4, 10], [6, 8], [3, 10], [5, 10], [6, 9], [7, 8], [2, 10], [5, 11], [1, 10], [6, 11], [5, 12], [1, 11], [4, 12], [5, 13], [7, 11], [1, 12], [3, 12], [4, 13], [5, 14], [8, 11], [7, 10], [2, 12], [1, 13], [4, 14], [6, 14], [8, 10], [8, 12], [7, 14], [8, 9], [9, 12], [8, 13], [8, 14], [10, 12], [11, 12], [10, 11], [10, 10], [11, 13], [10, 9], [11, 14]]}
