XXXXXXXXXXXXXXXX
X0---X--X-XX--1X
XXX-X-XX-----XXX
XXX---XX-X---XXX
X--XX----X-XXXXX
XX-XX-XX-X-XXXXX
X----XXXX-X--XXX
XX--XXXXX-----XX
XX-XXXXX----X--X
XXXXXXX-------XX
XXXXXXX-XXX-XX-X
X-XX----XXX-XX-X
XXXXX------XXXXX
XXXXX--XXX-XXXXX
X2------------3X
XXXXXXXXXXXXXXXX
META {"type": "solver", "id": "pysat-rc2", "objective": 0}
META {"type": "geom", "shape": "path", "group": "path", "data": [[1, 1, 1, 2], [1, 2, 1, 3], [1, 3, 2, 3], [2, 3, 3, 3], [3, 3, 3, 4], [3, 4, 3, 5], [3, 5, 4, 5], [4, 5, 4, 6], [4, 6, 4, 7], [4, 7, 4, 8], [4, 8, 3, 8], [3, 8, 2, 8], [2, 8, 2, 9], [2, 9, 2, 10], [2, 10, 2, 11], [2, 11, 2, 12], [2, 12, 1, 12], [1, 12, 1, 13], [1, 13, 1, 14]]}
META {"type": "geom", "shape": "path", "group": "path", "data": [[14, 1, 14, 2], [14, 2, 14, 3], [14, 3, 14, 4], [14, 4, 14, 5], [14, 5, 14, 6], [14, 6, 14, 7], [14, 7, 14, 8], [14, 8, 14, 9], [14, 9, 14, 10], [14, 10, 14, 11], [14, 11, 14, 12], [14, 12, 14, 13], [14, 13, 14, 14]]}
META {"type": "geom", "shape": "tile", "group": "reachable", "data": [[1, 1], [1, 2], [1, 3], [2, 3], [1, 4], [3, 3], [3, 4], [3, 5], [2, 5], [4, 5], [5, 5], [4, 6], [4, 7], [4, 8], [3, 8], [5, 8], [2, 8], [2, 9], [1, 9], [2, 10], [3, 10], [2, 11], [3, 11], [2, 12], [4, 10], [1, 12], [3, 12], [5, 10], [1, 13]]}
