XXXXXXXXXXXXXXXX
XXX-----------1X
X0--XX----X--XXX
XXXXXXXXX----XXX
XXXXXXXXXX----XX
XXXXXXXXXX-----X
X-XXXX-XX---XXXX
XXXXX-----XXXXXX
XXXXX-----XXXXXX
X----XXX-X-----X
X-------X-----XX
X---XXX-X-XXX--X
XXX-----X----XXX
XXX----------XXX
X2----XX------3X
XXXXXXXXXXXXXXXX
META {"type": "solver", "id": "pysat-rc2-boolonly", "objective": 0}
META {"type": "geom", "shape": "path", "group": "path", "data": [[2, 1, 2, 2], [2, 2, 2, 3], [2, 3, 1, 3], [1, 3, 1, 4], [1, 4, 1, 5], [1, 5, 1, 6], [1, 6, 1, 7], [1, 7, 1, 8], [1, 8, 1, 9], [1, 9, 1, 10], [1, 10, 1, 11], [1, 11, 1, 12], [1, 12, 1, 13], [1, 13, 1, 14]]}
META {"type": "geom", "shape": "path", "group": "path", "data": [[14, 1, 14, 2], [14, 2, 14, 3], [14, 3, 13, 3], [13, 3, 13, 4], [13, 4, 13, 5], [13, 5, 13, 6], [13, 6, 13, 7], [13, 7, 13, 8], [13, 8, 13, 9], [13, 9, 13, 10], [13, 10, 13, 11], [13, 11, 13, 12], [13, 12, 14, 12], [14, 12, 14, 13], [14, 13, 14, 14]]}
META {"type": "geom", "shape": "tile", "group": "reachable", "data": [[2, 1], [2, 2], [2, 3], [1, 3], [1, 4], [1, 5], [1, 6], [2, 6], [1, 7], [2, 7], [1, 8], [2, 8], [1, 9], [2, 9], [1, 10], [1, 11], [3, 9], [2, 11], [1, 12], [3, 10], [2, 12], [1, 13], [3, 11], [4, 10], [3, 12], [4, 11], [5, 10], [4, 12], [5, 11], [6, 10], [5, 12], [4, 13], [6, 11], [6, 9], [5, 13], [7, 9], [5, 14], [8, 9], [7, 8], [8, 8], [7, 7], [8, 7], [7, 6], [9, 8], [6, 6], [8, 6], [7, 5], [8, 5]]}
