XXXXXXXXXXXXXXXX
X0-----------1XX
XXXXXXXXX-XXXXXX
XXXXXXXXX-XXXXXX
X--XXXXXX------X
X---XXXX---X--XX
XX--XXXX---X--XX
XX-X----XX-X---X
X---XXX-XX---X-X
XXX----XXXXX---X
XXX----XXXXX--XX
X---XX--XX--X-XX
XXX-XX----XXXXXX
XXX-XX-XX-XXXXXX
X2--XX-XX-----3X
XXXXXXXXXXXXXXXX
META {"type": "solver", "id": "pysat-rc2-boolonly", "objective": 0}
META {"type": "geom", "shape": "path", "group": "path", "data": [[1, 1, 1, 2], [1, 2, 1, 3], [1, 3, 1, 4], [1, 4, 1, 5], [1, 5, 1, 6], [1, 6, 1, 7], [1, 7, 1, 8], [1, 8, 1, 9], [1, 9, 1, 10], [1, 10, 1, 11], [1, 11, 1, 12], [1, 12, 1, 13]]}
META {"type": "geom", "shape": "path", "group": "path", "data": [[14, 1, 14, 2], [14, 2, 14, 3], [14, 3, 13, 3], [13, 3, 12, 3], [12, 3, 11, 3], [11, 3, 10, 3], [10, 3, 10, 4], [10, 4, 10, 5], [10, 5, 10, 6], [10, 6, 11, 6], [11, 6, 11, 7], [11, 7, 12, 7], [12, 7, 12, 8], [12, 8, 12, 9], [12, 9, 13, 9], [13, 9, 14, 9], [14, 9, 14, 10], [14, 10, 14, 11], [14, 11, 14, 12], [14, 12, 14, 13], [14, 13, 14, 14]]}
META {"type": "geom", "shape": "tile", "group": "reachable", "data": [[1, 1], [1, 2], [1, 3], [1, 4], [1, 5], [1, 6], [1, 7], [1, 8], [1, 9], [2, 9], [1, 10], [1, 11], [3, 9], [1, 12], [4, 9], [5, 9], [4, 10], [5, 10], [4, 11], [6, 9], [5, 8], [4, 12], [6, 10], [6, 8], [5, 12], [4, 13], [7, 10], [5, 13], [4, 14], [6, 12], [8, 10], [6, 13], [7, 12], [8, 11], [7, 13], [8, 12], [7, 14], [9, 12], [8, 14], [10, 12], [9, 13], [9, 14], [10, 13], [11, 13]]}
