XXXXXXXXXXXXXXXX
X0-----X-X-X--1X
XXX----------XXX
XXXX------XX-XXX
XXXXX-----XX--XX
XXXXXXX-----X-XX
X-XXXXX-----X--X
X------XXXX-X--X
XX-X---XXXXX---X
X---XXX-XXXX---X
X--------XX----X
X-X--X-X-XX-XX-X
XXXXXXXXXXXXXXXX
XXXXXXXXXXXXXXXX
X2------------3X
XXXXXXXXXXXXXXXX
META {"type": "solver", "id": "pysat-rc2", "objective": 0}
META {"type": "geom", "shape": "path", "group": "path", "data": [[1, 1, 1, 2], [1, 2, 1, 3], [1, 3, 1, 4], [1, 4, 1, 5], [1, 5, 1, 6], [1, 6, 2, 6], [2, 6, 2, 7], [2, 7, 2, 8], [2, 8, 2, 9], [2, 9, 2, 10], [2, 10, 2, 11], [2, 11, 2, 12], [2, 12, 1, 12], [1, 12, 1, 13], [1, 13, 1, 14]]}
META {"type": "geom", "shape": "path", "group": "path", "data": [[14, 1, 14, 2], [14, 2, 14, 3], [14, 3, 14, 4], [14, 4, 14, 5], [14, 5, 14, 6], [14, 6, 14, 7], [14, 7, 14, 8], [14, 8, 14, 9], [14, 9, 14, 10], [14, 10, 14, 11], [14, 11, 14, 12], [14, 12, 14, 13], [14, 13, 14, 14]]}
META {"type": "geom", "shape": "tile", "group": "reachable", "data": [[1, 1], [1, 2], [1, 3], [2, 3], [1, 4], [2, 4], [1, 5], [2, 5], [1, 6], [3, 4], [2, 6], [3, 5], [3, 6], [2, 7], [4, 5], [3, 7], [2, 8], [4, 6], [1, 8], [3, 8], [2, 9], [4, 7], [3, 9], [2, 10], [4, 8], [5, 7], [1, 10], [2, 11], [4, 9], [5, 8], [6, 7], [2, 12], [5, 9], [6, 8], [1, 12], [3, 12], [6, 9], [5, 10], [1, 13], [4, 12], [6, 10], [5, 11], [4, 13], [6, 11], [5, 13], [7, 11], [6, 13], [7, 13], [6, 14], [7, 14], [8, 13], [8, 14], [9, 13], [8, 12], [9, 14], [9, 12], [10, 13], [10, 14], [10, 12], [11, 14], [10, 11], [11, 11]]}
