XXXXXXXXXXXXXXXX
XXX0-XX-----1XXX
XXXXXXXXXXXXXXXX
XXXXXXXXXXXXXXXX
X--------------X
XX-XX-XX-X-XXX-X
X--XX-XX-------X
X-XXXX---------X
X-XXXX-X-------X
XX-XX--X---XXXXX
X--XX--X---XXXXX
X----X-X-------X
XXXXX--X---X-XXX
XXXXX--X-----XXX
X2-------XX---3X
XXXXXXXXXXXXXXXX
META {"type": "solver", "id": "pysat-rc2", "objective": 0}
META {"type": "geom", "shape": "path", "group": "path", "data": [[14, 1, 14, 2], [14, 2, 14, 3], [14, 3, 14, 4], [14, 4, 14, 5], [14, 5, 13, 5], [13, 5, 12, 5], [12, 5, 12, 6], [12, 6, 11, 6], [11, 6, 10, 6], [10, 6, 9, 6], [9, 6, 8, 6], [8, 6, 7, 6], [7, 6, 7, 7], [7, 7, 7, 8], [7, 8, 6, 8], [6, 8, 5, 8], [5, 8, 4, 8], [4, 8, 4, 9], [4, 9, 4, 10], [4, 10, 5, 10], [5, 10, 6, 10], [6, 10, 6, 11], [6, 11, 7, 11], [7, 11, 8, 11], [8, 11, 8, 10], [8, 10, 9, 10], [9, 10, 9, 9], [9, 9, 10, 9], [10, 9, 10, 10], [10, 10, 11, 10], [11, 10, 11, 11], [11, 11, 11, 12], [11, 12, 12, 12], [12, 12, 13, 12], [13, 12, 13, 11], [13, 11, 14, 11], [14, 11, 14, 12], [14, 12, 14, 13], [14, 13, 14, 14]]}
META {"type": "geom", "shape": "tile", "group": "path", "data": [[14, 1], [14, 2], [14, 3], [14, 4], [14, 5], [13, 5], [12, 5], [12, 6], [11, 6], [10, 6], [9, 6], [8, 6], [7, 6], [7, 7], [7, 8], [6, 8], [5, 8], [4, 8], [4, 9], [4, 10], [5, 10], [6, 10], [6, 11], [7, 11], [8, 11], [8, 10], [9, 10], [9, 9], [10, 9], [10, 10], [11, 10], [11, 11], [11, 12], [12, 12], [13, 12], [13, 11], [14, 11], [14, 12], [14, 13], [14, 14]]}
META {"type": "geom", "shape": "line", "group": "offpath", "data": [[9, 8, 8, 8], [9, 5, 10, 5], [7, 13, 7, 12], [7, 14, 8, 14], [7, 9, 8, 9], [7, 12, 7, 13], [11, 4, 11, 3], [11, 1, 10, 1], [11, 3, 11, 4], [13, 8, 14, 8], [13, 9, 12, 9], [13, 10, 13, 9], [8, 8, 9, 8], [8, 13, 8, 12], [8, 14, 7, 14], [8, 9, 7, 9], [8, 12, 8, 13], [10, 5, 9, 5], [10, 1, 11, 1], [12, 9, 12, 10], [12, 10, 13, 10], [14, 8, 13, 8], [14, 7, 14, 6], [14, 6, 14, 7]]}
