XXXXXXXXXXXXXXXX
X0----XX-X----1X
XXX--X------XXXX
XXX--X------XXXX
X----X-X-------X
XXX-X-X-------XX
XXX------XX--X-X
X--XXX---XX--X-X
XXX---XX-XX--X-X
XXX-X-XX-XX----X
XXXXXXXXXXXX--XX
XXXXXXXXXXXX--XX
XXX--XXXXXXX-XXX
XXX-----XX---XXX
X2--------XX--3X
XXXXXXXXXXXXXXXX
META {"type": "solver", "id": "pysat-rc2", "objective": 0}
META {"type": "geom", "shape": "path", "group": "path", "data": [[1, 1, 1, 2], [1, 2, 1, 3], [1, 3, 2, 3], [2, 3, 2, 4], [2, 4, 3, 4], [3, 4, 4, 4], [4, 4, 4, 3], [4, 3, 5, 3], [5, 3, 6, 3], [6, 3, 6, 4], [6, 4, 6, 5], [6, 5, 6, 6], [6, 6, 6, 7], [6, 7, 5, 7], [5, 7, 5, 8], [5, 8, 5, 9], [5, 9, 4, 9], [4, 9, 4, 10], [4, 10, 4, 11], [4, 11, 3, 11], [3, 11, 2, 11], [2, 11, 2, 10], [2, 10, 1, 10], [1, 10, 1, 11], [1, 11, 1, 12], [1, 12, 1, 13], [1, 13, 1, 14]]}
META {"type": "geom", "shape": "tile", "group": "path", "data": [[1, 1], [1, 2], [1, 3], [2, 3], [2, 4], [3, 4], [4, 4], [4, 3], [5, 3], [6, 3], [6, 4], [6, 5], [6, 6], [6, 7], [5, 7], [5, 8], [5, 9], [4, 9], [4, 10], [4, 11], [3, 11], [2, 11], [2, 10], [1, 10], [1, 11], [1, 12], [1, 13], [1, 14]]}
META {"type": "geom", "shape": "line", "group": "offpath", "data": [[3, 7, 2, 7], [3, 6, 3, 7], [7, 8, 8, 8], [8, 8, 7, 8], [2, 7, 2, 6], [2, 6, 3, 6]]}
