XXXXXXXXXXXXXXXX
XX0-------XX--1X
XXXXX-X------XXX
XXXXX---XX---XXX
XXXXX--XXXX----X
XXXXX--XXXX--X-X
XXX-----XX-XXXXX
X--XXXX-XX-XXXXX
XX-----XXXX----X
XX-----XXXX-X-XX
XX------XX--X--X
X-X-XXX-XX--X--X
XXXXXXX-XX-X-XXX
XXXXXXX---X--XXX
X2---------XX-3X
XXXXXXXXXXXXXXXX
META {"type": "solver", "id": "pysat-rc2", "objective": 0}
META {"type": "geom", "shape": "path", "group": "path", "data": [[1, 2, 1, 3], [1, 3, 1, 4], [1, 4, 1, 5], [1, 5, 2, 5], [2, 5, 3, 5], [3, 5, 3, 6], [3, 6, 3, 7], [3, 7, 2, 7], [2, 7, 2, 8], [2, 8, 1, 8], [1, 8, 1, 9], [1, 9, 2, 9], [2, 9, 2, 10], [2, 10, 2, 11], [2, 11, 2, 12], [2, 12, 1, 12], [1, 12, 1, 13], [1, 13, 1, 14]]}
META {"type": "geom", "shape": "tile", "group": "path", "data": [[1, 2], [1, 3], [1, 4], [1, 5], [2, 5], [3, 5], [3, 6], [3, 7], [2, 7], [2, 8], [1, 8], [1, 9], [2, 9], [2, 10], [2, 11], [2, 12], [1, 12], [1, 13], [1, 14]]}
META {"type": "geom", "shape": "line", "group": "offpath", "data": [[3, 11, 3, 12], [3, 12, 3, 11], [6, 5, 5, 5], [11, 13, 10, 13], [11, 11, 11, 10], [11, 10, 11, 11], [4, 14, 5, 14], [4, 6, 5, 6], [4, 11, 4, 12], [4, 12, 4, 11], [10, 13, 11, 13], [7, 2, 7, 1], [7, 1, 7, 2], [5, 14, 4, 14], [5, 6, 4, 6], [5, 5, 6, 5], [1, 6, 1, 7], [1, 7, 1, 6]]}
