XXXXXXXXXXXXXXXX
X0------------1X
XXXX-XX------XXX
XXXX-XX------XXX
X---X------X--XX
XXX-X------X--XX
XXX-X------X--XX
X----XX-XXX--X-X
X-XX-XX----X--XX
XXXXXXXX---X---X
XXXXXXXXX--X--XX
XXX--XXXX---XX-X
XXX--XXX---XXXXX
XXX-X---XX-XXXXX
X2---XX-XX----3X
XXXXXXXXXXXXXXXX
META {"type": "solver", "id": "pysat-rc2-boolonly", "objective": 0}
META {"type": "geom", "shape": "path", "group": "path", "data": [[1, 1, 1, 2], [1, 2, 1, 3], [1, 3, 1, 4], [1, 4, 1, 5], [1, 5, 1, 6], [1, 6, 1, 7], [1, 7, 2, 7], [2, 7, 2, 8], [2, 8, 1, 8], [1, 8, 1, 9], [1, 9, 2, 9], [2, 9, 2, 10], [2, 10, 1, 10], [1, 10, 1, 11], [1, 11, 1, 12], [1, 12, 1, 13], [1, 13, 1, 14]]}
META {"type": "geom", "shape": "tile", "group": "path", "data": [[1, 1], [1, 2], [1, 3], [1, 4], [1, 5], [1, 6], [1, 7], [2, 7], [2, 8], [1, 8], [1, 9], [2, 9], [2, 10], [1, 10], [1, 11], [1, 12], [1, 13], [1, 14]]}
META {"type": "geom", "shape": "line", "group": "offpath", "data": [[3, 9, 3, 8], [3, 10, 3, 11], [3, 12, 2, 12], [3, 8, 3, 9], [3, 11, 3, 10], [5, 9, 4, 9], [5, 10, 6, 10], [5, 6, 4, 6], [5, 13, 6, 13], [5, 5, 6, 5], [5, 7, 4, 7], [5, 12, 4, 12], [8, 9, 9, 9], [8, 10, 8, 9], [8, 7, 8, 8], [8, 8, 8, 7], [6, 9, 5, 9], [6, 10, 6, 9], [6, 6, 5, 6], [6, 13, 6, 12], [6, 5, 6, 6], [6, 7, 6, 8], [6, 12, 5, 12], [6, 8, 6, 7], [11, 9, 11, 10], [11, 10, 11, 9], [12, 9, 12, 8], [12, 8, 12, 9], [4, 9, 4, 10], [4, 10, 5, 10], [4, 6, 4, 5], [4, 13, 5, 13], [4, 5, 5, 5], [4, 7, 5, 7], [4, 12, 4, 13], [9, 9, 9, 10], [9, 10, 8, 10], [2, 12, 3, 12]]}
