XXXXXXXXXXXXXXXX
X0--XXXX----X-1X
XXXXXXX--XXX-XXX
XXXXXXX------XXX
X------XX-XX-XXX
X--XXX-XX-XX---X
XX-XXX-XX-XX--XX
XX-----XX----X-X
XX--XXXXXXXXXXXX
X-XXXXXXXXXXXXXX
XXXXXXXX------XX
XXXXX----X-----X
XXX------X---XXX
XXX------X---XXX
X2--XX-XX-----3X
XXXXXXXXXXXXXXXX
META {"type": "solver", "id": "pysat-rc2", "objective": 0}
META {"type": "geom", "shape": "path", "group": "path", "data": [[14, 1, 14, 2], [14, 2, 14, 3], [14, 3, 13, 3], [13, 3, 13, 4], [13, 4, 13, 5], [13, 5, 12, 5], [12, 5, 11, 5], [11, 5, 11, 6], [11, 6, 11, 7], [11, 7, 11, 8], [11, 8, 10, 8], [10, 8, 10, 9], [10, 9, 10, 10], [10, 10, 11, 10], [11, 10, 12, 10], [12, 10, 12, 11], [12, 11, 13, 11], [13, 11, 13, 10], [13, 10, 14, 10], [14, 10, 14, 11], [14, 11, 14, 12], [14, 12, 14, 13], [14, 13, 14, 14]]}
META {"type": "geom", "shape": "tile", "group": "path", "data": [[14, 1], [14, 2], [14, 3], [13, 3], [13, 4], [13, 5], [12, 5], [11, 5], [11, 6], [11, 7], [11, 8], [10, 8], [10, 9], [10, 10], [11, 10], [12, 10], [12, 11], [13, 11], [13, 10], [14, 10], [14, 11], [14, 12], [14, 13], [14, 14]]}
META {"type": "geom", "shape": "line", "group": "offpath", "data": [[12, 7, 12, 8], [12, 6, 13, 6], [12, 8, 12, 7], [6, 2, 5, 2], [6, 6, 7, 6], [4, 2, 4, 3], [4, 3, 4, 4], [4, 4, 4, 5], [4, 5, 4, 6], [4, 6, 5, 6], [5, 2, 4, 2], [5, 6, 6, 6], [7, 2, 6, 2], [7, 3, 7, 2], [7, 4, 7, 3], [7, 5, 7, 4], [7, 6, 7, 5], [13, 6, 12, 6]]}
