XXXXXXXXXXXXXXXX
XXXXXXXXXXXXXXXX
XX}XXXXXXX----XX
XX-XXX-----X--XX
XX--------XX--XX
XX-XXXX-#--XXXXX
XX--XXX----XXXXX
XX--XXX---XXXXXX
XX-------XXXXXXX
XXX--X-X-XXXXXXX
XXX-XXXX-XXXXXXX
XXX-XXXX-XXX-XXX
XXX-XXX--XXX-XXX
XX-----#-XXX--XX
XX-------XXX--XX
XX--#------XXXXX
XXX---#----XXXXX
XXXX----##-XXXXX
XXXX-#-------XXX
XXX----#--#---XX
XX--X-------#-XX
XX-XX---#-----XX
XX--XX-----X-XXX
XXX-XXX---XXXXXX
XXX-XXX---XXXXXX
XXX-------XXXXXX
XX---XX-------XX
XX-XXXXX-#--#-XX
XX--XXXX------XX
XXX-XXX-{-XX-XXX
XXXXXXXXXXXXXXXX
XXXXXXXXXXXXXXXX
META {"type": "solver", "id": "pysat-rc2", "objective": 0}
META {"type": "geom", "shape": "path", "group": "path", "data": [[29, 8, 29, 7], [29, 7, 29, 9], [29, 9, 28, 9], [28, 9, 28, 8], [28, 8, 22, 8], [22, 8, 22, 10], [22, 10, 20, 10], [20, 10, 20, 11], [20, 11, 21, 11], [21, 11, 21, 13], [21, 13, 19, 13], [19, 13, 19, 11], [19, 11, 18, 11], [18, 11, 18, 12], [18, 12, 18, 6], [18, 6, 17, 6], [17, 6, 17, 4], [17, 4, 16, 4], [16, 4, 16, 5], [16, 5, 17, 5], [17, 5, 13, 5], [13, 5, 13, 6], [13, 6, 13, 2], [13, 2, 15, 2], [15, 2, 15, 3], [15, 3, 16, 3], [16, 3, 6, 3], [6, 3, 6, 2], [6, 2, 8, 2], [8, 2, 2, 2]]}
META {"type": "geom", "shape": "tile", "group": "path", "data": [[29, 8], [29, 7], [29, 8], [29, 9], [28, 9], [28, 8], [27, 8], [26, 8], [25, 8], [24, 8], [23, 8], [22, 8], [22, 9], [22, 10], [21, 10], [20, 10], [20, 11], [21, 11], [21, 12], [21, 13], [20, 13], [19, 13], [19, 12], [19, 11], [18, 11], [18, 12], [18, 11], [18, 10], [18, 9], [18, 8], [18, 7], [18, 6], [17, 6], [17, 5], [17, 4], [16, 4], [16, 5], [17, 5], [16, 5], [15, 5], [14, 5], [13, 5], [13, 6], [13, 5], [13, 4], [13, 3], [13, 2], [14, 2], [15, 2], [15, 3], [16, 3], [15, 3], [14, 3], [13, 3], [12, 3], [11, 3], [10, 3], [9, 3], [8, 3], [7, 3], [6, 3], [6, 2], [7, 2], [8, 2], [7, 2], [6, 2], [5, 2], [4, 2], [3, 2], [2, 2]]}
META {"type": "geom", "shape": "line", "group": "offpath", "data": [[6, 8, 16, 8], [20, 3, 20, 2], [20, 7, 20, 5], [20, 2, 22, 2], [20, 5, 19, 5], [2, 10, 3, 10], [2, 13, 4, 13], [16, 9, 15, 9], [16, 8, 6, 8], [3, 9, 7, 9], [3, 10, 2, 10], [3, 12, 3, 13], [3, 8, 4, 8], [3, 6, 4, 6], [3, 13, 3, 12], [29, 12, 28, 12], [28, 3, 28, 2], [28, 10, 26, 10], [28, 12, 29, 12], [28, 2, 28, 3], [28, 13, 26, 13], [27, 11, 27, 10], [27, 10, 27, 11], [19, 3, 20, 3], [19, 9, 19, 8], [19, 8, 19, 9], [19, 5, 19, 3], [12, 7, 12, 8], [12, 8, 12, 7], [26, 3, 26, 4], [26, 7, 20, 7], [26, 9, 26, 7], [26, 10, 28, 10], [26, 4, 25, 4], [26, 13, 28, 13], [15, 9, 16, 9], [13, 12, 13, 13], [13, 13, 13, 12], [7, 3, 7, 2], [7, 9, 3, 9], [7, 2, 7, 3], [23, 7, 23, 9], [23, 9, 23, 7], [25, 3, 25, 9], [25, 9, 26, 9], [25, 4, 25, 3], [24, 7, 24, 9], [24, 9, 24, 7], [22, 3, 26, 3], [22, 2, 22, 3], [4, 8, 3, 8], [4, 6, 3, 6], [4, 13, 2, 13], [8, 4, 9, 4], [8, 6, 9, 6], [9, 4, 8, 4], [9, 6, 8, 6]]}
