XXXXXXXXXXXXXXXX
XXXX--XX-XX-XXXX
X0-----------1XX
XXXX--------XXXX
XXXX--------XXXX
X----X-X-XX-XXXX
XX-XX-X-XXXX---X
XX-XX---XXXX---X
X--XX----XX-XXXX
X-XXXX------XXXX
X-XXXX---X-X---X
X--XX----X-X---X
XXX--XXX-X-X-XXX
XXX----------XXX
X2--XX-XX-----3X
XXXXXXXXXXXXXXXX
META {"type": "solver", "id": "pysat-rc2-boolonly", "objective": 0}
META {"type": "geom", "shape": "path", "group": "path", "data": [[2, 1, 2, 2], [2, 2, 2, 3], [2, 3, 2, 4], [2, 4, 2, 5], [2, 5, 2, 6], [2, 6, 2, 7], [2, 7, 2, 8], [2, 8, 2, 9], [2, 9, 2, 10], [2, 10, 2, 11], [2, 11, 2, 12], [2, 12, 2, 13]]}
META {"type": "geom", "shape": "path", "group": "path", "data": [[14, 1, 14, 2], [14, 2, 14, 3], [14, 3, 13, 3], [13, 3, 13, 4], [13, 4, 13, 5], [13, 5, 13, 6], [13, 6, 13, 7], [13, 7, 13, 8], [13, 8, 13, 9], [13, 9, 13, 10], [13, 10, 13, 11], [13, 11, 13, 12], [13, 12, 14, 12], [14, 12, 14, 13], [14, 13, 14, 14]]}
META {"type": "geom", "shape": "tile", "group": "reachable", "data": [[2, 1], [2, 2], [2, 3], [2, 4], [1, 4], [3, 4], [2, 5], [1, 5], [3, 5], [2, 6], [4, 4], [3, 6], [2, 7], [4, 5], [5, 4], [3, 7], [2, 8], [4, 6], [5, 3], [1, 8], [3, 8], [2, 9], [4, 7], [5, 6], [5, 2], [3, 9], [2, 10], [4, 8], [6, 2], [5, 1], [3, 10], [2, 11], [4, 9], [5, 8], [7, 2], [1, 11], [3, 11], [2, 12], [4, 10], [8, 2], [4, 11], [8, 1], [5, 11], [9, 1], [10, 1], [11, 1], [11, 2]]}
