XXXXXXXXXXXXXXXX
XXX-XX-XX-----1X
XXX----------XXX
X0-----------XXX
XXXX-X-------XXX
XXXXXXXX----X-XX
XXXXXXXX-XX--X-X
XXXX----XXXXXXXX
XX--XXX-XXXXXXXX
XX--XXX--------X
X-X-----X---XX-X
X--XXXX-X-X-XX-X
XXX-----X--XXXXX
XXX--XXX---XXXXX
X2------------3X
XXXXXXXXXXXXXXXX
META {"type": "solver", "id": "pysat-rc2", "objective": 0}
META {"type": "geom", "shape": "path", "group": "path", "data": [[3, 1, 3, 2], [3, 2, 3, 3], [3, 3, 2, 3], [2, 3, 2, 4], [2, 4, 2, 5], [2, 5, 2, 6], [2, 6, 2, 7], [2, 7, 2, 8], [2, 8, 2, 9], [2, 9, 1, 9], [1, 9, 1, 10], [1, 10, 1, 11], [1, 11, 1, 12], [1, 12, 1, 13], [1, 13, 1, 14]]}
META {"type": "geom", "shape": "path", "group": "path", "data": [[14, 1, 14, 2], [14, 2, 14, 3], [14, 3, 14, 4], [14, 4, 14, 5], [14, 5, 14, 6], [14, 6, 14, 7], [14, 7, 14, 8], [14, 8, 14, 9], [14, 9, 14, 10], [14, 10, 14, 11], [14, 11, 14, 12], [14, 12, 14, 13], [14, 13, 14, 14]]}
META {"type": "geom", "shape": "tile", "group": "reachable", "data": [[3, 1], [3, 2], [3, 3], [2, 3], [3, 4], [1, 3], [2, 4], [4, 4], [3, 5], [2, 5], [3, 6], [2, 6], [4, 6], [3, 7], [1, 6], [2, 7], [4, 7], [3, 8], [2, 8], [4, 8], [3, 9], [2, 9], [4, 9], [3, 10], [5, 8], [1, 9], [2, 10], [4, 10], [3, 11], [5, 9], [6, 8], [1, 10], [2, 11], [4, 11], [3, 12], [5, 10], [1, 11], [2, 12], [4, 12], [5, 11], [1, 12], [6, 11], [1, 13], [6, 12]]}
