XXXXXXXXXXXXXXXX
XX0-XX---X-XX-1X
XXXXXXXXX-X--XXX
XXXXXXXXX-X--XXX
X--XX-----X---XX
XX-XX-XX-X-X-X-X
X-XXXXXXXXXXXXXX
X-XXXXXXXXXXXXXX
X----XXX------XX
XX-XXXXX-XXX---X
XX-XXXXX-------X
X--XXX----XX---X
XXX----XX-XX-XXX
XXX----XX----XXX
X2-----XX-----3X
XXXXXXXXXXXXXXXX
META {"type": "solver", "id": "pysat-rc2", "objective": 0}
META {"type": "geom", "shape": "path", "group": "path", "data": [[14, 1, 14, 2], [14, 2, 14, 3], [14, 3, 14, 4], [14, 4, 14, 5], [14, 5, 14, 6], [14, 6, 13, 6], [13, 6, 13, 5], [13, 5, 13, 4], [13, 4, 13, 3], [13, 3, 12, 3], [12, 3, 12, 4], [12, 4, 12, 5], [12, 5, 12, 6], [12, 6, 11, 6], [11, 6, 11, 7], [11, 7, 11, 8], [11, 8, 11, 9], [11, 9, 12, 9], [12, 9, 13, 9], [13, 9, 14, 9], [14, 9, 14, 10], [14, 10, 14, 11], [14, 11, 14, 12], [14, 12, 14, 13], [14, 13, 14, 14]]}
META {"type": "geom", "shape": "tile", "group": "path", "data": [[14, 1], [14, 2], [14, 3], [14, 4], [14, 5], [14, 6], [13, 6], [13, 5], [13, 4], [13, 3], [12, 3], [12, 4], [12, 5], [12, 6], [11, 6], [11, 7], [11, 8], [11, 9], [12, 9], [13, 9], [14, 9], [14, 10], [14, 11], [14, 12], [14, 13], [14, 14]]}
META {"type": "geom", "shape": "line", "group": "offpath", "data": [[8, 12, 9, 12], [8, 3, 8, 4], [8, 4, 8, 3], [10, 9, 10, 10], [10, 10, 10, 9], [10, 12, 10, 11], [10, 11, 10, 12], [11, 12, 12, 12], [12, 12, 11, 12], [9, 12, 8, 12], [4, 11, 3, 11], [3, 11, 4, 11]]}
