XXXXXXXXXXXXXXXX
X0--XXXXX-----1X
XXX-XXXXX--X-XXX
XXX---------XXXX
XXX---------XXXX
X------------XXX
XX-----X--X---XX
X---------X----X
XX--XX----X----X
XX--XX---------X
X-XX--XXX------X
XXXXX----XX---XX
XXXXX--XXXXXXXXX
XXX----XXXXXXXXX
X2------XX----3X
XXXXXXXXXXXXXXXX
META {"type": "solver", "id": "pysat-rc2", "objective": 0}
META {"type": "geom", "shape": "path", "group": "path", "data": [[1, 1, 1, 2], [1, 2, 1, 3], [1, 3, 2, 3], [2, 3, 3, 3], [3, 3, 3, 4], [3, 4, 3, 5], [3, 5, 3, 6], [3, 6, 3, 7], [3, 7, 3, 8], [3, 8, 3, 9], [3, 9, 2, 9], [2, 9, 1, 9], [1, 9, 1, 10], [1, 10, 1, 11], [1, 11, 1, 12], [1, 12, 1, 13], [1, 13, 1, 14]]}
META {"type": "geom", "shape": "tile", "group": "path", "data": [[1, 1], [1, 2], [1, 3], [2, 3], [3, 3], [3, 4], [3, 5], [3, 6], [3, 7], [3, 8], [3, 9], [2, 9], [1, 9], [1, 10], [1, 11], [1, 12], [1, 13], [1, 14]]}
META {"type": "geom", "shape": "line", "group": "offpath", "data": [[3, 10, 3, 11], [3, 11, 4, 11], [5, 4, 6, 4], [5, 8, 6, 8], [5, 10, 5, 9], [5, 5, 5, 6], [5, 2, 5, 3], [5, 6, 5, 7], [5, 3, 6, 3], [5, 9, 6, 9], [5, 7, 4, 7], [5, 11, 5, 10], [9, 8, 9, 9], [9, 10, 9, 11], [9, 14, 8, 14], [9, 6, 8, 6], [9, 12, 9, 13], [9, 9, 9, 10], [9, 13, 9, 14], [9, 11, 9, 12], [6, 4, 5, 4], [6, 8, 5, 8], [6, 2, 5, 2], [6, 6, 7, 6], [6, 3, 7, 3], [6, 12, 6, 11], [6, 9, 7, 9], [6, 13, 6, 12], [6, 11, 5, 11], [8, 8, 9, 8], [8, 14, 8, 13], [8, 6, 9, 6], [8, 12, 7, 12], [8, 9, 8, 8], [8, 13, 7, 13], [7, 2, 6, 2], [7, 6, 6, 6], [7, 3, 7, 2], [7, 12, 8, 12], [7, 9, 8, 9], [7, 13, 6, 13], [4, 10, 3, 10], [4, 5, 5, 5], [4, 6, 4, 5], [4, 7, 4, 6], [4, 11, 4, 10], [10, 10, 10, 9], [10, 9, 10, 10]]}
