XXXXXXXXXXXXXXXX
X0---XXX-XXX--1X
XXX----------XXX
XXX--XX--XX--XXX
X----XX--XX-X-XX
X----XX-----X-XX
XX------XXX-X--X
X-------------XX
XX--XXX--XX--XXX
X--------XX-XXXX
XXXXXX-X----XXXX
XXXXXXX-X-XX---X
XXXXXXX--XXXXXXX
XXXX---X-XXXXXXX
X2--------XX--3X
XXXXXXXXXXXXXXXX
META {"type": "solver", "id": "pysat-rc2", "objective": 0}
META {"type": "geom", "shape": "path", "group": "path", "data": [[1, 1, 1, 2], [1, 2, 1, 3], [1, 3, 1, 4], [1, 4, 2, 4], [2, 4, 2, 3], [2, 3, 3, 3], [3, 3, 4, 3], [4, 3, 4, 2], [4, 2, 4, 1], [4, 1, 5, 1], [5, 1, 5, 2], [5, 2, 6, 2], [6, 2, 6, 3], [6, 3, 7, 3], [7, 3, 7, 4], [7, 4, 7, 5], [7, 5, 7, 6], [7, 6, 7, 7], [7, 7, 8, 7], [8, 7, 9, 7], [9, 7, 9, 8], [9, 8, 8, 8], [8, 8, 7, 8], [7, 8, 7, 9], [7, 9, 7, 10], [7, 10, 7, 11], [7, 11, 6, 11], [6, 11, 5, 11], [5, 11, 4, 11], [4, 11, 3, 11], [3, 11, 3, 12], [3, 12, 2, 12], [2, 12, 1, 12], [1, 12, 1, 13], [1, 13, 1, 14]]}
META {"type": "geom", "shape": "tile", "group": "path", "data": [[1, 1], [1, 2], [1, 3], [1, 4], [2, 4], [2, 3], [3, 3], [4, 3], [4, 2], [4, 1], [5, 1], [5, 2], [6, 2], [6, 3], [7, 3], [7, 4], [7, 5], [7, 6], [7, 7], [8, 7], [9, 7], [9, 8], [8, 8], [7, 8], [7, 9], [7, 10], [7, 11], [6, 11], [5, 11], [4, 11], [3, 11], [3, 12], [2, 12], [1, 12], [1, 13], [1, 14]]}
META {"type": "geom", "shape": "line", "group": "offpath", "data": [[8, 2, 7, 2], [4, 4, 3, 4], [1, 8, 2, 8], [2, 5, 2, 6], [2, 10, 2, 9], [2, 9, 2, 10], [2, 8, 1, 8], [2, 7, 3, 7], [2, 6, 2, 5], [3, 7, 2, 7], [3, 4, 4, 4], [6, 7, 6, 6], [6, 6, 6, 7], [7, 2, 8, 2], [5, 9, 5, 8], [5, 8, 5, 9], [5, 4, 5, 3], [5, 3, 5, 4]]}
