XXXXXXXXXXXXXXXX
X0--------XXXXXX
XXXXXXXXX-XXXXXX
XXXXXXXXX-----1X
X--------XXX-XXX
XX-XX-X------XXX
XX-XX-X-XXXX---X
XX----X--------X
X----X-----X--XX
XXXX--XXX--X-XXX
XXXX-X-----X-XXX
X----X-XX---X--X
XXXX-X-XX-X--XXX
XXXX---XX----XXX
X2--XX-XX-----3X
XXXXXXXXXXXXXXXX
META {"type": "solver", "id": "pysat-rc2-boolonly", "objective": 0}
META {"type": "geom", "shape": "path", "group": "path", "data": [[1, 1, 1, 2], [1, 2, 1, 3], [1, 3, 1, 4], [1, 4, 1, 5], [1, 5, 1, 6], [1, 6, 1, 7], [1, 7, 1, 8], [1, 8, 1, 9], [1, 9, 2, 9], [2, 9, 3, 9], [3, 9, 3, 10], [3, 10, 3, 11], [3, 11, 3, 12], [3, 12, 3, 13], [3, 13, 3, 14]]}
META {"type": "geom", "shape": "tile", "group": "path", "data": [[1, 1], [1, 2], [1, 3], [1, 4], [1, 5], [1, 6], [1, 7], [1, 8], [1, 9], [2, 9], [3, 9], [3, 10], [3, 11], [3, 12], [3, 13], [3, 14]]}
META {"type": "geom", "shape": "line", "group": "offpath", "data": [[8, 7, 7, 7], [8, 12, 8, 13], [8, 10, 7, 10], [8, 13, 7, 13], [4, 8, 5, 8], [14, 9, 13, 9], [14, 12, 13, 12], [14, 11, 14, 10], [14, 10, 14, 9], [13, 9, 13, 10], [13, 12, 14, 12], [13, 6, 12, 6], [13, 11, 14, 11], [13, 10, 13, 11], [5, 5, 6, 5], [5, 7, 6, 7], [5, 8, 4, 8], [10, 9, 10, 8], [10, 8, 10, 9], [10, 6, 11, 6], [11, 9, 11, 10], [11, 6, 10, 6], [11, 10, 11, 9], [7, 5, 7, 4], [7, 7, 8, 7], [7, 12, 8, 12], [7, 10, 8, 10], [7, 4, 7, 5], [7, 13, 7, 12], [12, 12, 12, 11], [12, 6, 13, 6], [12, 11, 12, 12], [6, 5, 5, 5], [6, 7, 5, 7], [6, 12, 6, 13], [6, 13, 6, 12]]}
