--------------------------------
--------------------------------
----------------------------X---
--------------------------------
-------------------------X------
--------------X-------X-----Q---
--------------------------------
-------------------Q------------
--------XX--X--X------XXX--XXX--
--------------------------------
--------------------------------
-----------X--XQQX--------------
----<>----XX---------X----------
----[]---XXX---------XX---------
-{--[]--XXXX---------XXX------}-
XXXXXXXXXXXXXXXX--XXXXXXXXXXXXXX
META {"type": "solver", "id": "pysat-rc2", "objective": 0}
META {"type": "geom", "shape": "path", "group": "path", "data": [[14, 1, 11, 1], [11, 1, 12, 0], [12, 0, 13, 1], [13, 1, 14, 0], [14, 0, 10, 3], [10, 3, 11, 4], [11, 4, 7, 8], [7, 8, 3, 7], [3, 7, 4, 8], [4, 8, 5, 9], [5, 9, 6, 8], [6, 8, 7, 7], [7, 7, 8, 7], [8, 7, 9, 8], [9, 8, 10, 9], [10, 9, 11, 10], [11, 10, 7, 9], [7, 9, 3, 5], [3, 5, 4, 6], [4, 6, 5, 5], [5, 5, 6, 4], [6, 4, 7, 3], [7, 3, 8, 3], [8, 3, 9, 3], [9, 3, 10, 4], [10, 4, 11, 5], [11, 5, 10, 6], [10, 6, 11, 7], [11, 7, 12, 8], [12, 8, 13, 7], [13, 7, 14, 7], [14, 7, 13, 8], [13, 8, 9, 12], [9, 12, 10, 12], [10, 12, 11, 12], [11, 12, 12, 12], [12, 12, 13, 12], [13, 12, 14, 12], [14, 12, 14, 13], [14, 13, 10, 14], [10, 14, 6, 14], [6, 14, 7, 15], [7, 15, 3, 14], [3, 14, 4, 14], [4, 14, 0, 17], [0, 17, 1, 18], [1, 18, 2, 18], [2, 18, 3, 17], [3, 17, 4, 17], [4, 17, 5, 18], [5, 18, 6, 18], [6, 18, 7, 18], [7, 18, 8, 17], [8, 17, 9, 16], [9, 16, 10, 16], [10, 16, 8, 16], [8, 16, 9, 15], [9, 15, 10, 15], [10, 15, 6, 19], [6, 19, 2, 22], [2, 22, 3, 23], [3, 23, 4, 23], [4, 23, 5, 23], [5, 23, 6, 22], [6, 22, 7, 23], [7, 23, 5, 25], [5, 25, 6, 25], [6, 25, 7, 26], [7, 26, 8, 26], [8, 26, 9, 25], [9, 25, 10, 26], [10, 26, 11, 25], [11, 25, 12, 25], [12, 25, 13, 24], [13, 24, 14, 24], [14, 24, 10, 27], [10, 27, 11, 26], [11, 26, 12, 26], [12, 26, 13, 27], [13, 27, 14, 28], [14, 28, 12, 30], [12, 30, 13, 31], [13, 31, 14, 31], [14, 31, 11, 29], [11, 29, 12, 29], [12, 29, 13, 29], [13, 29, 14, 30]]}
META {"type": "geom", "shape": "tile", "group": "path", "data": [[14, 1], [13, 1], [12, 1], [11, 1], [12, 1], [12, 0], [13, 0], [13, 1], [14, 1], [14, 0], [13, 0], [13, 1], [12, 1], [12, 2], [11, 2], [11, 3], [10, 3], [11, 3], [11, 4], [10, 4], [10, 5], [9, 5], [9, 6], [8, 6], [8, 7], [7, 7], [7, 8], [6, 8], [5, 8], [4, 8], [3, 8], [3, 7], [4, 7], [4, 8], [5, 8], [5, 9], [6, 9], [6, 8], [7, 8], [7, 7], [8, 7], [9, 7], [9, 8], [10, 8], [10, 9], [11, 9], [11, 10], [10, 10], [9, 10], [8, 10], [7, 10], [7, 9], [6, 9], [6, 8], [5, 8], [5, 7], [4, 7], [4, 6], [3, 6], [3, 5], [4, 5], [4, 6], [5, 6], [5, 5], [6, 5], [6, 4], [7, 4], [7, 3], [8, 3], [9, 3], [10, 3], [10, 4], [11, 4], [11, 5], [10, 5], [10, 6], [11, 6], [11, 7], [12, 7], [12, 8], [13, 8], [13, 7], [14, 7], [13, 7], [13, 8], [12, 8], [12, 9], [11, 9], [11, 10], [10, 10], [10, 11], [9, 11], [9, 12], [10, 12], [11, 12], [12, 12], [13, 12], [14, 12], [14, 13], [13, 13], [12, 13], [11, 13], [10, 13], [10, 14], [9, 14], [8, 14], [7, 14], [6, 14], [7, 14], [7, 15], [6, 15], [5, 15], [4, 15], [3, 15], [3, 14], [4, 14], [3, 14], [3, 15], [2, 15], [2, 16], [1, 16], [1, 17], [0, 17], [1, 17], [1, 18], [2, 18], [3, 18], [3, 17], [4, 17], [5, 17], [5, 18], [6, 18], [7, 18], [8, 18], [8, 17], [9, 17], [9, 16], [10, 16], [9, 16], [8, 16], [9, 16], [9, 15], [10, 15], [9, 15], [9, 16], [8, 16], [8, 17], [7, 17], [7, 18], [6, 18], [6, 19], [5, 19], [5, 20], [4, 20], [4, 21], [3, 21], [3, 22], [2, 22], [3, 22], [3, 23], [4, 23], [5, 23], [6, 23], [6, 22], [7, 22], [7, 23], [6, 23], [6, 24], [5, 24], [5, 25], [6, 25], [7, 25], [7, 26], [8, 26], [9, 26], [9, 25], [10, 25], [10, 26], [11, 26], [11, 25], [12, 25], [13, 25], [13, 24], [14, 24], [13, 24], [13, 25], [12, 25], [12, 26], [11, 26], [11, 27], [10, 27], [11, 27], [11, 26], [12, 26], [13, 26], [13, 27], [14, 27], [14, 28], [13, 28], [13, 29], [12, 29], [12, 30], [13, 30], [13, 31], [14, 31], [13, 31], [13, 30], [12, 30], [12, 29], [11, 29], [12, 29], [13, 29], [14, 29], [14, 30]]}
META {"type": "geom", "shape": "line", "group": "offpath", "data": [[6, 29, 7, 28], [6, 26, 7, 27], [6, 12, 7, 12], [6, 28, 7, 29], [6, 10, 7, 10], [6, 24, 7, 25], [6, 23, 7, 24], [13, 28, 14, 29], [13, 2, 14, 2], [13, 19, 14, 19], [13, 23, 9, 23], [13, 6, 14, 6], [13, 20, 14, 20], [2, 29, 3, 29], [2, 21, 3, 22], [2, 24, 3, 25], [1, 29, 2, 29], [1, 22, 2, 21], [1, 28, 0, 28], [1, 24, 2, 24], [4, 29, 5, 29], [4, 26, 5, 26], [4, 12, 5, 11], [4, 22, 0, 21], [4, 30, 5, 30], [4, 28, 0, 25], [4, 24, 5, 24], [0, 28, 1, 29], [0, 21, 1, 22], [0, 27, 1, 28], [0, 25, 1, 24], [11, 18, 12, 19], [11, 2, 12, 3], [11, 21, 7, 22], [11, 24, 12, 24], [11, 9, 12, 9], [12, 3, 13, 2], [12, 19, 13, 20], [12, 24, 13, 23], [12, 27, 13, 28], [12, 6, 13, 6], [12, 20, 13, 19], [12, 9, 11, 9], [10, 22, 11, 21], [10, 11, 6, 12], [10, 2, 11, 2], [10, 19, 11, 18], [10, 25, 11, 24], [9, 26, 10, 25], [9, 10, 10, 11], [9, 23, 10, 22], [3, 29, 4, 30], [3, 22, 4, 22], [3, 30, 4, 29], [3, 28, 4, 28], [3, 25, 0, 27], [3, 13, 4, 12], [5, 29, 6, 28], [5, 26, 6, 26], [5, 11, 6, 10], [5, 30, 6, 29], [5, 24, 6, 23], [7, 29, 3, 30], [7, 12, 3, 13], [7, 22, 4, 24], [7, 28, 4, 26], [7, 10, 8, 10], [7, 24, 6, 24], [7, 27, 3, 28], [7, 25, 8, 25], [8, 10, 9, 10], [8, 25, 9, 26], [14, 29, 12, 27], [14, 26, 14, 27], [14, 2, 10, 2], [14, 19, 10, 19], [14, 27, 14, 26], [14, 6, 12, 6], [14, 20, 12, 20]]}
