--------------------------------
--------------------------------
--------------------X-----------
------------XXXXXX--------------
--------------------------------
------------XXXXXX--------------
--------------------------------
-------XX-----------------------
--------------------------------
-----------------X--------------
--------------------------------
------------Q-------------------
--------------------------XX----
------XX------------<>---XXX----
-{---XXX------------[]--XXXX--}-
XXXXXXXX--XXXXXX--XXXXXXXXXXXXXX
META {"type": "solver", "id": "pysat-rc2-boolonly", "objective": 0}
META {"type": "geom", "shape": "path", "group": "path", "data": [[14, 1, 10, 1], [10, 1, 11, 2], [11, 2, 12, 3], [12, 3, 13, 2], [13, 2, 14, 3], [14, 3, 14, 4], [14, 4, 10, 3], [10, 3, 11, 4], [11, 4, 12, 4], [12, 4, 13, 5], [13, 5, 10, 7], [10, 7, 11, 7], [11, 7, 12, 7], [12, 7, 8, 11], [8, 11, 9, 12], [9, 12, 10, 12], [10, 12, 6, 8], [6, 8, 2, 12], [2, 12, 0, 14], [0, 14, 1, 15], [1, 15, 2, 16], [2, 16, 2, 15], [2, 15, 0, 16], [0, 16, 1, 17], [1, 17, 2, 17], [2, 17, 2, 18], [2, 18, 3, 19], [3, 19, 4, 20], [4, 20, 5, 19], [5, 19, 6, 18], [6, 18, 7, 17], [7, 17, 8, 16], [8, 16, 9, 15], [9, 15, 10, 14], [10, 14, 11, 14], [11, 14, 12, 14], [12, 14, 13, 15], [13, 15, 14, 15], [14, 15, 11, 17], [11, 17, 12, 18], [12, 18, 13, 18], [13, 18, 14, 18], [14, 18, 10, 18], [10, 18, 11, 19], [11, 19, 12, 20], [12, 20, 9, 23], [9, 23, 10, 23], [10, 23, 11, 24], [11, 24, 12, 23], [12, 23, 13, 23], [13, 23, 14, 23], [14, 23, 12, 25], [12, 25, 11, 25], [11, 25, 12, 24], [12, 24, 13, 24], [13, 24, 9, 28], [9, 28, 10, 29], [10, 29, 11, 30], [11, 30, 12, 30], [12, 30, 13, 31], [13, 31, 14, 31], [14, 31, 11, 28], [11, 28, 12, 28], [12, 28, 13, 28], [13, 28, 14, 29], [14, 29, 14, 30]]}
META {"type": "geom", "shape": "tile", "group": "path", "data": [[14, 1], [13, 1], [12, 1], [11, 1], [10, 1], [11, 1], [11, 2], [12, 2], [12, 3], [13, 3], [13, 2], [14, 2], [14, 3], [14, 4], [13, 4], [12, 4], [11, 4], [10, 4], [10, 3], [11, 3], [11, 4], [12, 4], [13, 4], [13, 5], [12, 5], [12, 6], [11, 6], [11, 7], [10, 7], [11, 7], [12, 7], [11, 7], [11, 8], [10, 8], [10, 9], [9, 9], [9, 10], [8, 10], [8, 11], [9, 11], [9, 12], [10, 12], [9, 12], [9, 11], [8, 11], [8, 10], [7, 10], [7, 9], [6, 9], [6, 8], [5, 8], [5, 9], [4, 9], [4, 10], [3, 10], [3, 11], [2, 11], [2, 12], [1, 12], [1, 13], [0, 13], [0, 14], [1, 14], [1, 15], [2, 15], [2, 16], [2, 15], [1, 15], [1, 16], [0, 16], [1, 16], [1, 17], [2, 17], [2, 18], [3, 18], [3, 19], [4, 19], [4, 20], [5, 20], [5, 19], [6, 19], [6, 18], [7, 18], [7, 17], [8, 17], [8, 16], [9, 16], [9, 15], [10, 15], [10, 14], [11, 14], [12, 14], [13, 14], [13, 15], [14, 15], [13, 15], [13, 16], [12, 16], [12, 17], [11, 17], [12, 17], [12, 18], [13, 18], [14, 18], [13, 18], [12, 18], [11, 18], [10, 18], [11, 18], [11, 19], [12, 19], [12, 20], [11, 20], [11, 21], [10, 21], [10, 22], [9, 22], [9, 23], [10, 23], [11, 23], [11, 24], [12, 24], [12, 23], [13, 23], [14, 23], [13, 23], [13, 24], [12, 24], [12, 25], [11, 25], [12, 25], [12, 24], [13, 24], [12, 24], [12, 25], [11, 25], [11, 26], [10, 26], [10, 27], [9, 27], [9, 28], [10, 28], [10, 29], [11, 29], [11, 30], [12, 30], [13, 30], [13, 31], [14, 31], [13, 31], [13, 30], [12, 30], [12, 29], [11, 29], [11, 28], [12, 28], [13, 28], [14, 28], [14, 29], [14, 30]]}
META {"type": "geom", "shape": "line", "group": "offpath", "data": [[13, 13, 14, 12], [13, 11, 14, 10], [13, 14, 14, 13], [13, 1, 14, 0], [13, 3, 14, 2], [13, 22, 14, 22], [14, 12, 13, 13], [14, 13, 14, 14], [14, 11, 12, 12], [14, 0, 10, 0], [14, 14, 12, 15], [14, 2, 13, 1], [14, 10, 14, 11], [14, 22, 11, 22], [12, 12, 13, 11], [12, 15, 13, 14], [12, 21, 8, 17], [12, 2, 13, 3], [12, 6, 8, 6], [12, 22, 13, 22], [2, 13, 0, 11], [2, 8, 3, 7], [2, 14, 1, 13], [10, 0, 11, 1], [10, 25, 11, 26], [10, 5, 11, 5], [10, 22, 11, 23], [3, 7, 4, 6], [9, 24, 10, 25], [9, 21, 10, 22], [9, 5, 10, 5], [5, 21, 6, 22], [5, 7, 6, 7], [8, 23, 9, 24], [8, 21, 9, 21], [8, 17, 4, 21], [8, 6, 9, 5], [7, 23, 8, 23], [7, 21, 8, 21], [1, 12, 2, 13], [1, 13, 2, 14], [1, 20, 0, 19], [11, 23, 12, 22], [11, 1, 12, 2], [11, 26, 7, 23], [11, 5, 12, 6], [11, 22, 12, 21], [0, 11, 1, 12], [0, 19, 1, 20], [4, 12, 4, 13], [4, 13, 4, 12], [4, 16, 4, 15], [4, 15, 4, 16], [4, 21, 5, 21], [4, 6, 5, 7], [6, 7, 2, 8], [6, 22, 7, 21]]}
