XXXXXXXXXXXXXXXX
XXXXXXXXXXXXXXXX
XXX-----XXX}XXXX
XX---XX-----XXXX
XXXX--X---X---XX
XXXX---XX-XXX-XX
XXX--XXXX-XXX-XX
XXX--XXXX-XXX-XX
XX---XXX------XX
XXX-#---X-----XX
XXX-----XXXX--XX
XXX--X--XXXX--XX
XXXXXXX-XXXXXXXX
XXXXXXX-XXXXXXXX
XXXXXXX-XXXXXXXX
XXXXXX--XXXXX-XX
XX------XXXX--XX
XX--XXX-XXXX--XX
XXX-XXX-XXX---XX
XXX-XXX----#--XX
XXX------X---XXX
XXX---XXXXX-XXXX
XX----XXXXX-XXXX
XX##--XXXX--XXXX
XX---#----XXXXXX
XX-#---X--XXXXXX
XX----XX--XXXXXX
XX-----X-#--XXXX
XX-----------XXX
XX---{-------XXX
XXXXXXXXXXXXXXXX
XXXXXXXXXXXXXXXX
META {"type": "solver", "id": "pysat-rc2", "objective": 0}
META {"type": "geom", "shape": "path", "group": "path", "data": [[29, 5, 25, 5], [25, 5, 25, 4], [25, 4, 29, 4], [29, 4, 29, 2], [29, 2, 29, 12], [29, 12, 28, 12], [28, 12, 28, 2], [28, 2, 24, 2], [24, 2, 24, 4], [24, 4, 20, 4], [20, 4, 20, 8], [20, 8, 19, 8], [19, 8, 19, 7], [19, 7, 9, 7], [9, 7, 9, 5], [9, 5, 10, 5], [10, 5, 10, 3], [10, 3, 6, 3], [6, 3, 6, 4], [6, 4, 2, 4], [2, 4, 2, 3], [2, 3, 2, 7], [2, 7, 4, 7], [4, 7, 4, 9], [4, 9, 3, 9], [3, 9, 3, 11], [3, 11, 2, 11]]}
META {"type": "geom", "shape": "tile", "group": "path", "data": [[29, 5], [28, 5], [27, 5], [26, 5], [25, 5], [25, 4], [26, 4], [27, 4], [28, 4], [29, 4], [29, 3], [29, 2], [29, 3], [29, 4], [29, 5], [29, 6], [29, 7], [29, 8], [29, 9], [29, 10], [29, 11], [29, 12], [28, 12], [28, 11], [28, 10], [28, 9], [28, 8], [28, 7], [28, 6], [28, 5], [28, 4], [28, 3], [28, 2], [27, 2], [26, 2], [25, 2], [24, 2], [24, 3], [24, 4], [23, 4], [22, 4], [21, 4], [20, 4], [20, 5], [20, 6], [20, 7], [20, 8], [19, 8], [19, 7], [18, 7], [17, 7], [16, 7], [15, 7], [14, 7], [13, 7], [12, 7], [11, 7], [10, 7], [9, 7], [9, 6], [9, 5], [10, 5], [10, 4], [10, 3], [9, 3], [8, 3], [7, 3], [6, 3], [6, 4], [5, 4], [4, 4], [3, 4], [2, 4], [2, 3], [2, 4], [2, 5], [2, 6], [2, 7], [3, 7], [4, 7], [4, 8], [4, 9], [3, 9], [3, 10], [3, 11], [2, 11]]}
META {"type": "geom", "shape": "line", "group": "offpath", "data": [[20, 3, 22, 3], [20, 5, 20, 3], [20, 12, 16, 12], [16, 13, 15, 13], [16, 2, 17, 2], [16, 12, 16, 13], [15, 6, 15, 7], [15, 13, 19, 13], [15, 7, 15, 6], [3, 2, 3, 4], [3, 4, 3, 2], [25, 6, 24, 6], [25, 8, 25, 9], [25, 9, 25, 8], [19, 13, 19, 12], [19, 12, 20, 12], [23, 10, 23, 11], [23, 11, 23, 10], [28, 7, 29, 7], [18, 13, 18, 11], [18, 11, 18, 13], [24, 6, 25, 6], [29, 6, 27, 6], [29, 10, 27, 10], [29, 11, 27, 11], [29, 7, 28, 7], [11, 3, 11, 4], [11, 13, 11, 12], [11, 12, 11, 13], [11, 4, 11, 3], [21, 3, 21, 5], [21, 5, 21, 3], [8, 11, 9, 11], [8, 2, 8, 4], [8, 4, 8, 2], [9, 13, 9, 9], [9, 11, 8, 11], [9, 9, 9, 13], [17, 13, 17, 12], [17, 2, 16, 2], [17, 12, 17, 13], [22, 3, 22, 5], [22, 5, 20, 5], [27, 6, 29, 6], [27, 10, 29, 10], [27, 11, 29, 11]]}
