XXXXXXXXXXXXXXXX
X0--X------XXXXX
XXXX--XX-XX---1X
XXXX-XXXXXXX-XXX
X----XXXXXXX-XXX
X---X---XX--X-XX
XX----XXXXX-X-XX
XXXX--XXXXX-X--X
XXXX--XXX------X
X--------------X
XX---X---XXXX--X
X----X-XX------X
XXXX-X-XX-X--XXX
XXXX-X-XX----XXX
X2------------3X
XXXXXXXXXXXXXXXX
META {"type": "solver", "id": "pysat-rc2", "objective": 0}
META {"type": "geom", "shape": "path", "group": "path", "data": [[14, 1, 14, 2], [14, 2, 14, 3], [14, 3, 14, 4], [14, 4, 13, 4], [13, 4, 12, 4], [12, 4, 11, 4], [11, 4, 11, 3], [11, 3, 10, 3], [10, 3, 9, 3], [9, 3, 9, 4], [9, 4, 9, 5], [9, 5, 9, 6], [9, 6, 10, 6], [10, 6, 10, 7], [10, 7, 10, 8], [10, 8, 9, 8], [9, 8, 9, 9], [9, 9, 9, 10], [9, 10, 9, 11], [9, 11, 9, 12], [9, 12, 8, 12], [8, 12, 8, 13], [8, 13, 9, 13], [9, 13, 10, 13], [10, 13, 10, 14], [10, 14, 11, 14], [11, 14, 11, 13], [11, 13, 11, 12], [11, 12, 11, 11], [11, 11, 11, 10], [11, 10, 11, 9], [11, 9, 12, 9], [12, 9, 13, 9], [13, 9, 13, 10], [13, 10, 14, 10], [14, 10, 14, 11], [14, 11, 14, 12], [14, 12, 14, 13], [14, 13, 14, 14]]}
META {"type": "geom", "shape": "tile", "group": "path", "data": [[14, 1], [14, 2], [14, 3], [14, 4], [13, 4], [12, 4], [11, 4], [11, 3], [10, 3], [9, 3], [9, 4], [9, 5], [9, 6], [10, 6], [10, 7], [10, 8], [9, 8], [9, 9], [9, 10], [9, 11], [9, 12], [8, 12], [8, 13], [9, 13], [10, 13], [10, 14], [11, 14], [11, 13], [11, 12], [11, 11], [11, 10], [11, 9], [12, 9], [13, 9], [13, 10], [14, 10], [14, 11], [14, 12], [14, 13], [14, 14]]}
META {"type": "geom", "shape": "line", "group": "offpath", "data": [[5, 5, 5, 6], [5, 6, 5, 5], [13, 12, 13, 11], [13, 6, 12, 6], [13, 11, 12, 11], [6, 13, 7, 13], [12, 12, 13, 12], [12, 6, 13, 6], [12, 11, 12, 12], [14, 8, 14, 7], [14, 7, 14, 8], [7, 13, 6, 13], [9, 2, 9, 1], [9, 1, 9, 2]]}
