XXXXXXXXXXXXXXXX
X0--XX--X-XX--1X
XXXX-----XXXXXXX
XXXX-XXX-XXXXXXX
X-------X-XX---X
X-------X-XX-X-X
XX------X-XX--XX
X---XXX---XX---X
XX--XXX-XXXXXXXX
XX------XXXXXXXX
XX-------------X
XX---------XXXXX
XXX--X-XXX-XXXXX
XXX----------XXX
X2--XX-XX-XX--3X
XXXXXXXXXXXXXXXX
META {"type": "solver", "id": "pysat-rc2", "objective": 0}
META {"type": "geom", "shape": "path", "group": "path", "data": [[14, 1, 14, 2], [14, 2, 14, 3], [14, 3, 13, 3], [13, 3, 12, 3], [12, 3, 11, 3], [11, 3, 11, 4], [11, 4, 10, 4], [10, 4, 9, 4], [9, 4, 9, 3], [9, 3, 9, 2], [9, 2, 8, 2], [8, 2, 7, 2], [7, 2, 6, 2], [6, 2, 5, 2], [5, 2, 5, 1], [5, 1, 4, 1], [4, 1, 4, 2], [4, 2, 4, 3], [4, 3, 5, 3], [5, 3, 5, 4], [5, 4, 5, 5], [5, 5, 4, 5], [4, 5, 4, 6], [4, 6, 5, 6], [5, 6, 6, 6], [6, 6, 6, 7], [6, 7, 7, 7], [7, 7, 8, 7], [8, 7, 9, 7], [9, 7, 9, 6], [9, 6, 9, 5], [9, 5, 10, 5], [10, 5, 11, 5], [11, 5, 11, 6], [11, 6, 10, 6], [10, 6, 10, 7], [10, 7, 11, 7], [11, 7, 11, 8], [11, 8, 11, 9], [11, 9, 11, 10], [11, 10, 12, 10], [12, 10, 13, 10], [13, 10, 13, 11], [13, 11, 13, 12], [13, 12, 14, 12], [14, 12, 14, 13], [14, 13, 14, 14]]}
META {"type": "geom", "shape": "tile", "group": "path", "data": [[14, 1], [14, 2], [14, 3], [13, 3], [12, 3], [11, 3], [11, 4], [10, 4], [9, 4], [9, 3], [9, 2], [8, 2], [7, 2], [6, 2], [5, 2], [5, 1], [4, 1], [4, 2], [4, 3], [5, 3], [5, 4], [5, 5], [4, 5], [4, 6], [5, 6], [6, 6], [6, 7], [7, 7], [8, 7], [9, 7], [9, 6], [9, 5], [10, 5], [11, 5], [11, 6], [10, 6], [10, 7], [11, 7], [11, 8], [11, 9], [11, 10], [12, 10], [13, 10], [13, 11], [13, 12], [14, 12], [14, 13], [14, 14]]}
META {"type": "geom", "shape": "line", "group": "offpath", "data": [[6, 9, 5, 9], [4, 7, 5, 7], [13, 9, 13, 8], [13, 8, 13, 9], [13, 4, 12, 4], [12, 4, 13, 4], [7, 9, 7, 8], [7, 3, 8, 3], [7, 8, 7, 9], [10, 9, 10, 10], [10, 3, 10, 2], [10, 2, 10, 3], [10, 10, 10, 9], [5, 7, 4, 7], [5, 9, 6, 9], [8, 3, 7, 3]]}
