XXXXXXXXXXXXXXXX
XX0----X-----XXX
XXXX----------1X
XXXX-----XXXXXXX
XX-------XXXXXXX
X-X---XXX------X
X-X------X-XXXXX
X-X-XXXX---XXXXX
XX-XXXXXX------X
X--XXXXXXX-----X
XX-XXXXXXX-XXX-X
X---XX-XX-X----X
XXX-XX-XX-X--XXX
XXX-------X--XXX
X2-XX-XX---XX-3X
XXXXXXXXXXXXXXXX
META {"type": "solver", "id": "pysat-rc2", "objective": 0}
META {"type": "geom", "shape": "path", "group": "path", "data": [[1, 2, 1, 3], [1, 3, 1, 4], [1, 4, 2, 4], [2, 4, 3, 4], [3, 4, 3, 5], [3, 5, 4, 5], [4, 5, 4, 6], [4, 6, 3, 6], [3, 6, 3, 7], [3, 7, 2, 7], [2, 7, 2, 8], [2, 8, 1, 8], [1, 8, 1, 9], [1, 9, 1, 10], [1, 10, 2, 10], [2, 10, 2, 11], [2, 11, 1, 11], [1, 11, 1, 12], [1, 12, 2, 12], [2, 12, 2, 13], [2, 13, 2, 14]]}
META {"type": "geom", "shape": "tile", "group": "path", "data": [[1, 2], [1, 3], [1, 4], [2, 4], [3, 4], [3, 5], [4, 5], [4, 6], [3, 6], [3, 7], [2, 7], [2, 8], [1, 8], [1, 9], [1, 10], [2, 10], [2, 11], [1, 11], [1, 12], [2, 12], [2, 13], [2, 14]]}
META {"type": "geom", "shape": "line", "group": "offpath", "data": [[2, 5, 2, 6], [2, 6, 2, 5], [5, 5, 5, 4], [5, 4, 5, 5], [5, 10, 6, 10], [7, 9, 8, 9], [8, 9, 7, 9], [8, 10, 9, 10], [6, 5, 6, 6], [6, 7, 6, 8], [6, 8, 6, 7], [6, 6, 6, 5], [6, 10, 5, 10], [9, 13, 9, 14], [9, 14, 9, 13], [9, 10, 8, 10], [1, 5, 1, 6], [1, 6, 1, 5]]}
