XXXXXXXXXXXXXXXX
XXXX-XXXX-XXXXXX
X0----XXX-----1X
XXX--X------XXXX
XXXX-X--XXX-XXXX
XXXX-X-X-------X
XX---X-X-XXXX-XX
X-X----X-----X-X
X--X----XX-XXXXX
XXXXXXX-XX-XXXXX
XXXXXXX--------X
X------XXXX----X
XXX---XXXXXX-XXX
XXX-X-XXXXXX-XXX
X2-------XX---3X
XXXXXXXXXXXXXXXX
META {"type": "solver", "id": "pysat-rc2", "objective": 0}
META {"type": "geom", "shape": "path", "group": "path", "data": [[2, 1, 2, 2], [2, 2, 2, 3], [2, 3, 2, 4], [2, 4, 3, 4], [3, 4, 4, 4], [4, 4, 5, 4], [5, 4, 6, 4], [6, 4, 7, 4], [7, 4, 7, 5], [7, 5, 7, 6], [7, 6, 8, 6], [8, 6, 8, 7], [8, 7, 9, 7], [9, 7, 10, 7], [10, 7, 10, 8], [10, 8, 10, 9], [10, 9, 10, 10], [10, 10, 9, 10], [9, 10, 8, 10], [8, 10, 7, 10], [7, 10, 7, 9], [7, 9, 7, 8], [7, 8, 6, 8], [6, 8, 5, 8], [5, 8, 5, 9], [5, 9, 5, 10], [5, 10, 5, 11], [5, 11, 4, 11], [4, 11, 3, 11], [3, 11, 2, 11], [2, 11, 2, 12], [2, 12, 2, 13], [2, 13, 2, 14]]}
META {"type": "geom", "shape": "tile", "group": "path", "data": [[2, 1], [2, 2], [2, 3], [2, 4], [3, 4], [4, 4], [5, 4], [6, 4], [7, 4], [7, 5], [7, 6], [8, 6], [8, 7], [9, 7], [10, 7], [10, 8], [10, 9], [10, 10], [9, 10], [8, 10], [7, 10], [7, 9], [7, 8], [6, 8], [5, 8], [5, 9], [5, 10], [5, 11], [4, 11], [3, 11], [2, 11], [2, 12], [2, 13], [2, 14]]}
META {"type": "geom", "shape": "line", "group": "offpath", "data": [[8, 5, 8, 4], [8, 4, 8, 5], [11, 13, 11, 14], [11, 11, 10, 11], [11, 3, 11, 4], [11, 14, 11, 13], [11, 4, 12, 4], [11, 12, 12, 12], [5, 13, 5, 12], [5, 12, 5, 13], [12, 3, 11, 3], [12, 4, 12, 3], [12, 12, 11, 12], [14, 11, 14, 12], [14, 12, 14, 11], [10, 11, 11, 11]]}
