XXXXXXXXXXXXXXXX
XXXXXXXXXXXXXXXX
XXX---XXXX}XXXXX
XX----XXXX--XXXX
XXXX-----XX-XXXX
XXXX##----X--XXX
XXXX--XXX----XXX
XXXX--XXX##---XX
XXX-----------XX
XX--##---XX---XX
XX-----#--X-XXXX
XXXX--------XXXX
XXXX----X----XXX
XXX-XX-XX----XXX
XX--XX--X-XX--XX
XX---X-----XX-XX
XX##----#---XXXX
XX--#-#-----XXXX
XX-------##--XXX
XXXX---------XXX
XXXX-------#-XXX
XXX---####---XXX
XXX-----------XX
XXX-----------XX
XXX--#-##-----XX
XXX-----------XX
XX-X--X--XX---XX
XXXXXXX---X---XX
XXXXXXX-X--{-XXX
XXXXXXXXXXXXXXXX
XXXXXXXXXXXXXXXX
XXXXXXXXXXXXXXXX
META {"type": "solver", "id": "pysat-rc2", "objective": 0}
META {"type": "geom", "shape": "path", "group": "path", "data": [[28, 11, 28, 9], [28, 9, 27, 9], [27, 9, 27, 7], [27, 7, 25, 7], [25, 7, 25, 13], [25, 13, 25, 3], [25, 3, 21, 3], [21, 3, 21, 5], [21, 5, 23, 5], [23, 5, 23, 3], [23, 3, 23, 13], [23, 13, 27, 13], [27, 13, 27, 11], [27, 11, 21, 11], [21, 11, 21, 12], [21, 12, 21, 10], [21, 10, 19, 10], [19, 10, 19, 4], [19, 4, 18, 4], [18, 4, 18, 2], [18, 2, 18, 8], [18, 8, 17, 8], [17, 8, 17, 7], [17, 7, 17, 11], [17, 11, 16, 11], [16, 11, 16, 9], [16, 9, 10, 9], [10, 9, 10, 8], [10, 8, 11, 8], [11, 8, 11, 4], [11, 4, 10, 4], [10, 4, 10, 6], [10, 6, 10, 2], [10, 2, 9, 2], [9, 2, 9, 3], [9, 3, 8, 3], [8, 3, 8, 13], [8, 13, 9, 13], [9, 13, 9, 11], [9, 11, 13, 11], [13, 11, 3, 11], [3, 11, 3, 10], [3, 10, 2, 10]]}
META {"type": "geom", "shape": "tile", "group": "path", "data": [[28, 11], [28, 10], [28, 9], [27, 9], [27, 8], [27, 7], [26, 7], [25, 7], [25, 8], [25, 9], [25, 10], [25, 11], [25, 12], [25, 13], [25, 12], [25, 11], [25, 10], [25, 9], [25, 8], [25, 7], [25, 6], [25, 5], [25, 4], [25, 3], [24, 3], [23, 3], [22, 3], [21, 3], [21, 4], [21, 5], [22, 5], [23, 5], [23, 4], [23, 3], [23, 4], [23, 5], [23, 6], [23, 7], [23, 8], [23, 9], [23, 10], [23, 11], [23, 12], [23, 13], [24, 13], [25, 13], [26, 13], [27, 13], [27, 12], [27, 11], [26, 11], [25, 11], [24, 11], [23, 11], [22, 11], [21, 11], [21, 12], [21, 11], [21, 10], [20, 10], [19, 10], [19, 9], [19, 8], [19, 7], [19, 6], [19, 5], [19, 4], [18, 4], [18, 3], [18, 2], [18, 3], [18, 4], [18, 5], [18, 6], [18, 7], [18, 8], [17, 8], [17, 7], [17, 8], [17, 9], [17, 10], [17, 11], [16, 11], [16, 10], [16, 9], [15, 9], [14, 9], [13, 9], [12, 9], [11, 9], [10, 9], [10, 8], [11, 8], [11, 7], [11, 6], [11, 5], [11, 4], [10, 4], [10, 5], [10, 6], [10, 5], [10, 4], [10, 3], [10, 2], [9, 2], [9, 3], [8, 3], [8, 4], [8, 5], [8, 6], [8, 7], [8, 8], [8, 9], [8, 10], [8, 11], [8, 12], [8, 13], [9, 13], [9, 12], [9, 11], [10, 11], [11, 11], [12, 11], [13, 11], [12, 11], [11, 11], [10, 11], [9, 11], [8, 11], [7, 11], [6, 11], [5, 11], [4, 11], [3, 11], [3, 10], [2, 10]]}
META {"type": "geom", "shape": "line", "group": "offpath", "data": [[12, 7, 11, 7], [12, 12, 14, 12], [25, 8, 27, 8], [27, 8, 25, 8], [24, 3, 24, 4], [24, 4, 24, 3], [26, 13, 26, 11], [26, 11, 26, 13], [19, 9, 20, 9], [18, 12, 28, 12], [14, 3, 14, 2], [14, 12, 12, 12], [14, 2, 14, 3], [20, 9, 19, 9], [2, 3, 2, 5], [2, 5, 4, 5], [2, 4, 2, 3], [13, 10, 11, 10], [13, 3, 15, 3], [9, 6, 9, 8], [9, 8, 9, 6], [11, 10, 13, 10], [11, 7, 12, 7], [28, 12, 18, 12], [4, 7, 5, 7], [4, 5, 4, 4], [4, 6, 4, 8], [4, 4, 2, 4], [4, 8, 5, 8], [17, 3, 17, 2], [17, 2, 17, 3], [15, 3, 13, 3], [5, 7, 4, 7], [5, 6, 4, 6], [5, 8, 5, 6], [22, 13, 22, 3], [22, 3, 22, 13], [7, 13, 7, 11], [7, 11, 7, 13]]}
