XXXXXXXXXXXXXXXX
XXXXXXXXXXXXXXXX
XXXXX}XXX----XXX
XXXXX--------XXX
XXXXX----XX---XX
XXX--XXXXXX-#-XX
XXX--XXXXXX---XX
XXX--XXXXXX---XX
XXX----XXXX---XX
XX---#-XXX----XX
XX-#---XXX##--XX
XX-----XXX----XX
XX--#--------XXX
XX----#--#-XXXXX
XXX--------XXXXX
XXX-#---#---XXXX
XXX-------#-XXXX
XX---XXX----XXXX
XX##-XXX##---XXX
XX---XXX---#-XXX
XXX--XXXX----XXX
XXXXXXXXX##--XXX
XXXXXXX----#--XX
XXXXXXXXX-----XX
XXXX--XXXX--#-XX
XXX---XXXX----XX
XX--#--XXX-{--XX
XX-----XXXXXXXXX
XXX----XXXXXXXXX
XXX--XX--XXXXXXX
XXXXXXXXXXXXXXXX
XXXXXXXXXXXXXXXX
META {"type": "solver", "id": "pysat-rc2", "objective": 0}
META {"type": "geom", "shape": "path", "group": "path", "data": [[26, 11, 26, 13], [26, 13, 22, 13], [22, 13, 22, 12], [22, 12, 18, 12], [18, 12, 18, 10], [18, 10, 17, 10], [17, 10, 17, 11], [17, 11, 15, 11], [15, 11, 15, 9], [15, 9, 17, 9], [17, 9, 17, 8], [17, 8, 16, 8], [16, 8, 16, 9], [16, 9, 16, 3], [16, 3, 17, 3], [17, 3, 11, 3], [11, 3, 11, 2], [11, 2, 11, 6], [11, 6, 12, 6], [12, 6, 12, 12], [12, 12, 6, 12], [6, 12, 6, 13], [6, 13, 6, 11], [6, 11, 2, 11], [2, 11, 2, 9], [2, 9, 3, 9], [3, 9, 3, 5], [3, 5, 4, 5], [4, 5, 2, 5]]}
META {"type": "geom", "shape": "tile", "group": "path", "data": [[26, 11], [26, 12], [26, 13], [25, 13], [24, 13], [23, 13], [22, 13], [22, 12], [21, 12], [20, 12], [19, 12], [18, 12], [18, 11], [18, 10], [17, 10], [17, 11], [16, 11], [15, 11], [15, 10], [15, 9], [16, 9], [17, 9], [17, 8], [16, 8], [16, 9], [16, 8], [16, 7], [16, 6], [16, 5], [16, 4], [16, 3], [17, 3], [16, 3], [15, 3], [14, 3], [13, 3], [12, 3], [11, 3], [11, 2], [11, 3], [11, 4], [11, 5], [11, 6], [12, 6], [12, 7], [12, 8], [12, 9], [12, 10], [12, 11], [12, 12], [11, 12], [10, 12], [9, 12], [8, 12], [7, 12], [6, 12], [6, 13], [6, 12], [6, 11], [5, 11], [4, 11], [3, 11], [2, 11], [2, 10], [2, 9], [3, 9], [3, 8], [3, 7], [3, 6], [3, 5], [4, 5], [3, 5], [2, 5]]}
META {"type": "geom", "shape": "line", "group": "offpath", "data": [[28, 5, 28, 3], [28, 3, 29, 3], [29, 4, 27, 4], [29, 3, 29, 4], [3, 6, 4, 6], [3, 10, 2, 10], [20, 10, 20, 9], [20, 4, 20, 3], [20, 9, 19, 9], [20, 11, 21, 11], [20, 3, 19, 3], [4, 6, 3, 6], [11, 4, 5, 4], [27, 6, 26, 6], [27, 2, 27, 6], [27, 4, 27, 2], [24, 10, 24, 11], [24, 11, 24, 10], [10, 12, 10, 13], [10, 5, 16, 5], [10, 13, 10, 12], [25, 12, 26, 12], [25, 5, 25, 3], [25, 3, 25, 5], [13, 2, 9, 2], [13, 8, 13, 7], [13, 7, 13, 8], [26, 6, 26, 5], [26, 12, 25, 12], [26, 5, 28, 5], [2, 10, 3, 10], [21, 11, 20, 11], [16, 5, 10, 5], [23, 9, 23, 13], [23, 13, 23, 9], [5, 4, 11, 4], [19, 10, 20, 10], [19, 8, 19, 10], [19, 4, 20, 4], [19, 9, 19, 8], [19, 3, 19, 4], [9, 2, 13, 2], [17, 2, 17, 4], [17, 4, 17, 2]]}
