XXXXXXXXXXXXXXXX
XXXXXXXXXXXXXXXX
XXXXXX---XXX}XXX
XXXXX--------XXX
XX----X-------XX
XX----XX-#--X-XX
XX-X---X---XX-XX
XX-XXX------X-XX
XX-XXX##--#---XX
XX-XXX--------XX
XX------#--X--XX
XX----X---XXXXXX
XX--XXXX--XXXXXX
XXXXXXXX--XXXXXX
XXXXXXXXX---XXXX
XXXXXXXXX----XXX
XXXXXXXXX----XXX
XX-------#---XXX
XX-----#---X-XXX
XX-X------XX-XXX
XX-XXX--#--X-XXX
XX-XXX-------XXX
XX-------##--XXX
XX-----X-----XXX
XX-----XX-----XX
XX-XXX--X-XX--XX
XX-XXX-----XX-XX
XX-XXX--{---XXXX
XX-----XXXX--XXX
XXX---XXXXX--XXX
XXXXXXXXXXXXXXXX
XXXXXXXXXXXXXXXX
META {"type": "solver", "id": "pysat-rc2", "objective": 0}
META {"type": "geom", "shape": "path", "group": "path", "data": [[27, 8, 27, 6], [27, 6, 17, 6], [17, 6, 17, 2], [17, 2, 17, 8], [17, 8, 19, 8], [19, 8, 19, 9], [19, 9, 18, 9], [18, 9, 18, 10], [18, 10, 14, 10], [14, 10, 14, 11], [14, 11, 14, 9], [14, 9, 16, 9], [16, 9, 6, 9], [6, 9, 6, 10], [6, 10, 6, 8], [6, 8, 2, 8], [2, 8, 2, 6], [2, 6, 3, 6], [3, 6, 3, 12], [3, 12, 2, 12]]}
META {"type": "geom", "shape": "tile", "group": "path", "data": [[27, 8], [27, 7], [27, 6], [26, 6], [25, 6], [24, 6], [23, 6], [22, 6], [21, 6], [20, 6], [19, 6], [18, 6], [17, 6], [17, 5], [17, 4], [17, 3], [17, 2], [17, 3], [17, 4], [17, 5], [17, 6], [17, 7], [17, 8], [18, 8], [19, 8], [19, 9], [18, 9], [18, 10], [17, 10], [16, 10], [15, 10], [14, 10], [14, 11], [14, 10], [14, 9], [15, 9], [16, 9], [15, 9], [14, 9], [13, 9], [12, 9], [11, 9], [10, 9], [9, 9], [8, 9], [7, 9], [6, 9], [6, 10], [6, 9], [6, 8], [5, 8], [4, 8], [3, 8], [2, 8], [2, 7], [2, 6], [3, 6], [3, 7], [3, 8], [3, 9], [3, 10], [3, 11], [3, 12], [2, 12]]}
META {"type": "geom", "shape": "line", "group": "offpath", "data": [[28, 11, 29, 11], [28, 6, 28, 2], [28, 12, 28, 11], [28, 2, 28, 6], [9, 6, 10, 6], [9, 7, 9, 6], [29, 11, 29, 12], [29, 3, 29, 5], [29, 5, 29, 3], [29, 12, 28, 12], [19, 5, 17, 5], [19, 4, 17, 4], [26, 13, 24, 13], [21, 8, 21, 12], [21, 12, 15, 12], [6, 6, 7, 6], [6, 5, 6, 4], [6, 4, 4, 4], [11, 7, 9, 7], [11, 5, 10, 5], [23, 6, 23, 2], [23, 8, 21, 8], [23, 9, 23, 8], [23, 10, 24, 10], [23, 2, 23, 6], [7, 6, 6, 6], [8, 13, 10, 13], [8, 8, 8, 9], [8, 9, 8, 8], [8, 12, 8, 13], [25, 13, 26, 13], [25, 12, 25, 13], [5, 3, 4, 3], [18, 3, 17, 3], [4, 13, 4, 7], [4, 7, 4, 13], [4, 3, 5, 3], [4, 5, 6, 5], [4, 4, 4, 5], [24, 13, 24, 9], [24, 6, 24, 2], [24, 9, 23, 9], [24, 4, 22, 4], [24, 10, 23, 10], [24, 2, 24, 6], [22, 8, 22, 2], [22, 4, 24, 4], [22, 2, 22, 8], [20, 6, 20, 7], [20, 7, 20, 6], [20, 9, 20, 10], [20, 10, 20, 9], [17, 3, 18, 3], [17, 5, 19, 5], [17, 4, 19, 4], [15, 12, 25, 12], [10, 13, 10, 12], [10, 6, 10, 2], [10, 7, 11, 7], [10, 3, 10, 7], [10, 5, 11, 5], [10, 12, 8, 12], [10, 2, 12, 2], [12, 3, 10, 3], [12, 2, 12, 3]]}
