--------------------------------
--------------------------------
---------------------X----------
--------------------------------
------------------X-------------
--------------------------------
-------------------------X------
----------Q--------X------------
------X---------------X---------
--------------------------------
---------<>-------XX------------
---------[]------XXX---Q--------
------Q--[]-----XXXX-------X----
---------[]----XXXXX------XX----
-{-------[]---XXXXXX-----XXX--}-
XXXXXXXXXXXXXXXXXXXXXXXXXXXXXXXX
META {"type": "solver", "id": "pysat-rc2", "objective": 0}
META {"type": "geom", "shape": "path", "group": "path", "data": [[14, 1, 14, 2], [14, 2, 14, 3], [14, 3, 11, 6], [11, 6, 8, 9], [8, 9, 9, 10], [9, 10, 9, 11], [9, 11, 10, 11], [10, 11, 11, 12], [11, 12, 12, 13], [12, 13, 13, 14], [13, 14, 9, 18], [9, 18, 9, 19], [9, 19, 9, 20], [9, 20, 10, 20], [10, 20, 11, 21], [11, 21, 12, 22], [12, 22, 13, 23], [13, 23, 14, 24], [14, 24, 11, 27], [11, 27, 11, 28], [11, 28, 12, 28], [12, 28, 13, 29], [13, 29, 14, 30]]}
