--------------------------------
--------------------------------
-----------------X--------------
--------------------Q-----------
--------------------------------
--------------------------------
------------------------Q-------
--------------XX----------------
---X--X-------------------------
----------X---XX-------X--------
--------------------------------
--------------XX--X-------------
------<>--X------------XX-------
------[]--XX----------XXX-------
-{----[]--XXX--------XXXX-----}-
XXXXXXXXXXXXXXXX--XXXXXXXXXXXXXX
META {"type": "solver", "id": "pysat-rc2", "objective": 0}
META {"type": "geom", "shape": "path", "group": "path", "data": [[14, 1, 14, 2], [14, 2, 14, 3], [14, 3, 11, 6], [11, 6, 11, 7], [11, 7, 7, 11], [7, 11, 8, 12], [8, 12, 9, 13], [9, 13, 10, 14], [10, 14, 10, 15], [10, 15, 10, 16], [10, 16, 11, 17], [11, 17, 12, 18], [12, 18, 13, 19], [13, 19, 14, 20], [14, 20, 11, 23], [11, 23, 11, 24], [11, 24, 11, 25], [11, 25, 12, 26], [12, 26, 13, 27], [13, 27, 14, 28], [14, 28, 14, 29], [14, 29, 14, 30]]}
