--------------------------------
--------------------------------
--------------------------------
--------------XXXX--------------
-------XQX----------------------
--------------------------------
--------------Q-------Q---------
----------Q---------------------
--------------------------------
-------------------Q------------
---------------------------X----
----------XX--------------XX----
-------------------<>----XXX----
-----XX--------XX--[]---XXXX----
-{--XXX-------XXX--[]--XXXXX--}-
XXXXXXXXXXXXXXXXXXXXXXXXXXXXXXXX
META {"type": "solver", "id": "pysat-rc2", "objective": 0}
META {"type": "geom", "shape": "path", "group": "path", "data": [[14, 1, 14, 2], [14, 2, 14, 3], [14, 3, 12, 5], [12, 5, 12, 6], [12, 6, 12, 7], [12, 7, 13, 8], [13, 8, 14, 9], [14, 9, 14, 10], [14, 10, 14, 11], [14, 11, 14, 12], [14, 12, 14, 13], [14, 13, 12, 15], [12, 15, 12, 16], [12, 16, 10, 18], [10, 18, 11, 19], [11, 19, 11, 20], [11, 20, 11, 21], [11, 21, 12, 22], [12, 22, 13, 23], [13, 23, 9, 27], [9, 27, 9, 28], [9, 28, 10, 28], [10, 28, 11, 28], [11, 28, 12, 28], [12, 28, 13, 29], [13, 29, 14, 30]]}
