XXXXXXXXXXXXXXXX
XXX-X-X-X-----1X
XXX----X---X-XXX
X0---------X-XXX
XXX--XXXXX-X--XX
XXX-XXXXXXX-X-XX
XXXXXXXXXXX--XXX
XXXXXXX------XXX
X--XX--XXX-----X
XX---XX----XXX-X
X-XX-XX--------X
X-XX--------X-XX
XXXXXXXXXXXXXXXX
XXXXXXXXXXXXXXXX
X2------------3X
XXXXXXXXXXXXXXXX
META {"type": "solver", "id": "pysat-rc2-boolonly", "objective": 0}
META {"type": "geom", "shape": "path", "group": "path", "data": [[3, 1, 3, 2], [3, 2, 3, 3], [3, 3, 3, 4], [3, 4, 3, 5], [3, 5, 3, 6], [3, 6, 3, 7], [3, 7, 3, 8], [3, 8, 2, 8], [2, 8, 2, 9], [2, 9, 1, 9], [1, 9, 1, 10], [1, 10, 1, 11], [1, 11, 1, 12], [1, 12, 1, 13], [1, 13, 1, 14]]}
META {"type": "geom", "shape": "path", "group": "path", "data": [[14, 1, 14, 2], [14, 2, 14, 3], [14, 3, 14, 4], [14, 4, 14, 5], [14, 5, 14, 6], [14, 6, 14, 7], [14, 7, 14, 8], [14, 8, 14, 9], [14, 9, 14, 10], [14, 10, 14, 11], [14, 11, 14, 12], [14, 12, 14, 13], [14, 13, 14, 14]]}
META {"type": "geom", "shape": "tile", "group": "reachable", "data": [[3, 1], [3, 2], [3, 3], [2, 3], [4, 3], [3, 4], [1, 3], [2, 4], [4, 4], [3, 5], [5, 3], [2, 5], [3, 6], [1, 5], [2, 6], [3, 7], [3, 8], [2, 8], [3, 9], [2, 9], [3, 10], [1, 9], [2, 10], [4, 10], [1, 10], [1, 11], [1, 12], [2, 12], [1, 13], [3, 12], [4, 12], [4, 13], [5, 13]]}
