XXXXXXXXXXXXXXXX
X0--X---X----XXX
XXX---XX------1X
XXX--XXXX----XXX
XXX--XXXX----XXX
XX-----------XXX
X------X-------X
XX-----X-XXXX-XX
X-X-XX-X-----X-X
X---XX--------XX
XX----XX-----X-X
X--XX-XX-X-X---X
XXXXXXXXXXXXXXXX
XXXXXXXXXXXXXXXX
X2-XX-XX------3X
XXXXXXXXXXXXXXXX
META {"type": "solver", "id": "pysat-rc2", "objective": 0}
META {"type": "geom", "shape": "path", "group": "path", "data": [[1, 1, 1, 2], [1, 2, 1, 3], [1, 3, 2, 3], [2, 3, 3, 3], [3, 3, 3, 4], [3, 4, 4, 4], [4, 4, 4, 3], [4, 3, 5, 3], [5, 3, 6, 3], [6, 3, 6, 4], [6, 4, 5, 4], [5, 4, 5, 5], [5, 5, 5, 6], [5, 6, 5, 7], [5, 7, 5, 8], [5, 8, 5, 9], [5, 9, 5, 10], [5, 10, 4, 10], [4, 10, 4, 11], [4, 11, 5, 11], [5, 11, 5, 12], [5, 12, 4, 12], [4, 12, 3, 12], [3, 12, 2, 12], [2, 12, 2, 13], [2, 13, 2, 14]]}
META {"type": "geom", "shape": "tile", "group": "path", "data": [[1, 1], [1, 2], [1, 3], [2, 3], [3, 3], [3, 4], [4, 4], [4, 3], [5, 3], [6, 3], [6, 4], [5, 4], [5, 5], [5, 6], [5, 7], [5, 8], [5, 9], [5, 10], [4, 10], [4, 11], [5, 11], [5, 12], [4, 12], [3, 12], [2, 12], [2, 13], [2, 14]]}
META {"type": "geom", "shape": "line", "group": "offpath", "data": [[1, 12, 1, 11], [1, 11, 1, 12], [1, 9, 2, 9], [9, 3, 9, 2], [9, 2, 9, 3], [2, 4, 2, 5], [2, 11, 2, 10], [2, 9, 1, 9], [2, 5, 2, 4], [2, 10, 2, 11], [6, 5, 7, 5], [7, 5, 6, 5]]}
