XXXXXXXXXXXXXXXX
X0--XX-XX-X-X-1X
XXX----XX--X-XXX
XXX-X--XX--X-XXX
X--X-XXXXX-X---X
XX---XXXXX----XX
X-XX---XX-X----X
XXXXX--XX--XXX-X
XXXXX--XX------X
X-XX---XX-XX--XX
X-XX--XXXXXXXXXX
XXXXX-XXXXXXXXXX
XXXXX--------XXX
XXX----------XXX
X2------------3X
XXXXXXXXXXXXXXXX
META {"type": "solver", "id": "pysat-rc2", "objective": 0}
META {"type": "geom", "shape": "path", "group": "path", "data": [[14, 1, 14, 2], [14, 2, 14, 3], [14, 3, 14, 4], [14, 4, 14, 5], [14, 5, 13, 5], [13, 5, 12, 5], [12, 5, 12, 6], [12, 6, 12, 7], [12, 7, 12, 8], [12, 8, 13, 8], [13, 8, 13, 9], [13, 9, 13, 10], [13, 10, 12, 10], [12, 10, 12, 11], [12, 11, 13, 11], [13, 11, 14, 11], [14, 11, 14, 12], [14, 12, 14, 13], [14, 13, 14, 14]]}
META {"type": "geom", "shape": "tile", "group": "path", "data": [[14, 1], [14, 2], [14, 3], [14, 4], [14, 5], [13, 5], [12, 5], [12, 6], [12, 7], [12, 8], [13, 8], [13, 9], [13, 10], [12, 10], [12, 11], [13, 11], [14, 11], [14, 12], [14, 13], [14, 14]]}
META {"type": "geom", "shape": "line", "group": "offpath", "data": [[10, 5, 9, 5], [5, 4, 6, 4], [5, 11, 5, 10], [5, 13, 5, 12], [5, 10, 5, 11], [5, 12, 4, 12], [7, 5, 6, 5], [7, 6, 6, 6], [7, 14, 6, 14], [12, 12, 13, 12], [6, 5, 7, 5], [6, 4, 5, 4], [6, 6, 7, 6], [6, 13, 6, 12], [6, 14, 7, 14], [6, 12, 6, 13], [3, 9, 3, 10], [3, 10, 2, 10], [3, 12, 2, 12], [8, 11, 8, 10], [8, 13, 8, 12], [8, 10, 8, 11], [8, 12, 8, 13], [4, 13, 5, 13], [4, 2, 4, 1], [4, 1, 4, 2], [4, 12, 4, 13], [14, 6, 13, 6], [14, 9, 14, 8], [14, 8, 14, 9], [2, 9, 3, 9], [2, 10, 2, 9], [2, 12, 3, 12], [9, 5, 10, 5], [13, 6, 14, 6], [13, 12, 12, 12]]}
