XXXXXXXXXXXXXXXX
XXXXXXXXX-XX--1X
XXX0---------XXX
XXXXX-XXX----XXX
XXXXX-------X--X
XXX----------X-X
XX-XXXX------X-X
X--XXXX------X-X
X------XXX--X-XX
XX----X---X-X-XX
XX--XXXXX---X--X
X---XXXXX-XX---X
XXX------XXXXXXX
XXX--XXX-XXXXXXX
X2--------XX--3X
XXXXXXXXXXXXXXXX
META {"type": "solver", "id": "pysat-rc2-boolonly", "objective": 0}
META {"type": "geom", "shape": "path", "group": "path", "data": [[2, 3, 2, 4], [2, 4, 2, 5], [2, 5, 3, 5], [3, 5, 4, 5], [4, 5, 4, 6], [4, 6, 5, 6], [5, 6, 5, 7], [5, 7, 5, 8], [5, 8, 4, 8], [4, 8, 4, 9], [4, 9, 3, 9], [3, 9, 3, 10], [3, 10, 3, 11], [3, 11, 2, 11], [2, 11, 2, 12], [2, 12, 1, 12], [1, 12, 1, 13], [1, 13, 1, 14]]}
META {"type": "geom", "shape": "tile", "group": "path", "data": [[2, 3], [2, 4], [2, 5], [3, 5], [4, 5], [4, 6], [5, 6], [5, 7], [5, 8], [4, 8], [4, 9], [3, 9], [3, 10], [3, 11], [2, 11], [2, 12], [1, 12], [1, 13], [1, 14]]}
META {"type": "geom", "shape": "line", "group": "offpath", "data": [[8, 11, 9, 11], [8, 10, 7, 10], [5, 11, 5, 12], [5, 5, 5, 4], [5, 4, 5, 5], [5, 10, 4, 10], [5, 12, 5, 11], [10, 9, 10, 10], [10, 10, 10, 9], [7, 11, 6, 11], [7, 8, 7, 9], [7, 9, 7, 8], [7, 10, 8, 10], [4, 10, 5, 10], [6, 11, 7, 11], [1, 9, 2, 9], [9, 11, 8, 11], [9, 8, 9, 7], [9, 7, 9, 8], [2, 9, 1, 9]]}
