XXXXXXXXXXXXXXXX
XXXXXXXXXXXXXXXX
XXXXX}XXXXXXXXXX
XXXXX-XXXXXX--XX
XXX---XXXX--XXXX
XXX---XXXX--XXXX
XXX-------#--XXX
XXX--X--#----XXX
XX---XX----X--XX
XX-#--X---XXX-XX
XX-----X--XXXXXX
XX--X--XXXXXXXXX
XX-XXX--XXXXXXXX
XX-XXX--XXXXXXXX
XX------XXXXXXXX
XXX---XX--XXX-XX
XXXX--XXX-----XX
XXXX--XXX-----XX
XX----XXX----XXX
XX-------##-XXXX
XX-----#-----XXX
XXXX-#-----X-XXX
XXXX------XXXXXX
XX-----#---XXXXX
XX-X-------XXXXX
XXXXXXX-#--XXXXX
XXXXXXX---#---XX
XXX-XXXX------XX
XXX--XXXXX--{-XX
XX---XXXXXXXXXXX
XXXXXXXXXXXXXXXX
XXXXXXXXXXXXXXXX
META {"type": "solver", "id": "pysat-rc2", "objective": 0}
META {"type": "geom", "shape": "path", "group": "path", "data": [[28, 12, 28, 10], [28, 10, 27, 10], [27, 10, 27, 8], [27, 8, 26, 8], [26, 8, 26, 9], [26, 9, 20, 9], [20, 9, 20, 8], [20, 8, 24, 8], [24, 8, 24, 4], [24, 4, 14, 4], [14, 4, 14, 2], [14, 2, 8, 2], [8, 2, 8, 4], [8, 4, 4, 4], [4, 4, 4, 5], [4, 5, 6, 5], [6, 5, 2, 5]]}
META {"type": "geom", "shape": "tile", "group": "path", "data": [[28, 12], [28, 11], [28, 10], [27, 10], [27, 9], [27, 8], [26, 8], [26, 9], [25, 9], [24, 9], [23, 9], [22, 9], [21, 9], [20, 9], [20, 8], [21, 8], [22, 8], [23, 8], [24, 8], [24, 7], [24, 6], [24, 5], [24, 4], [23, 4], [22, 4], [21, 4], [20, 4], [19, 4], [18, 4], [17, 4], [16, 4], [15, 4], [14, 4], [14, 3], [14, 2], [13, 2], [12, 2], [11, 2], [10, 2], [9, 2], [8, 2], [8, 3], [8, 4], [7, 4], [6, 4], [5, 4], [4, 4], [4, 5], [5, 5], [6, 5], [5, 5], [4, 5], [3, 5], [2, 5]]}
META {"type": "geom", "shape": "line", "group": "offpath", "data": [[23, 10, 23, 8], [23, 8, 19, 8], [17, 13, 15, 13], [14, 6, 14, 7], [14, 5, 20, 5], [14, 7, 12, 7], [14, 3, 15, 3], [10, 6, 14, 6], [10, 9, 10, 8], [10, 8, 8, 8], [16, 12, 18, 12], [16, 11, 20, 11], [9, 5, 9, 4], [9, 7, 9, 9], [9, 9, 9, 7], [9, 4, 9, 5], [26, 13, 26, 11], [26, 11, 28, 11], [21, 6, 21, 10], [21, 10, 21, 6], [21, 12, 20, 12], [7, 6, 7, 7], [7, 7, 7, 6], [7, 10, 7, 9], [7, 9, 6, 9], [7, 4, 7, 3], [7, 3, 7, 4], [11, 6, 11, 5], [11, 5, 11, 6], [11, 2, 11, 3], [11, 3, 11, 2], [29, 4, 28, 4], [29, 3, 29, 4], [8, 10, 7, 10], [8, 8, 8, 10], [28, 13, 26, 13], [28, 4, 28, 3], [28, 11, 28, 13], [28, 3, 27, 3], [12, 6, 10, 6], [12, 7, 12, 6], [3, 13, 3, 12], [3, 12, 3, 13], [27, 3, 29, 3], [6, 9, 10, 9], [5, 5, 5, 3], [5, 3, 5, 5], [4, 10, 4, 11], [4, 11, 4, 10], [18, 12, 16, 12], [18, 2, 20, 2], [18, 3, 20, 3], [24, 6, 24, 10], [24, 10, 23, 10], [20, 6, 24, 6], [20, 5, 14, 5], [20, 12, 21, 12], [20, 2, 20, 6], [20, 11, 16, 11], [20, 3, 18, 3], [19, 2, 18, 2], [19, 8, 19, 2], [15, 13, 17, 13], [15, 3, 14, 3]]}
