XXXXXXXXXXXXXXXX
XXXXXXXXXXXXXXXX
XXXXXXXX-----XXX
XXXX}XXX-XX---XX
XX--------X-#-XX
XXX-----------XX
XXXX-XXX---X-XXX
XXXX-XXX--XXXXXX
XXX--XXX---XXXXX
XX-------#-XXXXX
XX----X----XXXXX
XX##-XXXX-----XX
XX---XXXX-X---XX
XX---XXXXXXXXXXX
XXX--XXXXXXXXXXX
XXX-----XXX--XXX
XXX--XX------XXX
XXXX--X----#-XXX
XXXX-----#---XXX
XXXX--##-----XXX
XX--#------XXXXX
XX------#---XXXX
XX-X------X-XXXX
XXXX-#---XX-XXXX
XXXX---#--X-XXXX
XXX-#--------XXX
XX--------X--XXX
XXX--{--XXX--XXX
XXX-XXX-XXXX-XXX
XXXXXXX-XXXXXXXX
XXXXXXXXXXXXXXXX
XXXXXXXXXXXXXXXX
META {"type": "solver", "id": "pysat-rc2-boolonly", "objective": 0}
META {"type": "geom", "shape": "path", "group": "path", "data": [[27, 5, 27, 3], [27, 3, 27, 7], [27, 7, 29, 7], [29, 7, 25, 7], [25, 7, 25, 5], [25, 5, 24, 5], [24, 5, 24, 6], [24, 6, 20, 6], [20, 6, 20, 10], [20, 10, 21, 10], [21, 10, 21, 9], [21, 9, 19, 9], [19, 9, 19, 8], [19, 8, 19, 12], [19, 12, 15, 12], [15, 12, 15, 11], [15, 11, 16, 11], [16, 11, 16, 7], [16, 7, 15, 7], [15, 7, 15, 3], [15, 3, 16, 3], [16, 3, 12, 3], [12, 3, 12, 2], [12, 2, 13, 2], [13, 2, 13, 4], [13, 4, 3, 4]]}
META {"type": "geom", "shape": "tile", "group": "path", "data": [[27, 5], [27, 4], [27, 3], [27, 4], [27, 5], [27, 6], [27, 7], [28, 7], [29, 7], [28, 7], [27, 7], [26, 7], [25, 7], [25, 6], [25, 5], [24, 5], [24, 6], [23, 6], [22, 6], [21, 6], [20, 6], [20, 7], [20, 8], [20, 9], [20, 10], [21, 10], [21, 9], [20, 9], [19, 9], [19, 8], [19, 9], [19, 10], [19, 11], [19, 12], [18, 12], [17, 12], [16, 12], [15, 12], [15, 11], [16, 11], [16, 10], [16, 9], [16, 8], [16, 7], [15, 7], [15, 6], [15, 5], [15, 4], [15, 3], [16, 3], [15, 3], [14, 3], [13, 3], [12, 3], [12, 2], [13, 2], [13, 3], [13, 4], [12, 4], [11, 4], [10, 4], [9, 4], [8, 4], [7, 4], [6, 4], [5, 4], [4, 4], [3, 4]]}
META {"type": "geom", "shape": "line", "group": "offpath", "data": [[4, 3, 4, 9], [4, 7, 5, 7], [4, 9, 8, 9], [4, 6, 5, 6], [26, 11, 26, 12], [26, 12, 26, 11], [26, 9, 24, 9], [6, 10, 5, 10], [27, 11, 21, 11], [11, 12, 12, 12], [11, 13, 11, 9], [11, 9, 11, 13], [3, 11, 5, 11], [3, 12, 3, 13], [3, 13, 3, 11], [21, 11, 27, 11], [21, 3, 21, 2], [21, 2, 22, 2], [8, 3, 8, 4], [8, 8, 2, 8], [8, 9, 8, 8], [8, 4, 8, 3], [22, 2, 20, 2], [5, 11, 5, 13], [5, 3, 4, 3], [5, 7, 4, 7], [5, 13, 5, 3], [5, 10, 6, 10], [5, 6, 4, 6], [12, 11, 12, 13], [12, 12, 11, 12], [12, 13, 12, 11], [12, 9, 10, 9], [2, 8, 2, 12], [2, 12, 3, 12], [20, 3, 21, 3], [20, 2, 20, 3], [9, 8, 10, 8], [9, 2, 10, 2], [9, 7, 9, 8], [16, 9, 17, 9], [23, 8, 23, 6], [23, 6, 23, 8], [18, 11, 19, 11], [18, 8, 18, 4], [18, 12, 18, 10], [18, 10, 18, 12], [18, 4, 18, 8], [24, 9, 26, 9], [19, 11, 18, 11], [17, 5, 17, 4], [17, 9, 16, 9], [17, 4, 17, 5], [10, 8, 10, 7], [10, 2, 9, 2], [10, 7, 9, 7], [10, 9, 12, 9]]}
