XXXXXXXXXXXXXXXX
XXXXXXXXXXXXXXXX
XXXXX}XXXXX---XX
XXXXX-XXXXXXX-XX
XXX---XXXX-XXXXX
XX--XXXXXX-XXXXX
XX--XXXX---XXXXX
XX---XXX-X---XXX
XX---XXX-XX---XX
XX---XXX--X-#-XX
XX--#--XX-----XX
XX------X-----XX
XXXX----XX--XXXX
XXXX--#--X---XXX
XXXX------#--XXX
XXX-#--##-----XX
XXX---------#-XX
XXX---#-------XX
XX------XXX---XX
XXX----XXXXX--XX
XXX##---XXXX--XX
XXX-----XXXX-XXX
XX--#---XXXXXXXX
XXX---#-XXXXXXXX
XXX-----XXXXXXXX
XXX-XX-----XXXXX
XXX--X-#---XXXXX
XX-X-----XX---XX
XXXXX-----X---XX
XXXXX-{-X--XXXXX
XXXXXXXXXXXXXXXX
XXXXXXXXXXXXXXXX
META {"type": "solver", "id": "pysat-rc2", "objective": 0}
META {"type": "geom", "shape": "path", "group": "path", "data": [[29, 6, 29, 5], [29, 5, 27, 5], [27, 5, 27, 4], [27, 4, 27, 8], [27, 8, 25, 8], [25, 8, 25, 6], [25, 6, 24, 6], [24, 6, 24, 7], [24, 7, 20, 7], [20, 7, 20, 5], [20, 5, 10, 5], [10, 5, 10, 6], [10, 6, 12, 6], [12, 6, 12, 4], [12, 4, 11, 4], [11, 4, 11, 2], [11, 2, 5, 2], [5, 2, 5, 3], [5, 3, 4, 3], [4, 3, 4, 5], [4, 5, 2, 5]]}
META {"type": "geom", "shape": "tile", "group": "path", "data": [[29, 6], [29, 5], [28, 5], [27, 5], [27, 4], [27, 5], [27, 6], [27, 7], [27, 8], [26, 8], [25, 8], [25, 7], [25, 6], [24, 6], [24, 7], [23, 7], [22, 7], [21, 7], [20, 7], [20, 6], [20, 5], [19, 5], [18, 5], [17, 5], [16, 5], [15, 5], [14, 5], [13, 5], [12, 5], [11, 5], [10, 5], [10, 6], [11, 6], [12, 6], [12, 5], [12, 4], [11, 4], [11, 3], [11, 2], [10, 2], [9, 2], [8, 2], [7, 2], [6, 2], [5, 2], [5, 3], [4, 3], [4, 4], [4, 5], [3, 5], [2, 5]]}
META {"type": "geom", "shape": "line", "group": "offpath", "data": [[26, 3, 26, 4], [26, 8, 26, 10], [26, 4, 26, 3], [26, 10, 26, 8], [16, 7, 16, 11], [16, 11, 18, 11], [16, 8, 17, 8], [12, 11, 12, 10], [12, 10, 12, 11], [10, 12, 11, 12], [17, 7, 16, 7], [17, 13, 15, 13], [17, 9, 17, 7], [17, 8, 16, 8], [17, 12, 17, 13], [17, 10, 15, 10], [19, 13, 19, 12], [19, 12, 19, 13], [22, 7, 22, 5], [22, 2, 22, 3], [22, 3, 22, 2], [22, 5, 22, 7], [15, 13, 15, 9], [15, 9, 17, 9], [15, 10, 17, 10], [18, 13, 20, 13], [18, 11, 18, 13], [8, 13, 8, 11], [8, 11, 7, 11], [8, 12, 8, 13], [28, 13, 28, 11], [28, 11, 27, 11], [28, 12, 27, 12], [21, 7, 21, 3], [21, 3, 21, 7], [21, 12, 17, 12], [7, 11, 7, 12], [7, 12, 8, 12], [7, 4, 9, 4], [13, 5, 13, 4], [13, 4, 13, 5], [27, 7, 29, 7], [27, 13, 28, 13], [27, 11, 27, 13], [27, 12, 28, 12], [29, 7, 27, 7], [29, 9, 29, 10], [29, 10, 29, 9], [20, 13, 20, 12], [20, 12, 21, 12], [9, 4, 7, 4], [11, 13, 11, 9], [11, 9, 11, 13], [11, 12, 10, 12], [6, 2, 6, 3], [6, 3, 6, 2]]}
