XXXXXXXXXXXXXXXX
XXXXXXXXXXXXXXXX
XXX---XXXX}XXXXX
XXX-#--XXX-XXXXX
XX-----XXX-XXXXX
XX-----XXX---XXX
XXX---#----X-XXX
XXX-----#-XX--XX
XXX--X-----X--XX
XX-#-XX-------XX
XX----X--XXXX-XX
XX--X---XXXXX-XX
XXXXX---XXXXX-XX
XXXXX----XXX--XX
XXXXX--#-XXX--XX
XXXX-----XXX--XX
XXX-XXX-X-----XX
XX--XXX-XX-X--XX
XX-------X-XXXXX
XX----------XXXX
XX---#--##--XXXX
XX-----------XXX
XXXX---------XXX
XXXX-##-##----XX
XXXX-------XX-XX
XXX-#-------X-XX
XXX----XXX----XX
XXX--#-XXXX---XX
XX-----XXXX---XX
XX-{---XXXX---XX
XXXXXXXXXXXXXXXX
XXXXXXXXXXXXXXXX
META {"type": "solver", "id": "pysat-rc2", "objective": 0}
META {"type": "geom", "shape": "path", "group": "path", "data": [[29, 3, 29, 2], [29, 2, 28, 2], [28, 2, 28, 6], [28, 6, 24, 6], [24, 6, 24, 10], [24, 10, 26, 10], [26, 10, 16, 10], [16, 10, 16, 9], [16, 9, 16, 13], [16, 13, 17, 13], [17, 13, 7, 13], [7, 13, 7, 12], [7, 12, 5, 12], [5, 12, 5, 10], [5, 10, 6, 10], [6, 10, 2, 10]]}
META {"type": "geom", "shape": "tile", "group": "path", "data": [[29, 3], [29, 2], [28, 2], [28, 3], [28, 4], [28, 5], [28, 6], [27, 6], [26, 6], [25, 6], [24, 6], [24, 7], [24, 8], [24, 9], [24, 10], [25, 10], [26, 10], [25, 10], [24, 10], [23, 10], [22, 10], [21, 10], [20, 10], [19, 10], [18, 10], [17, 10], [16, 10], [16, 9], [16, 10], [16, 11], [16, 12], [16, 13], [17, 13], [16, 13], [15, 13], [14, 13], [13, 13], [12, 13], [11, 13], [10, 13], [9, 13], [8, 13], [7, 13], [7, 12], [6, 12], [5, 12], [5, 11], [5, 10], [6, 10], [5, 10], [4, 10], [3, 10], [2, 10]]}
META {"type": "geom", "shape": "line", "group": "offpath", "data": [[8, 10, 9, 10], [8, 4, 10, 4], [8, 8, 10, 8], [8, 3, 8, 4], [22, 8, 21, 8], [11, 2, 11, 3], [11, 3, 10, 3], [11, 7, 11, 5], [11, 5, 11, 7], [9, 10, 8, 10], [9, 13, 9, 7], [9, 7, 9, 13], [7, 3, 8, 3], [7, 7, 7, 3], [7, 5, 7, 7], [10, 4, 4, 4], [10, 2, 11, 2], [10, 8, 8, 8], [10, 3, 10, 2], [17, 12, 13, 12], [17, 2, 21, 2], [28, 11, 28, 13], [28, 13, 28, 11], [24, 9, 25, 9], [24, 4, 18, 4], [24, 5, 24, 4], [15, 12, 15, 13], [15, 4, 15, 8], [15, 13, 15, 12], [15, 8, 15, 4], [20, 11, 20, 10], [20, 10, 20, 11], [20, 4, 20, 2], [20, 2, 20, 4], [20, 7, 20, 6], [20, 6, 20, 7], [3, 5, 7, 5], [3, 6, 3, 5], [25, 11, 25, 5], [25, 9, 24, 9], [25, 5, 26, 5], [4, 4, 4, 2], [4, 2, 5, 2], [23, 11, 19, 11], [23, 12, 23, 13], [23, 13, 29, 13], [13, 12, 17, 12], [14, 5, 14, 6], [14, 6, 14, 5], [21, 12, 23, 12], [21, 2, 21, 12], [21, 8, 22, 8], [19, 11, 23, 11], [19, 5, 18, 5], [26, 5, 24, 5], [5, 2, 5, 6], [5, 6, 3, 6], [29, 11, 25, 11], [29, 13, 29, 11], [18, 4, 18, 8], [18, 2, 17, 2], [18, 8, 18, 2], [18, 5, 19, 5], [6, 3, 6, 5], [6, 5, 6, 3]]}
