XXXXXXXXXXXXXXXX
XXXXXXXXXXXXXXXX
XXXXXXXXX---XXXX
XX}XXXXXX---XXXX
XX-XXXXX----XXXX
XX-XXXXX##--XXXX
XX-XXXXX----XXXX
XX------#-##--XX
XX------------XX
XX--XX---#--X-XX
XXX--X------XXXX
XXX-------#-XXXX
XXX---------XXXX
XX--#----#---XXX
XX-----X-----XXX
XX-#--XX--##-XXX
XX-----X-----XXX
XX--#---#-----XX
XXX-------##--XX
XXX----#------XX
XXX##-------#-XX
XXX--#---X----XX
XX-------XXX--XX
XX--#-#--XXX--XX
XX------XXXX--XX
XX-----XXXXX--XX
XX--#---XXXX--XX
XXX-----XXX-XXXX
XXXX---------XXX
XXXXXXXX---{-XXX
XXXXXXXXXXXXXXXX
XXXXXXXXXXXXXXXX
META {"type": "solver", "id": "pysat-rc2", "objective": 0}
META {"type": "geom", "shape": "path", "group": "path", "data": [[29, 11, 29, 12], [29, 12, 29, 8], [29, 8, 28, 8], [28, 8, 28, 4], [28, 4, 27, 4], [27, 4, 27, 3], [27, 3, 21, 3], [21, 3, 21, 4], [21, 4, 22, 4], [22, 4, 22, 2], [22, 2, 22, 8], [22, 8, 18, 8], [18, 8, 18, 9], [18, 9, 20, 9], [20, 9, 14, 9], [14, 9, 14, 8], [14, 8, 14, 12], [14, 12, 13, 12], [13, 12, 13, 10], [13, 10, 12, 10], [12, 10, 12, 11], [12, 11, 14, 11], [14, 11, 8, 11], [8, 11, 8, 13], [8, 13, 7, 13], [7, 13, 7, 12], [7, 12, 8, 12], [8, 12, 8, 2], [8, 2, 9, 2], [9, 2, 3, 2]]}
META {"type": "geom", "shape": "tile", "group": "path", "data": [[29, 11], [29, 12], [29, 11], [29, 10], [29, 9], [29, 8], [28, 8], [28, 7], [28, 6], [28, 5], [28, 4], [27, 4], [27, 3], [26, 3], [25, 3], [24, 3], [23, 3], [22, 3], [21, 3], [21, 4], [22, 4], [22, 3], [22, 2], [22, 3], [22, 4], [22, 5], [22, 6], [22, 7], [22, 8], [21, 8], [20, 8], [19, 8], [18, 8], [18, 9], [19, 9], [20, 9], [19, 9], [18, 9], [17, 9], [16, 9], [15, 9], [14, 9], [14, 8], [14, 9], [14, 10], [14, 11], [14, 12], [13, 12], [13, 11], [13, 10], [12, 10], [12, 11], [13, 11], [14, 11], [13, 11], [12, 11], [11, 11], [10, 11], [9, 11], [8, 11], [8, 12], [8, 13], [7, 13], [7, 12], [8, 12], [8, 11], [8, 10], [8, 9], [8, 8], [8, 7], [8, 6], [8, 5], [8, 4], [8, 3], [8, 2], [9, 2], [8, 2], [7, 2], [6, 2], [5, 2], [4, 2], [3, 2]]}
META {"type": "geom", "shape": "line", "group": "offpath", "data": [[11, 5, 11, 3], [11, 3, 11, 9], [11, 9, 10, 9], [8, 5, 7, 5], [23, 8, 23, 7], [23, 7, 24, 7], [23, 12, 23, 13], [23, 13, 23, 12], [12, 4, 10, 4], [12, 3, 14, 3], [12, 9, 12, 3], [2, 9, 4, 9], [10, 4, 12, 4], [10, 9, 12, 9], [29, 10, 28, 10], [16, 6, 22, 6], [4, 9, 2, 9], [19, 8, 23, 8], [19, 11, 21, 11], [19, 10, 19, 8], [26, 5, 26, 7], [26, 7, 26, 5], [15, 8, 15, 9], [15, 9, 15, 8], [28, 6, 24, 6], [28, 10, 29, 10], [21, 8, 21, 6], [21, 11, 21, 10], [21, 6, 21, 8], [21, 10, 19, 10], [14, 3, 14, 2], [14, 2, 13, 2], [25, 2, 25, 6], [25, 6, 25, 2], [13, 5, 11, 5], [13, 7, 13, 5], [13, 3, 7, 3], [13, 2, 13, 3], [24, 7, 20, 7], [24, 6, 28, 6], [17, 5, 17, 7], [17, 7, 17, 5], [7, 5, 8, 5], [7, 7, 13, 7], [7, 3, 7, 7], [3, 11, 3, 9], [3, 9, 3, 11], [20, 5, 20, 11], [20, 7, 20, 5], [20, 11, 19, 11], [22, 6, 16, 6]]}
