XXXXXXXXXXXXXXXX
XXXXXXXXXXXXXXXX
XXXXXXXXXX---XXX
XXXXXXXXXXXX-XXX
XXXXXXXXXXXX-XXX
XXXXXXXX}XXX-XXX
XXX-XXXX-----XXX
XXXXXXXX--X---XX
XXXXXXX-XXX---XX
XXXXXX--XXX---XX
XXXX--------X-XX
XXXX-------XX-XX
XX-----#-#--X-XX
XXX--#--------XX
XXX-----#---XXXX
XXX-------X-XXXX
XXX---#--XX-XXXX
XX-X------X-XXXX
XXXX-#------XXXX
XXXX----#-----XX
XXX-------#---XX
XX--XX-#------XX
XX---X------XXXX
XX##----X-X--XXX
XX----XXXXX--XXX
XX----XXXXX---XX
XXXXX-XXXXXX--XX
XXXXX---XXXX--XX
XXXXX---XXXX--XX
XXX---{-------XX
XXXXXXXXXXXXXXXX
XXXXXXXXXXXXXXXX
META {"type": "solver", "id": "pysat-rc2-boolonly", "objective": 0}
META {"type": "geom", "shape": "path", "group": "path", "data": [[29, 6, 27, 6], [27, 6, 27, 7], [27, 7, 27, 5], [27, 5, 29, 5], [29, 5, 23, 5], [23, 5, 23, 7], [23, 7, 22, 7], [22, 7, 22, 11], [22, 11, 12, 11], [12, 11, 12, 10], [12, 10, 10, 10], [10, 10, 14, 10], [14, 10, 14, 11], [14, 11, 14, 9], [14, 9, 15, 9], [15, 9, 15, 3], [15, 3, 16, 3], [16, 3, 16, 5], [16, 5, 14, 5], [14, 5, 14, 3], [14, 3, 14, 7], [14, 7, 13, 7], [13, 7, 13, 13], [13, 13, 7, 13], [7, 13, 7, 11], [7, 11, 6, 11], [6, 11, 6, 12], [6, 12, 6, 8], [6, 8, 7, 8], [7, 8, 5, 8]]}
META {"type": "geom", "shape": "tile", "group": "path", "data": [[29, 6], [28, 6], [27, 6], [27, 7], [27, 6], [27, 5], [28, 5], [29, 5], [28, 5], [27, 5], [26, 5], [25, 5], [24, 5], [23, 5], [23, 6], [23, 7], [22, 7], [22, 8], [22, 9], [22, 10], [22, 11], [21, 11], [20, 11], [19, 11], [18, 11], [17, 11], [16, 11], [15, 11], [14, 11], [13, 11], [12, 11], [12, 10], [11, 10], [10, 10], [11, 10], [12, 10], [13, 10], [14, 10], [14, 11], [14, 10], [14, 9], [15, 9], [15, 8], [15, 7], [15, 6], [15, 5], [15, 4], [15, 3], [16, 3], [16, 4], [16, 5], [15, 5], [14, 5], [14, 4], [14, 3], [14, 4], [14, 5], [14, 6], [14, 7], [13, 7], [13, 8], [13, 9], [13, 10], [13, 11], [13, 12], [13, 13], [12, 13], [11, 13], [10, 13], [9, 13], [8, 13], [7, 13], [7, 12], [7, 11], [6, 11], [6, 12], [6, 11], [6, 10], [6, 9], [6, 8], [7, 8], [6, 8], [5, 8]]}
META {"type": "geom", "shape": "line", "group": "offpath", "data": [[17, 6, 23, 6], [17, 9, 23, 9], [23, 6, 17, 6], [23, 12, 23, 11], [23, 9, 17, 9], [23, 11, 23, 12], [24, 3, 25, 3], [24, 12, 24, 11], [24, 11, 24, 12], [28, 13, 28, 12], [28, 12, 28, 13], [12, 6, 12, 2], [12, 2, 12, 6], [13, 3, 13, 4], [13, 4, 13, 3], [22, 3, 22, 4], [22, 4, 22, 2], [22, 2, 21, 2], [10, 4, 20, 4], [29, 13, 29, 3], [29, 3, 29, 13], [2, 12, 2, 10], [2, 10, 2, 12], [15, 6, 9, 6], [20, 13, 20, 11], [20, 4, 10, 4], [20, 11, 20, 13], [16, 8, 16, 7], [16, 7, 16, 8], [9, 13, 9, 11], [9, 6, 15, 6], [9, 11, 9, 13], [19, 13, 19, 9], [19, 12, 21, 12], [19, 9, 19, 13], [21, 3, 22, 3], [21, 12, 19, 12], [21, 2, 21, 3], [25, 13, 25, 11], [25, 3, 24, 3], [25, 11, 25, 13]]}
