XXXXXXXXXXXXXXXX
XXX-XX-----XXXXX
XXX-XX-X---XXXXX
X0-----X----1XXX
XXXXXX-X---XXXXX
XXXXXX-----XXXXX
X-----XX--X-XX-X
XX----XX---X--XX
X-X---XX--X-X-XX
XXXXXX--X-X-X--X
XXXXXX--X-X-X-XX
X-------X---X--X
XXX-XXX--XXX-XXX
XXX----------XXX
X2------------3X
XXXXXXXXXXXXXXXX
META {"type": "solver", "id": "pysat-rc2-boolonly", "objective": 0}
META {"type": "geom", "shape": "path", "group": "path", "data": [[3, 1, 3, 2], [3, 2, 3, 3], [3, 3, 3, 4], [3, 4, 3, 5], [3, 5, 3, 6], [3, 6, 2, 6], [2, 6, 1, 6], [1, 6, 1, 7], [1, 7, 1, 8], [1, 8, 1, 9], [1, 9, 1, 10], [1, 10, 2, 10], [2, 10, 3, 10], [3, 10, 3, 11], [3, 11, 3, 12]]}
META {"type": "geom", "shape": "path", "group": "path", "data": [[14, 1, 14, 2], [14, 2, 14, 3], [14, 3, 14, 4], [14, 4, 14, 5], [14, 5, 14, 6], [14, 6, 14, 7], [14, 7, 14, 8], [14, 8, 14, 9], [14, 9, 14, 10], [14, 10, 14, 11], [14, 11, 14, 12], [14, 12, 14, 13], [14, 13, 14, 14]]}
META {"type": "geom", "shape": "tile", "group": "reachable", "data": [[3, 1], [3, 2], [3, 3], [2, 3], [3, 4], [1, 3], [3, 5], [3, 6], [2, 6], [4, 6], [1, 6], [5, 6], [1, 7], [5, 7], [1, 8], [5, 8], [2, 8], [1, 9], [4, 8], [6, 8], [5, 9], [2, 9], [1, 10], [3, 8], [4, 9], [6, 9], [5, 10], [7, 8], [2, 10], [3, 9], [4, 10], [7, 9], [8, 8], [3, 10], [8, 9], [7, 10], [3, 11], [9, 9], [10, 9], [11, 9], [11, 10], [11, 11], [10, 11], [9, 11], [8, 11]]}
