XXXXXXXXXXXXXXXX
XXXX-------X--1X
X0----X-XX---XXX
XXX-XXXXXXXXXXXX
XXX-XXXXXXXXXXXX
XXX----XX------X
XXXXXXX--XXX-XXX
XXXXXXX------XXX
X-------XXXXX--X
X---X-X-------XX
X--------X-----X
X--X-XXX-X---X-X
XXX--XXX-X-XXXXX
XXX--------XXXXX
X2--XX--XX----3X
XXXXXXXXXXXXXXXX
META {"type": "solver", "id": "pysat-rc2-boolonly", "objective": 0}
META {"type": "geom", "shape": "path", "group": "path", "data": [[2, 1, 2, 2], [2, 2, 2, 3], [2, 3, 2, 4], [2, 4, 1, 4], [1, 4, 1, 5], [1, 5, 1, 6], [1, 6, 1, 7], [1, 7, 1, 8], [1, 8, 1, 9], [1, 9, 1, 10], [1, 10, 2, 10], [2, 10, 2, 11], [2, 11, 2, 12], [2, 12, 1, 12], [1, 12, 1, 13], [1, 13, 1, 14]]}
META {"type": "geom", "shape": "path", "group": "path", "data": [[14, 1, 14, 2], [14, 2, 14, 3], [14, 3, 13, 3], [13, 3, 13, 4], [13, 4, 13, 5], [13, 5, 13, 6], [13, 6, 13, 7], [13, 7, 13, 8], [13, 8, 13, 9], [13, 9, 13, 10], [13, 10, 14, 10], [14, 10, 14, 11], [14, 11, 14, 12], [14, 12, 14, 13], [14, 13, 14, 14]]}
META {"type": "geom", "shape": "tile", "group": "reachable", "data": [[2, 1], [2, 2], [2, 3], [3, 3], [2, 4], [1, 4], [2, 5], [4, 3], [1, 5], [5, 3], [1, 6], [5, 4], [1, 7], [5, 5], [2, 7], [1, 8], [5, 6], [1, 9], [1, 10], [2, 10], [2, 11], [2, 12], [1, 12], [1, 13]]}
