XXXXXXXXXXXXXXXX
XXXXXXXXXXXXXXXX
XXX-XXXXXXXXX}XX
XX---XXXX-XXX-XX
XX-#-XXX------XX
XX-------#----XX
XX-----------XXX
XX-X--#---#-XXXX
XX-XX-------XXXX
XX--XX--XX---XXX
XX--XX--XX---XXX
XX---XX--X---XXX
XX---XX----X--XX
XX-X--X---XX--XX
XXXX---#---X--XX
XXXX----------XX
XXXX----##----XX
XXX---X----XXXXX
XXX---XX---XXXXX
XX--X--X-#--XXXX
XX-XX-------XXXX
XX--X-------XXXX
XX-------XX-XXXX
XX-----#-XX-XXXX
XXX-------X---XX
XXX-----#---XXXX
XXXX-XX---{-XXXX
XXXX--X--XXXXXXX
XXXX---X-XXXXXXX
XXXXXXXXXXXXXXXX
XXXXXXXXXXXXXXXX
XXXXXXXXXXXXXXXX
META {"type": "solver", "id": "pysat-rc2", "objective": 0}
META {"type": "geom", "shape": "path", "group": "path", "data": [[26, 10, 25, 10], [25, 10, 25, 9], [25, 9, 25, 11], [25, 11, 19, 11], [19, 11, 19, 10], [19, 10, 21, 10], [21, 10, 21, 11], [21, 11, 21, 5], [21, 5, 25, 5], [25, 5, 25, 7], [25, 7, 27, 7], [27, 7, 27, 8], [27, 8, 26, 8], [26, 8, 26, 7], [26, 7, 24, 7], [24, 7, 24, 3], [24, 3, 25, 3], [25, 3, 21, 3], [21, 3, 21, 2], [21, 2, 19, 2], [19, 2, 23, 2], [23, 2, 23, 6], [23, 6, 19, 6], [19, 6, 19, 5], [19, 5, 13, 5], [13, 5, 13, 4], [13, 4, 11, 4], [11, 4, 11, 2], [11, 2, 13, 2], [13, 2, 3, 2], [3, 2, 3, 4], [3, 4, 7, 4], [7, 4, 7, 5], [7, 5, 8, 5], [8, 5, 8, 11], [8, 11, 4, 11], [4, 11, 4, 13], [4, 13, 2, 13]]}
META {"type": "geom", "shape": "tile", "group": "path", "data": [[26, 10], [25, 10], [25, 9], [25, 10], [25, 11], [24, 11], [23, 11], [22, 11], [21, 11], [20, 11], [19, 11], [19, 10], [20, 10], [21, 10], [21, 11], [21, 10], [21, 9], [21, 8], [21, 7], [21, 6], [21, 5], [22, 5], [23, 5], [24, 5], [25, 5], [25, 6], [25, 7], [26, 7], [27, 7], [27, 8], [26, 8], [26, 7], [25, 7], [24, 7], [24, 6], [24, 5], [24, 4], [24, 3], [25, 3], [24, 3], [23, 3], [22, 3], [21, 3], [21, 2], [20, 2], [19, 2], [20, 2], [21, 2], [22, 2], [23, 2], [23, 3], [23, 4], [23, 5], [23, 6], [22, 6], [21, 6], [20, 6], [19, 6], [19, 5], [18, 5], [17, 5], [16, 5], [15, 5], [14, 5], [13, 5], [13, 4], [12, 4], [11, 4], [11, 3], [11, 2], [12, 2], [13, 2], [12, 2], [11, 2], [10, 2], [9, 2], [8, 2], [7, 2], [6, 2], [5, 2], [4, 2], [3, 2], [3, 3], [3, 4], [4, 4], [5, 4], [6, 4], [7, 4], [7, 5], [8, 5], [8, 6], [8, 7], [8, 8], [8, 9], [8, 10], [8, 11], [7, 11], [6, 11], [5, 11], [4, 11], [4, 12], [4, 13], [3, 13], [2, 13]]}
META {"type": "geom", "shape": "line", "group": "offpath", "data": [[13, 13, 13, 12], [13, 12, 13, 13], [13, 7, 13, 9], [13, 9, 15, 9], [16, 13, 12, 13], [16, 12, 16, 10], [16, 6, 14, 6], [16, 10, 14, 10], [16, 11, 15, 11], [6, 12, 6, 2], [6, 2, 6, 12], [6, 9, 8, 9], [26, 9, 24, 9], [10, 12, 10, 10], [10, 10, 10, 12], [3, 3, 2, 3], [3, 9, 4, 9], [19, 3, 17, 3], [24, 9, 26, 9], [8, 10, 12, 10], [8, 9, 6, 9], [12, 13, 12, 12], [12, 12, 16, 12], [12, 10, 8, 10], [9, 3, 9, 2], [9, 12, 9, 10], [9, 6, 9, 7], [9, 10, 9, 12], [9, 7, 9, 6], [9, 2, 9, 3], [15, 13, 16, 13], [15, 11, 16, 11], [15, 9, 15, 13], [15, 8, 11, 8], [11, 12, 11, 10], [11, 10, 11, 12], [11, 7, 13, 7], [11, 8, 11, 7], [17, 3, 19, 3], [14, 13, 14, 12], [14, 12, 14, 13], [14, 6, 16, 6], [14, 10, 14, 8], [14, 8, 15, 8], [4, 9, 3, 9], [2, 3, 3, 3], [22, 2, 22, 8], [22, 8, 22, 2], [28, 6, 28, 4], [28, 4, 28, 6], [7, 7, 7, 9], [7, 9, 7, 7]]}
