XXXXXXXXXXXXXXXX
XXXXXXXXXXXXXXXX
XXXXX---XXXXX}XX
XX----#-XXXXX-XX
XX--#---XXXXX-XX
XX------XXXXX-XX
XXX-----------XX
XXX-XX--XX---XXX
XXX--X---X--XXXX
XXX---#---X--XXX
XXX-X-----XX-XXX
XXX-XX-----X--XX
XXX--X------X-XX
XX---XXX-#--XXXX
XXX--XXX-----XXX
XXX-------##-XXX
XXX##--------XXX
XXX------#---XXX
XXXX-#-#---#--XX
XXXX----------XX
XX----#--XX---XX
XX--#-----X---XX
XXX-----X-----XX
XXXX-XX-XX----XX
XXXX--X--X---XXX
XX----------XXXX
XX-----X-----XXX
XXX---XX-#---XXX
XXX##--X-----XXX
XXX--{----X--XXX
XXXXXXXXXXXXXXXX
XXXXXXXXXXXXXXXX
META {"type": "solver", "id": "pysat-rc2", "objective": 0}
META {"type": "geom", "shape": "path", "group": "path", "data": [[29, 5, 29, 9], [29, 9, 28, 9], [28, 9, 28, 8], [28, 8, 28, 12], [28, 12, 26, 12], [26, 12, 26, 8], [26, 8, 24, 8], [24, 8, 24, 7], [24, 7, 25, 7], [25, 7, 19, 7], [19, 7, 19, 13], [19, 13, 18, 13], [18, 13, 18, 12], [18, 12, 24, 12], [24, 12, 14, 12], [14, 12, 14, 8], [14, 8, 8, 8], [8, 8, 8, 6], [8, 6, 4, 6], [4, 6, 4, 7], [4, 7, 2, 7], [2, 7, 12, 7], [12, 7, 12, 6], [12, 6, 10, 6], [10, 6, 10, 5], [10, 5, 9, 5], [9, 5, 9, 3], [9, 3, 3, 3], [3, 3, 3, 5], [3, 5, 2, 5], [2, 5, 6, 5], [6, 5, 6, 3], [6, 3, 6, 13], [6, 13, 2, 13]]}
META {"type": "geom", "shape": "tile", "group": "path", "data": [[29, 5], [29, 6], [29, 7], [29, 8], [29, 9], [28, 9], [28, 8], [28, 9], [28, 10], [28, 11], [28, 12], [27, 12], [26, 12], [26, 11], [26, 10], [26, 9], [26, 8], [25, 8], [24, 8], [24, 7], [25, 7], [24, 7], [23, 7], [22, 7], [21, 7], [20, 7], [19, 7], [19, 8], [19, 9], [19, 10], [19, 11], [19, 12], [19, 13], [18, 13], [18, 12], [19, 12], [20, 12], [21, 12], [22, 12], [23, 12], [24, 12], [23, 12], [22, 12], [21, 12], [20, 12], [19, 12], [18, 12], [17, 12], [16, 12], [15, 12], [14, 12], [14, 11], [14, 10], [14, 9], [14, 8], [13, 8], [12, 8], [11, 8], [10, 8], [9, 8], [8, 8], [8, 7], [8, 6], [7, 6], [6, 6], [5, 6], [4, 6], [4, 7], [3, 7], [2, 7], [3, 7], [4, 7], [5, 7], [6, 7], [7, 7], [8, 7], [9, 7], [10, 7], [11, 7], [12, 7], [12, 6], [11, 6], [10, 6], [10, 5], [9, 5], [9, 4], [9, 3], [8, 3], [7, 3], [6, 3], [5, 3], [4, 3], [3, 3], [3, 4], [3, 5], [2, 5], [3, 5], [4, 5], [5, 5], [6, 5], [6, 4], [6, 3], [6, 4], [6, 5], [6, 6], [6, 7], [6, 8], [6, 9], [6, 10], [6, 11], [6, 12], [6, 13], [5, 13], [4, 13], [3, 13], [2, 13]]}
META {"type": "geom", "shape": "line", "group": "offpath", "data": [[20, 3, 20, 5], [20, 7, 20, 8], [20, 5, 19, 5], [20, 8, 20, 7], [12, 11, 14, 11], [12, 3, 12, 4], [12, 4, 12, 3], [3, 2, 5, 2], [4, 3, 4, 2], [4, 2, 4, 3], [13, 11, 13, 10], [13, 2, 13, 4], [13, 4, 13, 2], [13, 10, 13, 11], [16, 9, 14, 9], [19, 4, 17, 4], [19, 5, 19, 4], [22, 3, 20, 3], [22, 7, 22, 3], [22, 9, 22, 13], [22, 13, 22, 9], [22, 5, 22, 7], [5, 2, 3, 2], [5, 4, 6, 4], [29, 11, 29, 12], [29, 12, 29, 11], [18, 10, 18, 8], [18, 8, 18, 10], [6, 4, 5, 4], [6, 10, 8, 10], [27, 3, 27, 5], [27, 12, 27, 10], [27, 10, 27, 12], [27, 5, 27, 3], [17, 4, 17, 8], [17, 7, 15, 7], [17, 12, 17, 10], [17, 10, 17, 12], [17, 5, 15, 5], [17, 8, 21, 8], [15, 7, 17, 7], [15, 5, 17, 5], [25, 2, 26, 2], [25, 9, 26, 9], [14, 11, 12, 11], [14, 3, 14, 4], [14, 4, 14, 3], [14, 9, 16, 9], [21, 11, 21, 13], [21, 3, 21, 2], [21, 2, 21, 3], [21, 9, 21, 5], [21, 13, 21, 11], [21, 5, 22, 5], [21, 8, 21, 9], [7, 7, 7, 6], [7, 12, 7, 10], [7, 10, 7, 12], [7, 6, 7, 7], [8, 10, 6, 10], [26, 2, 25, 2], [26, 9, 25, 9]]}
