XXXXXXXXXXXXXXXX
XXXXXXXXXXXXXXXX
XXX---XXX}XXX-XX
XXX-------XXX-XX
XX--##--------XX
XX-----X------XX
XX----XXX-##--XX
XX----XXX-----XX
XX-##-------XXXX
XX------XX--XXXX
XX---XX-XX--XXXX
XX##--X--X----XX
XX----XX--XX--XX
XX-XX--X---X--XX
XX--X----X--XXXX
XX------XX---XXX
XXXXXX---X---XXX
XXXXXX--------XX
XXXXX-----XX--XX
XXXXX--##--X--XX
XXXXX-------#-XX
XXXX-#----#---XX
XX-----XX-----XX
XXX-----XX-XX-XX
XXX-XXX-XX--X-XX
XXX-XXX--X----XX
XX--XXX--XXX--XX
XXX-----XXXXXXXX
XXXX---XXXXXXXXX
XXXX-{-XXXXXXXXX
XXXXXXXXXXXXXXXX
XXXXXXXXXXXXXXXX
META {"type": "solver", "id": "pysat-rc2", "objective": 0}
META {"type": "geom", "shape": "path", "group": "path", "data": [[29, 5, 29, 4], [29, 4, 27, 4], [27, 4, 27, 3], [27, 3, 27, 7], [27, 7, 23, 7], [23, 7, 23, 3], [23, 3, 22, 3], [22, 3, 22, 2], [22, 2, 22, 6], [22, 6, 23, 6], [23, 6, 13, 6], [13, 6, 13, 5], [13, 5, 11, 5], [11, 5, 11, 4], [11, 4, 9, 4], [9, 4, 9, 2], [9, 2, 10, 2], [10, 2, 4, 2], [4, 2, 4, 3], [4, 3, 2, 3], [2, 3, 2, 5], [2, 5, 3, 5], [3, 5, 3, 9], [3, 9, 2, 9]]}
META {"type": "geom", "shape": "tile", "group": "path", "data": [[29, 5], [29, 4], [28, 4], [27, 4], [27, 3], [27, 4], [27, 5], [27, 6], [27, 7], [26, 7], [25, 7], [24, 7], [23, 7], [23, 6], [23, 5], [23, 4], [23, 3], [22, 3], [22, 2], [22, 3], [22, 4], [22, 5], [22, 6], [23, 6], [22, 6], [21, 6], [20, 6], [19, 6], [18, 6], [17, 6], [16, 6], [15, 6], [14, 6], [13, 6], [13, 5], [12, 5], [11, 5], [11, 4], [10, 4], [9, 4], [9, 3], [9, 2], [10, 2], [9, 2], [8, 2], [7, 2], [6, 2], [5, 2], [4, 2], [4, 3], [3, 3], [2, 3], [2, 4], [2, 5], [3, 5], [3, 6], [3, 7], [3, 8], [3, 9], [2, 9]]}
META {"type": "geom", "shape": "line", "group": "offpath", "data": [[14, 7, 14, 5], [14, 5, 15, 5], [23, 5, 22, 5], [11, 13, 13, 13], [11, 11, 11, 13], [11, 10, 7, 10], [11, 12, 11, 10], [9, 11, 9, 10], [9, 10, 9, 11], [9, 6, 8, 6], [9, 3, 10, 3], [10, 11, 10, 10], [10, 10, 10, 11], [10, 3, 9, 3], [19, 6, 19, 5], [19, 5, 19, 6], [8, 11, 7, 11], [8, 9, 8, 5], [8, 6, 9, 6], [8, 5, 8, 11], [22, 5, 23, 5], [20, 11, 20, 5], [20, 5, 20, 11], [5, 2, 5, 6], [5, 6, 5, 2], [5, 4, 7, 4], [18, 9, 18, 5], [18, 8, 16, 8], [18, 5, 18, 9], [7, 11, 11, 11], [7, 9, 8, 9], [7, 10, 7, 9], [7, 4, 5, 4], [16, 10, 16, 12], [16, 8, 18, 8], [16, 12, 16, 10], [21, 13, 21, 11], [21, 11, 21, 13], [28, 6, 28, 4], [28, 4, 28, 6], [15, 7, 14, 7], [15, 5, 15, 7], [17, 10, 13, 10], [25, 8, 26, 8], [26, 8, 25, 8], [13, 13, 13, 12], [13, 10, 17, 10], [13, 12, 11, 12]]}
