XXXXXXXXXXXXXXXX
XXXXXXXXXXXXXXXX
XX}XXXX-----XXXX
XX-XXX--XX---XXX
XX-XXX--XX---XXX
XX-XXX---XX--XXX
XX----XX-XX--XXX
XX-#---X--XX--XX
XX--------XX--XX
XX---XXX---XXXXX
XX---XXX-#--XXXX
XXX--XXX-----XXX
XXX----------XXX
XXXXX-----XX-XXX
XX-XX---XXXX-XXX
XX--X---XXXX--XX
XXX-XX--XXX-#-XX
XXX--XXX------XX
XXX--XXXXX-#--XX
XX---XXXXX----XX
XXXX-XXX----#-XX
XXXX---XX-#---XX
XXX-----X----XXX
XX--#-X-----XXXX
XX----XX----XXXX
XXXX---X----XXXX
XXXX##--#-----XX
XXXX--#------XXX
XXXX-------XXXXX
XXXX-X--{--XXXXX
XXXXXXXXXXXXXXXX
XXXXXXXXXXXXXXXX
META {"type": "solver", "id": "pysat-rc2", "objective": 0}
META {"type": "geom", "shape": "path", "group": "path", "data": [[29, 8, 27, 8], [27, 8, 27, 12], [27, 12, 26, 12], [26, 12, 26, 13], [26, 13, 26, 9], [26, 9, 20, 9], [20, 9, 20, 11], [20, 11, 19, 11], [19, 11, 19, 13], [19, 13, 21, 13], [21, 13, 15, 13], [15, 13, 15, 12], [15, 12, 11, 12], [11, 12, 11, 8], [11, 8, 13, 8], [13, 8, 13, 9], [13, 9, 13, 5], [13, 5, 15, 5], [15, 5, 15, 7], [15, 7, 16, 7], [16, 7, 12, 7], [12, 7, 12, 3], [12, 3, 8, 3], [8, 3, 8, 2], [8, 2, 2, 2]]}
META {"type": "geom", "shape": "tile", "group": "path", "data": [[29, 8], [28, 8], [27, 8], [27, 9], [27, 10], [27, 11], [27, 12], [26, 12], [26, 13], [26, 12], [26, 11], [26, 10], [26, 9], [25, 9], [24, 9], [23, 9], [22, 9], [21, 9], [20, 9], [20, 10], [20, 11], [19, 11], [19, 12], [19, 13], [20, 13], [21, 13], [20, 13], [19, 13], [18, 13], [17, 13], [16, 13], [15, 13], [15, 12], [14, 12], [13, 12], [12, 12], [11, 12], [11, 11], [11, 10], [11, 9], [11, 8], [12, 8], [13, 8], [13, 9], [13, 8], [13, 7], [13, 6], [13, 5], [14, 5], [15, 5], [15, 6], [15, 7], [16, 7], [15, 7], [14, 7], [13, 7], [12, 7], [12, 6], [12, 5], [12, 4], [12, 3], [11, 3], [10, 3], [9, 3], [8, 3], [8, 2], [7, 2], [6, 2], [5, 2], [4, 2], [3, 2], [2, 2]]}
META {"type": "geom", "shape": "line", "group": "offpath", "data": [[27, 5, 28, 5], [27, 11, 27, 7], [27, 4, 27, 5], [27, 7, 29, 7], [19, 12, 17, 12], [19, 3, 19, 4], [19, 4, 17, 4], [24, 3, 24, 5], [24, 5, 25, 5], [24, 4, 25, 4], [16, 6, 12, 6], [16, 11, 17, 11], [4, 6, 4, 7], [4, 12, 3, 12], [4, 7, 4, 6], [4, 10, 4, 12], [18, 3, 18, 4], [18, 4, 18, 3], [25, 5, 21, 5], [25, 4, 24, 4], [14, 2, 15, 2], [22, 6, 22, 7], [22, 12, 21, 12], [22, 3, 24, 3], [22, 7, 22, 3], [22, 10, 22, 12], [3, 6, 3, 7], [3, 12, 3, 10], [3, 7, 5, 7], [3, 10, 4, 10], [5, 6, 3, 6], [5, 12, 5, 11], [5, 11, 5, 12], [5, 7, 5, 6], [2, 11, 6, 11], [29, 6, 28, 6], [29, 4, 27, 4], [29, 7, 29, 6], [8, 13, 7, 13], [8, 6, 7, 6], [8, 12, 8, 13], [28, 6, 28, 10], [28, 5, 28, 4], [28, 4, 29, 4], [28, 10, 22, 10], [10, 4, 12, 4], [10, 2, 10, 4], [21, 6, 22, 6], [21, 12, 21, 11], [21, 5, 21, 4], [21, 11, 27, 11], [21, 4, 21, 6], [6, 11, 2, 11], [6, 4, 6, 2], [6, 2, 10, 2], [7, 13, 7, 12], [7, 6, 8, 6], [7, 12, 8, 12], [17, 12, 19, 12], [17, 3, 15, 3], [17, 11, 16, 11], [17, 4, 17, 3], [12, 6, 16, 6], [12, 4, 6, 4], [26, 6, 26, 7], [26, 7, 26, 6], [15, 3, 19, 3], [15, 2, 14, 2]]}
