XXXXXXXXXXXXXXXX
XXXXXXXXXXXXXXXX
XXXX}XXXXXX-XXXX
XXXX-XXXXXX--XXX
XXXX---XXXX--XXX
XXXX---XXX-X--XX
XXX--X---XXX--XX
XX--XX---XXX--XX
XX---XXX------XX
XX---XXXX---XXXX
XXXX--XXX---XXXX
XXXX--XXX##-XXXX
XX----XXX---XXXX
XX--#---XX--XXXX
XX-------X---XXX
XX--------##-XXX
XX--#--------XXX
XX-----XX-----XX
XX-----XX---#-XX
XX##----X-#---XX
XX----X------XXX
XX--XXXXXX-XXXXX
XXX--XXXXX-XXXXX
XXX--XXXXX-XXXXX
XXXX--XXXXX---XX
XXXX--XXXXX##-XX
XX----XXXXX---XX
XX---#--XXXX--XX
XXX------XXX--XX
XXX-X-{--XXX--XX
XXXXXXXXXXXXXXXX
XXXXXXXXXXXXXXXX
META {"type": "solver", "id": "pysat-rc2", "objective": 0}
META {"type": "geom", "shape": "path", "group": "path", "data": [[29, 6, 29, 5], [29, 5, 28, 5], [28, 5, 28, 3], [28, 3, 26, 3], [26, 3, 26, 5], [26, 5, 24, 5], [24, 5, 24, 4], [24, 4, 22, 4], [22, 4, 22, 3], [22, 3, 20, 3], [20, 3, 20, 5], [20, 5, 10, 5], [10, 5, 10, 4], [10, 4, 8, 4], [8, 4, 8, 2], [8, 2, 7, 2], [7, 2, 7, 3], [7, 3, 6, 3], [6, 3, 6, 4], [6, 4, 2, 4]]}
META {"type": "geom", "shape": "tile", "group": "path", "data": [[29, 6], [29, 5], [28, 5], [28, 4], [28, 3], [27, 3], [26, 3], [26, 4], [26, 5], [25, 5], [24, 5], [24, 4], [23, 4], [22, 4], [22, 3], [21, 3], [20, 3], [20, 4], [20, 5], [19, 5], [18, 5], [17, 5], [16, 5], [15, 5], [14, 5], [13, 5], [12, 5], [11, 5], [10, 5], [10, 4], [9, 4], [8, 4], [8, 3], [8, 2], [7, 2], [7, 3], [6, 3], [6, 4], [5, 4], [4, 4], [3, 4], [2, 4]]}
META {"type": "geom", "shape": "line", "group": "offpath", "data": [[29, 13, 29, 12], [29, 12, 29, 13], [16, 12, 17, 12], [16, 3, 16, 2], [16, 11, 16, 12], [16, 2, 16, 3], [7, 8, 8, 8], [7, 7, 6, 7], [7, 6, 7, 8], [8, 8, 6, 8], [8, 11, 14, 11], [11, 5, 11, 4], [11, 4, 11, 5], [19, 13, 19, 11], [19, 11, 20, 11], [19, 4, 17, 4], [19, 6, 19, 4], [23, 3, 23, 4], [23, 4, 23, 3], [13, 3, 13, 2], [13, 5, 13, 7], [13, 11, 13, 10], [13, 7, 13, 5], [13, 6, 19, 6], [13, 10, 13, 11], [13, 2, 13, 3], [15, 4, 14, 4], [18, 9, 18, 11], [18, 11, 18, 9], [18, 2, 12, 2], [25, 5, 25, 4], [25, 4, 25, 5], [21, 3, 21, 2], [21, 2, 21, 3], [6, 13, 6, 12], [6, 8, 6, 6], [6, 12, 6, 13], [6, 7, 7, 7], [6, 6, 7, 6], [4, 12, 4, 11], [4, 11, 4, 12], [17, 13, 19, 13], [17, 12, 17, 13], [17, 4, 17, 6], [17, 6, 13, 6], [20, 11, 16, 11], [27, 13, 27, 12], [27, 12, 27, 13], [27, 4, 27, 2], [27, 2, 27, 4], [12, 11, 8, 11], [12, 10, 12, 11], [12, 2, 18, 2], [5, 13, 5, 12], [5, 12, 5, 13], [14, 12, 14, 10], [14, 11, 14, 12], [14, 4, 15, 4], [14, 10, 12, 10]]}
