XXXXXXXXXXXXXXXX
XXXXXXXXXXXXXXXX
XXXX}XXXXX----XX
XX---XXXX-----XX
XX---XXXX-#-XXXX
XX----------XXXX
XXXXX--#-X---XXX
XXXXX----XX--XXX
XXXXXXX---XX--XX
XXXXXXXX---XX-XX
XXXXXXXX##--X-XX
XXXXXXXX------XX
XX-XXX--XX-#--XX
XX-XXX---X---XXX
XX----------XXXX
XXX-X--XXX---XXX
XXXXX--XXX---XXX
XXXXX--XXX---XXX
XXXXX##---#---XX
XXXXX--XX---X-XX
XX-----XX---XXXX
XX---X--X---XXXX
XX##-XX---X-XXXX
XX----X-XXX---XX
XXXXX---XXX##-XX
XXXXX-X-------XX
XXX---XX----XXXX
XXX----X--{-XXXX
XXX##----XXXXXXX
XXX--X---XXXXXXX
XXXXXXXXXXXXXXXX
XXXXXXXXXXXXXXXX
META {"type": "solver", "id": "pysat-rc2", "objective": 0}
META {"type": "geom", "shape": "path", "group": "path", "data": [[27, 10, 27, 8], [27, 8, 29, 8], [29, 8, 25, 8], [25, 8, 25, 7], [25, 7, 25, 13], [25, 13, 23, 13], [23, 13, 23, 11], [23, 11, 13, 11], [13, 11, 13, 12], [13, 12, 13, 10], [13, 10, 17, 10], [17, 10, 17, 12], [17, 12, 15, 12], [15, 12, 15, 10], [15, 10, 9, 10], [9, 10, 9, 8], [9, 8, 5, 8], [5, 8, 5, 2], [5, 2, 3, 2], [3, 2, 3, 4], [3, 4, 2, 4]]}
META {"type": "geom", "shape": "tile", "group": "path", "data": [[27, 10], [27, 9], [27, 8], [28, 8], [29, 8], [28, 8], [27, 8], [26, 8], [25, 8], [25, 7], [25, 8], [25, 9], [25, 10], [25, 11], [25, 12], [25, 13], [24, 13], [23, 13], [23, 12], [23, 11], [22, 11], [21, 11], [20, 11], [19, 11], [18, 11], [17, 11], [16, 11], [15, 11], [14, 11], [13, 11], [13, 12], [13, 11], [13, 10], [14, 10], [15, 10], [16, 10], [17, 10], [17, 11], [17, 12], [16, 12], [15, 12], [15, 11], [15, 10], [14, 10], [13, 10], [12, 10], [11, 10], [10, 10], [9, 10], [9, 9], [9, 8], [8, 8], [7, 8], [6, 8], [5, 8], [5, 7], [5, 6], [5, 5], [5, 4], [5, 3], [5, 2], [4, 2], [3, 2], [3, 3], [3, 4], [2, 4]]}
META {"type": "geom", "shape": "line", "group": "offpath", "data": [[8, 7, 7, 7], [8, 13, 8, 12], [8, 9, 9, 9], [8, 12, 8, 13], [7, 7, 8, 7], [7, 11, 7, 12], [7, 12, 6, 12], [7, 6, 5, 6], [28, 7, 29, 7], [14, 7, 12, 7], [14, 2, 12, 2], [14, 8, 13, 8], [11, 13, 12, 13], [11, 12, 11, 13], [15, 5, 15, 6], [15, 6, 15, 5], [27, 4, 26, 4], [27, 6, 29, 6], [17, 5, 17, 6], [17, 6, 17, 5], [19, 5, 19, 6], [19, 6, 19, 5], [20, 2, 21, 2], [20, 4, 20, 6], [20, 6, 20, 2], [12, 7, 14, 7], [12, 2, 14, 2], [12, 13, 12, 12], [12, 12, 11, 12], [16, 5, 16, 6], [16, 6, 16, 5], [9, 9, 8, 9], [6, 5, 6, 6], [6, 10, 5, 10], [6, 12, 6, 10], [6, 6, 6, 5], [3, 13, 2, 13], [3, 10, 2, 10], [3, 9, 5, 9], [29, 7, 28, 7], [29, 4, 29, 3], [29, 3, 29, 4], [29, 6, 27, 6], [5, 11, 7, 11], [5, 10, 5, 11], [5, 9, 3, 9], [5, 6, 7, 6], [21, 2, 21, 4], [21, 4, 20, 4], [26, 4, 27, 4], [26, 5, 26, 3], [26, 3, 26, 5], [13, 8, 14, 8], [2, 13, 3, 13], [2, 10, 3, 10]]}
