XXXXXXXXXXXXXXXX
X0--X-----X--XXX
XXX---XX-----XXX
XXX-XXXXXXX---1X
X--XXXXXXXXXXXXX
XX-XXXX-XXXXXXXX
XX-XXX-------XXX
XXX---X--XXX---X
XXX---X--XXX---X
XXX---X-----X--X
XXX-X--XXX-----X
X----XX--------X
XXX--XX------XXX
XXX--XX------XXX
X2-XX---------3X
XXXXXXXXXXXXXXXX
META {"type": "solver", "id": "pysat-rc2", "objective": 0}
META {"type": "geom", "shape": "path", "group": "path", "data": [[1, 1, 1, 2], [1, 2, 1, 3], [1, 3, 2, 3], [2, 3, 2, 4], [2, 4, 2, 5], [2, 5, 1, 5], [1, 5, 1, 6], [1, 6, 1, 7], [1, 7, 1, 8], [1, 8, 2, 8], [2, 8, 2, 9], [2, 9, 2, 10], [2, 10, 2, 11], [2, 11, 3, 11], [3, 11, 3, 12], [3, 12, 3, 13], [3, 13, 3, 14]]}
META {"type": "geom", "shape": "tile", "group": "path", "data": [[1, 1], [1, 2], [1, 3], [2, 3], [2, 4], [2, 5], [1, 5], [1, 6], [1, 7], [1, 8], [2, 8], [2, 9], [2, 10], [2, 11], [3, 11], [3, 12], [3, 13], [3, 14]]}
META {"type": "geom", "shape": "line", "group": "offpath", "data": [[8, 3, 7, 3], [8, 7, 9, 7], [8, 13, 9, 13], [8, 14, 7, 14], [1, 11, 1, 12], [1, 12, 1, 11], [13, 7, 12, 7], [13, 11, 13, 12], [13, 10, 14, 10], [13, 9, 13, 8], [13, 8, 13, 7], [13, 12, 14, 12], [5, 7, 6, 7], [11, 7, 11, 8], [11, 11, 12, 11], [11, 10, 11, 11], [11, 8, 12, 8], [11, 12, 10, 12], [12, 7, 11, 7], [12, 11, 12, 12], [12, 9, 13, 9], [12, 8, 12, 9], [12, 12, 11, 12], [9, 7, 9, 8], [9, 11, 10, 11], [9, 10, 9, 11], [9, 13, 8, 13], [9, 14, 8, 14], [9, 9, 9, 10], [9, 8, 9, 9], [10, 11, 10, 10], [10, 10, 11, 10], [10, 13, 10, 14], [10, 14, 9, 14], [10, 12, 10, 13], [6, 7, 5, 7], [6, 11, 6, 10], [6, 10, 6, 9], [6, 9, 6, 8], [6, 8, 7, 8], [6, 12, 6, 11], [14, 11, 13, 11], [14, 10, 13, 10], [14, 6, 14, 5], [14, 9, 14, 8], [14, 8, 14, 9], [14, 5, 14, 6], [14, 12, 14, 11], [7, 3, 8, 3], [7, 7, 8, 7], [7, 13, 7, 12], [7, 14, 7, 13], [7, 8, 7, 7], [7, 12, 6, 12]]}
