XXXXXXXXXXXXXXXX
X0------------1X
XXXX-XXX-XXX-XXX
XXXX---------XXX
X--------------X
X-XXXXX-XXXX---X
X-------XXXX---X
X-X-XXXXXXXXXXXX
X---XXXXXXXXXXXX
X-X-XXXXX-XXXXXX
XX----XXX------X
X---X----X-----X
XXX------X---XXX
XXX------X---XXX
X2-XX-XX---XX-3X
XXXXXXXXXXXXXXXX
META {"type": "solver", "id": "pysat-rc2", "objective": 0}
META {"type": "geom", "shape": "path", "group": "path", "data": [[1, 1, 1, 2], [1, 2, 1, 3], [1, 3, 1, 4], [1, 4, 2, 4], [2, 4, 3, 4], [3, 4, 4, 4], [4, 4, 4, 5], [4, 5, 4, 6], [4, 6, 4, 7], [4, 7, 4, 8], [4, 8, 3, 8], [3, 8, 3, 9], [3, 9, 3, 10], [3, 10, 3, 11], [3, 11, 4, 11], [4, 11, 4, 12], [4, 12, 3, 12], [3, 12, 2, 12], [2, 12, 1, 12], [1, 12, 1, 13], [1, 13, 1, 14]]}
META {"type": "geom", "shape": "tile", "group": "path", "data": [[1, 1], [1, 2], [1, 3], [1, 4], [2, 4], [3, 4], [4, 4], [4, 5], [4, 6], [4, 7], [4, 8], [3, 8], [3, 9], [3, 10], [3, 11], [4, 11], [4, 12], [3, 12], [2, 12], [1, 12], [1, 13], [1, 14]]}
META {"type": "geom", "shape": "line", "group": "offpath", "data": [[5, 12, 6, 12], [5, 7, 6, 7], [10, 14, 11, 14], [11, 10, 12, 10], [11, 11, 11, 12], [11, 12, 11, 11], [11, 14, 10, 14], [1, 10, 1, 11], [1, 11, 1, 10], [4, 9, 4, 10], [4, 10, 4, 9], [6, 12, 5, 12], [6, 7, 5, 7], [3, 6, 3, 7], [3, 7, 3, 6], [12, 10, 11, 10]]}
