XXXXXXXXXXXXXXXX
X0------------1X
XXXXXXX------XXX
XXXXXXX------XXX
X---XXX----X---X
XX------X-X--XXX
X-XX-XXX-X---XXX
X-XX-----X-XX-XX
XXXXXXXX-X-XX-XX
XXXXXXXX-X-XX-XX
XXX-XXXX-X-XX-XX
XX---XX------XXX
XXX--XX--XXX-XXX
XXX--XX------XXX
X2---XX-XX-XX-3X
XXXXXXXXXXXXXXXX
META {"type": "solver", "id": "pysat-rc2", "objective": 0}
META {"type": "geom", "shape": "path", "group": "path", "data": [[1, 1, 1, 2], [1, 2, 1, 3], [1, 3, 1, 4], [1, 4, 1, 5], [1, 5, 1, 6], [1, 6, 1, 7], [1, 7, 1, 8], [1, 8, 2, 8], [2, 8, 2, 7], [2, 7, 3, 7], [3, 7, 3, 8], [3, 8, 3, 9], [3, 9, 3, 10], [3, 10, 3, 11], [3, 11, 3, 12], [3, 12, 2, 12], [2, 12, 1, 12], [1, 12, 1, 13], [1, 13, 1, 14]]}
META {"type": "geom", "shape": "tile", "group": "path", "data": [[1, 1], [1, 2], [1, 3], [1, 4], [1, 5], [1, 6], [1, 7], [1, 8], [2, 8], [2, 7], [3, 7], [3, 8], [3, 9], [3, 10], [3, 11], [3, 12], [2, 12], [1, 12], [1, 13], [1, 14]]}
META {"type": "geom", "shape": "line", "group": "offpath", "data": [[6, 4, 5, 4], [6, 11, 5, 11], [6, 10, 7, 10], [4, 12, 4, 13], [4, 2, 5, 2], [4, 8, 4, 9], [4, 9, 4, 8], [4, 13, 4, 12], [8, 13, 9, 13], [9, 13, 8, 13], [2, 11, 2, 10], [2, 10, 2, 11], [1, 11, 1, 10], [1, 10, 1, 11], [7, 5, 7, 4], [7, 4, 7, 5], [7, 10, 6, 10], [7, 6, 7, 7], [7, 7, 7, 6], [5, 2, 4, 2], [5, 4, 6, 4], [5, 11, 6, 11]]}
