XXXXXXXXXXXXXXXX
XX0-XXXX--X-XXXX
XXXXXXXXXX----1X
XXXXXXXXXX-X-XXX
X----XX------XXX
X-XXX------XX--X
X-XXX-XX-X-XX-XX
XX---XXXXXXXXX-X
X----XXXXXXXXX-X
X-----XX---XX--X
X-X--X---X-XX-XX
X----X-----XX--X
XXX--X-------XXX
XXX-----XXX--XXX
X2------------3X
XXXXXXXXXXXXXXXX
META {"type": "solver", "id": "pysat-rc2", "objective": 0}
META {"type": "geom", "shape": "path", "group": "path", "data": [[14, 1, 14, 2], [14, 2, 14, 3], [14, 3, 14, 4], [14, 4, 13, 4], [13, 4, 13, 5], [13, 5, 14, 5], [14, 5, 14, 6], [14, 6, 13, 6], [13, 6, 12, 6], [12, 6, 11, 6], [11, 6, 11, 7], [11, 7, 11, 8], [11, 8, 11, 9], [11, 9, 12, 9], [12, 9, 12, 10], [12, 10, 12, 11], [12, 11, 12, 12], [12, 12, 13, 12], [13, 12, 13, 11], [13, 11, 14, 11], [14, 11, 14, 12], [14, 12, 14, 13], [14, 13, 14, 14]]}
META {"type": "geom", "shape": "tile", "group": "path", "data": [[14, 1], [14, 2], [14, 3], [14, 4], [13, 4], [13, 5], [14, 5], [14, 6], [13, 6], [12, 6], [11, 6], [11, 7], [11, 8], [11, 9], [12, 9], [12, 10], [12, 11], [12, 12], [13, 12], [13, 11], [14, 11], [14, 12], [14, 13], [14, 14]]}
META {"type": "geom", "shape": "line", "group": "offpath", "data": [[9, 4, 10, 4], [9, 1, 9, 2], [9, 2, 9, 3], [9, 3, 9, 4], [10, 4, 10, 3], [10, 1, 9, 1], [10, 3, 11, 3], [11, 1, 10, 1], [11, 2, 11, 1], [11, 3, 11, 2], [14, 8, 14, 7], [14, 7, 14, 8], [5, 9, 5, 8], [5, 8, 5, 9], [1, 9, 1, 8], [1, 8, 1, 9]]}
