XXXXXXXXXXXXXXXX
X---}XXX-XXX---X
XX-XXXXX-----XXX
XX-XXXXXX----XXX
X----XXXX--XX--X
X-X-X-XX-XXXXX-X
X--------XXXXX-X
X----------XX-XX
X--X-XXX-XX---XX
XX-X----XXXXX--X
X--X-X--XXXXX-XX
X---X---XXX{---X
X-XXXXXXXXXXX--X
X-XXXXXXXXXXX-XX
X--------------X
XXXXXXXXXXXXXXXX
META {"type": "solver", "id": "pysat-rc2-boolonly", "objective": 0}
META {"type": "geom", "shape": "path", "group": "path", "data": [[11, 11, 11, 12], [11, 12, 11, 13], [11, 13, 12, 13], [12, 13, 13, 13], [13, 13, 14, 13], [14, 13, 14, 12], [14, 12, 14, 11], [14, 11, 14, 10], [14, 10, 14, 9], [14, 9, 14, 8], [14, 8, 14, 7], [14, 7, 14, 6], [14, 6, 14, 5], [14, 5, 14, 4], [14, 4, 14, 3], [14, 3, 14, 2], [14, 2, 14, 1], [14, 1, 13, 1], [13, 1, 12, 1], [12, 1, 11, 1], [11, 1, 10, 1], [10, 1, 10, 2], [10, 2, 9, 2], [9, 2, 8, 2], [8, 2, 8, 1], [8, 1, 7, 1], [7, 1, 6, 1], [6, 1, 5, 1], [5, 1, 4, 1], [4, 1, 4, 2], [4, 2, 3, 2], [3, 2, 2, 2], [2, 2, 1, 2], [1, 2, 1, 3], [1, 3, 1, 4]]}
META {"type": "geom", "shape": "tile", "group": "path", "data": [[11, 11], [11, 12], [11, 13], [12, 13], [13, 13], [14, 13], [14, 12], [14, 11], [14, 10], [14, 9], [14, 8], [14, 7], [14, 6], [14, 5], [14, 4], [14, 3], [14, 2], [14, 1], [13, 1], [12, 1], [11, 1], [10, 1], [10, 2], [9, 2], [8, 2], [8, 1], [7, 1], [6, 1], [5, 1], [4, 1], [4, 2], [3, 2], [2, 2], [1, 2], [1, 3], [1, 4]]}
META {"type": "geom", "shape": "line", "group": "offpath", "data": [[9, 4, 10, 4], [9, 6, 9, 5], [9, 5, 9, 6], [9, 13, 9, 14], [9, 7, 10, 7], [9, 14, 9, 13], [8, 4, 7, 4], [3, 10, 4, 10], [10, 4, 9, 4], [10, 6, 11, 6], [10, 7, 9, 7], [7, 4, 8, 4], [7, 6, 6, 6], [7, 8, 7, 7], [7, 7, 6, 7], [7, 2, 6, 2], [6, 3, 5, 3], [6, 6, 7, 6], [6, 8, 7, 8], [6, 7, 6, 8], [6, 2, 7, 2], [2, 12, 2, 11], [2, 11, 2, 12], [5, 3, 6, 3], [5, 14, 4, 14], [11, 3, 11, 2], [11, 6, 10, 6], [11, 2, 11, 3], [1, 13, 1, 14], [1, 14, 1, 13], [4, 14, 5, 14], [4, 10, 3, 10]]}
