XXXXXXXXXXXXXXXX
----------------
--}-------------
XXXX---XX-------
XXXX---XX-XX----
-------XX-XX----
-------XX-----XX
-------XX-----XX
-----XXXXXX-----
XXXX-XXXXXX-----
XXXX---------XXX
-------------XXX
XX----XXXXX-----
XX----XXXXX-----
--XX------------
--XX-XX---------
-----XX----XX---
-----------XX---
--{--------XX---
XXXXXXXXXXXXXXXX
META {"type": "solver", "id": "pysat-rc2", "objective": 0}
META {"type": "geom", "shape": "path", "group": "path", "data": [[18, 2, 18, 3], [18, 3, 18, 4], [18, 4, 18, 5], [18, 5, 18, 6], [18, 6, 18, 7], [18, 7, 18, 8], [18, 8, 18, 9], [18, 9, 18, 10], [18, 10, 17, 10], [17, 10, 14, 6], [14, 6, 14, 5], [14, 5, 13, 3], [13, 3, 11, 7], [11, 7, 11, 8], [11, 8, 11, 9], [11, 9, 11, 10], [11, 10, 9, 13], [9, 13, 7, 9], [7, 9, 6, 9], [6, 9, 7, 10], [7, 10, 5, 14], [5, 14, 3, 11], [3, 11, 3, 10], [3, 10, 1, 6], [1, 6, 2, 6], [2, 6, 3, 5], [3, 5, 4, 5], [4, 5, 5, 6], [5, 6, 6, 6], [6, 6, 7, 6], [7, 6, 3, 6], [3, 6, 4, 6], [4, 6, 2, 3], [2, 3, 2, 2]]}
META {"type": "geom", "shape": "tile", "group": "path", "data": [[18, 2], [18, 3], [18, 4], [18, 5], [18, 6], [18, 7], [18, 8], [18, 9], [18, 10], [17, 10], [17, 9], [16, 9], [16, 8], [15, 8], [15, 7], [14, 7], [14, 6], [14, 5], [14, 4], [13, 4], [13, 3], [13, 4], [12, 4], [12, 5], [11, 5], [11, 6], [11, 7], [11, 8], [11, 9], [11, 10], [11, 11], [10, 11], [10, 12], [9, 12], [9, 13], [9, 12], [8, 12], [8, 11], [7, 11], [7, 10], [7, 9], [6, 9], [7, 9], [7, 10], [7, 11], [6, 11], [6, 12], [5, 12], [5, 13], [5, 14], [5, 13], [4, 13], [4, 12], [3, 12], [3, 11], [3, 10], [3, 9], [2, 9], [2, 8], [1, 8], [1, 7], [1, 6], [2, 6], [3, 6], [3, 5], [4, 5], [5, 5], [5, 6], [6, 6], [7, 6], [6, 6], [5, 6], [4, 6], [3, 6], [4, 6], [4, 5], [3, 5], [3, 4], [2, 4], [2, 3], [2, 2]]}
META {"type": "geom", "shape": "line", "group": "offpath", "data": [[8, 1, 8, 2], [8, 2, 8, 1], [2, 8, 1, 9], [2, 0, 2, 1], [2, 1, 2, 0], [15, 12, 15, 11], [15, 11, 15, 12], [1, 9, 2, 8]]}
