XXXXXXXXXXXXXXXX
----------------
-}--------------
XXXX---XX-----XX
XXXX---XX--XX-XX
-------XX--XX---
-------XX----XXX
-----XXXXXX--XXX
XX---XXXXXX-----
XX--------------
----XXXXXXXXXXXX
----XXXXXXXXXXXX
XX--------------
XX--------------
----XX----------
----XX-{---XX---
------XXXX-XX---
------XXXX------
----------------
XXXXXXXXXXXXXXXX
META {"type": "solver", "id": "pysat-rc2", "objective": 0}
META {"type": "geom", "shape": "path", "group": "path", "data": [[15, 7, 15, 8], [15, 8, 15, 9], [15, 9, 13, 11], [13, 11, 14, 11], [14, 11, 12, 6], [12, 6, 13, 5], [13, 5, 13, 4], [13, 4, 11, 1], [11, 1, 9, 5], [9, 5, 9, 4], [9, 4, 7, 0], [7, 0, 7, 1], [7, 1, 5, 5], [5, 5, 6, 6], [6, 6, 3, 6], [3, 6, 4, 6], [4, 6, 2, 3], [2, 3, 2, 2], [2, 2, 2, 1]]}
META {"type": "geom", "shape": "tile", "group": "path", "data": [[15, 7], [15, 8], [15, 9], [15, 10], [14, 10], [14, 11], [13, 11], [14, 11], [14, 10], [13, 10], [13, 9], [12, 9], [12, 8], [12, 7], [12, 6], [13, 6], [13, 5], [13, 4], [13, 3], [12, 3], [12, 2], [11, 2], [11, 1], [11, 2], [10, 2], [10, 3], [9, 3], [9, 4], [9, 5], [9, 4], [9, 3], [8, 3], [8, 2], [7, 2], [7, 1], [7, 0], [7, 1], [7, 2], [6, 2], [6, 3], [5, 3], [5, 4], [5, 5], [6, 5], [6, 6], [5, 6], [4, 6], [3, 6], [4, 6], [4, 5], [3, 5], [3, 4], [2, 4], [2, 3], [2, 2], [2, 1]]}
META {"type": "geom", "shape": "line", "group": "offpath", "data": [[2, 11, 3, 10], [4, 9, 1, 12], [4, 10, 5, 10], [15, 6, 14, 6], [3, 10, 4, 10], [14, 6, 15, 6], [9, 7, 9, 6], [9, 13, 9, 12], [9, 11, 9, 10], [9, 12, 9, 13], [9, 6, 9, 7], [9, 10, 9, 11], [6, 5, 5, 4], [6, 9, 4, 9], [1, 12, 2, 11], [5, 4, 6, 5], [5, 10, 6, 9], [18, 4, 18, 3], [18, 3, 18, 4]]}
