XXXXXXXXXXXXXXXX
----------------
-----------XXXX-
-----------XXXX-
----------------
-XXX-XX------}--
-XXX-XX-----XXXX
-----XX-----XXXX
XXXXXXXXXX------
XXXXXXXXXX------
------------XX--
------------XX--
------XXXX------
------XXXX------
XXX-------------
XXX-XX---XX-----
----XX---XX-----
---------XX-----
-{-------XX-----
XXXXXXXXXXXXXXXX
META {"type": "solver", "id": "pysat-rc2-boolonly", "objective": 0}
META {"type": "geom", "shape": "path", "group": "path", "data": [[18, 1, 18, 2], [18, 2, 18, 3], [18, 3, 18, 4], [18, 4, 18, 5], [18, 5, 18, 6], [18, 6, 18, 7], [18, 7, 18, 8], [18, 8, 16, 8], [16, 8, 14, 5], [14, 5, 14, 4], [14, 4, 12, 1], [12, 1, 13, 2], [13, 2, 11, 6], [11, 6, 11, 7], [11, 7, 11, 8], [11, 8, 11, 9], [11, 9, 9, 12], [9, 12, 7, 8], [7, 8, 7, 7], [7, 7, 5, 7], [5, 7, 6, 8], [6, 8, 7, 9], [7, 9, 5, 12], [5, 12, 5, 13]]}
META {"type": "geom", "shape": "tile", "group": "path", "data": [[18, 1], [18, 2], [18, 3], [18, 4], [18, 5], [18, 6], [18, 7], [18, 8], [17, 8], [16, 8], [16, 7], [15, 7], [15, 6], [14, 6], [14, 5], [14, 4], [14, 3], [13, 3], [13, 2], [12, 2], [12, 1], [13, 1], [13, 2], [13, 3], [12, 3], [12, 4], [11, 4], [11, 5], [11, 6], [11, 7], [11, 8], [11, 9], [11, 10], [10, 10], [10, 11], [9, 11], [9, 12], [9, 11], [8, 11], [8, 10], [7, 10], [7, 9], [7, 8], [7, 7], [6, 7], [5, 7], [6, 7], [6, 8], [7, 8], [7, 9], [7, 10], [6, 10], [6, 11], [5, 11], [5, 12], [5, 13]]}
META {"type": "geom", "shape": "line", "group": "offpath", "data": [[3, 7, 4, 6], [6, 7, 5, 8], [15, 13, 16, 14], [18, 12, 18, 11], [18, 11, 16, 11], [18, 13, 18, 12], [18, 15, 18, 14], [18, 14, 18, 13], [16, 12, 17, 11], [16, 11, 15, 13], [16, 14, 17, 15], [8, 14, 9, 13], [13, 0, 13, 1], [13, 1, 13, 0], [5, 15, 5, 14], [5, 8, 6, 7], [5, 14, 5, 15], [4, 6, 3, 7], [17, 11, 16, 12], [17, 15, 18, 15], [9, 13, 8, 14]]}
