XXXXXXXXXXXXXXXX
----------------
----------XXX-XX
-XX-------XXX-XX
-XX-------------
-XX-XXX----}----
-XX-XXX---XXXXXX
-XX-------XXXXXX
XXXXXXXX--------
XXXXXXXX--------
----------XX----
----------XX----
----XXX---------
XX--XXX---------
XX-------XX-----
---------XX-----
-------XX----XX-
-------XX----XX-
-------XX-{-----
XXXXXXXXXXXXXXXX
META {"type": "solver", "id": "pysat-rc2", "objective": 0}
META {"type": "geom", "shape": "path", "group": "path", "data": [[18, 10, 18, 9], [18, 9, 16, 9], [16, 9, 17, 9], [17, 9, 14, 12], [14, 12, 15, 13], [15, 13, 13, 9], [13, 9, 11, 6], [11, 6, 9, 11], [9, 11, 9, 10], [9, 10, 7, 6], [7, 6, 7, 5], [7, 5, 7, 4], [7, 4, 7, 3], [7, 3, 4, 3], [4, 3, 1, 6], [1, 6, 2, 6], [2, 6, 3, 7], [3, 7, 4, 6], [4, 6, 2, 8], [2, 8, 3, 9], [3, 9, 4, 8], [4, 8, 5, 8], [5, 8, 6, 7], [6, 7, 7, 7], [7, 7, 5, 11]]}
META {"type": "geom", "shape": "tile", "group": "path", "data": [[18, 10], [18, 9], [17, 9], [16, 9], [17, 9], [17, 10], [16, 10], [16, 11], [15, 11], [15, 12], [14, 12], [15, 12], [15, 13], [15, 12], [14, 12], [14, 11], [13, 11], [13, 10], [13, 9], [13, 8], [12, 8], [12, 7], [11, 7], [11, 6], [11, 7], [10, 7], [10, 8], [9, 8], [9, 9], [9, 10], [9, 11], [9, 10], [9, 9], [8, 9], [8, 8], [7, 8], [7, 7], [7, 6], [7, 5], [7, 4], [7, 3], [6, 3], [5, 3], [4, 3], [4, 4], [3, 4], [3, 5], [2, 5], [2, 6], [1, 6], [2, 6], [3, 6], [3, 7], [4, 7], [4, 6], [4, 7], [3, 7], [3, 8], [2, 8], [3, 8], [3, 9], [4, 9], [4, 8], [5, 8], [6, 8], [6, 7], [7, 7], [7, 8], [6, 8], [6, 9], [5, 9], [5, 10], [5, 11]]}
META {"type": "geom", "shape": "line", "group": "offpath", "data": [[4, 9, 5, 10], [4, 4, 3, 3], [1, 10, 1, 11], [1, 11, 1, 10], [14, 15, 15, 14], [15, 14, 14, 15], [18, 1, 18, 0], [18, 13, 18, 12], [18, 14, 18, 15], [18, 12, 18, 13], [18, 15, 18, 14], [18, 5, 18, 4], [18, 4, 18, 5], [18, 0, 18, 1], [12, 1, 12, 0], [12, 0, 12, 1], [3, 3, 4, 4], [5, 10, 4, 9]]}
