XXXXXXXXXXXXXXXX
----------------
-}-----------XXX
XXX----------XXX
XXX---XX--------
------XX-XXX----
XXXX-----XXX----
XXXX----------XX
-------XX-----XX
-------XX-XX----
----------XX----
-------XXX----XX
-------XXX----XX
----------XX----
----------XX----
--------XX----XX
XXXX----XX----XX
XXXX-XX-XX------
-----XX-XX--{---
XXXXXXXXXXXXXXXX
META {"type": "solver", "id": "pysat-rc2", "objective": 0}
META {"type": "geom", "shape": "path", "group": "path", "data": [[18, 12, 18, 11], [18, 11, 18, 10], [18, 10, 17, 10], [17, 10, 14, 14], [14, 14, 12, 11], [12, 11, 10, 15], [10, 15, 10, 14], [10, 14, 8, 11], [8, 11, 6, 15], [6, 15, 6, 14], [6, 14, 4, 11], [4, 11, 3, 12], [3, 12, 4, 12], [4, 12, 5, 13], [5, 13, 6, 12], [6, 12, 7, 11], [7, 11, 8, 10], [8, 10, 6, 8], [6, 8, 7, 7], [7, 7, 5, 3], [5, 3, 3, 6], [3, 6, 1, 1], [1, 1, 2, 0], [2, 0, 2, 1]]}
META {"type": "geom", "shape": "tile", "group": "path", "data": [[18, 12], [18, 11], [18, 10], [17, 10], [17, 11], [16, 11], [16, 12], [15, 12], [15, 13], [14, 13], [14, 14], [14, 13], [13, 13], [13, 12], [12, 12], [12, 11], [12, 12], [11, 12], [11, 13], [10, 13], [10, 14], [10, 15], [10, 14], [10, 13], [9, 13], [9, 12], [8, 12], [8, 11], [8, 12], [7, 12], [7, 13], [6, 13], [6, 14], [6, 15], [6, 14], [6, 13], [5, 13], [5, 12], [4, 12], [4, 11], [4, 12], [3, 12], [4, 12], [5, 12], [5, 13], [6, 13], [6, 12], [7, 12], [7, 11], [8, 11], [8, 10], [8, 9], [7, 9], [7, 8], [6, 8], [7, 8], [7, 7], [7, 6], [6, 6], [6, 5], [5, 5], [5, 4], [5, 3], [5, 4], [4, 4], [4, 5], [3, 5], [3, 6], [3, 5], [2, 5], [2, 4], [1, 4], [1, 3], [1, 2], [1, 1], [2, 1], [2, 0], [2, 1]]}
META {"type": "geom", "shape": "line", "group": "offpath", "data": [[18, 13, 18, 14], [18, 14, 18, 13], [18, 0, 18, 1], [18, 1, 18, 0], [11, 10, 12, 10], [14, 8, 13, 7], [14, 1, 15, 2], [4, 9, 3, 7], [9, 9, 10, 8], [10, 8, 10, 9], [10, 9, 9, 9], [12, 10, 11, 10], [13, 7, 14, 8], [15, 4, 16, 5], [15, 3, 15, 4], [15, 2, 15, 3], [15, 0, 15, 1], [15, 1, 15, 0], [3, 8, 4, 9], [3, 7, 3, 8], [16, 5, 14, 1]]}
