XXXXXXXXXXXXXXXX
----------------
----------}-----
-XX------XXX----
-XX------XXX----
-XX-XX----------
-XX-XX--XX------
-XX-----XX------
-XX-----------XX
XXXXX----XX---XX
XXXXX----XX-----
-------XX-----XX
----XX-XX-----XX
----XX----------
XX--------------
XX--------{-----
-----XXXXXXXXXXX
-----XXXXXXXXXXX
----------------
XXXXXXXXXXXXXXXX
META {"type": "solver", "id": "pysat-rc2-boolonly", "objective": 0}
META {"type": "geom", "shape": "path", "group": "path", "data": [[15, 10, 15, 9], [15, 9, 15, 8], [15, 8, 15, 7], [15, 7, 15, 6], [15, 6, 15, 5], [15, 5, 13, 1], [13, 1, 11, 5], [11, 5, 9, 8], [9, 8, 10, 7], [10, 7, 8, 3], [8, 3, 4, 3], [4, 3, 2, 6], [2, 6, 3, 7], [3, 7, 4, 8], [4, 8, 5, 9], [5, 9, 5, 8], [5, 8, 3, 3], [3, 3, 4, 4], [4, 4, 4, 5], [4, 5, 2, 10]]}
META {"type": "geom", "shape": "tile", "group": "path", "data": [[15, 10], [15, 9], [15, 8], [15, 7], [15, 6], [15, 5], [15, 4], [14, 4], [14, 3], [13, 3], [13, 2], [13, 1], [13, 2], [12, 2], [12, 3], [11, 3], [11, 4], [11, 5], [11, 6], [10, 6], [10, 7], [9, 7], [9, 8], [10, 8], [10, 7], [10, 6], [9, 6], [9, 5], [8, 5], [8, 4], [8, 3], [7, 3], [6, 3], [5, 3], [4, 3], [4, 4], [3, 4], [3, 5], [2, 5], [2, 6], [3, 6], [3, 7], [4, 7], [4, 8], [5, 8], [5, 9], [5, 8], [5, 7], [4, 7], [4, 6], [3, 6], [3, 5], [3, 4], [3, 3], [4, 3], [4, 4], [4, 5], [4, 6], [3, 6], [3, 7], [2, 7], [2, 8], [2, 9], [2, 10]]}
META {"type": "geom", "shape": "line", "group": "offpath", "data": [[7, 0, 8, 0], [7, 14, 5, 12], [7, 5, 8, 4], [5, 12, 6, 13], [8, 0, 6, 0], [8, 4, 7, 5], [8, 10, 8, 9], [8, 9, 8, 10], [10, 14, 10, 15], [10, 15, 10, 14], [1, 12, 2, 11], [1, 8, 2, 9], [6, 0, 7, 0], [6, 13, 7, 14], [18, 1, 18, 0], [18, 0, 18, 1], [18, 7, 18, 8], [18, 11, 18, 10], [18, 8, 18, 7], [18, 10, 18, 11], [2, 11, 1, 12], [2, 9, 1, 8]]}
