XXXXXXXXXXXXXXXX
----------------
-----}----XX----
----XXX---XX----
----XXX-XX----XX
--------XX----XX
---XX---XX------
---XX---XX------
--------XX------
XXXXX-XXXXXX----
XXXXX-XXXXXX----
--------------XX
-----------XX-XX
XXX--------XX---
XXX--XXXX-------
-----XXXX----{--
-----------XXXXX
-----------XXXXX
----------------
XXXXXXXXXXXXXXXX
META {"type": "solver", "id": "pysat-rc2-boolonly", "objective": 0}
META {"type": "geom", "shape": "path", "group": "path", "data": [[15, 13, 15, 12], [15, 12, 15, 11], [15, 11, 13, 6], [13, 6, 13, 7], [13, 7, 13, 8], [13, 8, 11, 11], [11, 11, 11, 12], [11, 12, 10, 14], [10, 14, 8, 10], [8, 10, 5, 10], [5, 10, 2, 13], [2, 13, 3, 14], [3, 14, 1, 9], [1, 9, 2, 9], [2, 9, 3, 8], [3, 8, 1, 5], [1, 5, 2, 5]]}
META {"type": "geom", "shape": "tile", "group": "path", "data": [[15, 13], [15, 12], [15, 11], [15, 10], [14, 10], [14, 9], [13, 9], [13, 8], [13, 7], [13, 6], [13, 7], [13, 8], [13, 9], [12, 9], [12, 10], [11, 10], [11, 11], [11, 12], [11, 13], [10, 13], [10, 14], [10, 13], [9, 13], [9, 12], [8, 12], [8, 11], [8, 10], [7, 10], [6, 10], [5, 10], [5, 11], [4, 11], [4, 12], [3, 12], [3, 13], [2, 13], [3, 13], [3, 14], [3, 13], [2, 13], [2, 12], [1, 12], [1, 11], [1, 10], [1, 9], [2, 9], [3, 9], [3, 8], [3, 7], [2, 7], [2, 6], [1, 6], [1, 5], [2, 5]]}
META {"type": "geom", "shape": "line", "group": "offpath", "data": [[15, 14, 15, 15], [15, 15, 15, 14], [8, 7, 5, 7], [1, 3, 2, 4], [6, 7, 5, 6], [6, 6, 7, 6], [18, 14, 18, 15], [18, 4, 18, 3], [18, 1, 18, 2], [18, 15, 18, 14], [18, 11, 18, 10], [18, 2, 18, 1], [18, 10, 18, 11], [18, 3, 18, 4], [2, 4, 1, 3], [5, 7, 6, 6], [5, 4, 5, 3], [5, 6, 6, 7], [5, 3, 5, 4], [7, 6, 8, 7]]}
