XXXXXXXXXXXXXXXX
----------------
-}--------------
XXX-------------
XXX-------XX--XX
------XX--XX--XX
------XX--XX----
XX--------XX----
XX--------XX----
----XX----XX----
----XX-XXXXXXXXX
XX-----XXXXXXXXX
XX--------------
----XXXX--------
----XXXX------XX
-{---------XX-XX
XXXXXXXXX--XX---
XXXXXXXXX-------
----------------
XXXXXXXXXXXXXXXX
META {"type": "solver", "id": "pysat-rc2", "objective": 0}
META {"type": "geom", "shape": "path", "group": "path", "data": [[15, 1, 15, 2], [15, 2, 15, 3], [15, 3, 15, 4], [15, 4, 15, 5], [15, 5, 15, 6], [15, 6, 15, 7], [15, 7, 15, 8], [15, 8, 13, 11], [13, 11, 14, 11], [14, 11, 12, 7], [12, 7, 12, 6], [12, 6, 12, 5], [12, 5, 12, 4], [12, 4, 10, 0], [10, 0, 10, 1], [10, 1, 8, 4], [8, 4, 6, 1], [6, 1, 4, 6], [4, 6, 2, 1]]}
META {"type": "geom", "shape": "tile", "group": "path", "data": [[15, 1], [15, 2], [15, 3], [15, 4], [15, 5], [15, 6], [15, 7], [15, 8], [15, 9], [14, 9], [14, 10], [13, 10], [13, 11], [14, 11], [14, 10], [13, 10], [13, 9], [12, 9], [12, 8], [12, 7], [12, 6], [12, 5], [12, 4], [12, 3], [11, 3], [11, 2], [10, 2], [10, 1], [10, 0], [10, 1], [10, 2], [9, 2], [9, 3], [8, 3], [8, 4], [8, 3], [7, 3], [7, 2], [6, 2], [6, 1], [6, 2], [5, 2], [5, 3], [4, 3], [4, 4], [4, 5], [4, 6], [4, 5], [3, 5], [3, 4], [2, 4], [2, 3], [2, 2], [2, 1]]}
META {"type": "geom", "shape": "line", "group": "offpath", "data": [[4, 7, 2, 9], [12, 12, 13, 13], [13, 13, 14, 12], [13, 14, 12, 12], [9, 13, 9, 12], [9, 9, 6, 9], [9, 14, 9, 15], [9, 15, 9, 14], [9, 7, 8, 5], [9, 8, 9, 9], [9, 12, 8, 12], [2, 9, 3, 8], [14, 12, 13, 14], [7, 15, 8, 14], [7, 7, 8, 8], [7, 8, 8, 9], [3, 14, 3, 15], [3, 15, 3, 14], [3, 8, 4, 7], [18, 13, 18, 14], [18, 9, 18, 10], [18, 14, 18, 13], [18, 1, 18, 0], [18, 0, 18, 1], [18, 10, 18, 9], [6, 9, 7, 8], [6, 15, 7, 15], [8, 5, 7, 7], [8, 9, 9, 8], [8, 14, 9, 13], [8, 8, 9, 7], [8, 12, 6, 15]]}
