XXXXXXXXXXXXXXXX
XXXXXXXXXXXXXXXX
XXXX-------XXXXX
XXXXXXXXX--XXXXX
XXXXXXXXX-#---XX
XXXXX}XXX-----XX
XXXXX-XXX--XX-XX
XXX---XXX---X-XX
XXX---XXX-----XX
XXX-------##--XX
XX-#--#-------XX
XX------XX----XX
XX--#---XX----XX
XXX------X----XX
XXX---##---X--XX
XXX-#-----XXXXXX
XX--------XXXXXX
XXX-------XXXXXX
XXX-#---#-----XX
XXX-----------XX
XX-X--X--XX-#-XX
XXXXXXX---X---XX
XXXXXXX-#-----XX
XXX-----------XX
XXX---------#-XX
XX---XXXX-----XX
XX-#-XXXX--#--XX
XX---XXX-#----XX
XXX-----------XX
XXXXX--{--XX--XX
XXXXXXXXXXXXXXXX
XXXXXXXXXXXXXXXX
META {"type": "solver", "id": "pysat-rc2", "objective": 0}
META {"type": "geom", "shape": "path", "group": "path", "data": [[29, 7, 29, 5], [29, 5, 29, 9], [29, 9, 28, 9], [28, 9, 28, 13], [28, 13, 29, 13], [29, 13, 29, 12], [29, 12, 25, 12], [25, 12, 25, 13], [25, 13, 25, 9], [25, 9, 21, 9], [21, 9, 21, 7], [21, 7, 15, 7], [15, 7, 15, 9], [15, 9, 15, 5], [15, 5, 5, 5]]}
META {"type": "geom", "shape": "tile", "group": "path", "data": [[29, 7], [29, 6], [29, 5], [29, 6], [29, 7], [29, 8], [29, 9], [28, 9], [28, 10], [28, 11], [28, 12], [28, 13], [29, 13], [29, 12], [28, 12], [27, 12], [26, 12], [25, 12], [25, 13], [25, 12], [25, 11], [25, 10], [25, 9], [24, 9], [23, 9], [22, 9], [21, 9], [21, 8], [21, 7], [20, 7], [19, 7], [18, 7], [17, 7], [16, 7], [15, 7], [15, 8], [15, 9], [15, 8], [15, 7], [15, 6], [15, 5], [14, 5], [13, 5], [12, 5], [11, 5], [10, 5], [9, 5], [8, 5], [7, 5], [6, 5], [5, 5]]}
META {"type": "geom", "shape": "line", "group": "offpath", "data": [[22, 10, 28, 10], [12, 3, 12, 2], [12, 2, 12, 3], [13, 7, 13, 8], [13, 6, 11, 6], [13, 8, 17, 8], [25, 3, 23, 3], [25, 2, 27, 2], [5, 13, 4, 13], [5, 9, 5, 13], [5, 11, 5, 9], [20, 5, 20, 4], [20, 4, 20, 5], [20, 7, 20, 8], [20, 8, 20, 7], [28, 3, 27, 3], [28, 10, 22, 10], [28, 11, 27, 11], [10, 5, 10, 4], [10, 4, 10, 5], [10, 13, 10, 7], [10, 9, 10, 13], [10, 10, 14, 10], [10, 7, 9, 7], [27, 3, 28, 3], [27, 2, 25, 2], [27, 11, 28, 11], [14, 13, 14, 12], [14, 10, 10, 10], [14, 12, 8, 12], [17, 3, 11, 3], [17, 9, 17, 3], [17, 8, 17, 9], [11, 3, 11, 7], [11, 7, 13, 7], [11, 6, 13, 6], [24, 5, 23, 5], [19, 13, 18, 13], [19, 9, 19, 13], [19, 12, 18, 12], [19, 8, 21, 8], [3, 9, 3, 10], [3, 10, 3, 9], [4, 13, 4, 11], [4, 11, 5, 11], [18, 13, 18, 9], [18, 9, 19, 9], [18, 12, 19, 12], [23, 3, 25, 3], [23, 5, 24, 5], [21, 8, 19, 8], [8, 3, 8, 5], [8, 5, 8, 3], [8, 13, 14, 13], [8, 12, 8, 13], [7, 3, 7, 5], [7, 5, 7, 3], [9, 3, 9, 9], [9, 9, 10, 9], [9, 7, 9, 3]]}
