XXXXXXXXXXXXXXXX
XXXXXXXXXXXXXXXX
XXXX}XXXXXX---XX
XX---XXXX-----XX
XX--#------XX-XX
XXX----X----X-XX
XXXX-XXXXX----XX
XXXX--XXXX---XXX
XXXX--XXX-XXXXXX
XX---XXXX-XXXXXX
XX--XXXXX-XXXXXX
XX--XXXXXX--XXXX
XXX-XXXXXX--XXXX
XXX---XXXX---XXX
XXXX---XXX##-XXX
XXXX##-XXX---XXX
XXXX---XXX-#--XX
XXX-----------XX
XXX--##-----X-XX
XX-#-------XX-XX
XX-----XX---X-XX
XXX-----X-----XX
XXX---X----#--XX
XXXXXXX--#---XXX
XXXXXXXX----XXXX
XXXXX-XXX-XXXXXX
XXXXX-XXX-XXXXXX
XXX---XXX-XXXXXX
XX-{------XXXXXX
XXXXXXXXXXXXXXXX
XXXXXXXXXXXXXXXX
XXXXXXXXXXXXXXXX
META {"type": "solver", "id": "pysat-rc2", "objective": 0}
META {"type": "geom", "shape": "path", "group": "path", "data": [[28, 3, 27, 3], [27, 3, 27, 5], [27, 5, 28, 5], [28, 5, 28, 9], [28, 9, 24, 9], [24, 9, 24, 11], [24, 11, 23, 11], [23, 11, 23, 10], [23, 10, 23, 12], [23, 12, 21, 12], [21, 12, 21, 13], [21, 13, 21, 9], [21, 9, 22, 9], [22, 9, 22, 10], [22, 10, 24, 10], [24, 10, 24, 8], [24, 8, 22, 8], [22, 8, 22, 7], [22, 7, 21, 7], [21, 7, 21, 3], [21, 3, 22, 3], [22, 3, 20, 3], [20, 3, 20, 2], [20, 2, 20, 6], [20, 6, 21, 6], [21, 6, 19, 6], [19, 6, 19, 10], [19, 10, 15, 10], [15, 10, 15, 12], [15, 12, 13, 12], [13, 12, 17, 12], [17, 12, 17, 13], [17, 13, 17, 3], [17, 3, 18, 3], [18, 3, 18, 4], [18, 4, 16, 4], [16, 4, 16, 6], [16, 6, 14, 6], [14, 6, 14, 4], [14, 4, 13, 4], [13, 4, 13, 3], [13, 3, 9, 3], [9, 3, 9, 4], [9, 4, 5, 4], [5, 4, 5, 6], [5, 6, 4, 6], [4, 6, 4, 5], [4, 5, 5, 5], [5, 5, 5, 3], [5, 3, 3, 3], [3, 3, 3, 4], [3, 4, 2, 4]]}
META {"type": "geom", "shape": "tile", "group": "path", "data": [[28, 3], [27, 3], [27, 4], [27, 5], [28, 5], [28, 6], [28, 7], [28, 8], [28, 9], [27, 9], [26, 9], [25, 9], [24, 9], [24, 10], [24, 11], [23, 11], [23, 10], [23, 11], [23, 12], [22, 12], [21, 12], [21, 13], [21, 12], [21, 11], [21, 10], [21, 9], [22, 9], [22, 10], [23, 10], [24, 10], [24, 9], [24, 8], [23, 8], [22, 8], [22, 7], [21, 7], [21, 6], [21, 5], [21, 4], [21, 3], [22, 3], [21, 3], [20, 3], [20, 2], [20, 3], [20, 4], [20, 5], [20, 6], [21, 6], [20, 6], [19, 6], [19, 7], [19, 8], [19, 9], [19, 10], [18, 10], [17, 10], [16, 10], [15, 10], [15, 11], [15, 12], [14, 12], [13, 12], [14, 12], [15, 12], [16, 12], [17, 12], [17, 13], [17, 12], [17, 11], [17, 10], [17, 9], [17, 8], [17, 7], [17, 6], [17, 5], [17, 4], [17, 3], [18, 3], [18, 4], [17, 4], [16, 4], [16, 5], [16, 6], [15, 6], [14, 6], [14, 5], [14, 4], [13, 4], [13, 3], [12, 3], [11, 3], [10, 3], [9, 3], [9, 4], [8, 4], [7, 4], [6, 4], [5, 4], [5, 5], [5, 6], [4, 6], [4, 5], [5, 5], [5, 4], [5, 3], [4, 3], [3, 3], [3, 4], [2, 4]]}
META {"type": "geom", "shape": "line", "group": "offpath", "data": [[5, 11, 7, 11], [5, 9, 5, 11], [8, 5, 7, 5], [3, 2, 4, 2], [3, 11, 3, 9], [3, 9, 5, 9], [3, 12, 2, 12], [9, 2, 11, 2], [17, 7, 19, 7], [17, 8, 19, 8], [17, 11, 18, 11], [19, 7, 17, 7], [19, 8, 17, 8], [6, 13, 2, 13], [6, 12, 6, 13], [11, 2, 9, 2], [11, 10, 11, 11], [11, 11, 11, 10], [18, 11, 17, 11], [2, 13, 2, 11], [2, 11, 3, 11], [2, 12, 3, 12], [4, 2, 3, 2], [7, 5, 8, 5], [7, 11, 7, 12], [7, 12, 6, 12]]}
