XXXXXXXXXXXXXXXX
XXXXXXXXXXXXXXXX
XX}XXX--XXXXX-XX
XX-------XXXX-XX
XX-------XXXX-XX
XX--##---XXXX-XX
XX-----#------XX
XX-#------#---XX
XX----#-#---#-XX
XX--#---------XX
XXX-----------XX
XXX--#--XXX---XX
XXX-----XXX---XX
XX--#-------#-XX
XX-----#------XX
XX-X-#-----X--XX
XXXX----#-XXXXXX
XXXX------XXXXXX
XXXX---X--XXXXXX
XXXX--XXX-----XX
XXXX--XXX--X--XX
XXX---XXX--XX-XX
XXX---XXXX--X-XX
XXX##---XX----XX
XXX------X-#--XX
XX--##-------XXX
XX------X---XXXX
XX-X----XX--XXXX
XXXXX----X---XXX
XXXXXXXX--{--XXX
XXXXXXXXXXXXXXXX
XXXXXXXXXXXXXXXX
META {"type": "solver", "id": "pysat-rc2", "objective": 0}
META {"type": "geom", "shape": "path", "group": "path", "data": [[29, 10, 19, 10], [19, 10, 19, 9], [19, 9, 13, 9], [13, 9, 13, 5], [13, 5, 14, 5], [14, 5, 12, 5], [12, 5, 12, 3], [12, 3, 12, 7], [12, 7, 13, 7], [13, 7, 7, 7], [7, 7, 7, 9], [7, 9, 6, 9], [6, 9, 6, 8], [6, 8, 7, 8], [7, 8, 3, 8], [3, 8, 3, 2], [3, 2, 9, 2], [9, 2, 9, 3], [9, 3, 8, 3], [8, 3, 14, 3], [14, 3, 14, 2], [14, 2, 14, 6], [14, 6, 18, 6], [18, 6, 18, 4], [18, 4, 22, 4], [22, 4, 22, 3], [22, 3, 22, 5], [22, 5, 16, 5], [16, 5, 16, 7], [16, 7, 15, 7], [15, 7, 15, 6], [15, 6, 9, 6], [9, 6, 9, 5], [9, 5, 10, 5], [10, 5, 6, 5], [6, 5, 6, 6], [6, 6, 6, 2], [6, 2, 2, 2]]}
META {"type": "geom", "shape": "tile", "group": "path", "data": [[29, 10], [28, 10], [27, 10], [26, 10], [25, 10], [24, 10], [23, 10], [22, 10], [21, 10], [20, 10], [19, 10], [19, 9], [18, 9], [17, 9], [16, 9], [15, 9], [14, 9], [13, 9], [13, 8], [13, 7], [13, 6], [13, 5], [14, 5], [13, 5], [12, 5], [12, 4], [12, 3], [12, 4], [12, 5], [12, 6], [12, 7], [13, 7], [12, 7], [11, 7], [10, 7], [9, 7], [8, 7], [7, 7], [7, 8], [7, 9], [6, 9], [6, 8], [7, 8], [6, 8], [5, 8], [4, 8], [3, 8], [3, 7], [3, 6], [3, 5], [3, 4], [3, 3], [3, 2], [4, 2], [5, 2], [6, 2], [7, 2], [8, 2], [9, 2], [9, 3], [8, 3], [9, 3], [10, 3], [11, 3], [12, 3], [13, 3], [14, 3], [14, 2], [14, 3], [14, 4], [14, 5], [14, 6], [15, 6], [16, 6], [17, 6], [18, 6], [18, 5], [18, 4], [19, 4], [20, 4], [21, 4], [22, 4], [22, 3], [22, 4], [22, 5], [21, 5], [20, 5], [19, 5], [18, 5], [17, 5], [16, 5], [16, 6], [16, 7], [15, 7], [15, 6], [14, 6], [13, 6], [12, 6], [11, 6], [10, 6], [9, 6], [9, 5], [10, 5], [9, 5], [8, 5], [7, 5], [6, 5], [6, 6], [6, 5], [6, 4], [6, 3], [6, 2], [5, 2], [4, 2], [3, 2], [2, 2]]}
META {"type": "geom", "shape": "line", "group": "offpath", "data": [[4, 4, 3, 4], [10, 3, 10, 13], [10, 13, 10, 3], [10, 10, 8, 10], [8, 10, 10, 10], [8, 4, 6, 4], [6, 4, 8, 4], [26, 7, 28, 7], [26, 5, 26, 7], [26, 3, 24, 3], [24, 3, 26, 3], [24, 13, 24, 12], [24, 12, 23, 12], [24, 8, 25, 8], [18, 8, 18, 9], [18, 9, 18, 8], [25, 2, 27, 2], [25, 6, 25, 12], [25, 12, 25, 6], [25, 8, 24, 8], [19, 5, 19, 4], [19, 4, 19, 5], [23, 7, 23, 5], [23, 5, 23, 7], [23, 13, 24, 13], [23, 12, 23, 13], [28, 7, 28, 5], [28, 5, 26, 5], [13, 11, 14, 11], [13, 2, 13, 3], [13, 3, 13, 2], [13, 10, 13, 11], [15, 13, 15, 12], [15, 12, 14, 12], [15, 10, 13, 10], [15, 8, 15, 10], [27, 2, 25, 2], [3, 4, 4, 4], [12, 11, 12, 13], [12, 13, 12, 11], [14, 11, 14, 13], [14, 13, 15, 13], [14, 12, 14, 8], [14, 8, 15, 8], [20, 5, 20, 4], [20, 13, 20, 12], [20, 12, 20, 13], [20, 4, 20, 5]]}
