XXXXXXXXXXXXXXXX
XXXXXXXXXXXXXXXX
XX------XXX}XXXX
XX--XX------XXXX
XX---X---X---XXX
XX----XXXX---XXX
XX----XXXX---XXX
XX##--XXX-##-XXX
XX----XXX-----XX
XX--XX--------XX
XX--XX----##--XX
XXX--X--#-----XX
XXXX--#-------XX
XXXX-----X-X--XX
XXX-##--XXXX--XX
XXX-----XXXXXXXX
XX-#-----XXXXXXX
XX---#-#-XXXXXXX
XXX------XXXXXXX
XXX-X---X---XXXX
XXX-XX-XXX---XXX
XX---X-XXX##-XXX
XXX-----------XX
XXX-#-----XX--XX
XXX---XX---X--XX
XXX--XXX------XX
XXX--XXX##----XX
XXX--------XXXXX
XX-{--X-X--XXXXX
XXXXXXXXXXXXXXXX
XXXXXXXXXXXXXXXX
XXXXXXXXXXXXXXXX
META {"type": "solver", "id": "pysat-rc2", "objective": 0}
META {"type": "geom", "shape": "path", "group": "path", "data": [[28, 3, 28, 5], [28, 5, 27, 5], [27, 5, 27, 3], [27, 3, 17, 3], [17, 3, 17, 4], [17, 4, 15, 4], [15, 4, 15, 3], [15, 3, 15, 7], [15, 7, 9, 7], [9, 7, 9, 13], [9, 13, 8, 13], [8, 13, 8, 9], [8, 9, 12, 9], [12, 9, 12, 13], [12, 13, 14, 13], [14, 13, 14, 12], [14, 12, 4, 12], [4, 12, 4, 10], [4, 10, 3, 10], [3, 10, 3, 11], [3, 11, 2, 11]]}
META {"type": "geom", "shape": "tile", "group": "path", "data": [[28, 3], [28, 4], [28, 5], [27, 5], [27, 4], [27, 3], [26, 3], [25, 3], [24, 3], [23, 3], [22, 3], [21, 3], [20, 3], [19, 3], [18, 3], [17, 3], [17, 4], [16, 4], [15, 4], [15, 3], [15, 4], [15, 5], [15, 6], [15, 7], [14, 7], [13, 7], [12, 7], [11, 7], [10, 7], [9, 7], [9, 8], [9, 9], [9, 10], [9, 11], [9, 12], [9, 13], [8, 13], [8, 12], [8, 11], [8, 10], [8, 9], [9, 9], [10, 9], [11, 9], [12, 9], [12, 10], [12, 11], [12, 12], [12, 13], [13, 13], [14, 13], [14, 12], [13, 12], [12, 12], [11, 12], [10, 12], [9, 12], [8, 12], [7, 12], [6, 12], [5, 12], [4, 12], [4, 11], [4, 10], [3, 10], [3, 11], [2, 11]]}
META {"type": "geom", "shape": "line", "group": "offpath", "data": [[28, 10, 28, 9], [28, 9, 28, 10], [20, 10, 19, 10], [20, 12, 20, 10], [20, 11, 20, 12], [24, 5, 24, 3], [24, 8, 24, 10], [24, 3, 24, 5], [24, 13, 24, 12], [24, 10, 24, 8], [24, 12, 24, 13], [13, 8, 12, 8], [13, 13, 13, 12], [13, 12, 13, 13], [16, 8, 16, 4], [16, 4, 16, 8], [4, 6, 4, 8], [4, 8, 4, 6], [6, 2, 2, 2], [6, 3, 2, 3], [6, 10, 6, 12], [6, 12, 6, 10], [14, 6, 14, 7], [14, 7, 14, 6], [21, 4, 22, 4], [12, 5, 12, 4], [12, 8, 13, 8], [12, 4, 12, 5], [12, 11, 11, 11], [19, 5, 19, 7], [19, 10, 19, 11], [19, 11, 20, 11], [19, 7, 19, 5], [8, 2, 10, 2], [8, 3, 8, 2], [8, 10, 9, 10], [8, 11, 9, 11], [2, 2, 6, 2], [2, 3, 6, 3], [9, 2, 9, 3], [9, 3, 9, 2], [9, 10, 8, 10], [9, 11, 8, 11], [22, 3, 22, 13], [22, 13, 22, 3], [22, 4, 21, 4], [5, 10, 5, 12], [5, 12, 5, 10], [11, 3, 11, 4], [11, 13, 11, 9], [11, 4, 11, 3], [11, 11, 12, 11], [11, 9, 11, 13], [10, 2, 10, 3], [10, 3, 8, 3], [10, 13, 10, 12], [10, 12, 10, 13], [23, 5, 23, 9], [23, 9, 23, 5]]}
