--------------------------------
--------------------------------
--------------------------------
--------------------------------
---------XX----XX---------------
--------------------------------
--------------------------------
-----XX----XX----XX-------------
--------------------------------
----------------------------XX--
--------X-----------Q--Q--------
-------XX---Q-------------------
------XXX-----------------X-----
-----XXXX----------<>----XX-----
-{--XXXXX----------[]---XXX---}-
XXXXXXXXXXXX-----XXXXXXXXXXXXXXX
META {"type": "solver", "id": "pysat-rc2", "objective": 0}
META {"type": "geom", "shape": "path", "group": "path", "data": [[14, 1, 14, 2], [14, 2, 14, 3], [14, 3, 10, 7], [10, 7, 6, 11], [6, 11, 6, 12], [6, 12, 6, 13], [6, 13, 7, 14], [7, 14, 8, 15], [8, 15, 9, 16], [9, 16, 10, 17], [10, 17, 11, 18], [11, 18, 12, 19], [12, 19, 12, 20], [12, 20, 12, 21], [12, 21, 13, 22], [13, 22, 14, 23], [14, 23, 11, 26], [11, 26, 11, 27], [11, 27, 12, 28], [12, 28, 13, 29], [13, 29, 14, 30]]}
