--------------------------------
--------------------------------
--------------------X-----------
--------------------------------
--------------------------------
---XX-----------------Q--Q------
-------XX-----XX----------------
--------------------------------
-----------X--------------------
-----X----XX--------------X-----
---------XXX-------Q------------
--------XXXX--<>----------------
-------XXXXX--[]----------------
------XXXXXX--[]----------------
-{---XXXXXXX--[]--------------}-
XXXXXXXXXXXXXXXXXXXX--XXXXXXXXXX
META {"type": "solver", "id": "pysat-rc2", "objective": 0}
META {"type": "geom", "shape": "path", "group": "path", "data": [[14, 1, 13, 1], [13, 1, 14, 2], [14, 2, 13, 3], [13, 3, 14, 3], [14, 3, 14, 4], [14, 4, 10, 8], [10, 8, 6, 4], [6, 4, 7, 3], [7, 3, 8, 4], [8, 4, 9, 3], [9, 3, 10, 3], [10, 3, 11, 3], [11, 3, 12, 4], [12, 4, 13, 5], [13, 5, 11, 7], [11, 7, 7, 6], [7, 6, 8, 5], [8, 5, 4, 6], [4, 6, 5, 7], [5, 7, 1, 11], [1, 11, 2, 12], [2, 12, 3, 13], [3, 13, 4, 14], [4, 14, 5, 15], [5, 15, 3, 14], [3, 14, 4, 13], [4, 13, 5, 13], [5, 13, 6, 13], [6, 13, 7, 12], [7, 12, 8, 13], [8, 13, 9, 14], [9, 14, 10, 15], [10, 15, 6, 18], [6, 18, 7, 17], [7, 17, 8, 18], [8, 18, 9, 17], [9, 17, 10, 16], [10, 16, 11, 16], [11, 16, 12, 17], [12, 17, 13, 18], [13, 18, 14, 19], [14, 19, 11, 22], [11, 22, 12, 22], [12, 22, 13, 23], [13, 23, 14, 24], [14, 24, 14, 25], [14, 25, 10, 29], [10, 29, 11, 29], [11, 29, 12, 30], [12, 30, 13, 29], [13, 29, 14, 28], [14, 28, 11, 30], [11, 30, 12, 31], [12, 31, 13, 31], [13, 31, 14, 31], [14, 31, 13, 30], [13, 30, 14, 30]]}
META {"type": "geom", "shape": "tile", "group": "path", "data": [[14, 1], [13, 1], [14, 1], [14, 2], [13, 2], [13, 3], [14, 3], [14, 4], [13, 4], [13, 5], [12, 5], [12, 6], [11, 6], [11, 7], [10, 7], [10, 8], [9, 8], [9, 7], [8, 7], [8, 6], [7, 6], [7, 5], [6, 5], [6, 4], [7, 4], [7, 3], [8, 3], [8, 4], [9, 4], [9, 3], [10, 3], [11, 3], [12, 3], [12, 4], [13, 4], [13, 5], [12, 5], [12, 6], [11, 6], [11, 7], [10, 7], [9, 7], [8, 7], [7, 7], [7, 6], [8, 6], [8, 5], [7, 5], [6, 5], [5, 5], [4, 5], [4, 6], [5, 6], [5, 7], [4, 7], [4, 8], [3, 8], [3, 9], [2, 9], [2, 10], [1, 10], [1, 11], [2, 11], [2, 12], [3, 12], [3, 13], [4, 13], [4, 14], [5, 14], [5, 15], [4, 15], [4, 14], [3, 14], [4, 14], [4, 13], [5, 13], [6, 13], [7, 13], [7, 12], [8, 12], [8, 13], [9, 13], [9, 14], [10, 14], [10, 15], [9, 15], [9, 16], [8, 16], [8, 17], [7, 17], [7, 18], [6, 18], [7, 18], [7, 17], [8, 17], [8, 18], [9, 18], [9, 17], [10, 17], [10, 16], [11, 16], [12, 16], [12, 17], [13, 17], [13, 18], [14, 18], [14, 19], [13, 19], [13, 20], [12, 20], [12, 21], [11, 21], [11, 22], [12, 22], [13, 22], [13, 23], [14, 23], [14, 24], [14, 25], [13, 25], [13, 26], [12, 26], [12, 27], [11, 27], [11, 28], [10, 28], [10, 29], [11, 29], [12, 29], [12, 30], [13, 30], [13, 29], [14, 29], [14, 28], [13, 28], [13, 29], [12, 29], [12, 30], [11, 30], [12, 30], [12, 31], [13, 31], [14, 31], [13, 31], [13, 30], [14, 30]]}
META {"type": "geom", "shape": "line", "group": "offpath", "data": [[7, 26, 8, 26], [7, 19, 8, 19], [7, 11, 3, 7], [6, 19, 7, 19], [6, 10, 7, 11], [6, 25, 7, 26], [14, 29, 12, 29], [13, 28, 14, 29], [8, 26, 4, 25], [8, 19, 9, 19], [4, 22, 0, 26], [4, 9, 5, 9], [4, 3, 2, 3], [4, 7, 5, 8], [4, 4, 0, 1], [4, 23, 5, 24], [4, 15, 5, 14], [4, 25, 0, 24], [3, 21, 4, 22], [3, 2, 4, 3], [3, 7, 4, 7], [3, 16, 4, 15], [3, 4, 4, 4], [3, 23, 4, 23], [3, 8, 4, 9], [12, 29, 13, 28], [1, 20, 0, 21], [1, 1, 2, 2], [1, 23, 2, 22], [1, 15, 2, 15], [1, 25, 2, 24], [2, 22, 3, 21], [2, 3, 3, 4], [2, 2, 3, 2], [2, 15, 3, 16], [2, 24, 3, 23], [9, 19, 6, 19], [5, 9, 6, 10], [5, 14, 1, 15], [5, 24, 6, 25], [5, 8, 3, 8], [0, 26, 1, 25], [0, 21, 1, 20], [0, 1, 1, 1], [0, 24, 1, 23]]}
