--------------------------------
--------------------------------
--------------------------------
--X-----------------------------
----------Q---------X--X-----X--
-------------Q------------------
----Q---------------------------
-------XXX----------------------
--------------Q---------XX------
------------------Q----XXX------
----X------X----------XXXX--X---
---------------------XXXXX------
-------<>-----------XXXXXX------
-------[]----------XXXXXXX------
-{-----[]---------XXXXXXXX----}-
XXXXXXXXXXXXXXXXXXXXXXXXXXXXXXXX
META {"type": "solver", "id": "pysat-rc2", "objective": 0}
META {"type": "geom", "shape": "path", "group": "path", "data": [[14, 1, 13, 1], [13, 1, 14, 0], [14, 0, 12, 2], [12, 2, 13, 2], [13, 2, 14, 3], [14, 3, 13, 3], [13, 3, 14, 2], [14, 2, 10, 6], [10, 6, 11, 7], [11, 7, 7, 4], [7, 4, 8, 4], [8, 4, 9, 3], [9, 3, 10, 3], [10, 3, 11, 3], [11, 3, 12, 4], [12, 4, 13, 4], [13, 4, 14, 4], [14, 4, 10, 8], [10, 8, 11, 8], [11, 8, 7, 11], [7, 11, 8, 12], [8, 12, 9, 11], [9, 11, 5, 15], [5, 15, 6, 16], [6, 16, 7, 15], [7, 15, 8, 15], [8, 15, 9, 14], [9, 14, 10, 13], [10, 13, 11, 13], [11, 13, 12, 12], [12, 12, 13, 12], [13, 12, 14, 13], [14, 13, 12, 13], [12, 13, 13, 13], [13, 13, 14, 14], [14, 14, 11, 11], [11, 11, 12, 10], [12, 10, 13, 11], [13, 11, 14, 12], [14, 12, 14, 11], [14, 11, 13, 10], [13, 10, 14, 9], [14, 9, 14, 10], [14, 10, 10, 14], [10, 14, 11, 15], [11, 15, 12, 14], [12, 14, 13, 15], [13, 15, 14, 15], [14, 15, 10, 18], [10, 18, 11, 17], [11, 17, 12, 16], [12, 16, 13, 17], [13, 17, 14, 16], [14, 16, 11, 19], [11, 19, 12, 18], [12, 18, 13, 18], [13, 18, 10, 21], [10, 21, 8, 23], [8, 23, 4, 26], [4, 26, 5, 25], [5, 25, 6, 25], [6, 25, 7, 25], [7, 25, 3, 29], [3, 29, 0, 27], [0, 27, 1, 27], [1, 27, 2, 27], [2, 27, 3, 28], [3, 28, 4, 28], [4, 28, 5, 27], [5, 27, 6, 27], [6, 27, 7, 27], [7, 27, 8, 28], [8, 28, 9, 29], [9, 29, 10, 30], [10, 30, 11, 29], [11, 29, 12, 29], [12, 29, 13, 30], [13, 30, 14, 31], [14, 31, 13, 31], [13, 31, 14, 30]]}
META {"type": "geom", "shape": "tile", "group": "path", "data": [[14, 1], [13, 1], [14, 1], [14, 0], [13, 0], [13, 1], [12, 1], [12, 2], [13, 2], [14, 2], [14, 3], [13, 3], [14, 3], [14, 2], [13, 2], [13, 3], [12, 3], [12, 4], [11, 4], [11, 5], [10, 5], [10, 6], [11, 6], [11, 7], [10, 7], [10, 6], [9, 6], [9, 5], [8, 5], [8, 4], [7, 4], [8, 4], [9, 4], [9, 3], [10, 3], [11, 3], [12, 3], [12, 4], [13, 4], [14, 4], [13, 4], [13, 5], [12, 5], [12, 6], [11, 6], [11, 7], [10, 7], [10, 8], [11, 8], [10, 8], [10, 9], [9, 9], [9, 10], [8, 10], [8, 11], [7, 11], [8, 11], [8, 12], [9, 12], [9, 11], [8, 11], [8, 12], [7, 12], [7, 13], [6, 13], [6, 14], [5, 14], [5, 15], [6, 15], [6, 16], [7, 16], [7, 15], [8, 15], [9, 15], [9, 14], [10, 14], [10, 13], [11, 13], [12, 13], [12, 12], [13, 12], [14, 12], [14, 13], [13, 13], [12, 13], [13, 13], [14, 13], [14, 14], [13, 14], [13, 13], [12, 13], [12, 12], [11, 12], [11, 11], [12, 11], [12, 10], [13, 10], [13, 11], [14, 11], [14, 12], [14, 11], [13, 11], [13, 10], [14, 10], [14, 9], [14, 10], [13, 10], [13, 11], [12, 11], [12, 12], [11, 12], [11, 13], [10, 13], [10, 14], [11, 14], [11, 15], [12, 15], [12, 14], [13, 14], [13, 15], [14, 15], [13, 15], [13, 16], [12, 16], [12, 17], [11, 17], [11, 18], [10, 18], [11, 18], [11, 17], [12, 17], [12, 16], [13, 16], [13, 17], [14, 17], [14, 16], [13, 16], [13, 17], [12, 17], [12, 18], [11, 18], [11, 19], [12, 19], [12, 18], [13, 18], [12, 18], [12, 19], [11, 19], [11, 20], [10, 20], [10, 21], [9, 21], [9, 22], [8, 22], [8, 23], [7, 23], [7, 24], [6, 24], [6, 25], [5, 25], [5, 26], [4, 26], [5, 26], [5, 25], [6, 25], [7, 25], [6, 25], [6, 26], [5, 26], [5, 27], [4, 27], [4, 28], [3, 28], [3, 29], [2, 29], [2, 28], [1, 28], [1, 27], [0, 27], [1, 27], [2, 27], [3, 27], [3, 28], [4, 28], [5, 28], [5, 27], [6, 27], [7, 27], [8, 27], [8, 28], [9, 28], [9, 29], [10, 29], [10, 30], [11, 30], [11, 29], [12, 29], [13, 29], [13, 30], [14, 30], [14, 31], [13, 31], [14, 31], [14, 30]]}
META {"type": "geom", "shape": "line", "group": "offpath", "data": [[7, 16, 8, 17], [7, 3, 8, 3], [7, 24, 3, 20], [7, 14, 5, 16], [13, 16, 14, 17], [13, 27, 14, 28], [13, 6, 14, 6], [13, 28, 14, 29], [13, 26, 14, 26], [11, 6, 12, 5], [11, 20, 7, 24], [11, 14, 12, 15], [2, 2, 0, 3], [2, 7, 3, 7], [2, 3, 3, 3], [2, 9, 3, 10], [2, 22, 3, 23], [2, 18, 3, 17], [2, 11, 3, 12], [12, 27, 13, 26], [12, 15, 13, 16], [12, 28, 13, 27], [12, 5, 13, 6], [10, 15, 11, 14], [6, 17, 7, 16], [6, 2, 7, 3], [6, 15, 7, 14], [6, 8, 3, 6], [6, 7, 2, 7], [1, 17, 2, 18], [1, 4, 2, 3], [1, 8, 2, 9], [1, 3, 2, 2], [1, 22, 2, 22], [1, 11, 2, 11], [14, 17, 11, 20], [14, 27, 12, 27], [14, 6, 11, 6], [14, 28, 13, 28], [14, 26, 14, 27], [14, 29, 12, 28], [9, 16, 10, 15], [9, 4, 6, 2], [9, 28, 8, 27], [5, 17, 6, 17], [5, 16, 6, 15], [5, 6, 6, 7], [5, 4, 1, 3], [5, 7, 6, 8], [0, 17, 1, 17], [0, 23, 1, 22], [0, 3, 1, 4], [0, 9, 1, 8], [3, 17, 4, 18], [3, 6, 4, 6], [3, 20, 0, 17], [3, 12, 4, 13], [3, 7, 4, 8], [3, 10, 1, 11], [3, 23, 0, 23], [3, 3, 4, 3], [4, 6, 5, 6], [4, 13, 0, 9], [4, 8, 5, 7], [4, 3, 5, 4], [4, 18, 5, 17], [8, 17, 9, 16], [8, 27, 9, 28], [8, 3, 9, 4]]}
