XXXXXXXXXXXXXXXX
X0----X-X-XXXXXX
XXX--------XXXXX
XXX-XXXXXX----1X
X--X------XXXXXX
X-----XX--XXXXXX
XX----XX---XXXXX
XX-X--------XX-X
X-X------------X
X-X--XX-XXX---XX
X-X--XX--------X
X----XX-X-X-XX-X
XXXXXXXXXXXXXXXX
XXXXXXXXXXXXXXXX
X2------------3X
XXXXXXXXXXXXXXXX
META {"type": "solver", "id": "pysat-rc2", "objective": 0}
META {"type": "geom", "shape": "path", "group": "path", "data": [[1, 1, 1, 2], [1, 2, 1, 3], [1, 3, 2, 3], [2, 3, 2, 4], [2, 4, 1, 4], [1, 4, 1, 5], [1, 5, 2, 5], [2, 5, 2, 6], [2, 6, 2, 7], [2, 7, 2, 8], [2, 8, 2, 9], [2, 9, 2, 10], [2, 10, 3, 10], [3, 10, 3, 11], [3, 11, 3, 12], [3, 12, 3, 13], [3, 13, 3, 14]]}
META {"type": "geom", "shape": "tile", "group": "path", "data": [[1, 1], [1, 2], [1, 3], [2, 3], [2, 4], [1, 4], [1, 5], [2, 5], [2, 6], [2, 7], [2, 8], [2, 9], [2, 10], [3, 10], [3, 11], [3, 12], [3, 13], [3, 14]]}
META {"type": "geom", "shape": "line", "group": "offpath", "data": [[7, 14, 8, 14], [11, 1, 11, 2], [11, 3, 10, 3], [11, 2, 11, 1], [8, 14, 7, 14], [9, 11, 9, 12], [9, 1, 10, 1], [9, 12, 9, 11], [10, 9, 10, 8], [10, 1, 9, 1], [10, 3, 11, 3], [10, 8, 10, 9]]}
META {"type": "geom", "shape": "path", "group": "path", "data": [[14, 1, 14, 2], [14, 2, 14, 3], [14, 3, 14, 4], [14, 4, 14, 5], [14, 5, 14, 6], [14, 6, 14, 7], [14, 7, 14, 8], [14, 8, 14, 9], [14, 9, 14, 10], [14, 10, 14, 11], [14, 11, 14, 12], [14, 12, 14, 13], [14, 13, 14, 14]]}
META {"type": "geom", "shape": "tile", "group": "path", "data": [[14, 1], [14, 2], [14, 3], [14, 4], [14, 5], [14, 6], [14, 7], [14, 8], [14, 9], [14, 10], [14, 11], [14, 12], [14, 13], [14, 14]]}
META {"type": "geom", "shape": "line", "group": "offpath", "data": [[5, 4, 5, 5], [5, 3, 5, 2], [5, 2, 5, 3], [5, 5, 4, 5], [7, 4, 6, 4], [7, 9, 7, 10], [7, 11, 8, 11], [7, 14, 8, 14], [7, 6, 8, 6], [7, 10, 7, 11], [7, 5, 7, 4], [7, 8, 6, 8], [6, 4, 6, 5], [6, 9, 7, 9], [6, 3, 6, 2], [6, 2, 6, 3], [6, 5, 7, 5], [6, 8, 6, 9], [11, 1, 11, 2], [11, 2, 11, 1], [4, 4, 5, 4], [4, 9, 4, 8], [4, 5, 4, 4], [4, 8, 4, 9], [8, 11, 8, 12], [8, 13, 9, 13], [8, 14, 7, 14], [8, 6, 7, 6], [8, 12, 9, 12], [8, 7, 8, 8], [8, 8, 7, 8], [9, 13, 8, 13], [9, 12, 10, 12], [9, 7, 8, 7], [10, 9, 10, 8], [10, 11, 10, 10], [10, 10, 10, 9], [10, 12, 10, 11], [10, 7, 9, 7], [10, 8, 10, 7]]}
