XXXXXXXXXXXXXXXX
X0--X---X-XX-XXX
XXX----------XXX
XXX-----------1X
X-----------XXXX
XX------X---XXXX
X-XXX---X------X
X-------X------X
X-X--XX----X---X
X----XX-XX----XX
XX-XXXXXXXXXX-XX
XX-XXXXXXXXXXX-X
XXX-XXXXX-XXXXXX
XXX-XXXXX--XXXXX
X2------------3X
XXXXXXXXXXXXXXXX
META {"type": "solver", "id": "pysat-rc2", "objective": 0}
META {"type": "geom", "shape": "path", "group": "path", "data": [[1, 1, 1, 2], [1, 2, 1, 3], [1, 3, 2, 3], [2, 3, 3, 3], [3, 3, 4, 3], [4, 3, 5, 3], [5, 3, 5, 4], [5, 4, 4, 4], [4, 4, 4, 5], [4, 5, 4, 6], [4, 6, 4, 7], [4, 7, 3, 7], [3, 7, 3, 8], [3, 8, 3, 9], [3, 9, 3, 10], [3, 10, 2, 10], [2, 10, 2, 11], [2, 11, 2, 12], [2, 12, 3, 12], [3, 12, 3, 13], [3, 13, 3, 14]]}
META {"type": "geom", "shape": "tile", "group": "path", "data": [[1, 1], [1, 2], [1, 3], [2, 3], [3, 3], [4, 3], [5, 3], [5, 4], [4, 4], [4, 5], [4, 6], [4, 7], [3, 7], [3, 8], [3, 9], [3, 10], [2, 10], [2, 11], [2, 12], [3, 12], [3, 13], [3, 14]]}
META {"type": "geom", "shape": "line", "group": "offpath", "data": [[7, 14, 6, 14], [7, 11, 7, 10], [7, 10, 7, 11], [7, 5, 7, 4], [7, 2, 7, 1], [7, 9, 8, 9], [7, 3, 7, 2], [7, 7, 8, 7], [7, 6, 6, 6], [7, 1, 8, 1], [7, 4, 7, 5], [7, 13, 6, 13], [4, 11, 4, 10], [4, 10, 5, 10], [4, 2, 5, 2], [5, 11, 4, 11], [5, 10, 6, 10], [5, 5, 6, 5], [5, 2, 4, 2], [5, 7, 6, 7], [12, 3, 13, 3], [14, 11, 14, 12], [14, 9, 14, 8], [14, 7, 14, 6], [14, 8, 14, 9], [14, 12, 14, 11], [14, 6, 14, 7], [13, 3, 12, 3], [2, 9, 1, 9], [2, 6, 3, 6], [8, 10, 9, 10], [8, 9, 8, 10], [8, 3, 7, 3], [8, 7, 7, 7], [8, 1, 9, 1], [8, 13, 7, 13], [3, 6, 2, 6], [6, 14, 7, 14], [6, 11, 5, 11], [6, 10, 6, 9], [6, 5, 5, 5], [6, 9, 7, 9], [6, 7, 5, 7], [6, 12, 6, 11], [6, 6, 7, 6], [6, 13, 6, 12], [9, 11, 9, 12], [9, 10, 9, 11], [9, 2, 9, 3], [9, 3, 8, 3], [9, 12, 9, 13], [9, 1, 9, 2], [9, 13, 8, 13], [1, 5, 1, 6], [1, 9, 2, 9], [1, 6, 1, 5], [10, 2, 11, 2], [11, 2, 10, 2]]}
META {"type": "geom", "shape": "path", "group": "path", "data": [[14, 1, 14, 2], [14, 2, 14, 3], [14, 3, 14, 4], [14, 4, 14, 5], [14, 5, 14, 6], [14, 6, 14, 7], [14, 7, 14, 8], [14, 8, 14, 9], [14, 9, 13, 9], [13, 9, 13, 10], [13, 10, 14, 10], [14, 10, 14, 11], [14, 11, 14, 12], [14, 12, 14, 13], [14, 13, 14, 14]]}
META {"type": "geom", "shape": "tile", "group": "path", "data": [[14, 1], [14, 2], [14, 3], [14, 4], [14, 5], [14, 6], [14, 7], [14, 8], [14, 9], [13, 9], [13, 10], [14, 10], [14, 11], [14, 12], [14, 13], [14, 14]]}
META {"type": "geom", "shape": "line", "group": "offpath", "data": []}
