XXXXXXXXXXXXXXXXXXXXXXXXXXXXXXXX
X-XXXXX----X-----XXXXX---XXXXX-X
X--}XXX-XXX--XXX-XXX------XXX--X
X-XXXXX-----X---XXXX------XXX--X
X-XXXXX--------XXXXXXX-X-XXXXXXX
X-XXXX---------XXXXXXX-X-XXXXXXX
X--XXX--------XXXX-----X---XX--X
XX------------XXXX------------XX
X-------------XXX--------XXX---X
X-----X-------XXX-XXX---XXXXX-XX
X-------------XXXX------XXXXX--X
X----X---X----XXXX----X-XXX{---X
X--XX----X-X-X------XXXXXXXXX-XX
X--XX----X----------XXXXXXXXX--X
X-------------XX--XX-----------X
XXXXXXXXXXXXXXXXXXXXXXXXXXXXXXXX
META {"type": "solver", "id": "clingo-be", "objective": 0}
META {"type": "geom", "shape": "path", "group": "path", "data": [[11, 27, 11, 28], [11, 28, 11, 29], [11, 29, 10, 29], [10, 29, 9, 29], [9, 29, 8, 29], [8, 29, 7, 29], [7, 29, 7, 28], [7, 28, 7, 27], [7, 27, 7, 26], [7, 26, 6, 26], [6, 26, 6, 25], [6, 25, 6, 24], [6, 24, 7, 24], [7, 24, 7, 23], [7, 23, 8, 23], [8, 23, 8, 22], [8, 22, 9, 22], [9, 22, 9, 21], [9, 21, 10, 21], [10, 21, 10, 20], [10, 20, 11, 20], [11, 20, 11, 19], [11, 19, 11, 18], [11, 18, 12, 18], [12, 18, 12, 17], [12, 17, 12, 16], [12, 16, 13, 16], [13, 16, 13, 15], [13, 15, 13, 14], [13, 14, 13, 13], [13, 13, 13, 12], [13, 12, 12, 12], [12, 12, 11, 12], [11, 12, 10, 12], [10, 12, 9, 12], [9, 12, 9, 13], [9, 13, 8, 13], [8, 13, 8, 12], [8, 12, 7, 12], [7, 12, 6, 12], [6, 12, 6, 11], [6, 11, 6, 10], [6, 10, 6, 9], [6, 9, 6, 8], [6, 8, 6, 7], [6, 7, 6, 6], [6, 6, 7, 6], [7, 6, 7, 5], [7, 5, 7, 4], [7, 4, 7, 3], [7, 3, 7, 2], [7, 2, 6, 2], [6, 2, 6, 1], [6, 1, 5, 1], [5, 1, 4, 1], [4, 1, 3, 1], [3, 1, 2, 1], [2, 1, 2, 2], [2, 2, 2, 3]]}
META {"type": "geom", "shape": "tile", "group": "path", "data": [[11, 27], [11, 28], [11, 29], [10, 29], [9, 29], [8, 29], [7, 29], [7, 28], [7, 27], [7, 26], [6, 26], [6, 25], [6, 24], [7, 24], [7, 23], [8, 23], [8, 22], [9, 22], [9, 21], [10, 21], [10, 20], [11, 20], [11, 19], [11, 18], [12, 18], [12, 17], [12, 16], [13, 16], [13, 15], [13, 14], [13, 13], [13, 12], [12, 12], [11, 12], [10, 12], [9, 12], [9, 13], [8, 13], [8, 12], [7, 12], [6, 12], [6, 11], [6, 10], [6, 9], [6, 8], [6, 7], [6, 6], [7, 6], [7, 5], [7, 4], [7, 3], [7, 2], [6, 2], [6, 1], [5, 1], [4, 1], [3, 1], [2, 1], [2, 2], [2, 3]]}
META {"type": "geom", "shape": "line", "group": "offpath", "data": [[3, 13, 3, 14], [3, 23, 2, 23], [3, 22, 3, 23], [3, 10, 3, 9], [3, 11, 2, 11], [3, 9, 3, 10], [3, 7, 4, 7], [3, 30, 3, 29], [3, 20, 3, 21], [3, 29, 2, 29], [3, 14, 4, 14], [3, 21, 3, 22], [3, 24, 3, 25], [3, 25, 3, 24], [12, 1, 13, 1], [12, 19, 13, 19], [12, 8, 11, 8], [14, 2, 14, 3], [14, 3, 14, 4], [14, 12, 14, 11], [14, 1, 14, 2], [14, 28, 14, 29], [14, 23, 14, 24], [14, 8, 14, 9], [14, 17, 14, 16], [14, 11, 14, 12], [14, 4, 14, 5], [14, 9, 14, 8], [14, 26, 14, 25], [14, 30, 13, 30], [14, 16, 14, 17], [14, 29, 14, 28], [14, 5, 13, 5], [14, 24, 14, 23], [14, 25, 14, 26], [11, 2, 10, 2], [11, 3, 11, 4], [11, 1, 12, 1], [11, 23, 10, 23], [11, 8, 11, 7], [11, 4, 10, 4], [11, 6, 10, 6], [11, 7, 10, 7], [11, 30, 10, 30], [5, 13, 5, 12], [5, 12, 5, 11], [5, 22, 6, 22], [5, 10, 5, 9], [5, 11, 4, 11], [5, 6, 5, 7], [5, 9, 5, 10], [5, 7, 5, 6], [5, 14, 5, 13], [5, 24, 4, 24], [8, 2, 9, 2], [8, 3, 8, 2], [8, 18, 7, 18], [8, 10, 9, 10], [8, 19, 8, 18], [8, 8, 7, 8], [8, 4, 8, 3], [8, 6, 8, 5], [8, 9, 8, 10], [8, 7, 8, 6], [8, 20, 8, 19], [8, 21, 8, 20], [8, 5, 8, 4], [13, 1, 14, 1], [13, 18, 13, 17], [13, 19, 12, 19], [13, 8, 12, 8], [13, 17, 13, 18], [13, 6, 13, 7], [13, 7, 13, 8], [13, 30, 14, 30], [13, 5, 13, 6], [10, 2, 11, 2], [10, 3, 11, 3], [10, 1, 11, 1], [10, 23, 11, 23], [10, 10, 10, 9], [10, 8, 9, 8], [10, 11, 10, 10], [10, 4, 10, 5], [10, 6, 11, 6], [10, 9, 9, 9], [10, 7, 10, 8], [10, 30, 11, 30], [10, 5, 9, 5], [4, 13, 3, 13], [4, 12, 4, 13], [4, 10, 4, 9], [4, 11, 4, 12], [4, 9, 4, 10], [4, 7, 3, 7], [4, 14, 5, 14], [4, 24, 5, 24], [1, 12, 2, 12], [1, 23, 1, 22], [1, 22, 2, 22], [1, 8, 1, 7], [1, 7, 1, 8], [1, 14, 1, 15], [1, 15, 1, 14], [1, 24, 1, 23], [7, 13, 6, 13], [7, 18, 6, 18], [7, 10, 7, 9], [7, 19, 7, 20], [7, 8, 7, 7], [7, 9, 7, 10], [7, 7, 8, 7], [7, 20, 6, 20], [7, 21, 8, 21], [2, 12, 1, 12], [2, 23, 2, 24], [2, 22, 2, 21], [2, 11, 3, 11], [2, 30, 3, 30], [2, 20, 3, 20], [2, 29, 2, 30], [2, 21, 2, 20], [2, 24, 1, 24], [9, 2, 9, 1], [9, 3, 10, 3], [9, 1, 10, 1], [9, 10, 9, 11], [9, 8, 8, 8], [9, 11, 10, 11], [9, 4, 9, 3], [9, 9, 8, 9], [9, 5, 9, 4], [6, 13, 7, 13], [6, 18, 6, 19], [6, 22, 5, 22], [6, 19, 7, 19], [6, 20, 6, 21], [6, 21, 7, 21]]}
