XXXXXXXXXXXXXXXXXXXXXXXXXXXXXXXX
X---}XXX-XX-XXXXX-XX--XX-X-XXX-X
X-XXXXXXX----XX---------------XX
X-XXXXXXX-XXX--X--X-XXX-XXX-XX-X
X---------XXX--X-X-X---X---XXXXX
X--------------X-X---X----XXXXXX
X------XXX-------X---X-X-XXXXX-X
XX--------X-XXXXX----X-X-XXXX-XX
X--X---XX-X-XXXXXXXXX--X-XXX-X-X
X----X-XX-X-XXXXXXXXX---XXXXXXXX
XX-------------------XX-XXXXXXXX
X--XX--------XXXXX-XXXXXXXX{---X
XXXXXXXXXX---XXXXX-XXXXXXXXXX-XX
XXXXXXXXXX---XXXXX---XXXXXXXX--X
X----------XX-----XX-----------X
XXXXXXXXXXXXXXXXXXXXXXXXXXXXXXXX
META {"type": "solver", "id": "pysat-rc2-boolonly", "objective": 0}
META {"type": "geom", "shape": "path", "group": "path", "data": [[11, 27, 11, 28], [11, 28, 11, 29], [11, 29, 12, 29], [12, 29, 13, 29], [13, 29, 14, 29], [14, 29, 14, 28], [14, 28, 14, 27], [14, 27, 14, 26], [14, 26, 14, 25], [14, 25, 14, 24], [14, 24, 14, 23], [14, 23, 14, 22], [14, 22, 14, 21], [14, 21, 14, 20], [14, 20, 13, 20], [13, 20, 13, 19], [13, 19, 13, 18], [13, 18, 12, 18], [12, 18, 11, 18], [11, 18, 10, 18], [10, 18, 10, 17], [10, 17, 10, 16], [10, 16, 10, 15], [10, 15, 10, 14], [10, 14, 10, 13], [10, 13, 10, 12], [10, 12, 11, 12], [11, 12, 12, 12], [12, 12, 12, 11], [12, 11, 11, 11], [11, 11, 10, 11], [10, 11, 9, 11], [9, 11, 8, 11], [8, 11, 7, 11], [7, 11, 6, 11], [6, 11, 5, 11], [5, 11, 5, 10], [5, 10, 5, 9], [5, 9, 4, 9], [4, 9, 4, 8], [4, 8, 4, 7], [4, 7, 5, 7], [5, 7, 5, 6], [5, 6, 4, 6], [4, 6, 4, 5], [4, 5, 5, 5], [5, 5, 5, 4], [5, 4, 5, 3], [5, 3, 4, 3], [4, 3, 4, 2], [4, 2, 5, 2], [5, 2, 5, 1], [5, 1, 4, 1], [4, 1, 3, 1], [3, 1, 2, 1], [2, 1, 1, 1], [1, 1, 1, 2], [1, 2, 1, 3], [1, 3, 1, 4]]}
META {"type": "geom", "shape": "tile", "group": "path", "data": [[11, 27], [11, 28], [11, 29], [12, 29], [13, 29], [14, 29], [14, 28], [14, 27], [14, 26], [14, 25], [14, 24], [14, 23], [14, 22], [14, 21], [14, 20], [13, 20], [13, 19], [13, 18], [12, 18], [11, 18], [10, 18], [10, 17], [10, 16], [10, 15], [10, 14], [10, 13], [10, 12], [11, 12], [12, 12], [12, 11], [11, 11], [10, 11], [9, 11], [8, 11], [7, 11], [6, 11], [5, 11], [5, 10], [5, 9], [4, 9], [4, 8], [4, 7], [5, 7], [5, 6], [4, 6], [4, 5], [5, 5], [5, 4], [5, 3], [4, 3], [4, 2], [5, 2], [5, 1], [4, 1], [3, 1], [2, 1], [1, 1], [1, 2], [1, 3], [1, 4]]}
META {"type": "geom", "shape": "line", "group": "offpath", "data": [[12, 10, 13, 10], [3, 13, 4, 13], [3, 16, 4, 16], [3, 23, 2, 23], [9, 2, 8, 2], [9, 1, 9, 2], [9, 9, 8, 9], [9, 4, 10, 4], [14, 2, 14, 1], [14, 1, 14, 2], [14, 10, 14, 9], [14, 9, 14, 10], [13, 10, 12, 10], [4, 13, 3, 13], [4, 16, 3, 16], [8, 2, 8, 1], [8, 1, 9, 1], [8, 9, 9, 9], [8, 4, 8, 5], [8, 5, 8, 4], [11, 9, 11, 8], [11, 8, 11, 9], [10, 4, 9, 4], [6, 13, 5, 13], [6, 14, 6, 13], [6, 4, 6, 5], [6, 16, 6, 15], [6, 5, 6, 4], [6, 15, 6, 16], [5, 13, 5, 14], [5, 14, 6, 14], [7, 3, 7, 4], [7, 4, 7, 3], [7, 5, 7, 6], [7, 6, 7, 5], [2, 22, 2, 21], [2, 16, 2, 15], [2, 23, 3, 23], [2, 15, 2, 16], [2, 21, 2, 22]]}
