XXXXXXXXXXXXXXXXXXXXXXXXXXXXXXXX
X---}XXX-----X--XXXXXX-XXXXXXXXX
XX-XXXXX---------XX-----XXXXX-XX
X--XXXXX---XX------------------X
X-X--XXX-X-XX--------------X--XX
X-X------X------XX--XXXX-------X
X-X------X------XX--XXXX-X-X---X
X-----XX---XXXX----------------X
X-XX-XXXXXXXXXXXX-----X-XXXXX--X
XXXXXXXXXXXXXXXXX-XX-X--XXXXX-XX
XXXXXXXX---XXXX--XXXXXXXXXXXX-XX
X-XX-XX-XXX-XX-X-XXXXXXXXXX{---X
XX-------------X--------XXXXX-XX
XX-XXXXXXXXXX--X--------XXXXX--X
X------------XX-XX-XX-XX-------X
XXXXXXXXXXXXXXXXXXXXXXXXXXXXXXXX
META {"type": "solver", "id": "pysat-rc2", "objective": 0}
META {"type": "geom", "shape": "path", "group": "path", "data": [[11, 27, 11, 28], [11, 28, 11, 29], [11, 29, 10, 29], [10, 29, 9, 29], [9, 29, 8, 29], [8, 29, 7, 29], [7, 29, 7, 28], [7, 28, 7, 27], [7, 27, 7, 26], [7, 26, 6, 26], [6, 26, 5, 26], [5, 26, 4, 26], [4, 26, 4, 25], [4, 25, 4, 24], [4, 24, 4, 23], [4, 23, 4, 22], [4, 22, 4, 21], [4, 21, 4, 20], [4, 20, 4, 19], [4, 19, 3, 19], [3, 19, 3, 18], [3, 18, 4, 18], [4, 18, 5, 18], [5, 18, 6, 18], [6, 18, 7, 18], [7, 18, 7, 17], [7, 17, 7, 16], [7, 16, 7, 15], [7, 15, 6, 15], [6, 15, 6, 14], [6, 14, 6, 13], [6, 13, 6, 12], [6, 12, 6, 11], [6, 11, 6, 10], [6, 10, 5, 10], [5, 10, 4, 10], [4, 10, 3, 10], [3, 10, 3, 9], [3, 9, 3, 8], [3, 8, 4, 8], [4, 8, 5, 8], [5, 8, 5, 7], [5, 7, 5, 6], [5, 6, 6, 6], [6, 6, 6, 5], [6, 5, 6, 4], [6, 4, 5, 4], [5, 4, 4, 4], [4, 4, 4, 3], [4, 3, 5, 3], [5, 3, 6, 3], [6, 3, 7, 3], [7, 3, 7, 2], [7, 2, 7, 1], [7, 1, 6, 1], [6, 1, 5, 1], [5, 1, 4, 1], [4, 1, 3, 1], [3, 1, 3, 2], [3, 2, 2, 2], [2, 2, 1, 2], [1, 2, 1, 3], [1, 3, 1, 4]]}
META {"type": "geom", "shape": "tile", "group": "path", "data": [[11, 27], [11, 28], [11, 29], [10, 29], [9, 29], [8, 29], [7, 29], [7, 28], [7, 27], [7, 26], [6, 26], [5, 26], [4, 26], [4, 25], [4, 24], [4, 23], [4, 22], [4, 21], [4, 20], [4, 19], [3, 19], [3, 18], [4, 18], [5, 18], [6, 18], [7, 18], [7, 17], [7, 16], [7, 15], [6, 15], [6, 14], [6, 13], [6, 12], [6, 11], [6, 10], [5, 10], [4, 10], [3, 10], [3, 9], [3, 8], [4, 8], [5, 8], [5, 7], [5, 6], [6, 6], [6, 5], [6, 4], [5, 4], [4, 4], [4, 3], [5, 3], [6, 3], [7, 3], [7, 2], [7, 1], [6, 1], [5, 1], [4, 1], [3, 1], [3, 2], [2, 2], [1, 2], [1, 3], [1, 4]]}
META {"type": "geom", "shape": "line", "group": "offpath", "data": [[7, 24, 7, 25], [7, 22, 7, 23], [7, 23, 7, 22], [7, 21, 7, 20], [7, 25, 7, 24], [7, 20, 7, 21], [8, 17, 8, 18], [8, 18, 8, 17], [14, 27, 14, 26], [14, 28, 14, 29], [14, 29, 14, 28], [14, 26, 14, 27], [2, 15, 2, 16], [2, 16, 2, 15], [2, 21, 2, 20], [2, 9, 2, 10], [2, 11, 1, 11], [2, 20, 2, 21], [2, 10, 2, 9], [4, 15, 5, 15], [4, 16, 4, 17], [4, 13, 5, 13], [4, 14, 4, 15], [4, 28, 4, 29], [4, 17, 4, 16], [4, 29, 4, 28], [6, 30, 5, 30], [6, 29, 6, 30], [5, 15, 5, 14], [5, 27, 5, 28], [5, 13, 4, 13], [5, 14, 4, 14], [5, 30, 5, 29], [5, 28, 5, 27], [5, 29, 6, 29], [1, 9, 1, 10], [1, 11, 2, 11], [1, 10, 1, 9]]}
