XXXXXXXXXXXXXXXXXXXXXXXXXXXXXXXX
XX--}XXX-XX--XX-XX-XX-X-----XX-X
X--XXXXX---XX-----X--X-XXXXX--XX
XX-XXXXXXXXXXXX--X-X-X------X-XX
XX---XXXXXXXXXX------X------X-XX
XX----XX---------XXX--XXX---X-XX
X-----------------------------XX
X----------------------XXXXXXX-X
X-XXX----------X--XX-X-XXXXXXX-X
XX---XXX-X-----X-XXXXXXXXXXXXX-X
X--XX----------X-XXXXXXXXXXXXX-X
X-XXXX-XXX-X-XX---XX----XXX{---X
X-XXXX-XXX--XXXXXX--XXXXXXXXX--X
X-XXX--XXX--XXXXXX--XXXXXXXXX-XX
X------------------------------X
XXXXXXXXXXXXXXXXXXXXXXXXXXXXXXXX
META {"type": "solver", "id": "pysat-rc2-boolonly", "objective": 0}
META {"type": "geom", "shape": "path", "group": "path", "data": [[11, 27, 11, 28], [11, 28, 11, 29], [11, 29, 12, 29], [12, 29, 13, 29], [13, 29, 14, 29], [14, 29, 14, 28], [14, 28, 14, 27], [14, 27, 14, 26], [14, 26, 14, 25], [14, 25, 14, 24], [14, 24, 14, 23], [14, 23, 14, 22], [14, 22, 14, 21], [14, 21, 14, 20], [14, 20, 14, 19], [14, 19, 13, 19], [13, 19, 13, 18], [13, 18, 14, 18], [14, 18, 14, 17], [14, 17, 14, 16], [14, 16, 14, 15], [14, 15, 14, 14], [14, 14, 14, 13], [14, 13, 14, 12], [14, 12, 14, 11], [14, 11, 14, 10], [14, 10, 14, 9], [14, 9, 14, 8], [14, 8, 14, 7], [14, 7, 14, 6], [14, 6, 13, 6], [13, 6, 12, 6], [12, 6, 11, 6], [11, 6, 10, 6], [10, 6, 10, 7], [10, 7, 10, 8], [10, 8, 9, 8], [9, 8, 8, 8], [8, 8, 7, 8], [7, 8, 7, 7], [7, 7, 7, 6], [7, 6, 7, 5], [7, 5, 7, 4], [7, 4, 7, 3], [7, 3, 7, 2], [7, 2, 6, 2], [6, 2, 5, 2], [5, 2, 4, 2], [4, 2, 3, 2], [3, 2, 2, 2], [2, 2, 1, 2], [1, 2, 1, 3], [1, 3, 1, 4]]}
META {"type": "geom", "shape": "tile", "group": "path", "data": [[11, 27], [11, 28], [11, 29], [12, 29], [13, 29], [14, 29], [14, 28], [14, 27], [14, 26], [14, 25], [14, 24], [14, 23], [14, 22], [14, 21], [14, 20], [14, 19], [13, 19], [13, 18], [14, 18], [14, 17], [14, 16], [14, 15], [14, 14], [14, 13], [14, 12], [14, 11], [14, 10], [14, 9], [14, 8], [14, 7], [14, 6], [13, 6], [12, 6], [11, 6], [10, 6], [10, 7], [10, 8], [9, 8], [8, 8], [7, 8], [7, 7], [7, 6], [7, 5], [7, 4], [7, 3], [7, 2], [6, 2], [5, 2], [4, 2], [3, 2], [2, 2], [1, 2], [1, 3], [1, 4]]}
META {"type": "geom", "shape": "line", "group": "offpath", "data": [[12, 19, 12, 18], [12, 11, 12, 10], [12, 10, 12, 11], [12, 18, 12, 19], [10, 11, 10, 10], [10, 10, 10, 11], [10, 2, 9, 2], [13, 11, 13, 10], [13, 10, 13, 11], [5, 13, 5, 12], [5, 21, 6, 21], [5, 15, 5, 14], [5, 11, 6, 11], [5, 12, 5, 13], [5, 9, 6, 9], [5, 14, 5, 15], [2, 16, 2, 17], [2, 8, 2, 9], [2, 17, 2, 16], [2, 9, 2, 8], [1, 27, 1, 26], [1, 26, 1, 27], [9, 2, 10, 2], [4, 3, 4, 4], [4, 4, 4, 3], [8, 13, 7, 13], [8, 22, 7, 22], [8, 6, 8, 7], [8, 16, 8, 17], [8, 7, 8, 6], [8, 17, 8, 16], [8, 20, 7, 20], [8, 12, 8, 13], [8, 1, 7, 1], [6, 13, 6, 12], [6, 24, 6, 23], [6, 23, 6, 24], [6, 21, 5, 21], [6, 15, 6, 14], [6, 11, 5, 11], [6, 28, 6, 29], [6, 25, 6, 26], [6, 12, 7, 12], [6, 29, 6, 28], [6, 26, 6, 25], [6, 9, 5, 9], [6, 14, 7, 14], [7, 13, 6, 13], [7, 22, 8, 22], [7, 19, 7, 18], [7, 15, 6, 15], [7, 20, 8, 20], [7, 12, 8, 12], [7, 1, 8, 1], [7, 14, 7, 15], [7, 18, 7, 19]]}
