XXXXXXXXXXXXXXXX
----------------
-------------XXX
--------XXXX-XXX
-XX-----XXXX----
-XX-XXXX------}-
-XX-XXXX---XXXXX
-XX--------XXXXX
XXXXXXXXX-------
XXXXXXXXX-------
------------XX--
------------XX--
-XXXX-XX--------
-XXXX-XX-XX-----
---------XX--XX-
-------XX----XX-
-------XX-------
-------XX-------
-------XX----{--
XXXXXXXXXXXXXXXX
META {"type": "solver", "id": "pysat-rc2-boolonly", "objective": 0}
META {"type": "geom", "shape": "path", "group": "path", "data": [[18, 13, 18, 12], [18, 12, 18, 11], [18, 11, 18, 10], [18, 10, 18, 9], [18, 9, 16, 9], [16, 9, 13, 13], [13, 13, 11, 8], [11, 8, 12, 9], [12, 9, 11, 7], [11, 7, 9, 12], [9, 12, 7, 7], [7, 7, 7, 8], [7, 8, 5, 11], [5, 11, 5, 12], [5, 12, 5, 13], [5, 13, 5, 14]]}
META {"type": "geom", "shape": "tile", "group": "path", "data": [[18, 13], [18, 12], [18, 11], [18, 10], [18, 9], [17, 9], [16, 9], [16, 10], [15, 10], [15, 11], [14, 11], [14, 12], [13, 12], [13, 13], [13, 12], [12, 12], [12, 11], [11, 11], [11, 10], [11, 9], [11, 8], [12, 8], [12, 9], [12, 8], [11, 8], [11, 7], [11, 8], [10, 8], [10, 9], [9, 9], [9, 10], [9, 11], [9, 12], [9, 11], [8, 11], [8, 10], [7, 10], [7, 9], [7, 8], [7, 7], [7, 8], [7, 9], [6, 9], [6, 10], [5, 10], [5, 11], [5, 12], [5, 13], [5, 14]]}
META {"type": "geom", "shape": "line", "group": "offpath", "data": [[2, 6, 3, 6], [2, 0, 3, 1], [2, 10, 2, 9], [2, 9, 2, 10], [2, 11, 1, 12], [11, 6, 10, 4], [11, 11, 12, 10], [11, 4, 10, 6], [18, 1, 18, 2], [18, 2, 18, 1], [18, 4, 18, 3], [18, 3, 18, 4], [10, 6, 11, 6], [10, 4, 11, 4], [1, 12, 2, 11], [1, 7, 2, 6], [4, 6, 4, 5], [4, 7, 3, 7], [4, 5, 4, 4], [4, 4, 2, 0], [12, 10, 11, 11], [3, 6, 4, 6], [3, 7, 4, 7], [3, 1, 3, 2], [3, 2, 1, 7]]}
