XXXXXXXXXXXXXXXX
----------------
-------------XXX
-------------XXX
XX-XX--XX-------
XX-XX--XX-----}-
-------XX---XXXX
XXXX---XX---XXXX
XXXX-XXXXXX-----
-----XXXXXX-----
-------------XXX
-------------XXX
-XX-----XX------
-XX-----XX------
----XX--------XX
----XX--------XX
XX----XX--XX----
XX----XX--XX----
---{--XX--------
XXXXXXXXXXXXXXXX
META {"type": "solver", "id": "pysat-rc2", "objective": 0}
META {"type": "geom", "shape": "path", "group": "path", "data": [[18, 3, 18, 4], [18, 4, 18, 5], [18, 5, 17, 5], [17, 5, 14, 2], [14, 2, 15, 1], [15, 1, 13, 4], [13, 4, 13, 5], [13, 5, 11, 9], [11, 9, 9, 13], [9, 13, 7, 9], [7, 9, 6, 9], [6, 9, 3, 12], [3, 12, 4, 13], [4, 13, 5, 13], [5, 13, 5, 14]]}
META {"type": "geom", "shape": "tile", "group": "path", "data": [[18, 3], [18, 4], [18, 5], [17, 5], [17, 4], [16, 4], [16, 3], [15, 3], [15, 2], [14, 2], [15, 2], [15, 1], [15, 2], [14, 2], [14, 3], [13, 3], [13, 4], [13, 5], [13, 6], [12, 6], [12, 7], [11, 7], [11, 8], [11, 9], [11, 10], [10, 10], [10, 11], [9, 11], [9, 12], [9, 13], [9, 12], [8, 12], [8, 11], [7, 11], [7, 10], [7, 9], [6, 9], [6, 10], [5, 10], [5, 11], [4, 11], [4, 12], [3, 12], [4, 12], [4, 13], [5, 13], [5, 14]]}
META {"type": "geom", "shape": "line", "group": "offpath", "data": [[15, 11, 13, 15], [15, 10, 14, 9], [5, 12, 3, 10], [5, 9, 4, 11], [13, 10, 14, 10], [13, 15, 13, 14], [13, 14, 11, 12], [2, 2, 3, 3], [2, 4, 3, 4], [2, 9, 3, 8], [2, 1, 3, 1], [14, 9, 15, 10], [14, 10, 15, 11], [6, 1, 6, 0], [6, 0, 6, 1], [12, 11, 13, 10], [11, 12, 12, 11], [18, 11, 18, 10], [18, 10, 18, 11], [1, 8, 2, 9], [1, 5, 2, 4], [1, 0, 2, 1], [3, 3, 1, 0], [3, 4, 1, 8], [3, 8, 3, 7], [3, 1, 2, 2], [3, 10, 4, 9], [3, 7, 1, 5], [4, 11, 5, 12], [4, 9, 5, 9]]}
