XXXXXXXXXXXXXXXX
XXXXXXXXXXXXXXXX
XXX-------XXX}XX
XX--X---X-XXX-XX
XX-XX--XX-----XX
XX--X---X-----XX
XX---XX--##-#-XX
XX##--X-------XX
XX---------#--XX
XX---#-------XXX
XX-----XXXX-XXXX
XXX-----XXX--XXX
XXX-----XXX--XXX
XXX--XX------XXX
XX-#-XXX---#--XX
XX---XXX-#----XX
XX--XXXX-----XXX
XX-XXXXX----XXXX
XX--XXXXX---XXXX
XXX-XXXXX-#--XXX
XXX-XXXXX----XXX
XXX-XXXX-----XXX
XX--XXXX---XXXXX
XXX-XXXX----XXXX
XXX-XXXX--#-XXXX
XXX-XXXX----XXXX
XX--XXX-#-----XX
XX--XXX-----#-XX
XXX-----------XX
XXXXX-{----X-XXX
XXXXXXXXXXXXXXXX
XXXXXXXXXXXXXXXX
META {"type": "solver", "id": "pysat-rc2-boolonly", "objective": 0}
META {"type": "geom", "shape": "path", "group": "path", "data": [[29, 6, 29, 10], [29, 10, 25, 10], [25, 10, 25, 8], [25, 8, 21, 8], [21, 8, 21, 12], [21, 12, 19, 12], [19, 12, 19, 11], [19, 11, 15, 11], [15, 11, 15, 10], [15, 10, 13, 10], [13, 10, 13, 12], [13, 12, 11, 12], [11, 12, 11, 11], [11, 11, 9, 11], [9, 11, 9, 12], [9, 12, 7, 12], [7, 12, 7, 13], [7, 13, 8, 13], [8, 13, 2, 13]]}
META {"type": "geom", "shape": "tile", "group": "path", "data": [[29, 6], [29, 7], [29, 8], [29, 9], [29, 10], [28, 10], [27, 10], [26, 10], [25, 10], [25, 9], [25, 8], [24, 8], [23, 8], [22, 8], [21, 8], [21, 9], [21, 10], [21, 11], [21, 12], [20, 12], [19, 12], [19, 11], [18, 11], [17, 11], [16, 11], [15, 11], [15, 10], [14, 10], [13, 10], [13, 11], [13, 12], [12, 12], [11, 12], [11, 11], [10, 11], [9, 11], [9, 12], [8, 12], [7, 12], [7, 13], [8, 13], [7, 13], [6, 13], [5, 13], [4, 13], [3, 13], [2, 13]]}
META {"type": "geom", "shape": "line", "group": "offpath", "data": [[5, 7, 5, 5], [5, 5, 5, 7], [18, 3, 28, 3], [18, 2, 18, 3], [24, 9, 24, 8], [24, 8, 24, 9], [6, 7, 6, 8], [6, 8, 6, 7], [29, 12, 28, 12], [29, 5, 28, 5], [28, 13, 26, 13], [28, 3, 28, 13], [28, 12, 29, 12], [28, 5, 29, 5], [2, 9, 2, 3], [2, 3, 2, 9], [4, 13, 4, 9], [4, 9, 4, 13], [14, 13, 14, 12], [14, 12, 14, 13], [14, 2, 18, 2], [27, 3, 27, 2], [27, 7, 27, 11], [27, 11, 27, 7], [27, 2, 27, 3], [11, 3, 13, 3], [11, 7, 11, 3], [3, 3, 3, 2], [3, 7, 3, 5], [3, 2, 3, 3], [3, 5, 3, 7], [8, 6, 8, 10], [8, 3, 8, 2], [8, 2, 10, 2], [8, 10, 9, 10], [17, 8, 13, 8], [13, 3, 13, 4], [13, 7, 11, 7], [13, 4, 15, 4], [13, 8, 13, 7], [15, 4, 15, 2], [15, 2, 14, 2], [22, 3, 22, 2], [22, 2, 22, 3], [9, 6, 8, 6], [9, 4, 9, 2], [9, 2, 9, 4], [9, 10, 9, 6], [10, 6, 12, 6], [10, 2, 10, 6], [12, 6, 12, 7], [12, 3, 8, 3], [12, 7, 12, 3], [16, 9, 16, 8], [16, 8, 17, 8], [26, 13, 26, 9], [26, 9, 16, 9], [26, 3, 26, 2], [26, 2, 26, 3]]}
