XXXXXXXXXXXXXXXX
XXX-X-X------XXX
XXX-----------1X
X0---X-------XXX
XXX--X-XXXX--XXX
XXX--X--------XX
X------XXXX--XXX
X-X--XX----X-XXX
X-X-XXXXXXX---XX
X-X-XXXXXXXX---X
XX---XX-XXXX---X
X---X--XXXX----X
XXXX---XXXX-XXXX
XXXX--X-XX--XXXX
X2------XX----3X
XXXXXXXXXXXXXXXX
META {"type": "solver", "id": "pysat-rc2", "objective": 0}
META {"type": "geom", "shape": "path", "group": "path", "data": [[3, 1, 3, 2], [3, 2, 3, 3], [3, 3, 4, 3], [4, 3, 5, 3], [5, 3, 6, 3], [6, 3, 7, 3], [7, 3, 7, 4], [7, 4, 6, 4], [6, 4, 6, 5], [6, 5, 6, 6], [6, 6, 5, 6], [5, 6, 4, 6], [4, 6, 3, 6], [3, 6, 3, 7], [3, 7, 3, 8], [3, 8, 2, 8], [2, 8, 1, 8], [1, 8, 1, 9], [1, 9, 2, 9], [2, 9, 2, 10], [2, 10, 3, 10], [3, 10, 3, 11], [3, 11, 3, 12], [3, 12, 2, 12], [2, 12, 2, 13], [2, 13, 2, 14]]}
META {"type": "geom", "shape": "tile", "group": "path", "data": [[3, 1], [3, 2], [3, 3], [4, 3], [5, 3], [6, 3], [7, 3], [7, 4], [6, 4], [6, 5], [6, 6], [5, 6], [4, 6], [3, 6], [3, 7], [3, 8], [2, 8], [1, 8], [1, 9], [2, 9], [2, 10], [3, 10], [3, 11], [3, 12], [2, 12], [2, 13], [2, 14]]}
META {"type": "geom", "shape": "line", "group": "offpath", "data": [[8, 1, 9, 1], [8, 11, 8, 12], [8, 12, 8, 11], [12, 11, 11, 11], [12, 4, 13, 4], [10, 14, 10, 13], [10, 13, 9, 13], [10, 2, 10, 3], [10, 3, 10, 2], [14, 11, 14, 12], [14, 12, 14, 11], [4, 11, 5, 11], [4, 4, 3, 4], [3, 4, 4, 4], [2, 7, 1, 7], [1, 11, 1, 12], [1, 12, 1, 11], [1, 7, 2, 7], [6, 1, 7, 1], [6, 12, 5, 12], [13, 4, 12, 4], [9, 14, 10, 14], [9, 1, 8, 1], [9, 13, 9, 14], [5, 11, 4, 11], [5, 12, 6, 12], [5, 8, 5, 9], [5, 9, 5, 8], [7, 1, 6, 1], [11, 11, 12, 11], [11, 12, 11, 13], [11, 13, 11, 12], [11, 2, 11, 3], [11, 3, 11, 2]]}
