XXXXXXXXXXXXXXXX
X0----------XXXX
XXX-XXXXX----1XX
XXX-XXXXXXXXXXXX
X--X-XXXXXXXXXXX
X--X-XXX-----XXX
XX-X----XXX-X-XX
X--X-XXX----X--X
X---X----XX-X--X
X-XXXXXX-XX---XX
X-XXXXXX----XX-X
X--------XXXXXXX
XXXXX-XX-XXXXXXX
XXXXX-XX--XXXXXX
X2----XX---XX-3X
XXXXXXXXXXXXXXXX
META {"type": "solver", "id": "pysat-rc2-boolonly", "objective": 0}
META {"type": "geom", "shape": "path", "group": "path", "data": [[1, 1, 1, 2], [1, 2, 1, 3], [1, 3, 1, 4], [1, 4, 1, 5], [1, 5, 1, 6], [1, 6, 1, 7], [1, 7, 1, 8], [1, 8, 1, 9], [1, 9, 2, 9], [2, 9, 2, 10], [2, 10, 1, 10], [1, 10, 1, 11], [1, 11, 2, 11], [2, 11, 2, 12], [2, 12, 2, 13]]}
META {"type": "geom", "shape": "tile", "group": "path", "data": [[1, 1], [1, 2], [1, 3], [1, 4], [1, 5], [1, 6], [1, 7], [1, 8], [1, 9], [2, 9], [2, 10], [1, 10], [1, 11], [2, 11], [2, 12], [2, 13]]}
META {"type": "geom", "shape": "line", "group": "offpath", "data": [[13, 8, 14, 8], [13, 5, 12, 5], [13, 9, 14, 9], [11, 2, 11, 3], [11, 8, 10, 8], [11, 5, 11, 4], [11, 3, 11, 2], [11, 7, 11, 6], [11, 4, 11, 5], [11, 6, 11, 7], [6, 7, 6, 6], [6, 6, 6, 7], [12, 5, 13, 5], [7, 2, 8, 2], [7, 8, 7, 9], [7, 10, 7, 11], [7, 14, 7, 13], [7, 9, 7, 8], [7, 11, 7, 10], [7, 1, 7, 2], [7, 13, 7, 14], [10, 8, 11, 8], [10, 10, 10, 9], [10, 9, 10, 10], [8, 2, 8, 1], [8, 8, 8, 7], [8, 5, 8, 6], [8, 1, 7, 1], [8, 7, 8, 8], [8, 13, 9, 13], [8, 6, 8, 5], [9, 11, 9, 12], [9, 12, 9, 11], [9, 13, 8, 13], [14, 8, 13, 8], [14, 5, 14, 4], [14, 9, 13, 9], [14, 4, 14, 5], [5, 8, 5, 9], [5, 10, 5, 11], [5, 9, 5, 8], [5, 11, 5, 10]]}
