XXXXXXXXXXXXXXXX
XXXXXXXXXXXXXXXX
XX-XXX----XXX}XX
XX-----X------XX
XX----XX---X--XX
XXXXX--X-XXX--XX
XXXXXX---XXX--XX
XXXXXX-#------XX
XXXXX---------XX
XX---#---#----XX
XX---------XXXXX
XX---------XXXXX
XX-####-XX-XXXXX
XX-------X-XXXXX
XXX-----------XX
XXX##-X--#--X-XX
XXX--XX----XX-XX
XX----X-----X-XX
XX##-----##---XX
XX-----#----#-XX
XX--#---------XX
XXX--------X--XX
XXX-------XXXXXX
XXX-------XXXXXX
XXXXXX-----XXXXX
XXXXXXX-#--XXXXX
XXXXXXX----XXXXX
XXXXXX-----XXXXX
XX-XXX------XXXX
XX-XXX--{-X-XXXX
XXXXXXXXXXXXXXXX
XXXXXXXXXXXXXXXX
META {"type": "solver", "id": "pysat-rc2", "objective": 0}
META {"type": "geom", "shape": "path", "group": "path", "data": [[29, 8, 29, 6], [29, 6, 27, 6], [27, 6, 27, 10], [27, 10, 28, 10], [28, 10, 24, 10], [24, 10, 24, 6], [24, 6, 18, 6], [18, 6, 18, 4], [18, 4, 16, 4], [16, 4, 16, 3], [16, 3, 17, 3], [17, 3, 17, 5], [17, 5, 23, 5], [23, 5, 23, 3], [23, 3, 23, 9], [23, 9, 19, 9], [19, 9, 19, 11], [19, 11, 20, 11], [20, 11, 20, 13], [20, 13, 14, 13], [14, 13, 14, 3], [14, 3, 13, 3], [13, 3, 13, 2], [13, 2, 9, 2], [9, 2, 9, 4], [9, 4, 11, 4], [11, 4, 11, 10], [11, 10, 17, 10], [17, 10, 17, 11], [17, 11, 17, 7], [17, 7, 18, 7], [18, 7, 8, 7], [8, 7, 8, 13], [8, 13, 2, 13]]}
META {"type": "geom", "shape": "tile", "group": "path", "data": [[29, 8], [29, 7], [29, 6], [28, 6], [27, 6], [27, 7], [27, 8], [27, 9], [27, 10], [28, 10], [27, 10], [26, 10], [25, 10], [24, 10], [24, 9], [24, 8], [24, 7], [24, 6], [23, 6], [22, 6], [21, 6], [20, 6], [19, 6], [18, 6], [18, 5], [18, 4], [17, 4], [16, 4], [16, 3], [17, 3], [17, 4], [17, 5], [18, 5], [19, 5], [20, 5], [21, 5], [22, 5], [23, 5], [23, 4], [23, 3], [23, 4], [23, 5], [23, 6], [23, 7], [23, 8], [23, 9], [22, 9], [21, 9], [20, 9], [19, 9], [19, 10], [19, 11], [20, 11], [20, 12], [20, 13], [19, 13], [18, 13], [17, 13], [16, 13], [15, 13], [14, 13], [14, 12], [14, 11], [14, 10], [14, 9], [14, 8], [14, 7], [14, 6], [14, 5], [14, 4], [14, 3], [13, 3], [13, 2], [12, 2], [11, 2], [10, 2], [9, 2], [9, 3], [9, 4], [10, 4], [11, 4], [11, 5], [11, 6], [11, 7], [11, 8], [11, 9], [11, 10], [12, 10], [13, 10], [14, 10], [15, 10], [16, 10], [17, 10], [17, 11], [17, 10], [17, 9], [17, 8], [17, 7], [18, 7], [17, 7], [16, 7], [15, 7], [14, 7], [13, 7], [12, 7], [11, 7], [10, 7], [9, 7], [8, 7], [8, 8], [8, 9], [8, 10], [8, 11], [8, 12], [8, 13], [7, 13], [6, 13], [5, 13], [4, 13], [3, 13], [2, 13]]}
META {"type": "geom", "shape": "line", "group": "offpath", "data": [[18, 11, 18, 13], [18, 13, 18, 11], [15, 11, 14, 11], [15, 5, 13, 5], [22, 3, 22, 9], [22, 9, 22, 3], [29, 2, 28, 2], [29, 11, 28, 11], [4, 10, 3, 10], [4, 9, 4, 10], [11, 6, 5, 6], [11, 3, 9, 3], [16, 9, 17, 9], [17, 9, 16, 9], [13, 6, 14, 6], [13, 4, 14, 4], [13, 5, 15, 5], [28, 2, 29, 2], [28, 11, 29, 11], [19, 2, 20, 2], [2, 8, 2, 9], [2, 9, 4, 9], [5, 12, 5, 13], [5, 6, 11, 6], [5, 13, 5, 12], [5, 5, 3, 5], [21, 12, 20, 12], [3, 12, 9, 12], [3, 8, 2, 8], [3, 10, 3, 8], [3, 5, 5, 5], [7, 11, 9, 11], [14, 6, 13, 6], [14, 4, 13, 4], [14, 11, 15, 11], [25, 10, 25, 9], [25, 9, 25, 10], [20, 12, 21, 12], [20, 2, 19, 2], [9, 12, 3, 12], [9, 6, 9, 8], [9, 8, 9, 6], [9, 3, 11, 3], [9, 11, 7, 11]]}
