XXXXXXXXXXXXXXXX
XXXXXXXXXXXXXXXX
XX-XXXXXXXX}XXXX
XX-XXXXXXXX-XXXX
XXX---------XXXX
XXX---X-#-#---XX
XXXX-XX-------XX
XXXX--X--#--XXXX
XXXX---------XXX
XX--XX-----#-XXX
XX--XX-------XXX
XX---X--X-----XX
XX##----XX----XX
XX-------X-#--XX
XX-XXX-------XXX
XX-XXX--XXX-XXXX
XX------XXX--XXX
XX-----------XXX
XX--XX-----XXXXX
XX--XX--#---XXXX
XX---XX-----XXXX
XXX--XX-----XXXX
XXXX--X-XX-#--XX
XXXXX----X----XX
XXX-XX-#--#---XX
XXX--X------#-XX
XXX--XX-------XX
XXX---X-------XX
XXX-X---XXX-{-XX
XXXXXXXXXXXXXXXX
XXXXXXXXXXXXXXXX
XXXXXXXXXXXXXXXX
META {"type": "solver", "id": "pysat-rc2", "objective": 0}
META {"type": "geom", "shape": "path", "group": "path", "data": [[28, 12, 26, 12], [26, 12, 26, 13], [26, 13, 26, 7], [26, 7, 25, 7], [25, 7, 25, 11], [25, 11, 23, 11], [23, 11, 23, 10], [23, 10, 17, 10], [17, 10, 17, 12], [17, 12, 17, 2], [17, 2, 13, 2], [13, 2, 13, 8], [13, 8, 14, 8], [14, 8, 14, 12], [14, 12, 14, 6], [14, 6, 8, 6], [8, 6, 8, 4], [8, 4, 4, 4], [4, 4, 4, 3], [4, 3, 5, 3], [5, 3, 5, 5], [5, 5, 4, 5], [4, 5, 4, 11], [4, 11, 8, 11], [8, 11, 2, 11]]}
META {"type": "geom", "shape": "tile", "group": "path", "data": [[28, 12], [27, 12], [26, 12], [26, 13], [26, 12], [26, 11], [26, 10], [26, 9], [26, 8], [26, 7], [25, 7], [25, 8], [25, 9], [25, 10], [25, 11], [24, 11], [23, 11], [23, 10], [22, 10], [21, 10], [20, 10], [19, 10], [18, 10], [17, 10], [17, 11], [17, 12], [17, 11], [17, 10], [17, 9], [17, 8], [17, 7], [17, 6], [17, 5], [17, 4], [17, 3], [17, 2], [16, 2], [15, 2], [14, 2], [13, 2], [13, 3], [13, 4], [13, 5], [13, 6], [13, 7], [13, 8], [14, 8], [14, 9], [14, 10], [14, 11], [14, 12], [14, 11], [14, 10], [14, 9], [14, 8], [14, 7], [14, 6], [13, 6], [12, 6], [11, 6], [10, 6], [9, 6], [8, 6], [8, 5], [8, 4], [7, 4], [6, 4], [5, 4], [4, 4], [4, 3], [5, 3], [5, 4], [5, 5], [4, 5], [4, 6], [4, 7], [4, 8], [4, 9], [4, 10], [4, 11], [5, 11], [6, 11], [7, 11], [8, 11], [7, 11], [6, 11], [5, 11], [4, 11], [3, 11], [2, 11]]}
META {"type": "geom", "shape": "line", "group": "offpath", "data": [[27, 5, 27, 3], [27, 3, 27, 5], [22, 5, 23, 5], [22, 12, 22, 13], [22, 13, 22, 12], [17, 4, 16, 4], [17, 9, 21, 9], [17, 8, 18, 8], [5, 11, 5, 13], [5, 13, 5, 11], [18, 8, 17, 8], [25, 6, 23, 6], [9, 6, 9, 10], [9, 10, 9, 6], [9, 3, 11, 3], [28, 11, 28, 13], [28, 3, 24, 3], [28, 13, 28, 11], [24, 9, 24, 8], [24, 8, 24, 9], [24, 3, 28, 3], [12, 11, 10, 11], [16, 11, 16, 12], [16, 4, 17, 4], [16, 12, 16, 11], [10, 11, 12, 11], [10, 6, 10, 12], [10, 12, 10, 6], [7, 4, 7, 5], [7, 5, 7, 4], [7, 7, 7, 8], [7, 8, 7, 7], [15, 6, 15, 7], [15, 7, 15, 6], [23, 6, 25, 6], [23, 5, 22, 5], [13, 4, 11, 4], [11, 6, 11, 7], [11, 4, 13, 4], [11, 7, 11, 6], [11, 3, 9, 3], [21, 11, 21, 7], [21, 4, 21, 3], [21, 7, 21, 11], [21, 9, 17, 9], [21, 3, 21, 4]]}
