XXXXXXXXXXXXXXXX
XXXXXXXXXXXXXXXX
XXXX---XXXX}XXXX
XX-----XXXX-XXXX
XXX-X--XXXX---XX
XXXXX--XXX----XX
XXXXX-------#-XX
XXXXX-----#---XX
XXX---X-------XX
XXX--XX-#---#-XX
XX-X--X-------XX
XXXX----------XX
XXXX--X---X--XXX
XXX---XX-XXXXXXX
XXX##--X-XXXXXXX
XXX------XXX-XXX
XX---X---XXXXXXX
XX--XX-XXXXXXXXX
XX---X--XXXXXXXX
XX------XXXXXXXX
XX-XXX---XXX--XX
XXXXXX##-XXX--XX
XXXXXX---XXX--XX
XXXXXXXX---XX-XX
XXXXXXXX----XXXX
XX-XXXXXX-#-XXXX
XXXXXXXXX----XXX
XXXXXXXXX--{-XXX
XXXXXXXX-XXXXXXX
XXXXXXXX-XXXXXXX
XXXXXXXXXXXXXXXX
XXXXXXXXXXXXXXXX
META {"type": "solver", "id": "pysat-rc2-boolonly", "objective": 0}
META {"type": "geom", "shape": "path", "group": "path", "data": [[27, 11, 27, 9], [27, 9, 23, 9], [23, 9, 23, 10], [23, 10, 23, 8], [23, 8, 24, 8], [24, 8, 20, 8], [20, 8, 20, 6], [20, 6, 14, 6], [14, 6, 14, 5], [14, 5, 15, 5], [15, 5, 15, 3], [15, 3, 19, 3], [19, 3, 19, 2], [19, 2, 20, 2], [20, 2, 16, 2], [16, 2, 16, 4], [16, 4, 15, 4], [15, 4, 15, 8], [15, 8, 16, 8], [16, 8, 10, 8], [10, 8, 10, 7], [10, 7, 10, 13], [10, 13, 4, 13], [4, 13, 4, 11], [4, 11, 2, 11]]}
META {"type": "geom", "shape": "tile", "group": "path", "data": [[27, 11], [27, 10], [27, 9], [26, 9], [25, 9], [24, 9], [23, 9], [23, 10], [23, 9], [23, 8], [24, 8], [23, 8], [22, 8], [21, 8], [20, 8], [20, 7], [20, 6], [19, 6], [18, 6], [17, 6], [16, 6], [15, 6], [14, 6], [14, 5], [15, 5], [15, 4], [15, 3], [16, 3], [17, 3], [18, 3], [19, 3], [19, 2], [20, 2], [19, 2], [18, 2], [17, 2], [16, 2], [16, 3], [16, 4], [15, 4], [15, 5], [15, 6], [15, 7], [15, 8], [16, 8], [15, 8], [14, 8], [13, 8], [12, 8], [11, 8], [10, 8], [10, 7], [10, 8], [10, 9], [10, 10], [10, 11], [10, 12], [10, 13], [9, 13], [8, 13], [7, 13], [6, 13], [5, 13], [4, 13], [4, 12], [4, 11], [3, 11], [2, 11]]}
META {"type": "geom", "shape": "line", "group": "offpath", "data": [[20, 7, 18, 7], [12, 11, 12, 12], [12, 7, 6, 7], [12, 9, 6, 9], [12, 12, 12, 11], [7, 11, 7, 13], [7, 5, 7, 9], [7, 9, 7, 5], [7, 12, 8, 12], [7, 13, 7, 11], [6, 11, 6, 5], [6, 5, 6, 11], [6, 7, 12, 7], [6, 9, 12, 9], [6, 10, 5, 10], [18, 7, 20, 7], [18, 2, 18, 4], [18, 4, 18, 2], [3, 6, 3, 2], [3, 2, 3, 6], [9, 11, 9, 9], [9, 9, 9, 11], [27, 12, 26, 12], [13, 5, 13, 3], [13, 3, 13, 5], [5, 12, 4, 12], [5, 10, 6, 10], [26, 12, 27, 12], [8, 5, 8, 3], [8, 12, 7, 12], [8, 3, 8, 5], [4, 12, 5, 12]]}
