XXXXXXXXXXXXXXXX
XXXXXXXXXXXXXXXX
XX}XXXX-----XXXX
XX-XXX----#--XXX
XX-----##----XXX
XX------------XX
XX--X-----#---XX
XXX-XXXX------XX
XXX--XXX##--XXXX
XXX--XXX--X--XXX
XXX------XX--XXX
XXXXX-----X--XXX
XXXXX-##-----XXX
XXXXX--------XXX
XX---------XXXXX
XX---X-##--XXXXX
XXXXXX-----XXXXX
XXXXXX--------XX
XXXXX--#--XX--XX
XXXXXX---XXX--XX
XXXXXX---XXXXXXX
XXXXXXX--XXXXXXX
XXXX-XX--XXXXXXX
XXX---X--XXXXXXX
XXX-----#-----XX
XX----#-------XX
XX-{-----##--XXX
XXXXX-------XXXX
XXXXXX-----XXXXX
XXXXXXXXXXXXXXXX
XXXXXXXXXXXXXXXX
XXXXXXXXXXXXXXXX
META {"type": "solver", "id": "pysat-rc2", "objective": 0}
META {"type": "geom", "shape": "path", "group": "path", "data": [[26, 3, 26, 2], [26, 2, 26, 8], [26, 8, 25, 8], [25, 8, 25, 7], [25, 7, 19, 7], [19, 7, 19, 6], [19, 6, 20, 6], [20, 6, 20, 8], [20, 8, 16, 8], [16, 8, 16, 10], [16, 10, 17, 10], [17, 10, 17, 6], [17, 6, 13, 6], [13, 6, 13, 12], [13, 12, 9, 12], [9, 12, 9, 11], [9, 11, 13, 11], [13, 11, 13, 5], [13, 5, 14, 5], [14, 5, 10, 5], [10, 5, 10, 3], [10, 3, 4, 3], [4, 3, 4, 2], [4, 2, 4, 6], [4, 6, 6, 6], [6, 6, 6, 5], [6, 5, 6, 9], [6, 9, 2, 9], [2, 9, 2, 7], [2, 7, 3, 7], [3, 7, 3, 9], [3, 9, 7, 9], [7, 9, 7, 8], [7, 8, 5, 8], [5, 8, 5, 2], [5, 2, 6, 2], [6, 2, 2, 2]]}
META {"type": "geom", "shape": "tile", "group": "path", "data": [[26, 3], [26, 2], [26, 3], [26, 4], [26, 5], [26, 6], [26, 7], [26, 8], [25, 8], [25, 7], [24, 7], [23, 7], [22, 7], [21, 7], [20, 7], [19, 7], [19, 6], [20, 6], [20, 7], [20, 8], [19, 8], [18, 8], [17, 8], [16, 8], [16, 9], [16, 10], [17, 10], [17, 9], [17, 8], [17, 7], [17, 6], [16, 6], [15, 6], [14, 6], [13, 6], [13, 7], [13, 8], [13, 9], [13, 10], [13, 11], [13, 12], [12, 12], [11, 12], [10, 12], [9, 12], [9, 11], [10, 11], [11, 11], [12, 11], [13, 11], [13, 10], [13, 9], [13, 8], [13, 7], [13, 6], [13, 5], [14, 5], [13, 5], [12, 5], [11, 5], [10, 5], [10, 4], [10, 3], [9, 3], [8, 3], [7, 3], [6, 3], [5, 3], [4, 3], [4, 2], [4, 3], [4, 4], [4, 5], [4, 6], [5, 6], [6, 6], [6, 5], [6, 6], [6, 7], [6, 8], [6, 9], [5, 9], [4, 9], [3, 9], [2, 9], [2, 8], [2, 7], [3, 7], [3, 8], [3, 9], [4, 9], [5, 9], [6, 9], [7, 9], [7, 8], [6, 8], [5, 8], [5, 7], [5, 6], [5, 5], [5, 4], [5, 3], [5, 2], [6, 2], [5, 2], [4, 2], [3, 2], [2, 2]]}
META {"type": "geom", "shape": "line", "group": "offpath", "data": [[15, 2, 14, 2], [15, 3, 14, 3], [15, 4, 14, 4], [5, 7, 6, 7], [5, 13, 7, 13], [7, 12, 3, 12], [7, 13, 5, 13], [14, 2, 15, 2], [14, 3, 15, 3], [14, 4, 15, 4], [25, 13, 24, 13], [16, 7, 17, 7], [11, 6, 10, 6], [6, 7, 5, 7], [10, 11, 10, 12], [10, 12, 10, 11], [10, 6, 11, 6], [17, 7, 16, 7], [17, 13, 19, 13], [22, 4, 26, 4], [27, 11, 27, 5], [27, 5, 27, 11], [19, 13, 17, 13], [18, 8, 18, 9], [18, 9, 18, 8], [18, 12, 18, 13], [18, 13, 18, 12], [18, 6, 18, 5], [18, 5, 18, 6], [8, 11, 8, 10], [8, 10, 8, 11], [28, 10, 28, 6], [28, 6, 28, 10], [3, 12, 7, 12], [24, 7, 24, 3], [24, 3, 24, 7], [24, 13, 25, 13], [26, 11, 26, 12], [26, 12, 26, 11], [26, 4, 22, 4]]}
