XXXXXXXXXXXXXXXX
XXXXXXXXXXXXXXXX
XXXXXXXX--XXXXXX
XXXXXXXX--XXX-XX
XXXX}XXX##--XXXX
XXXX--------XXXX
XXXX----XX--XXXX
XXX--XXXXXXX--XX
XXX---XXXXXX--XX
XX-#--XXX-----XX
XX------------XX
XX--------XX--XX
XX##---XX--X--XX
XX---#--X-----XX
XXXX--------#-XX
XXXXX---------XX
XXXXXXXXXX-#--XX
XXXXXXXXXX----XX
XX-XXXXX--#---XX
XX-XXXXX------XX
XX-XXX--#---XXXX
XXX-------#--XXX
XXX-XX-#-----XXX
XXX--X---X---XXX
XXXX-----XXXXXXX
XXXX-##--XXXXXXX
XXXX------XXXXXX
XX--------XXX-XX
XX------------XX
XX---{--X---XXXX
XXXXXXXXXXXXXXXX
XXXXXXXXXXXXXXXX
META {"type": "solver", "id": "pysat-rc2-boolonly", "objective": 0}
META {"type": "geom", "shape": "path", "group": "path", "data": [[29, 5, 29, 7], [29, 7, 23, 7], [23, 7, 23, 6], [23, 6, 23, 8], [23, 8, 21, 8], [21, 8, 21, 9], [21, 9, 22, 9], [22, 9, 22, 8], [22, 8, 22, 12], [22, 12, 23, 12], [23, 12, 21, 12], [21, 12, 21, 11], [21, 11, 17, 11], [17, 11, 17, 13], [17, 13, 7, 13], [7, 13, 7, 12], [7, 12, 13, 12], [13, 12, 13, 13], [13, 13, 13, 9], [13, 9, 15, 9], [15, 9, 15, 5], [15, 5, 14, 5], [14, 5, 14, 4], [14, 4, 4, 4]]}
META {"type": "geom", "shape": "tile", "group": "path", "data": [[29, 5], [29, 6], [29, 7], [28, 7], [27, 7], [26, 7], [25, 7], [24, 7], [23, 7], [23, 6], [23, 7], [23, 8], [22, 8], [21, 8], [21, 9], [22, 9], [22, 8], [22, 9], [22, 10], [22, 11], [22, 12], [23, 12], [22, 12], [21, 12], [21, 11], [20, 11], [19, 11], [18, 11], [17, 11], [17, 12], [17, 13], [16, 13], [15, 13], [14, 13], [13, 13], [12, 13], [11, 13], [10, 13], [9, 13], [8, 13], [7, 13], [7, 12], [8, 12], [9, 12], [10, 12], [11, 12], [12, 12], [13, 12], [13, 13], [13, 12], [13, 11], [13, 10], [13, 9], [14, 9], [15, 9], [15, 8], [15, 7], [15, 6], [15, 5], [14, 5], [14, 4], [13, 4], [12, 4], [11, 4], [10, 4], [9, 4], [8, 4], [7, 4], [6, 4], [5, 4], [4, 4]]}
META {"type": "geom", "shape": "line", "group": "offpath", "data": [[4, 10, 4, 11], [4, 11, 6, 11], [23, 10, 22, 10], [22, 10, 23, 10], [20, 7, 21, 7], [20, 6, 24, 6], [20, 2, 18, 2], [20, 9, 20, 11], [20, 10, 19, 10], [20, 11, 20, 9], [21, 7, 20, 7], [8, 12, 8, 13], [8, 13, 8, 12], [8, 5, 12, 5], [19, 8, 18, 8], [19, 12, 15, 12], [19, 10, 20, 10], [6, 10, 4, 10], [6, 11, 6, 10], [24, 6, 20, 6], [24, 8, 24, 4], [24, 4, 24, 8], [11, 2, 9, 2], [9, 2, 11, 2], [13, 4, 13, 2], [13, 2, 13, 4], [18, 8, 19, 8], [18, 2, 20, 2], [15, 12, 19, 12], [12, 12, 12, 13], [12, 13, 12, 12], [12, 5, 8, 5]]}
