XXXXXXXXXXXXXXXX
XXXXX-XX--XX--1X
X0--------XX-XXX
XXXXXX-X--XX-XXX
XXXXXX-X--XX---X
X------X-------X
XX-----X---XXX-X
X-XXX-----XXXXXX
X---------XXXXXX
XXXX-X--XXXXX--X
XXXXX-X-XXXXX-XX
XXXXX----XX----X
XXX--XXXX----XXX
XXX--------X-XXX
X2----XX------3X
XXXXXXXXXXXXXXXX
META {"type": "solver", "id": "pysat-rc2", "objective": 0}
META {"type": "geom", "shape": "path", "group": "path", "data": [[2, 1, 2, 2], [2, 2, 2, 3], [2, 3, 2, 4], [2, 4, 2, 5], [2, 5, 2, 6], [2, 6, 2, 7], [2, 7, 2, 8], [2, 8, 2, 9], [2, 9, 3, 9], [3, 9, 4, 9], [4, 9, 5, 9], [5, 9, 5, 10], [5, 10, 5, 11], [5, 11, 5, 12], [5, 12, 4, 12], [4, 12, 3, 12], [3, 12, 2, 12], [2, 12, 1, 12], [1, 12, 1, 13], [1, 13, 1, 14]]}
META {"type": "geom", "shape": "path", "group": "path", "data": [[14, 1, 14, 2], [14, 2, 14, 3], [14, 3, 13, 3], [13, 3, 13, 4], [13, 4, 13, 5], [13, 5, 13, 6], [13, 6, 13, 7], [13, 7, 13, 8], [13, 8, 13, 9], [13, 9, 13, 10], [13, 10, 14, 10], [14, 10, 14, 11], [14, 11, 14, 12], [14, 12, 14, 13], [14, 13, 14, 14]]}
META {"type": "geom", "shape": "tile", "group": "reachable", "data": [[2, 1], [2, 2], [2, 3], [2, 4], [2, 5], [1, 5], [2, 6], [3, 6], [2, 7], [2, 8], [4, 6], [1, 8], [3, 8], [2, 9], [5, 6], [1, 9], [3, 9], [4, 8], [6, 6], [5, 5], [4, 9], [5, 8], [6, 5], [5, 4], [7, 6], [5, 9], [6, 8], [6, 4], [5, 3], [7, 5], [8, 6], [7, 7], [6, 9], [5, 10], [7, 8], [6, 3], [5, 2], [8, 5], [8, 7], [9, 6], [6, 10], [5, 11], [7, 9], [8, 8], [6, 2], [5, 1], [8, 4], [9, 7], [5, 12], [8, 9], [9, 4], [8, 3], [10, 7], [4, 12], [5, 13], [8, 2], [11, 7], [3, 12], [4, 13], [5, 14], [8, 1], [11, 6], [11, 8], [2, 12], [4, 14], [6, 14], [7, 1], [11, 5], [1, 12], [10, 5], [1, 13]]}
