XXXXXXXXXXXXXXXX
XXX-XX-XX--XXXXX
XXX-XX-XX--XXXXX
X0----------1XXX
XXXX-------XXXXX
XXXX-X-X---XXXXX
X-----------XX-X
XX-------XXX--XX
XX---XXXX------X
X-XXX----------X
X----XX--------X
X---XXXX-X-----X
XXX-XXXX-X---XXX
XXX------X---XXX
X2------------3X
XXXXXXXXXXXXXXXX
META {"type": "solver", "id": "pysat-rc2-boolonly", "objective": 0}
META {"type": "geom", "shape": "path", "group": "path", "data": [[3, 1, 3, 2], [3, 2, 3, 3], [3, 3, 3, 4], [3, 4, 3, 5], [3, 5, 3, 6], [3, 6, 3, 7], [3, 7, 3, 8], [3, 8, 3, 9], [3, 9, 3, 10], [3, 10, 3, 11], [3, 11, 3, 12]]}
META {"type": "geom", "shape": "path", "group": "path", "data": [[14, 1, 14, 2], [14, 2, 14, 3], [14, 3, 14, 4], [14, 4, 14, 5], [14, 5, 14, 6], [14, 6, 14, 7], [14, 7, 14, 8], [14, 8, 14, 9], [14, 9, 14, 10], [14, 10, 14, 11], [14, 11, 14, 12], [14, 12, 14, 13], [14, 13, 14, 14]]}
META {"type": "geom", "shape": "tile", "group": "reachable", "data": [[3, 1], [3, 2], [3, 3], [2, 3], [3, 4], [1, 3], [4, 4], [3, 5], [4, 5], [3, 6], [5, 4], [2, 6], [4, 6], [3, 7], [6, 4], [1, 6], [4, 7], [3, 8], [5, 6], [7, 4], [6, 3], [6, 5], [4, 8], [3, 9], [6, 6], [7, 3], [6, 2], [7, 5], [8, 4], [2, 9], [4, 9], [3, 10], [5, 8], [7, 6], [6, 7], [7, 2], [6, 1], [8, 3], [1, 9], [2, 10], [4, 10], [3, 11], [5, 9], [6, 8], [7, 7], [8, 2], [1, 10], [5, 10], [6, 9], [7, 8], [6, 10], [6, 11]]}
