XXXXXXXXXXXXXXXX
XXXXXXXXXXXXXXXX
XXXXXXXX--XXXXXX
XXX}XXX---XXXXXX
XXX-XXX-#----XXX
XXX-XXX------XXX
XXX----X-#----XX
XX----XX----#-XX
XXXX---X--X---XX
XXXX-----XX--XXX
XXX---XX--X-XXXX
XXX----X-----XXX
XX---#-------XXX
XX-----XX--X--XX
XX----XXXXXXX-XX
XX----XXXXXXX-XX
XX--X-XXXXXX--XX
XXXXX-XXXX----XX
XXXXX-XXXX--X-XX
XXX---XXX--XX-XX
XXX---XXX---X-XX
XXXX-----#----XX
XXXX##-----#--XX
XXXX--XXX-----XX
XXX---XXX-#---XX
XX-----------XXX
XX--##------XXXX
XXX-----{-X-XXXX
XXX---XXXXX-XXXX
XXXX-XXXXXX---XX
XXXXXXXXXXXXXXXX
XXXXXXXXXXXXXXXX
META {"type": "solver", "id": "pysat-rc2", "objective": 0}
META {"type": "geom", "shape": "path", "group": "path", "data": [[27, 8, 27, 9], [27, 9, 27, 3], [27, 3, 28, 3], [28, 3, 24, 3], [24, 3, 24, 5], [24, 5, 25, 5], [25, 5, 23, 5], [23, 5, 23, 4], [23, 4, 25, 4], [25, 4, 25, 2], [25, 2, 25, 12], [25, 12, 21, 12], [21, 12, 21, 10], [21, 10, 17, 10], [17, 10, 23, 10], [23, 10, 23, 9], [23, 9, 23, 13], [23, 13, 13, 13], [13, 13, 13, 12], [13, 12, 11, 12], [11, 12, 11, 8], [11, 8, 12, 8], [12, 8, 12, 6], [12, 6, 11, 6], [11, 6, 13, 6], [13, 6, 13, 2], [13, 2, 12, 2], [12, 2, 16, 2], [16, 2, 16, 3], [16, 3, 10, 3], [10, 3, 10, 5], [10, 5, 6, 5], [6, 5, 6, 3], [6, 3, 7, 3], [7, 3, 3, 3]]}
META {"type": "geom", "shape": "tile", "group": "path", "data": [[27, 8], [27, 9], [27, 8], [27, 7], [27, 6], [27, 5], [27, 4], [27, 3], [28, 3], [27, 3], [26, 3], [25, 3], [24, 3], [24, 4], [24, 5], [25, 5], [24, 5], [23, 5], [23, 4], [24, 4], [25, 4], [25, 3], [25, 2], [25, 3], [25, 4], [25, 5], [25, 6], [25, 7], [25, 8], [25, 9], [25, 10], [25, 11], [25, 12], [24, 12], [23, 12], [22, 12], [21, 12], [21, 11], [21, 10], [20, 10], [19, 10], [18, 10], [17, 10], [18, 10], [19, 10], [20, 10], [21, 10], [22, 10], [23, 10], [23, 9], [23, 10], [23, 11], [23, 12], [23, 13], [22, 13], [21, 13], [20, 13], [19, 13], [18, 13], [17, 13], [16, 13], [15, 13], [14, 13], [13, 13], [13, 12], [12, 12], [11, 12], [11, 11], [11, 10], [11, 9], [11, 8], [12, 8], [12, 7], [12, 6], [11, 6], [12, 6], [13, 6], [13, 5], [13, 4], [13, 3], [13, 2], [12, 2], [13, 2], [14, 2], [15, 2], [16, 2], [16, 3], [15, 3], [14, 3], [13, 3], [12, 3], [11, 3], [10, 3], [10, 4], [10, 5], [9, 5], [8, 5], [7, 5], [6, 5], [6, 4], [6, 3], [7, 3], [6, 3], [5, 3], [4, 3], [3, 3]]}
META {"type": "geom", "shape": "line", "group": "offpath", "data": [[17, 12, 16, 12], [18, 10, 18, 11], [18, 11, 18, 10], [24, 13, 24, 11], [24, 11, 24, 13], [8, 13, 8, 11], [8, 12, 9, 12], [8, 11, 8, 13], [7, 10, 7, 8], [7, 8, 5, 8], [5, 12, 6, 12], [5, 8, 5, 12], [16, 12, 17, 12], [9, 12, 8, 12], [9, 8, 9, 4], [9, 4, 9, 8], [29, 13, 29, 11], [29, 11, 29, 13], [6, 12, 6, 10], [6, 10, 7, 10], [26, 3, 26, 2], [26, 2, 26, 3], [10, 8, 10, 9], [10, 9, 10, 8], [13, 10, 13, 9], [13, 9, 13, 10], [3, 8, 3, 9], [3, 9, 2, 9], [28, 5, 27, 5], [21, 11, 20, 11], [27, 5, 28, 5], [27, 7, 25, 7], [20, 5, 20, 3], [20, 3, 20, 5], [20, 11, 21, 11], [2, 8, 3, 8], [2, 9, 2, 8], [25, 7, 27, 7]]}
