XXXXXXXXXXXXXXXX
XXXXXXXXXXXXXXXX
XX}XXXXXXXXXX-XX
XX-XXX-XXXX---XX
XX-XXX--XXX---XX
XX-XXX--XXX##-XX
XX-XXXX-XXX---XX
XX---XX----XXXXX
XX----XX----XXXX
XX-##-XXX-#-XXXX
XX----XXX---XXXX
XX----XXX-----XX
XX-X--XXX---#-XX
XXXX----XX----XX
XXXX-----X----XX
XXX-#-------#-XX
XX-----#-#----XX
XX##-------X--XX
XX----X---XXX-XX
XX--XXXXX-XXX-XX
XX--XXXXX-----XX
XXX--XXX------XX
XXX--XXX##-XX-XX
XXX---------X-XX
XX-#-----#----XX
XX----XX---X--XX
XXX----X---XXXXX
XXX------{-XXXXX
XXX-XXX-XXXXXXXX
XXX-XXXXXXXXXXXX
XXXXXXXXXXXXXXXX
XXXXXXXXXXXXXXXX
META {"type": "solver", "id": "pysat-rc2", "objective": 0}
META {"type": "geom", "shape": "path", "group": "path", "data": [[27, 9, 27, 3], [27, 3, 29, 3], [29, 3, 25, 3], [25, 3, 25, 5], [25, 5, 27, 5], [27, 5, 23, 5], [23, 5, 23, 11], [23, 11, 24, 11], [24, 11, 24, 10], [24, 10, 20, 10], [20, 10, 20, 9], [20, 9, 21, 9], [21, 9, 21, 13], [21, 13, 11, 13], [11, 13, 11, 9], [11, 9, 12, 9], [12, 9, 12, 11], [12, 11, 16, 11], [16, 11, 16, 10], [16, 10, 17, 10], [17, 10, 17, 4], [17, 4, 16, 4], [16, 4, 16, 2], [16, 2, 16, 6], [16, 6, 17, 6], [17, 6, 13, 6], [13, 6, 13, 4], [13, 4, 14, 4], [14, 4, 10, 4], [10, 4, 10, 2], [10, 2, 12, 2], [12, 2, 2, 2]]}
META {"type": "geom", "shape": "tile", "group": "path", "data": [[27, 9], [27, 8], [27, 7], [27, 6], [27, 5], [27, 4], [27, 3], [28, 3], [29, 3], [28, 3], [27, 3], [26, 3], [25, 3], [25, 4], [25, 5], [26, 5], [27, 5], [26, 5], [25, 5], [24, 5], [23, 5], [23, 6], [23, 7], [23, 8], [23, 9], [23, 10], [23, 11], [24, 11], [24, 10], [23, 10], [22, 10], [21, 10], [20, 10], [20, 9], [21, 9], [21, 10], [21, 11], [21, 12], [21, 13], [20, 13], [19, 13], [18, 13], [17, 13], [16, 13], [15, 13], [14, 13], [13, 13], [12, 13], [11, 13], [11, 12], [11, 11], [11, 10], [11, 9], [12, 9], [12, 10], [12, 11], [13, 11], [14, 11], [15, 11], [16, 11], [16, 10], [17, 10], [17, 9], [17, 8], [17, 7], [17, 6], [17, 5], [17, 4], [16, 4], [16, 3], [16, 2], [16, 3], [16, 4], [16, 5], [16, 6], [17, 6], [16, 6], [15, 6], [14, 6], [13, 6], [13, 5], [13, 4], [14, 4], [13, 4], [12, 4], [11, 4], [10, 4], [10, 3], [10, 2], [11, 2], [12, 2], [11, 2], [10, 2], [9, 2], [8, 2], [7, 2], [6, 2], [5, 2], [4, 2], [3, 2], [2, 2]]}
META {"type": "geom", "shape": "line", "group": "offpath", "data": [[2, 13, 6, 13], [11, 3, 10, 3], [15, 5, 15, 11], [15, 11, 15, 5], [21, 12, 20, 12], [21, 4, 21, 3], [21, 3, 21, 4], [19, 3, 19, 2], [19, 2, 19, 3], [24, 6, 23, 6], [24, 7, 23, 7], [24, 12, 25, 12], [24, 4, 24, 8], [24, 8, 24, 4], [23, 6, 24, 6], [23, 7, 24, 7], [23, 8, 27, 8], [8, 10, 8, 8], [8, 8, 7, 8], [14, 8, 18, 8], [10, 3, 11, 3], [28, 7, 27, 7], [3, 6, 5, 6], [3, 12, 4, 12], [3, 13, 3, 11], [3, 11, 3, 13], [7, 10, 8, 10], [7, 8, 7, 10], [5, 6, 5, 7], [5, 7, 4, 7], [27, 6, 26, 6], [27, 7, 28, 7], [27, 8, 23, 8], [26, 6, 27, 6], [4, 6, 3, 6], [4, 7, 4, 6], [4, 12, 3, 12], [4, 13, 4, 11], [4, 11, 4, 13], [25, 12, 24, 12], [25, 10, 25, 8], [25, 8, 25, 10], [20, 12, 21, 12], [18, 8, 14, 8], [6, 13, 2, 13], [17, 12, 17, 13], [17, 13, 17, 12]]}
