XXXXXXXXXXXXXXXX
XXXXXXXXXXXXXXXX
XXX}XXX-------XX
XXX-------XX--XX
XX-----#---X--XX
XXX-X----#----XX
XXX-XXX-----X-XX
XXXXXXX##-X-XXXX
XXXXXXX--XX-XXXX
XXXXXXX---X--XXX
XXXXXXX------XXX
XXXXXX-----XXXXX
XXXX---XX---XXXX
XXX---XXX---XXXX
XX-XX-XXX---XXXX
XX--X-XXX-----XX
XXX--------X-XXX
XXX----XX-XXXXXX
XXX--#--X-XXXXXX
XX--------XXXXXX
XXXX--XX------XX
XXXX---X-#----XX
XXX--X-----XX-XX
XXX-XX--X--XX-XX
XXX--X-XX---X-XX
XX------X-#---XX
XX---XX-------XX
XXXX-XX--#-#--XX
XXXX--X-------XX
XXXXX---{----XXX
XXXXXXXXXXXXXXXX
XXXXXXXXXXXXXXXX
META {"type": "solver", "id": "pysat-rc2", "objective": 0}
META {"type": "geom", "shape": "path", "group": "path", "data": [[29, 8, 29, 12], [29, 12, 25, 12], [25, 12, 25, 13], [25, 13, 25, 11], [25, 11, 26, 11], [26, 11, 24, 11], [24, 11, 24, 9], [24, 9, 26, 9], [26, 9, 22, 9], [22, 9, 22, 10], [22, 10, 22, 6], [22, 6, 21, 6], [21, 6, 25, 6], [25, 6, 25, 7], [25, 7, 29, 7], [29, 7, 29, 5], [29, 5, 28, 5], [28, 5, 28, 4], [28, 4, 24, 4], [24, 4, 24, 3], [24, 3, 26, 3], [26, 3, 22, 3], [22, 3, 22, 4], [22, 4, 16, 4], [16, 4, 16, 10], [16, 10, 10, 10], [10, 10, 10, 12], [10, 12, 9, 12], [9, 12, 9, 11], [9, 11, 5, 11], [5, 11, 5, 13], [5, 13, 6, 13], [6, 13, 2, 13], [2, 13, 2, 7], [2, 7, 3, 7], [3, 7, 3, 3], [3, 3, 2, 3]]}
META {"type": "geom", "shape": "tile", "group": "path", "data": [[29, 8], [29, 9], [29, 10], [29, 11], [29, 12], [28, 12], [27, 12], [26, 12], [25, 12], [25, 13], [25, 12], [25, 11], [26, 11], [25, 11], [24, 11], [24, 10], [24, 9], [25, 9], [26, 9], [25, 9], [24, 9], [23, 9], [22, 9], [22, 10], [22, 9], [22, 8], [22, 7], [22, 6], [21, 6], [22, 6], [23, 6], [24, 6], [25, 6], [25, 7], [26, 7], [27, 7], [28, 7], [29, 7], [29, 6], [29, 5], [28, 5], [28, 4], [27, 4], [26, 4], [25, 4], [24, 4], [24, 3], [25, 3], [26, 3], [25, 3], [24, 3], [23, 3], [22, 3], [22, 4], [21, 4], [20, 4], [19, 4], [18, 4], [17, 4], [16, 4], [16, 5], [16, 6], [16, 7], [16, 8], [16, 9], [16, 10], [15, 10], [14, 10], [13, 10], [12, 10], [11, 10], [10, 10], [10, 11], [10, 12], [9, 12], [9, 11], [8, 11], [7, 11], [6, 11], [5, 11], [5, 12], [5, 13], [6, 13], [5, 13], [4, 13], [3, 13], [2, 13], [2, 12], [2, 11], [2, 10], [2, 9], [2, 8], [2, 7], [3, 7], [3, 6], [3, 5], [3, 4], [3, 3], [2, 3]]}
META {"type": "geom", "shape": "line", "group": "offpath", "data": [[25, 2, 26, 2], [26, 2, 25, 2], [12, 9, 12, 11], [12, 11, 12, 9], [12, 6, 12, 4], [12, 4, 13, 4], [11, 6, 12, 6], [11, 7, 11, 6], [6, 11, 6, 7], [6, 7, 5, 7], [6, 10, 6, 11], [4, 9, 4, 10], [4, 10, 6, 10], [15, 9, 15, 13], [15, 12, 16, 12], [15, 13, 15, 9], [9, 9, 9, 7], [9, 7, 11, 7], [16, 12, 15, 12], [19, 9, 9, 9], [19, 3, 19, 9], [14, 9, 14, 11], [14, 11, 14, 9], [17, 5, 17, 3], [17, 3, 19, 3], [8, 8, 8, 7], [8, 7, 8, 8], [13, 9, 13, 11], [13, 11, 13, 9], [13, 5, 17, 5], [13, 4, 13, 5], [18, 6, 18, 7], [18, 7, 18, 6], [3, 9, 4, 9], [3, 5, 3, 9], [5, 5, 3, 5], [5, 7, 5, 5], [23, 6, 23, 7], [23, 7, 23, 6], [21, 12, 20, 12], [20, 12, 21, 12]]}
