XXXXXXXXXXXXXXXX
XX--}XXX-------X
XX-XXXXX----X--X
XX-XXXXX-------X
X-------XX-----X
XX------XX-----X
XX---XX---XXX--X
X----XX-------XX
X---X--XXXX---XX
XX--X-XXXXXXXXXX
X---X-XXXXXXXXXX
XX------XXX{---X
X--XXXXXXXXXX-XX
X--XXXXXXXXXX-XX
X--------------X
XXXXXXXXXXXXXXXX
META {"type": "solver", "id": "pysat-rc2", "objective": 0}
META {"type": "geom", "shape": "path", "group": "path", "data": [[11, 11, 11, 12], [11, 12, 11, 13], [11, 13, 12, 13], [12, 13, 13, 13], [13, 13, 14, 13], [14, 13, 14, 12], [14, 12, 14, 11], [14, 11, 14, 10], [14, 10, 14, 9], [14, 9, 14, 8], [14, 8, 14, 7], [14, 7, 14, 6], [14, 6, 14, 5], [14, 5, 14, 4], [14, 4, 14, 3], [14, 3, 14, 2], [14, 2, 13, 2], [13, 2, 12, 2], [12, 2, 11, 2], [11, 2, 10, 2], [10, 2, 10, 3], [10, 3, 9, 3], [9, 3, 8, 3], [8, 3, 7, 3], [7, 3, 6, 3], [6, 3, 5, 3], [5, 3, 4, 3], [4, 3, 4, 2], [4, 2, 3, 2], [3, 2, 2, 2], [2, 2, 1, 2], [1, 2, 1, 3], [1, 3, 1, 4]]}
META {"type": "geom", "shape": "tile", "group": "path", "data": [[11, 11], [11, 12], [11, 13], [12, 13], [13, 13], [14, 13], [14, 12], [14, 11], [14, 10], [14, 9], [14, 8], [14, 7], [14, 6], [14, 5], [14, 4], [14, 3], [14, 2], [13, 2], [12, 2], [11, 2], [10, 2], [10, 3], [9, 3], [8, 3], [7, 3], [6, 3], [5, 3], [4, 3], [4, 2], [3, 2], [2, 2], [1, 2], [1, 3], [1, 4]]}
META {"type": "geom", "shape": "line", "group": "offpath", "data": [[6, 13, 6, 14], [6, 14, 6, 13], [3, 13, 3, 12], [3, 10, 4, 10], [3, 9, 3, 10], [3, 11, 2, 11], [3, 12, 3, 11], [3, 14, 2, 14], [8, 1, 7, 1], [13, 1, 14, 1], [7, 1, 8, 1], [4, 13, 4, 12], [4, 10, 5, 10], [4, 12, 4, 13], [4, 14, 3, 14], [1, 13, 2, 13], [1, 10, 2, 10], [1, 11, 1, 10], [1, 8, 2, 8], [1, 14, 1, 13], [5, 13, 5, 14], [5, 10, 5, 11], [5, 7, 5, 6], [5, 11, 5, 12], [5, 12, 5, 13], [5, 14, 4, 14], [5, 6, 5, 7], [2, 13, 3, 13], [2, 10, 2, 9], [2, 9, 3, 9], [2, 11, 1, 11], [2, 8, 1, 8], [2, 14, 1, 14], [14, 1, 13, 1]]}
