XXXXXXXXXXXXXXXX
XXXX-XX---X-XXXX
XXX-XXXX-X--XXXX
X0--XXXX---X--1X
XXX--XX------XXX
XXX-X---XXX--XXX
X-------XXX----X
XX--X----------X
X---X---------XX
XX--X---------XX
XX---------XXX-X
XX-XXX---------X
XXXXXXXXXXXXXXXX
XXXXXXXXXXXXXXXX
X2-XX---------3X
XXXXXXXXXXXXXXXX
META {"type": "solver", "id": "pysat-rc2", "objective": 0}
META {"type": "geom", "shape": "path", "group": "path", "data": [[3, 1, 3, 2], [3, 2, 3, 3], [3, 3, 4, 3], [4, 3, 5, 3], [5, 3, 6, 3], [6, 3, 6, 4], [6, 4, 6, 5], [6, 5, 6, 6], [6, 6, 7, 6], [7, 6, 7, 5], [7, 5, 8, 5], [8, 5, 9, 5], [9, 5, 9, 6], [9, 6, 10, 6], [10, 6, 10, 7], [10, 7, 11, 7], [11, 7, 11, 8], [11, 8, 11, 9], [11, 9, 11, 10], [11, 10, 10, 10], [10, 10, 9, 10], [9, 10, 9, 11], [9, 11, 9, 12], [9, 12, 8, 12], [8, 12, 8, 11], [8, 11, 8, 10], [8, 10, 8, 9], [8, 9, 7, 9], [7, 9, 7, 10], [7, 10, 7, 11], [7, 11, 6, 11], [6, 11, 5, 11], [5, 11, 4, 11], [4, 11, 4, 12], [4, 12, 3, 12], [3, 12, 3, 13], [3, 13, 3, 14]]}
META {"type": "geom", "shape": "tile", "group": "path", "data": [[3, 1], [3, 2], [3, 3], [4, 3], [5, 3], [6, 3], [6, 4], [6, 5], [6, 6], [7, 6], [7, 5], [8, 5], [9, 5], [9, 6], [10, 6], [10, 7], [11, 7], [11, 8], [11, 9], [11, 10], [10, 10], [9, 10], [9, 11], [9, 12], [8, 12], [8, 11], [8, 10], [8, 9], [7, 9], [7, 10], [7, 11], [6, 11], [5, 11], [4, 11], [4, 12], [3, 12], [3, 13], [3, 14]]}
META {"type": "geom", "shape": "line", "group": "offpath", "data": [[9, 7, 9, 8], [9, 8, 9, 7], [7, 13, 7, 14], [7, 14, 7, 13], [7, 2, 6, 2], [4, 7, 4, 8], [4, 8, 4, 7], [11, 11, 11, 12], [11, 12, 11, 11], [11, 14, 10, 14], [6, 2, 7, 2], [14, 7, 14, 8], [14, 8, 14, 7], [8, 6, 8, 7], [8, 7, 8, 6], [10, 9, 10, 8], [10, 14, 11, 14], [10, 4, 10, 5], [10, 8, 10, 9], [10, 5, 10, 4]]}
