XXXXXXXXXXXXXXXX
XXXXXXXXXXXXXXXX
XXXXXXXXX}XXXXXX
XXXXXXXXX-XXXXXX
XXXXX-----XXXXXX
XXXXXXXXX-XXXXXX
XXXXXXXXX---XXXX
XXXXXXXXX---XXXX
XXXXXXX-----XXXX
XXXXXXXXX---XXXX
XXXXXXXXX---XXXX
XXXXXXXX----XXXX
XXXXXXXX##----XX
XXXXXXXX------XX
XXXXXXXX------XX
XXXXXXXX------XX
XXXXXXXX------XX
XXXXXX--#-XX--XX
XXXXXX----XX--XX
XXXXXX--#---XXXX
XXXXXXX-----XXXX
XXXXXXX--#--XXXX
XXXXXXX-----XXXX
XXXXXXX---#---XX
XXX-----------XX
XXXXXXXXX-XXX-XX
XXXXXXXXX-XXX-XX
XXXXXXXXX-XXX-XX
XXXXXXXX--XXX-XX
XXXXXXX-{-----XX
XXXXXXXXXXXXXXXX
XXXXXXXXXXXXXXXX
META {"type": "solver", "id": "pysat-rc2", "objective": 0}
META {"type": "geom", "shape": "path", "group": "path", "data": [[29, 8, 28, 8], [28, 8, 28, 9], [28, 9, 22, 9], [22, 9, 22, 7], [22, 7, 24, 7], [24, 7, 24, 3], [24, 3, 24, 13], [24, 13, 23, 13], [23, 13, 23, 11], [23, 11, 19, 11], [19, 11, 19, 9], [19, 9, 13, 9], [13, 9, 13, 13], [13, 13, 12, 13], [12, 13, 18, 13], [18, 13, 18, 12], [18, 12, 12, 12], [12, 12, 12, 10], [12, 10, 16, 10], [16, 10, 6, 10], [6, 10, 6, 9], [6, 9, 2, 9]]}
META {"type": "geom", "shape": "tile", "group": "path", "data": [[29, 8], [28, 8], [28, 9], [27, 9], [26, 9], [25, 9], [24, 9], [23, 9], [22, 9], [22, 8], [22, 7], [23, 7], [24, 7], [24, 6], [24, 5], [24, 4], [24, 3], [24, 4], [24, 5], [24, 6], [24, 7], [24, 8], [24, 9], [24, 10], [24, 11], [24, 12], [24, 13], [23, 13], [23, 12], [23, 11], [22, 11], [21, 11], [20, 11], [19, 11], [19, 10], [19, 9], [18, 9], [17, 9], [16, 9], [15, 9], [14, 9], [13, 9], [13, 10], [13, 11], [13, 12], [13, 13], [12, 13], [13, 13], [14, 13], [15, 13], [16, 13], [17, 13], [18, 13], [18, 12], [17, 12], [16, 12], [15, 12], [14, 12], [13, 12], [12, 12], [12, 11], [12, 10], [13, 10], [14, 10], [15, 10], [16, 10], [15, 10], [14, 10], [13, 10], [12, 10], [11, 10], [10, 10], [9, 10], [8, 10], [7, 10], [6, 10], [6, 9], [5, 9], [4, 9], [3, 9], [2, 9]]}
META {"type": "geom", "shape": "line", "group": "offpath", "data": [[10, 11, 10, 9], [10, 9, 10, 11], [19, 6, 17, 6], [23, 9, 23, 7], [23, 7, 23, 9], [17, 6, 19, 6], [6, 11, 16, 11], [16, 11, 6, 11], [7, 11, 7, 9], [7, 9, 7, 11], [8, 11, 8, 7], [8, 7, 8, 11], [9, 11, 9, 9], [9, 9, 9, 11]]}
