XXXXXXXXXXXXXXXX
XXXXXXXXXXXXXXXX
XXXXX}XXXXXXX-XX
XXX---XXX-XXX-XX
XXX-------XXXXXX
XXX--#----XXXXXX
XXX------X--XXXX
XX--X---XX---XXX
XX-XXXX--X---XXX
XX-XXXX---XX--XX
XX-XXX-----XX-XX
XX----###---XXXX
XXX-------#-XXXX
XXX-#--------XXX
XXX---#--X-X-XXX
XX-#----XXXX-XXX
XX---X--XXXX-XXX
XX--XXX-XXX--XXX
XXX-XXX-----XXXX
XXXXXXXX---XXXXX
XXXXXXXXXX-XXXXX
XXXXXXXXXX-XXXXX
XXXXXXXX---XXXXX
XX-------#---XXX
XXX--------#-XXX
XXX---XXX----XXX
XXX---XXX----XXX
XX-#--XXX##---XX
XX----XXX-----XX
XXX-{-------X-XX
XXXXXXXXXXXXXXXX
XXXXXXXXXXXXXXXX
META {"type": "solver", "id": "pysat-rc2", "objective": 0}
META {"type": "geom", "shape": "path", "group": "path", "data": [[29, 4, 23, 4], [23, 4, 23, 2], [23, 2, 23, 8], [23, 8, 24, 8], [24, 8, 22, 8], [22, 8, 22, 10], [22, 10, 18, 10], [18, 10, 18, 11], [18, 11, 18, 7], [18, 7, 12, 7], [12, 7, 12, 3], [12, 3, 11, 3], [11, 3, 11, 2], [11, 2, 7, 2], [7, 2, 7, 3], [7, 3, 3, 3], [3, 3, 3, 5], [3, 5, 4, 5], [4, 5, 2, 5]]}
META {"type": "geom", "shape": "tile", "group": "path", "data": [[29, 4], [28, 4], [27, 4], [26, 4], [25, 4], [24, 4], [23, 4], [23, 3], [23, 2], [23, 3], [23, 4], [23, 5], [23, 6], [23, 7], [23, 8], [24, 8], [23, 8], [22, 8], [22, 9], [22, 10], [21, 10], [20, 10], [19, 10], [18, 10], [18, 11], [18, 10], [18, 9], [18, 8], [18, 7], [17, 7], [16, 7], [15, 7], [14, 7], [13, 7], [12, 7], [12, 6], [12, 5], [12, 4], [12, 3], [11, 3], [11, 2], [10, 2], [9, 2], [8, 2], [7, 2], [7, 3], [6, 3], [5, 3], [4, 3], [3, 3], [3, 4], [3, 5], [4, 5], [3, 5], [2, 5]]}
META {"type": "geom", "shape": "line", "group": "offpath", "data": [[9, 7, 10, 7], [9, 9, 9, 7], [19, 8, 18, 8], [11, 11, 13, 11], [11, 10, 11, 9], [11, 9, 13, 9], [10, 6, 10, 10], [10, 8, 8, 8], [10, 7, 10, 6], [10, 10, 11, 10], [26, 5, 26, 3], [26, 12, 28, 12], [26, 10, 26, 12], [26, 9, 24, 9], [26, 3, 26, 5], [23, 12, 23, 10], [23, 10, 23, 12], [15, 5, 15, 4], [15, 2, 17, 2], [15, 4, 16, 4], [14, 5, 15, 5], [14, 4, 14, 5], [14, 8, 14, 7], [14, 7, 14, 8], [16, 2, 15, 2], [16, 4, 14, 4], [16, 6, 16, 7], [16, 7, 16, 6], [16, 3, 16, 2], [7, 5, 6, 5], [8, 12, 8, 10], [8, 8, 10, 8], [8, 10, 8, 12], [28, 5, 29, 5], [28, 13, 28, 9], [28, 12, 28, 13], [28, 9, 29, 9], [28, 3, 28, 5], [25, 11, 25, 9], [25, 5, 25, 3], [25, 9, 26, 9], [25, 3, 25, 5], [27, 11, 27, 13], [27, 5, 27, 4], [27, 13, 27, 11], [27, 4, 27, 5], [17, 2, 17, 3], [17, 3, 18, 3], [18, 8, 19, 8], [18, 3, 16, 3], [24, 10, 26, 10], [24, 9, 24, 10], [6, 11, 6, 10], [6, 5, 7, 5], [6, 10, 6, 11], [3, 13, 2, 13], [13, 11, 11, 11], [13, 9, 9, 9], [5, 4, 5, 3], [5, 3, 5, 4], [29, 11, 25, 11], [29, 5, 29, 11], [29, 9, 29, 3], [29, 3, 28, 3], [2, 13, 3, 13]]}
