XXXXXXXXXXXXXXXXXXXXXXXXXXXXXXXX
X---}XXX-------X-XX--XXX----XX-X
XX-XXXXX-----------X-XXX-XXX--XX
X--XXXXX-----------X----XXXX---X
XX-------XXXXXXX---X--X-XXXX---X
XXXXXXXX------------XXXXXXX-XXXX
XXXXXXXX---XXX------XXXXXXX-XXXX
XXXXXXXX-XXXXXXXXXX---------XXXX
XX-------XXXXXXXXXX-X-XXX-XX---X
XXX---------XX-----------XXXXXXX
XXX-XXXX--XX----X-XXX----XXXXXXX
XX--XXXX-XXXX---X-XXXX-X-XXX{--X
XXX------XXXX---X-XXXX--XXXXXX-X
XXX-X------------X-XX---XXXXXX-X
X------XX-XX---XX--------------X
XXXXXXXXXXXXXXXXXXXXXXXXXXXXXXXX
META {"type": "solver", "id": "pysat-rc2", "objective": 0}
META {"type": "geom", "shape": "path", "group": "path", "data": [[11, 28, 11, 29], [11, 29, 11, 30], [11, 30, 12, 30], [12, 30, 13, 30], [13, 30, 14, 30], [14, 30, 14, 29], [14, 29, 14, 28], [14, 28, 14, 27], [14, 27, 14, 26], [14, 26, 14, 25], [14, 25, 14, 24], [14, 24, 14, 23], [14, 23, 13, 23], [13, 23, 12, 23], [12, 23, 12, 22], [12, 22, 11, 22], [11, 22, 10, 22], [10, 22, 9, 22], [9, 22, 9, 21], [9, 21, 8, 21], [8, 21, 7, 21], [7, 21, 7, 20], [7, 20, 7, 19], [7, 19, 6, 19], [6, 19, 5, 19], [5, 19, 5, 18], [5, 18, 5, 17], [5, 17, 5, 16], [5, 16, 5, 15], [5, 15, 5, 14], [5, 14, 5, 13], [5, 13, 5, 12], [5, 12, 5, 11], [5, 11, 5, 10], [5, 10, 5, 9], [5, 9, 5, 8], [5, 8, 4, 8], [4, 8, 4, 7], [4, 7, 4, 6], [4, 6, 4, 5], [4, 5, 4, 4], [4, 4, 4, 3], [4, 3, 4, 2], [4, 2, 3, 2], [3, 2, 2, 2], [2, 2, 1, 2], [1, 2, 1, 3], [1, 3, 1, 4]]}
