XXXXXXXXXXXXXXXXXXXXXXXXXXXXXXXX
X---}XXX----------------X----X-X
XX-XXXXXXXX-X--XX---XXX-----X--X
X--XXXXXXXXXXXXXXX----------X--X
X-----XXXXXXXXXXXXX---X-----X--X
XX-----XXXX----XXXX---X--------X
XX--X-X-XXXX-XXXXX--X-X-----X-XX
X--X----XXXX-XXXXXXX--X--XXX---X
X---XXX--XX----XXXXX--X--XXXXXXX
X----------XXX--------X-XXXXXXXX
X-XX-XXX---XXXXXX-----X-XXXXXXXX
XXXXXXXX--XXXXXXX--XXX--XXX{--XX
XXXXXXXX--XXXX-----XXXX-XXXXX--X
X-XX-XX----XX------XXXX-XXXXX-XX
X--------------XX--------------X
XXXXXXXXXXXXXXXXXXXXXXXXXXXXXXXX
META {"type": "solver", "id": "pysat-rc2", "objective": 0}
META {"type": "geom", "shape": "path", "group": "path", "data": [[11, 27, 11, 28], [11, 28, 11, 29], [11, 29, 12, 29], [12, 29, 13, 29], [13, 29, 14, 29], [14, 29, 14, 28], [14, 28, 14, 27], [14, 27, 14, 26], [14, 26, 14, 25], [14, 25, 14, 24], [14, 24, 14, 23], [14, 23, 14, 22], [14, 22, 14, 21], [14, 21, 14, 20], [14, 20, 14, 19], [14, 19, 14, 18], [14, 18, 13, 18], [13, 18, 13, 17], [13, 17, 13, 16], [13, 16, 13, 15], [13, 15, 13, 14], [13, 14, 13, 13], [13, 13, 14, 13], [14, 13, 14, 12], [14, 12, 14, 11], [14, 11, 14, 10], [14, 10, 13, 10], [13, 10, 13, 9], [13, 9, 12, 9], [12, 9, 11, 9], [11, 9, 10, 9], [10, 9, 9, 9], [9, 9, 9, 8], [9, 8, 8, 8], [8, 8, 8, 7], [8, 7, 7, 7], [7, 7, 7, 6], [7, 6, 7, 5], [7, 5, 6, 5], [6, 5, 5, 5], [5, 5, 4, 5], [4, 5, 4, 4], [4, 4, 4, 3], [4, 3, 4, 2], [4, 2, 3, 2], [3, 2, 2, 2], [2, 2, 1, 2], [1, 2, 1, 3], [1, 3, 1, 4]]}
