XXXXXXXXXXXXXXXX
XXXXXXXXXXXXXXXX
XXXXXXX-XXX---XX
XX}XXXX-------XX
XX-XXX-#----XXXX
XX-XXX----#-XXXX
XX------X---XXXX
XX-##--XXX---XXX
XX-----XXX---XXX
XX-----------XXX
XX--X----XXX--XX
XX--XXXXXXXX--XX
XX--XXXXXXXXXXXX
XX--XXXXXXXXXXXX
XXX------XXXXXXX
XXXX-XXX-XXXXXXX
XXXX-XXX-XXXXXXX
XX-------XXXXXXX
XX----X--XXXXXXX
XX##-XXXXXXXXXXX
XX---XXXXXXXXXXX
XX-XXXXXXXXXX-XX
XX-XXXXXX----XXX
XX-XXXXX----XXXX
XX--XXXX--X-XXXX
XXX-XXX-#-XXXXXX
XXX-XXX---XXXXXX
XXX-XXX---XXXXXX
XXX-------XXXXXX
XXXXX-{-XXXXXXXX
XXXXXXXXXXXXXXXX
XXXXXXXXXXXXXXXX
META {"type": "solver", "id": "pysat-rc2-boolonly", "objective": 0}
META {"type": "geom", "shape": "path", "group": "path", "data": [[29, 6, 29, 5], [29, 5, 28, 5], [28, 5, 28, 3], [28, 3, 24, 3], [24, 3, 24, 2], [24, 2, 20, 2], [20, 2, 20, 4], [20, 4, 14, 4], [14, 4, 14, 3], [14, 3, 8, 3], [8, 3, 8, 2], [8, 2, 8, 6], [8, 6, 4, 6], [4, 6, 10, 6], [10, 6, 10, 8], [10, 8, 9, 8], [9, 8, 9, 2], [9, 2, 13, 2], [13, 2, 3, 2]]}
META {"type": "geom", "shape": "tile", "group": "path", "data": [[29, 6], [29, 5], [28, 5], [28, 4], [28, 3], [27, 3], [26, 3], [25, 3], [24, 3], [24, 2], [23, 2], [22, 2], [21, 2], [20, 2], [20, 3], [20, 4], [19, 4], [18, 4], [17, 4], [16, 4], [15, 4], [14, 4], [14, 3], [13, 3], [12, 3], [11, 3], [10, 3], [9, 3], [8, 3], [8, 2], [8, 3], [8, 4], [8, 5], [8, 6], [7, 6], [6, 6], [5, 6], [4, 6], [5, 6], [6, 6], [7, 6], [8, 6], [9, 6], [10, 6], [10, 7], [10, 8], [9, 8], [9, 7], [9, 6], [9, 5], [9, 4], [9, 3], [9, 2], [10, 2], [11, 2], [12, 2], [13, 2], [12, 2], [11, 2], [10, 2], [9, 2], [8, 2], [7, 2], [6, 2], [5, 2], [4, 2], [3, 2]]}
META {"type": "geom", "shape": "line", "group": "offpath", "data": [[22, 10, 23, 10], [22, 11, 24, 11], [2, 7, 3, 7], [2, 12, 3, 12], [2, 13, 2, 11], [2, 11, 2, 13], [26, 8, 28, 8], [23, 10, 22, 10], [11, 12, 11, 13], [11, 13, 10, 13], [28, 8, 26, 8], [3, 7, 2, 7], [3, 12, 2, 12], [10, 12, 11, 12], [10, 13, 10, 12], [10, 5, 6, 5], [7, 6, 7, 5], [7, 5, 7, 6], [12, 2, 12, 3], [12, 3, 12, 2], [8, 4, 9, 4], [5, 7, 6, 7], [9, 4, 8, 4], [24, 8, 24, 9], [24, 11, 22, 11], [24, 9, 24, 8], [17, 3, 18, 3], [17, 5, 18, 5], [18, 3, 17, 3], [18, 5, 17, 5], [6, 7, 5, 7], [6, 5, 10, 5]]}
