XXXXXXXXXXXXXXXX
XXXXXXXXXXXXXXXX
XXXX--XXXXXX}XXX
XXXX--XXXXXX--XX
XXX-----------XX
XX---XXXXX--XXXX
XX---XXXXX---XXX
XXXX-XXXX----XXX
XXXX---------XXX
XXXX-#---XXX-XXX
XX-------XXX--XX
XX--X--#-XXX--XX
XXX-XX-------XXX
XXX--X---X--XXXX
XXX------XX--XXX
XX--#--X--X--XXX
XXX---XX-----XXX
XXXX---XX--#--XX
XXXX----XX----XX
XXXX--#--X--#-XX
XX--#----XX---XX
XX-----X--X---XX
XX----XXX--#--XX
XX-##-XXX----XXX
XX----XXX##-XXXX
XXX---XXX---XXXX
XXX-----XXX-XXXX
XXX##---XXX--XXX
XXX-----XXX--XXX
XXX----{---XXXXX
XXXXXXXXXXXXXXXX
XXXXXXXXXXXXXXXX
META {"type": "solver", "id": "pysat-rc2", "objective": 0}
META {"type": "geom", "shape": "path", "group": "path", "data": [[29, 7, 29, 3], [29, 3, 28, 3], [28, 3, 28, 7], [28, 7, 26, 7], [26, 7, 26, 3], [26, 3, 24, 3], [24, 3, 24, 5], [24, 5, 14, 5], [14, 5, 14, 3], [14, 3, 10, 3], [10, 3, 10, 2], [10, 2, 10, 8], [10, 8, 8, 8], [8, 8, 8, 4], [8, 4, 2, 4], [2, 4, 2, 5], [2, 5, 4, 5], [4, 5, 4, 3], [4, 3, 4, 13], [4, 13, 3, 13], [3, 13, 3, 12], [3, 12, 4, 12], [4, 12, 2, 12]]}
META {"type": "geom", "shape": "tile", "group": "path", "data": [[29, 7], [29, 6], [29, 5], [29, 4], [29, 3], [28, 3], [28, 4], [28, 5], [28, 6], [28, 7], [27, 7], [26, 7], [26, 6], [26, 5], [26, 4], [26, 3], [25, 3], [24, 3], [24, 4], [24, 5], [23, 5], [22, 5], [21, 5], [20, 5], [19, 5], [18, 5], [17, 5], [16, 5], [15, 5], [14, 5], [14, 4], [14, 3], [13, 3], [12, 3], [11, 3], [10, 3], [10, 2], [10, 3], [10, 4], [10, 5], [10, 6], [10, 7], [10, 8], [9, 8], [8, 8], [8, 7], [8, 6], [8, 5], [8, 4], [7, 4], [6, 4], [5, 4], [4, 4], [3, 4], [2, 4], [2, 5], [3, 5], [4, 5], [4, 4], [4, 3], [4, 4], [4, 5], [4, 6], [4, 7], [4, 8], [4, 9], [4, 10], [4, 11], [4, 12], [4, 13], [3, 13], [3, 12], [4, 12], [3, 12], [2, 12]]}
META {"type": "geom", "shape": "line", "group": "offpath", "data": [[13, 10, 12, 10], [13, 6, 13, 8], [13, 8, 13, 6], [21, 13, 17, 13], [21, 4, 22, 4], [21, 6, 20, 6], [21, 11, 21, 13], [11, 5, 11, 6], [11, 6, 11, 5], [20, 2, 24, 2], [20, 6, 21, 6], [6, 10, 6, 12], [6, 12, 6, 10], [12, 10, 13, 10], [12, 6, 8, 6], [12, 12, 12, 6], [28, 4, 29, 4], [22, 10, 23, 10], [22, 4, 21, 4], [14, 11, 14, 12], [14, 12, 14, 11], [23, 10, 22, 10], [17, 10, 17, 9], [17, 13, 17, 12], [17, 4, 17, 6], [17, 6, 17, 4], [17, 9, 17, 10], [17, 12, 18, 12], [19, 10, 19, 11], [19, 11, 21, 11], [3, 5, 3, 4], [3, 4, 3, 5], [8, 6, 8, 12], [8, 12, 12, 12], [18, 10, 19, 10], [18, 12, 18, 10], [24, 2, 20, 2], [29, 4, 28, 4], [25, 5, 25, 3], [25, 3, 25, 5]]}
