XXXXXXXXXXXXXXXX
XXXXXXXXXXXXXXXX
XXX}XXX-----XXXX
XXX----------XXX
XX-----#-X---XXX
XX-------XXXXXXX
XX-#--X--XXXXXXX
XX----XXXXXXXXXX
XX-----XXXXXXXXX
XX--X--XXXXX-XXX
XXXXXX-XXX---XXX
XXXXXX----X---XX
XXXXX---XXX---XX
XXX---#-XXX---XX
XXX---------XXXX
XX--#--#-----XXX
XX--------XX-XXX
XX------X--X--XX
XX---#-XX-----XX
XX------X---XXXX
XX-XX----#--XXXX
XX--X-------XXXX
XX---#--X--#--XX
XX-----XX-----XX
XX------X---XXXX
XX----#------XXX
XX--#----#---XXX
XXX----#---X--XX
XXXX------XXX-XX
XXXX--X-{-XXXXXX
XXXXXXXXXXXXXXXX
XXXXXXXXXXXXXXXX
META {"type": "solver", "id": "pysat-rc2", "objective": 0}
META {"type": "geom", "shape": "path", "group": "path", "data": [[29, 8, 29, 9], [29, 9, 29, 7], [29, 7, 28, 7], [28, 7, 28, 9], [28, 9, 27, 9], [27, 9, 27, 8], [27, 8, 27, 10], [27, 10, 17, 10], [17, 10, 17, 9], [17, 9, 19, 9], [19, 9, 19, 11], [19, 11, 18, 11], [18, 11, 18, 9], [18, 9, 14, 9], [14, 9, 14, 11], [14, 11, 10, 11], [10, 11, 10, 12], [10, 12, 9, 12], [9, 12, 13, 12], [13, 12, 13, 11], [13, 11, 13, 13], [13, 13, 11, 13], [11, 13, 11, 11], [11, 11, 15, 11], [15, 11, 15, 12], [15, 12, 15, 8], [15, 8, 16, 8], [16, 8, 16, 2], [16, 2, 26, 2], [26, 2, 26, 3], [26, 3, 27, 3], [27, 3, 21, 3], [21, 3, 21, 2], [21, 2, 15, 2], [15, 2, 15, 3], [15, 3, 13, 3], [13, 3, 13, 5], [13, 5, 12, 5], [12, 5, 12, 7], [12, 7, 11, 7], [11, 7, 11, 6], [11, 6, 12, 6], [12, 6, 8, 6], [8, 6, 8, 2], [8, 2, 4, 2], [4, 2, 4, 6], [4, 6, 5, 6], [5, 6, 5, 2], [5, 2, 5, 8], [5, 8, 6, 8], [6, 8, 2, 8], [2, 8, 2, 7], [2, 7, 3, 7], [3, 7, 3, 3], [3, 3, 2, 3]]}
META {"type": "geom", "shape": "tile", "group": "path", "data": [[29, 8], [29, 9], [29, 8], [29, 7], [28, 7], [28, 8], [28, 9], [27, 9], [27, 8], [27, 9], [27, 10], [26, 10], [25, 10], [24, 10], [23, 10], [22, 10], [21, 10], [20, 10], [19, 10], [18, 10], [17, 10], [17, 9], [18, 9], [19, 9], [19, 10], [19, 11], [18, 11], [18, 10], [18, 9], [17, 9], [16, 9], [15, 9], [14, 9], [14, 10], [14, 11], [13, 11], [12, 11], [11, 11], [10, 11], [10, 12], [9, 12], [10, 12], [11, 12], [12, 12], [13, 12], [13, 11], [13, 12], [13, 13], [12, 13], [11, 13], [11, 12], [11, 11], [12, 11], [13, 11], [14, 11], [15, 11], [15, 12], [15, 11], [15, 10], [15, 9], [15, 8], [16, 8], [16, 7], [16, 6], [16, 5], [16, 4], [16, 3], [16, 2], [17, 2], [18, 2], [19, 2], [20, 2], [21, 2], [22, 2], [23, 2], [24, 2], [25, 2], [26, 2], [26, 3], [27, 3], [26, 3], [25, 3], [24, 3], [23, 3], [22, 3], [21, 3], [21, 2], [20, 2], [19, 2], [18, 2], [17, 2], [16, 2], [15, 2], [15, 3], [14, 3], [13, 3], [13, 4], [13, 5], [12, 5], [12, 6], [12, 7], [11, 7], [11, 6], [12, 6], [11, 6], [10, 6], [9, 6], [8, 6], [8, 5], [8, 4], [8, 3], [8, 2], [7, 2], [6, 2], [5, 2], [4, 2], [4, 3], [4, 4], [4, 5], [4, 6], [5, 6], [5, 5], [5, 4], [5, 3], [5, 2], [5, 3], [5, 4], [5, 5], [5, 6], [5, 7], [5, 8], [6, 8], [5, 8], [4, 8], [3, 8], [2, 8], [2, 7], [3, 7], [3, 6], [3, 5], [3, 4], [3, 3], [2, 3]]}
META {"type": "geom", "shape": "line", "group": "offpath", "data": [[6, 7, 5, 7], [26, 8, 25, 8], [26, 7, 26, 8], [16, 7, 17, 7], [2, 11, 4, 11], [2, 9, 3, 9], [2, 10, 4, 10], [27, 12, 25, 12], [27, 6, 28, 6], [27, 4, 27, 6], [27, 13, 28, 13], [23, 9, 23, 13], [23, 13, 23, 9], [15, 5, 15, 6], [15, 6, 15, 5], [4, 11, 2, 11], [4, 12, 3, 12], [4, 10, 2, 10], [5, 7, 6, 7], [20, 11, 20, 10], [20, 10, 20, 11], [12, 11, 12, 13], [12, 13, 12, 11], [22, 9, 22, 10], [22, 4, 22, 2], [22, 2, 22, 4], [22, 10, 22, 9], [18, 4, 18, 2], [18, 2, 18, 4], [24, 7, 26, 7], [3, 12, 4, 12], [3, 9, 2, 9], [29, 5, 29, 4], [29, 4, 29, 5], [17, 7, 16, 7], [9, 5, 9, 6], [9, 6, 9, 5], [9, 3, 9, 2], [9, 2, 9, 3], [25, 12, 27, 12], [25, 8, 25, 7], [25, 7, 24, 7], [28, 6, 28, 4], [28, 4, 27, 4], [28, 13, 27, 13]]}
