--------------------------------
--------------------------------
---------X------X---------------
--------------------------------
-----------------------XXXXX----
------X---XX--------------------
---------------XQX--------------
-----------------------------Q--
--------------------------------
--------------Q-----------------
----------<>----------X---------
----------[]---------XX-----Q---
----X-----[]--------XXX--X------
----XX----[]-------XXXX---------
-{--XXX---[]------XXXXX-------}-
XXXXXXXXXXXXXXXXXXXXXXXXXXXXXXXX
META {"type": "solver", "id": "pysat-rc2", "objective": 0}
META {"type": "geom", "shape": "path", "group": "path", "data": [[14, 1, 11, 4], [11, 4, 7, 4], [7, 4, 8, 3], [8, 3, 9, 4], [9, 4, 10, 5], [10, 5, 11, 5], [11, 5, 12, 5], [12, 5, 8, 9], [8, 9, 9, 10], [9, 10, 5, 14], [5, 14, 6, 13], [6, 13, 7, 13], [7, 13, 8, 14], [8, 14, 4, 15], [4, 15, 5, 16], [5, 16, 3, 17], [3, 17, 4, 18], [4, 18, 5, 18], [5, 18, 6, 19], [6, 19, 7, 19], [7, 19, 8, 19], [8, 19, 9, 20], [9, 20, 10, 21], [10, 21, 6, 25], [6, 25, 7, 26], [7, 26, 8, 26], [8, 26, 9, 25], [9, 25, 10, 24], [10, 24, 11, 25], [11, 25, 8, 22], [8, 22, 9, 22], [9, 22, 5, 21], [5, 21, 6, 22], [6, 22, 7, 23], [7, 23, 8, 24], [8, 24, 9, 23], [9, 23, 10, 23], [10, 23, 11, 24], [11, 24, 12, 23], [12, 23, 13, 24], [13, 24, 14, 23], [14, 23, 14, 24], [14, 24, 10, 25], [10, 25, 11, 26], [11, 26, 12, 26], [12, 26, 13, 27], [13, 27, 14, 28], [14, 28, 11, 31], [11, 31, 12, 31], [12, 31, 13, 30], [13, 30, 14, 31], [14, 31, 14, 30]]}
META {"type": "geom", "shape": "tile", "group": "path", "data": [[14, 1], [13, 1], [13, 2], [12, 2], [12, 3], [11, 3], [11, 4], [10, 4], [9, 4], [8, 4], [7, 4], [8, 4], [8, 3], [9, 3], [9, 4], [10, 4], [10, 5], [11, 5], [12, 5], [11, 5], [11, 6], [10, 6], [10, 7], [9, 7], [9, 8], [8, 8], [8, 9], [9, 9], [9, 10], [8, 10], [8, 11], [7, 11], [7, 12], [6, 12], [6, 13], [5, 13], [5, 14], [6, 14], [6, 13], [7, 13], [8, 13], [8, 14], [7, 14], [6, 14], [5, 14], [4, 14], [4, 15], [5, 15], [5, 16], [4, 16], [4, 17], [3, 17], [4, 17], [4, 18], [5, 18], [6, 18], [6, 19], [7, 19], [8, 19], [9, 19], [9, 20], [10, 20], [10, 21], [9, 21], [9, 22], [8, 22], [8, 23], [7, 23], [7, 24], [6, 24], [6, 25], [7, 25], [7, 26], [8, 26], [9, 26], [9, 25], [10, 25], [10, 24], [11, 24], [11, 25], [10, 25], [10, 24], [9, 24], [9, 23], [8, 23], [8, 22], [9, 22], [8, 22], [7, 22], [6, 22], [5, 22], [5, 21], [6, 21], [6, 22], [7, 22], [7, 23], [8, 23], [8, 24], [9, 24], [9, 23], [10, 23], [11, 23], [11, 24], [12, 24], [12, 23], [13, 23], [13, 24], [14, 24], [14, 23], [14, 24], [13, 24], [12, 24], [11, 24], [10, 24], [10, 25], [11, 25], [11, 26], [12, 26], [13, 26], [13, 27], [14, 27], [14, 28], [13, 28], [13, 29], [12, 29], [12, 30], [11, 30], [11, 31], [12, 31], [13, 31], [13, 30], [14, 30], [14, 31], [14, 30]]}
META {"type": "geom", "shape": "line", "group": "offpath", "data": [[0, 15, 1, 16], [0, 12, 1, 11], [0, 3, 1, 4], [0, 9, 1, 10], [0, 8, 1, 9], [6, 10, 7, 11], [13, 18, 10, 20], [13, 28, 14, 29], [13, 26, 14, 26], [3, 27, 1, 27], [3, 15, 4, 16], [3, 23, 3, 24], [3, 12, 4, 11], [3, 25, 1, 23], [3, 11, 4, 10], [3, 10, 4, 9], [3, 26, 1, 26], [3, 5, 4, 6], [3, 24, 2, 25], [8, 17, 9, 16], [8, 12, 9, 11], [5, 15, 1, 14], [5, 17, 1, 13], [5, 9, 6, 10], [9, 11, 5, 15], [9, 16, 10, 17], [4, 6, 0, 3], [4, 11, 0, 12], [4, 16, 5, 17], [4, 10, 0, 9], [4, 9, 5, 9], [1, 27, 2, 27], [1, 23, 2, 23], [1, 13, 2, 12], [1, 14, 2, 14], [1, 11, 2, 11], [1, 16, 0, 15], [1, 10, 2, 10], [1, 26, 2, 26], [1, 4, 2, 5], [1, 9, 0, 8], [11, 19, 12, 19], [11, 16, 12, 17], [11, 29, 12, 29], [11, 20, 8, 17], [7, 11, 8, 12], [14, 17, 14, 16], [14, 16, 14, 17], [14, 26, 13, 26], [14, 29, 11, 29], [2, 27, 3, 27], [2, 23, 3, 23], [2, 12, 3, 12], [2, 14, 3, 15], [2, 25, 3, 26], [2, 11, 3, 11], [2, 10, 3, 10], [2, 26, 3, 25], [2, 5, 3, 5], [12, 17, 13, 18], [12, 19, 11, 20], [12, 29, 13, 28], [10, 17, 11, 16], [10, 20, 11, 19]]}
