--------------------------------
--------------------------------
--------------X-----------------
--------------------------------
-----------Q-----------------Q--
-------------------Q---Q--------
--------------------------------
-------XX-------X------------Q--
-------------X--------XXXXX-----
--------------------------------
---------XX-------X-------------
--------------<>-------X--------
---------XX---[]------XX--------
-----XX-------[]-----XXX--------
-{--XXX-------[]----XXXX------}-
XXXXXXXXXXXXXXXXXXXXXXXXXXXXXXXX
META {"type": "solver", "id": "pysat-rc2", "objective": 0}
META {"type": "geom", "shape": "path", "group": "path", "data": [[14, 1, 11, 4], [11, 4, 12, 4], [12, 4, 13, 3], [13, 3, 14, 3], [14, 3, 12, 1], [12, 1, 13, 1], [13, 1, 14, 0], [14, 0, 10, 4], [10, 4, 11, 5], [11, 5, 12, 5], [12, 5, 10, 5], [10, 5, 11, 6], [11, 6, 12, 6], [12, 6, 9, 9], [9, 9, 5, 12], [5, 12, 6, 12], [6, 12, 7, 11], [7, 11, 8, 11], [8, 11, 9, 10], [9, 10, 5, 9], [5, 9, 6, 8], [6, 8, 2, 5], [2, 5, 3, 6], [3, 6, 4, 7], [4, 7, 5, 8], [5, 8, 6, 9], [6, 9, 7, 9], [7, 9, 8, 8], [8, 8, 9, 7], [9, 7, 10, 8], [10, 8, 11, 8], [11, 8, 12, 7], [12, 7, 13, 8], [13, 8, 14, 7], [14, 7, 14, 8], [14, 8, 10, 7], [10, 7, 11, 7], [11, 7, 12, 8], [12, 8, 13, 9], [13, 9, 14, 9], [14, 9, 13, 10], [13, 10, 14, 11], [14, 11, 12, 12], [12, 12, 13, 12], [13, 12, 14, 13], [14, 13, 10, 14], [10, 14, 6, 13], [6, 13, 7, 13], [7, 13, 4, 15], [4, 15, 5, 16], [5, 16, 6, 15], [6, 15, 7, 14], [7, 14, 8, 15], [8, 15, 9, 14], [9, 14, 10, 15], [10, 15, 6, 16], [6, 16, 3, 18], [3, 18, 4, 19], [4, 19, 0, 19], [0, 19, 1, 20], [1, 20, 2, 19], [2, 19, 3, 20], [3, 20, 4, 20], [4, 20, 5, 20], [5, 20, 6, 21], [6, 21, 7, 22], [7, 22, 7, 23], [7, 23, 4, 26], [4, 26, 5, 26], [5, 26, 6, 27], [6, 27, 7, 28], [7, 28, 8, 27], [8, 27, 9, 27], [9, 27, 10, 26], [10, 26, 11, 25], [11, 25, 12, 25], [12, 25, 13, 25], [13, 25, 14, 26], [14, 26, 10, 29], [10, 29, 11, 28], [11, 28, 12, 27], [12, 27, 13, 27], [13, 27, 14, 27], [14, 27, 11, 29], [11, 29, 12, 29], [12, 29, 13, 30], [13, 30, 14, 29], [14, 29, 10, 25], [10, 25, 11, 24], [11, 24, 12, 24], [12, 24, 13, 24], [13, 24, 14, 24], [14, 24, 11, 27], [11, 27, 12, 28], [12, 28, 13, 28], [13, 28, 14, 28], [14, 28, 13, 29], [13, 29, 14, 30]]}
META {"type": "geom", "shape": "tile", "group": "path", "data": [[14, 1], [13, 1], [13, 2], [12, 2], [12, 3], [11, 3], [11, 4], [12, 4], [13, 4], [13, 3], [14, 3], [13, 3], [13, 2], [12, 2], [12, 1], [13, 1], [14, 1], [14, 0], [13, 0], [13, 1], [12, 1], [12, 2], [11, 2], [11, 3], [10, 3], [10, 4], [11, 4], [11, 5], [12, 5], [11, 5], [10, 5], [11, 5], [11, 6], [12, 6], [11, 6], [11, 7], [10, 7], [10, 8], [9, 8], [9, 9], [8, 9], [8, 10], [7, 10], [7, 11], [6, 11], [6, 12], [5, 12], [6, 12], [7, 12], [7, 11], [8, 11], [9, 11], [9, 10], [8, 10], [7, 10], [6, 10], [5, 10], [5, 9], [6, 9], [6, 8], [5, 8], [5, 7], [4, 7], [4, 6], [3, 6], [3, 5], [2, 5], [3, 5], [3, 6], [4, 6], [4, 7], [5, 7], [5, 8], [6, 8], [6, 9], [7, 9], [8, 9], [8, 8], [9, 8], [9, 7], [10, 7], [10, 8], [11, 8], [12, 8], [12, 7], [13, 7], [13, 8], [14, 8], [14, 7], [14, 8], [13, 8], [12, 8], [11, 8], [10, 8], [10, 7], [11, 7], [12, 7], [12, 8], [13, 8], [13, 9], [14, 9], [13, 9], [13, 10], [14, 10], [14, 11], [13, 11], [13, 12], [12, 12], [13, 12], [14, 12], [14, 13], [13, 13], [12, 13], [11, 13], [10, 13], [10, 14], [9, 14], [8, 14], [7, 14], [6, 14], [6, 13], [7, 13], [6, 13], [6, 14], [5, 14], [5, 15], [4, 15], [5, 15], [5, 16], [6, 16], [6, 15], [7, 15], [7, 14], [8, 14], [8, 15], [9, 15], [9, 14], [10, 14], [10, 15], [9, 15], [8, 15], [7, 15], [6, 15], [6, 16], [5, 16], [5, 17], [4, 17], [4, 18], [3, 18], [4, 18], [4, 19], [3, 19], [2, 19], [1, 19], [0, 19], [1, 19], [1, 20], [2, 20], [2, 19], [3, 19], [3, 20], [4, 20], [5, 20], [6, 20], [6, 21], [7, 21], [7, 22], [7, 23], [6, 23], [6, 24], [5, 24], [5, 25], [4, 25], [4, 26], [5, 26], [6, 26], [6, 27], [7, 27], [7, 28], [8, 28], [8, 27], [9, 27], [10, 27], [10, 26], [11, 26], [11, 25], [12, 25], [13, 25], [14, 25], [14, 26], [13, 26], [13, 27], [12, 27], [12, 28], [11, 28], [11, 29], [10, 29], [11, 29], [11, 28], [12, 28], [12, 27], [13, 27], [14, 27], [13, 27], [13, 28], [12, 28], [12, 29], [11, 29], [12, 29], [13, 29], [13, 30], [14, 30], [14, 29], [13, 29], [13, 28], [12, 28], [12, 27], [11, 27], [11, 26], [10, 26], [10, 25], [11, 25], [11, 24], [12, 24], [13, 24], [14, 24], [13, 24], [13, 25], [12, 25], [12, 26], [11, 26], [11, 27], [12, 27], [12, 28], [13, 28], [14, 28], [13, 28], [13, 29], [14, 29], [14, 30]]}
META {"type": "geom", "shape": "line", "group": "offpath", "data": [[5, 24, 6, 24], [5, 28, 6, 29], [5, 7, 6, 7], [4, 23, 0, 27], [4, 28, 5, 28], [4, 25, 5, 24], [0, 13, 1, 14], [0, 14, 1, 13], [0, 27, 1, 26], [0, 26, 1, 27], [8, 18, 9, 18], [8, 21, 9, 20], [10, 3, 11, 3], [10, 20, 11, 19], [10, 22, 11, 22], [10, 19, 11, 20], [10, 21, 11, 21], [10, 31, 11, 31], [10, 17, 11, 16], [13, 18, 14, 19], [13, 20, 9, 23], [13, 2, 14, 2], [13, 19, 14, 18], [13, 31, 14, 31], [13, 17, 14, 16], [6, 20, 7, 21], [6, 24, 7, 25], [6, 23, 7, 24], [6, 29, 2, 25], [6, 7, 5, 7], [1, 13, 2, 12], [1, 14, 0, 14], [1, 27, 2, 28], [1, 26, 2, 26], [7, 24, 6, 23], [7, 21, 8, 21], [7, 26, 4, 28], [7, 25, 7, 26], [14, 18, 10, 21], [14, 2, 10, 3], [14, 16, 10, 17], [14, 19, 12, 18], [14, 31, 10, 31], [3, 11, 0, 13], [3, 24, 4, 23], [3, 29, 0, 26], [3, 26, 4, 25], [11, 3, 12, 2], [11, 20, 12, 19], [11, 22, 9, 21], [11, 16, 12, 16], [11, 19, 12, 20], [11, 21, 12, 21], [11, 31, 12, 31], [9, 18, 6, 20], [9, 20, 10, 19], [9, 23, 10, 22], [9, 21, 10, 20], [12, 18, 13, 18], [12, 20, 13, 19], [12, 2, 13, 2], [12, 16, 13, 17], [12, 19, 13, 20], [12, 21, 8, 18], [12, 31, 13, 31], [2, 28, 3, 29], [2, 12, 3, 11], [2, 26, 3, 26], [2, 25, 3, 24]]}
