--------------------------------
--------------------------------
--------------------------------
--------------------------------
-----------------Q--------------
--------------------------X--X--
-----------X--X------XX---------
------------------X-------------
-----------------XX--XX---X-----
---------XQX----XXX-------------
---------------XXXX-------------
--------------XXXXX-------XQQX--
-----X-------XXXXXX---<>--------
------------XXXXXXX---[]--------
-{---------XXXXXXXX---[]------}-
XXXXXXXXXXXXXXXXXXXXXXXXXXXXXXXX
META {"type": "solver", "id": "pysat-rc2", "objective": 0}
META {"type": "geom", "shape": "path", "group": "path", "data": [[14, 1, 10, 1], [10, 1, 11, 0], [11, 0, 12, 1], [12, 1, 13, 1], [13, 1, 14, 2], [14, 2, 10, 6], [10, 6, 11, 7], [11, 7, 12, 7], [12, 7, 13, 6], [13, 6, 14, 7], [14, 7, 13, 8], [13, 8, 14, 9], [14, 9, 12, 8], [12, 8, 13, 7], [13, 7, 14, 8], [14, 8, 10, 12], [10, 12, 11, 13], [11, 13, 9, 15], [9, 15, 7, 17], [7, 17, 3, 14], [3, 14, 4, 13], [4, 13, 5, 14], [5, 14, 2, 17], [2, 17, 3, 18], [3, 18, 4, 19], [4, 19, 5, 18], [5, 18, 6, 18], [6, 18, 2, 19], [2, 19, 3, 20], [3, 20, 4, 20], [4, 20, 5, 19], [5, 19, 6, 19], [6, 19, 7, 20], [7, 20, 8, 19], [8, 19, 9, 20], [9, 20, 10, 21], [10, 21, 11, 20], [11, 20, 12, 19], [12, 19, 13, 20], [13, 20, 14, 19], [14, 19, 10, 23], [10, 23, 11, 23], [11, 23, 9, 25], [9, 25, 10, 26], [10, 26, 9, 27], [9, 27, 10, 28], [10, 28, 6, 29], [6, 29, 7, 30], [7, 30, 8, 30], [8, 30, 9, 30], [9, 30, 10, 29], [10, 29, 8, 28], [8, 28, 9, 28], [9, 28, 10, 27], [10, 27, 6, 27], [6, 27, 7, 26], [7, 26, 3, 22], [3, 22, 4, 23], [4, 23, 5, 22], [5, 22, 2, 24], [2, 24, 3, 23], [3, 23, 4, 22], [4, 22, 5, 21], [5, 21, 1, 22], [1, 22, 2, 22], [2, 22, 3, 21], [3, 21, 4, 21], [4, 21, 5, 20], [5, 20, 6, 20], [6, 20, 7, 19], [7, 19, 8, 20], [8, 20, 9, 21], [9, 21, 10, 22], [10, 22, 11, 22], [11, 22, 9, 23], [9, 23, 10, 24], [10, 24, 11, 24], [11, 24, 12, 25], [12, 25, 13, 26], [13, 26, 14, 27], [14, 27, 12, 27], [12, 27, 13, 28], [13, 28, 14, 29], [14, 29, 14, 30]]}
META {"type": "geom", "shape": "tile", "group": "path", "data": [[14, 1], [13, 1], [12, 1], [11, 1], [10, 1], [11, 1], [11, 0], [12, 0], [12, 1], [13, 1], [14, 1], [14, 2], [13, 2], [13, 3], [12, 3], [12, 4], [11, 4], [11, 5], [10, 5], [10, 6], [11, 6], [11, 7], [12, 7], [13, 7], [13, 6], [14, 6], [14, 7], [13, 7], [13, 8], [14, 8], [14, 9], [13, 9], [13, 8], [12, 8], [13, 8], [13, 7], [14, 7], [14, 8], [13, 8], [13, 9], [12, 9], [12, 10], [11, 10], [11, 11], [10, 11], [10, 12], [11, 12], [11, 13], [10, 13], [10, 14], [9, 14], [9, 15], [8, 15], [8, 16], [7, 16], [7, 17], [6, 17], [6, 16], [5, 16], [5, 15], [4, 15], [4, 14], [3, 14], [4, 14], [4, 13], [5, 13], [5, 14], [4, 14], [4, 15], [3, 15], [3, 16], [2, 16], [2, 17], [3, 17], [3, 18], [4, 18], [4, 19], [5, 19], [5, 18], [6, 18], [5, 18], [4, 18], [3, 18], [2, 18], [2, 19], [3, 19], [3, 20], [4, 20], [5, 20], [5, 19], [6, 19], [7, 19], [7, 20], [8, 20], [8, 19], [9, 19], [9, 20], [10, 20], [10, 21], [11, 21], [11, 20], [12, 20], [12, 19], [13, 19], [13, 20], [14, 20], [14, 19], [13, 19], [13, 20], [12, 20], [12, 21], [11, 21], [11, 22], [10, 22], [10, 23], [11, 23], [10, 23], [10, 24], [9, 24], [9, 25], [10, 25], [10, 26], [9, 26], [9, 27], [10, 27], [10, 28], [9, 28], [8, 28], [7, 28], [6, 28], [6, 29], [7, 29], [7, 30], [8, 30], [9, 30], [10, 30], [10, 29], [9, 29], [9, 28], [8, 28], [9, 28], [10, 28], [10, 27], [9, 27], [8, 27], [7, 27], [6, 27], [7, 27], [7, 26], [6, 26], [6, 25], [5, 25], [5, 24], [4, 24], [4, 23], [3, 23], [3, 22], [4, 22], [4, 23], [5, 23], [5, 22], [4, 22], [4, 23], [3, 23], [3, 24], [2, 24], [3, 24], [3, 23], [4, 23], [4, 22], [5, 22], [5, 21], [4, 21], [3, 21], [2, 21], [1, 21], [1, 22], [2, 22], [3, 22], [3, 21], [4, 21], [5, 21], [5, 20], [6, 20], [7, 20], [7, 19], [8, 19], [8, 20], [9, 20], [9, 21], [10, 21], [10, 22], [11, 22], [10, 22], [10, 23], [9, 23], [10, 23], [10, 24], [11, 24], [12, 24], [12, 25], [13, 25], [13, 26], [14, 26], [14, 27], [13, 27], [12, 27], [13, 27], [13, 28], [14, 28], [14, 29], [14, 30]]}
META {"type": "geom", "shape": "line", "group": "offpath", "data": [[5, 5, 6, 4], [5, 6, 6, 7], [3, 25, 4, 26], [3, 28, 4, 29], [10, 2, 11, 1], [10, 5, 11, 5], [10, 14, 7, 11], [11, 8, 12, 9], [11, 12, 12, 12], [11, 1, 12, 2], [11, 5, 7, 1], [1, 27, 2, 26], [0, 28, 1, 27], [6, 9, 7, 9], [6, 7, 7, 8], [6, 4, 7, 3], [14, 5, 11, 8], [14, 21, 13, 21], [14, 26, 13, 25], [14, 28, 12, 30], [14, 10, 11, 12], [14, 24, 12, 24], [14, 20, 14, 21], [14, 0, 12, 0], [14, 3, 12, 4], [2, 26, 3, 25], [2, 27, 3, 28], [7, 9, 8, 10], [7, 8, 8, 9], [7, 11, 8, 11], [7, 1, 8, 2], [7, 3, 8, 4], [7, 16, 8, 16], [12, 9, 13, 10], [12, 12, 10, 14], [12, 30, 13, 29], [12, 2, 13, 3], [12, 4, 13, 4], [12, 10, 13, 11], [12, 24, 13, 24], [12, 0, 13, 0], [9, 4, 10, 5], [9, 3, 10, 2], [8, 9, 4, 6], [8, 11, 6, 9], [8, 2, 9, 3], [8, 4, 9, 4], [8, 10, 4, 7], [8, 16, 7, 16], [13, 11, 12, 10], [13, 4, 14, 5], [13, 21, 14, 20], [13, 25, 14, 26], [13, 10, 14, 10], [13, 24, 14, 24], [13, 0, 14, 0], [13, 3, 14, 3], [13, 29, 14, 28], [4, 7, 5, 6], [4, 26, 2, 27], [4, 6, 5, 5], [4, 29, 0, 28]]}
