XXXXXXXXXXXXXXXX
XXXXXXXXXXXXXXXX
XXXXX}XXXXXX--XX
XXXXX-XXXX---XXX
XXX---XXXX--XXXX
XXX---XXX-#--XXX
XX-----------XXX
XX--XX-XX--#-XXX
XXX--X--X----XXX
XXX---#--XX--XXX
XXXX-----XXX-XXX
XX-XXX-X-XXX-XXX
XX-XXX-XXXXX-XXX
XX-XXX-XXXXX-XXX
XX-----XXXX--XXX
XX-X-#-------XXX
XXXX---##-##-XXX
XXXX---------XXX
XXXX-----#---XXX
XXXXX-#----#-XXX
XXXXX---X-----XX
XXXXX--XXX----XX
XX-----XXX--#-XX
XXX--#--------XX
XXX-----X--#--XX
XXX##-XXX----XXX
XXX---XXX---XXXX
XXXX-------XXXXX
XXXXX-----XXXXXX
XXXXX-{-X-XXXXXX
XXXXXXXXXXXXXXXX
XXXXXXXXXXXXXXXX
META {"type": "solver", "id": "pysat-rc2", "objective": 0}
META {"type": "geom", "shape": "path", "group": "path", "data": [[29, 6, 27, 6], [27, 6, 27, 4], [27, 4, 26, 4], [26, 4, 26, 5], [26, 5, 24, 5], [24, 5, 24, 7], [24, 7, 23, 7], [23, 7, 23, 13], [23, 13, 24, 13], [24, 13, 20, 13], [20, 13, 20, 9], [20, 9, 19, 9], [19, 9, 19, 7], [19, 7, 20, 7], [20, 7, 20, 5], [20, 5, 22, 5], [22, 5, 16, 5], [16, 5, 16, 6], [16, 6, 18, 6], [18, 6, 18, 4], [18, 4, 14, 4], [14, 4, 14, 2], [14, 2, 14, 6], [14, 6, 10, 6], [10, 6, 10, 4], [10, 4, 8, 4], [8, 4, 8, 3], [8, 3, 4, 3], [4, 3, 4, 5], [4, 5, 2, 5]]}
META {"type": "geom", "shape": "tile", "group": "path", "data": [[29, 6], [28, 6], [27, 6], [27, 5], [27, 4], [26, 4], [26, 5], [25, 5], [24, 5], [24, 6], [24, 7], [23, 7], [23, 8], [23, 9], [23, 10], [23, 11], [23, 12], [23, 13], [24, 13], [23, 13], [22, 13], [21, 13], [20, 13], [20, 12], [20, 11], [20, 10], [20, 9], [19, 9], [19, 8], [19, 7], [20, 7], [20, 6], [20, 5], [21, 5], [22, 5], [21, 5], [20, 5], [19, 5], [18, 5], [17, 5], [16, 5], [16, 6], [17, 6], [18, 6], [18, 5], [18, 4], [17, 4], [16, 4], [15, 4], [14, 4], [14, 3], [14, 2], [14, 3], [14, 4], [14, 5], [14, 6], [13, 6], [12, 6], [11, 6], [10, 6], [10, 5], [10, 4], [9, 4], [8, 4], [8, 3], [7, 3], [6, 3], [5, 3], [4, 3], [4, 4], [4, 5], [3, 5], [2, 5]]}
META {"type": "geom", "shape": "line", "group": "offpath", "data": [[6, 4, 4, 4], [6, 2, 7, 2], [6, 11, 6, 12], [6, 12, 5, 12], [29, 7, 27, 7], [17, 9, 15, 9], [17, 10, 17, 12], [17, 12, 21, 12], [9, 5, 10, 5], [9, 8, 9, 7], [9, 7, 10, 7], [25, 11, 26, 11], [22, 6, 22, 2], [22, 2, 22, 6], [22, 3, 24, 3], [7, 2, 6, 2], [8, 7, 8, 6], [8, 6, 8, 7], [5, 11, 6, 11], [5, 12, 5, 11], [10, 5, 9, 5], [10, 8, 9, 8], [10, 7, 10, 8], [14, 11, 15, 11], [4, 4, 6, 4], [23, 4, 23, 3], [23, 3, 23, 4], [21, 10, 27, 10], [21, 12, 21, 10], [26, 11, 25, 11], [15, 9, 17, 9], [15, 11, 14, 11], [27, 8, 28, 8], [27, 7, 29, 7], [27, 10, 17, 10], [28, 5, 28, 9], [28, 9, 28, 5], [28, 8, 27, 8], [3, 10, 3, 12], [3, 12, 3, 10], [24, 3, 22, 3]]}
