XXXXXXXXXXXXXXXX
XXXXXXXXXXXXXXXX
XX}XXXX--XXXXXXX
XX-XXX---XXX--XX
XX-XXXX--XXX--XX
XX-XXXX-#---X-XX
XX-XXXX-----XXXX
XX-XXX---#---XXX
XX-XXXXX-----XXX
XX-XXXXX--XX--XX
XX-XXXXX-XXX--XX
XX---XXX-XXX--XX
XX---XXX------XX
XX--X-------#-XX
XX--XXX-------XX
XX--XXX-XXX---XX
XX--XXXXXXX-XXXX
XX---XXXXXX-XXXX
XX---XXXXX---XXX
XX---XXX---#-XXX
XX--#---#----XXX
XXX-------#---XX
XXXX----------XX
XXXXX-------XXXX
XXX-XXX-##-XXXXX
XX--XXX----XXXXX
XX---------XXXXX
XX-{----#-#--XXX
XXXXXX-------XXX
XXXXXX-X-X---XXX
XXXXXXXXXXXXXXXX
XXXXXXXXXXXXXXXX
META {"type": "solver", "id": "pysat-rc2", "objective": 0}
META {"type": "geom", "shape": "path", "group": "path", "data": [[27, 3, 27, 7], [27, 7, 28, 7], [28, 7, 28, 6], [28, 6, 26, 6], [26, 6, 26, 10], [26, 10, 22, 10], [22, 10, 22, 4], [22, 4, 21, 4], [21, 4, 21, 3], [21, 3, 11, 3], [11, 3, 11, 2], [11, 2, 11, 4], [11, 4, 12, 4], [12, 4, 12, 2], [12, 2, 2, 2]]}
META {"type": "geom", "shape": "tile", "group": "path", "data": [[27, 3], [27, 4], [27, 5], [27, 6], [27, 7], [28, 7], [28, 6], [27, 6], [26, 6], [26, 7], [26, 8], [26, 9], [26, 10], [25, 10], [24, 10], [23, 10], [22, 10], [22, 9], [22, 8], [22, 7], [22, 6], [22, 5], [22, 4], [21, 4], [21, 3], [20, 3], [19, 3], [18, 3], [17, 3], [16, 3], [15, 3], [14, 3], [13, 3], [12, 3], [11, 3], [11, 2], [11, 3], [11, 4], [12, 4], [12, 3], [12, 2], [11, 2], [10, 2], [9, 2], [8, 2], [7, 2], [6, 2], [5, 2], [4, 2], [3, 2], [2, 2]]}
META {"type": "geom", "shape": "line", "group": "offpath", "data": [[9, 12, 7, 12], [9, 13, 9, 12], [22, 12, 22, 13], [22, 13, 21, 13], [18, 2, 18, 4], [18, 12, 22, 12], [18, 10, 20, 10], [18, 4, 18, 2], [29, 11, 27, 11], [29, 12, 29, 10], [29, 8, 28, 8], [29, 10, 28, 10], [17, 4, 19, 4], [12, 12, 12, 8], [12, 8, 14, 8], [12, 9, 14, 9], [4, 12, 4, 13], [4, 13, 4, 12], [3, 8, 3, 6], [3, 6, 3, 8], [3, 13, 5, 13], [5, 11, 5, 9], [5, 13, 3, 13], [5, 9, 5, 11], [19, 10, 18, 10], [19, 4, 17, 4], [19, 9, 19, 10], [28, 12, 27, 12], [28, 8, 29, 8], [28, 10, 28, 12], [14, 12, 15, 12], [14, 8, 14, 7], [14, 7, 14, 13], [14, 13, 15, 13], [14, 9, 12, 9], [13, 7, 15, 7], [2, 8, 2, 7], [2, 7, 2, 8], [23, 5, 23, 11], [23, 11, 23, 5], [23, 8, 21, 8], [6, 11, 8, 11], [6, 8, 6, 7], [6, 7, 6, 11], [20, 3, 20, 2], [20, 2, 20, 3], [20, 11, 20, 12], [20, 12, 18, 12], [20, 10, 20, 9], [20, 9, 19, 9], [7, 12, 7, 10], [7, 8, 7, 6], [7, 10, 8, 10], [7, 6, 7, 8], [8, 11, 8, 12], [8, 12, 12, 12], [8, 8, 6, 8], [8, 10, 8, 8], [27, 11, 29, 11], [27, 12, 29, 12], [15, 12, 14, 12], [15, 7, 13, 7], [15, 13, 9, 13], [21, 11, 20, 11], [21, 8, 23, 8], [21, 13, 21, 11]]}
