XXXXXXXXXXXXXXXX
XXXXXXXXXXXXXXXX
XX}XXX-------XXX
XX---------#--XX
XX------#-----XX
XX--XXX-------XX
XXXXXXX-----XXXX
XXXXXXX--#---XXX
XXXXXX-------XXX
XXXXXX--#-XX--XX
XXXXXXX----X--XX
XXX--XX-------XX
XXX---XXX---X-XX
XXXXX--XXXXXX-XX
XXXXXXXXXXXXX-XX
XXXXXXXXXXXX--XX
XXXXXXXXXXXX--XX
XXXXXXXXXXXX--XX
XX---XXX------XX
XXX------#-#--XX
XXXX----------XX
XXXX---------XXX
XXXX##-XX--XXXXX
XX------X--XXXXX
XXX--#------XXXX
XXXX-----#--XXXX
XXXXX-#-----XXXX
XXXXX---------XX
XXXXX--X----{-XX
XXXXXXXXXXXXXXXX
XXXXXXXXXXXXXXXX
XXXXXXXXXXXXXXXX
META {"type": "solver", "id": "pysat-rc2", "objective": 0}
META {"type": "geom", "shape": "path", "group": "path", "data": [[28, 12, 28, 8], [28, 8, 24, 8], [24, 8, 24, 6], [24, 6, 25, 6], [25, 6, 19, 6], [19, 6, 19, 8], [19, 8, 21, 8], [21, 8, 21, 12], [21, 12, 15, 12], [15, 12, 15, 13], [15, 13, 9, 13], [9, 13, 9, 12], [9, 12, 11, 12], [11, 12, 7, 12], [7, 12, 7, 10], [7, 10, 8, 10], [8, 10, 2, 10], [2, 10, 2, 12], [2, 12, 2, 6], [2, 6, 4, 6], [4, 6, 4, 2], [4, 2, 5, 2], [5, 2, 5, 3], [5, 3, 3, 3], [3, 3, 3, 2], [3, 2, 2, 2]]}
META {"type": "geom", "shape": "tile", "group": "path", "data": [[28, 12], [28, 11], [28, 10], [28, 9], [28, 8], [27, 8], [26, 8], [25, 8], [24, 8], [24, 7], [24, 6], [25, 6], [24, 6], [23, 6], [22, 6], [21, 6], [20, 6], [19, 6], [19, 7], [19, 8], [20, 8], [21, 8], [21, 9], [21, 10], [21, 11], [21, 12], [20, 12], [19, 12], [18, 12], [17, 12], [16, 12], [15, 12], [15, 13], [14, 13], [13, 13], [12, 13], [11, 13], [10, 13], [9, 13], [9, 12], [10, 12], [11, 12], [10, 12], [9, 12], [8, 12], [7, 12], [7, 11], [7, 10], [8, 10], [7, 10], [6, 10], [5, 10], [4, 10], [3, 10], [2, 10], [2, 11], [2, 12], [2, 11], [2, 10], [2, 9], [2, 8], [2, 7], [2, 6], [3, 6], [4, 6], [4, 5], [4, 4], [4, 3], [4, 2], [5, 2], [5, 3], [4, 3], [3, 3], [3, 2], [2, 2]]}
META {"type": "geom", "shape": "line", "group": "offpath", "data": [[28, 10, 18, 10], [28, 11, 24, 11], [23, 3, 24, 3], [23, 10, 23, 9], [23, 9, 23, 10], [3, 8, 2, 8], [3, 12, 3, 13], [3, 13, 3, 12], [3, 5, 4, 5], [6, 9, 6, 7], [6, 7, 6, 11], [6, 11, 4, 11], [11, 13, 11, 7], [11, 4, 12, 4], [11, 7, 11, 13], [11, 11, 12, 11], [19, 3, 18, 3], [19, 5, 21, 5], [19, 7, 21, 7], [21, 5, 19, 5], [21, 7, 19, 7], [21, 11, 20, 11], [13, 5, 13, 6], [13, 6, 13, 5], [8, 12, 8, 6], [8, 6, 8, 12], [9, 7, 9, 6], [9, 6, 9, 7], [7, 8, 7, 7], [7, 7, 7, 8], [18, 3, 19, 3], [18, 10, 28, 10], [17, 12, 17, 13], [17, 13, 17, 12], [24, 3, 23, 3], [24, 11, 28, 11], [2, 8, 3, 8], [2, 9, 6, 9], [12, 3, 12, 5], [12, 5, 12, 3], [12, 4, 11, 4], [12, 11, 11, 11], [4, 9, 2, 9], [4, 5, 3, 5], [4, 11, 4, 9], [20, 11, 21, 11], [10, 12, 10, 13], [10, 13, 10, 12], [16, 12, 16, 13], [16, 13, 16, 12]]}
