XXXXXXXXXXXXXXXX
X---}XXX------XX
XX-XXXXX-------X
XX-XXXXX-----X-X
X----XX------X-X
XX-----------X-X
X------X-----X-X
XXXX---------X-X
XXXX----XXXXX--X
X---XXXXXXXXXX-X
X-X-XXXXXXXXXX-X
XX------XXXX{--X
X-------XXXXXXXX
XX--XXX--XXXXXXX
X--------------X
XXXXXXXXXXXXXXXX
META {"type": "solver", "id": "pysat-rc2", "objective": 0}
META {"type": "geom", "shape": "path", "group": "path", "data": [[11, 12, 11, 13], [11, 13, 11, 14], [11, 14, 10, 14], [10, 14, 9, 14], [9, 14, 8, 14], [8, 14, 7, 14], [7, 14, 6, 14], [6, 14, 5, 14], [5, 14, 4, 14], [4, 14, 3, 14], [3, 14, 2, 14], [2, 14, 2, 13], [2, 13, 1, 13], [1, 13, 1, 12], [1, 12, 1, 11], [1, 11, 1, 10], [1, 10, 1, 9], [1, 9, 2, 9], [2, 9, 3, 9], [3, 9, 4, 9], [4, 9, 4, 8], [4, 8, 4, 7], [4, 7, 5, 7], [5, 7, 5, 6], [5, 6, 5, 5], [5, 5, 6, 5], [6, 5, 6, 4], [6, 4, 6, 3], [6, 3, 5, 3], [5, 3, 5, 4], [5, 4, 4, 4], [4, 4, 4, 3], [4, 3, 4, 2], [4, 2, 3, 2], [3, 2, 2, 2], [2, 2, 1, 2], [1, 2, 1, 3], [1, 3, 1, 4]]}
META {"type": "geom", "shape": "tile", "group": "path", "data": [[11, 12], [11, 13], [11, 14], [10, 14], [9, 14], [8, 14], [7, 14], [6, 14], [5, 14], [4, 14], [3, 14], [2, 14], [2, 13], [1, 13], [1, 12], [1, 11], [1, 10], [1, 9], [2, 9], [3, 9], [4, 9], [4, 8], [4, 7], [5, 7], [5, 6], [5, 5], [6, 5], [6, 4], [6, 3], [5, 3], [5, 4], [4, 4], [4, 3], [4, 2], [3, 2], [2, 2], [1, 2], [1, 3], [1, 4]]}
META {"type": "geom", "shape": "line", "group": "offpath", "data": [[7, 5, 7, 6], [7, 7, 8, 7], [7, 4, 7, 5], [7, 11, 7, 12], [7, 9, 7, 10], [7, 6, 8, 6], [7, 10, 7, 11], [7, 8, 7, 9], [7, 12, 6, 12], [3, 11, 4, 11], [3, 10, 3, 11], [3, 12, 2, 12], [14, 1, 14, 2], [14, 2, 14, 1], [14, 5, 14, 4], [14, 14, 14, 13], [14, 13, 14, 14], [14, 4, 14, 5], [14, 11, 14, 10], [14, 9, 14, 8], [14, 10, 14, 11], [14, 8, 14, 9], [4, 11, 5, 11], [4, 12, 3, 12], [6, 1, 6, 2], [6, 2, 6, 1], [6, 9, 6, 8], [6, 10, 6, 9], [6, 8, 7, 8], [6, 12, 5, 12], [2, 11, 2, 10], [2, 10, 3, 10], [2, 8, 1, 8], [2, 12, 2, 11], [8, 5, 8, 4], [8, 7, 7, 7], [8, 4, 7, 4], [8, 6, 8, 5], [1, 8, 2, 8], [5, 11, 5, 10], [5, 10, 6, 10], [5, 12, 4, 12]]}
