XXXXXXXXXXXXXXXX
XXXXXXXXXXXXXXXX
XXX-XXX-XXXXXXXX
XX--XXX--XXXXXXX
XX-----#-XXXXXXX
XX---#---XXXX}XX
XXX-------XXX-XX
XXXXX-X---XXX-XX
XXXXX-XXXXXXX-XX
XXXXX--XXXXXX-XX
XXXX---XXXXXX-XX
XX-XX--XXXXX--XX
XX--X-#-------XX
XXX---------#-XX
XXXXXX----#---XX
XXXXXX-XX-----XX
XXXXX---XX-#--XX
XXXX--#-XX---XXX
XX-------X--XXXX
XX---#-#----XXXX
XX----------XXXX
XX-##-----#---XX
XX----##----XXXX
XX-----------XXX
XX--##-------XXX
XXX-----#--#--XX
XXX---X-------XX
XXX--XXX----#-XX
XX---XXX------XX
XX-{-XXX--XX--XX
XXXXXXXXXXXXXXXX
XXXXXXXXXXXXXXXX
META {"type": "solver", "id": "pysat-rc2", "objective": 0}
META {"type": "geom", "shape": "path", "group": "path", "data": [[29, 3, 29, 2], [29, 2, 28, 2], [28, 2, 28, 4], [28, 4, 29, 4], [29, 4, 25, 4], [25, 4, 25, 3], [25, 3, 25, 7], [25, 7, 26, 7], [26, 7, 26, 13], [26, 13, 25, 13], [25, 13, 29, 13], [29, 13, 29, 12], [29, 12, 28, 12], [28, 12, 28, 8], [28, 8, 29, 8], [29, 8, 29, 9], [29, 9, 19, 9], [19, 9, 19, 11], [19, 11, 17, 11], [17, 11, 17, 12], [17, 12, 17, 10], [17, 10, 15, 10], [15, 10, 15, 9], [15, 9, 15, 13], [15, 13, 5, 13]]}
META {"type": "geom", "shape": "tile", "group": "path", "data": [[29, 3], [29, 2], [28, 2], [28, 3], [28, 4], [29, 4], [28, 4], [27, 4], [26, 4], [25, 4], [25, 3], [25, 4], [25, 5], [25, 6], [25, 7], [26, 7], [26, 8], [26, 9], [26, 10], [26, 11], [26, 12], [26, 13], [25, 13], [26, 13], [27, 13], [28, 13], [29, 13], [29, 12], [28, 12], [28, 11], [28, 10], [28, 9], [28, 8], [29, 8], [29, 9], [28, 9], [27, 9], [26, 9], [25, 9], [24, 9], [23, 9], [22, 9], [21, 9], [20, 9], [19, 9], [19, 10], [19, 11], [18, 11], [17, 11], [17, 12], [17, 11], [17, 10], [16, 10], [15, 10], [15, 9], [15, 10], [15, 11], [15, 12], [15, 13], [14, 13], [13, 13], [12, 13], [11, 13], [10, 13], [9, 13], [8, 13], [7, 13], [6, 13], [5, 13]]}
META {"type": "geom", "shape": "line", "group": "offpath", "data": [[17, 4, 17, 5], [17, 5, 17, 4], [2, 7, 3, 7], [24, 6, 25, 6], [24, 8, 24, 6], [24, 2, 18, 2], [22, 4, 23, 4], [5, 4, 6, 4], [5, 7, 5, 8], [5, 6, 4, 6], [5, 8, 5, 6], [5, 2, 5, 4], [7, 7, 5, 7], [7, 9, 7, 7], [13, 10, 12, 10], [13, 3, 12, 3], [11, 12, 12, 12], [11, 2, 12, 2], [23, 4, 22, 4], [23, 6, 23, 12], [23, 12, 23, 2], [23, 2, 24, 2], [21, 7, 20, 7], [21, 11, 21, 13], [21, 13, 21, 11], [12, 7, 14, 7], [12, 11, 12, 7], [12, 10, 13, 10], [12, 13, 16, 13], [12, 12, 11, 12], [12, 9, 12, 13], [12, 3, 13, 3], [12, 2, 11, 2], [10, 4, 10, 6], [10, 6, 10, 4], [6, 4, 6, 3], [6, 9, 7, 9], [6, 3, 6, 9], [25, 10, 25, 9], [25, 6, 23, 6], [25, 9, 25, 10], [18, 7, 16, 7], [18, 8, 24, 8], [18, 2, 18, 8], [20, 7, 21, 7], [3, 7, 2, 7], [3, 2, 5, 2], [4, 6, 4, 2], [4, 2, 3, 2], [16, 7, 18, 7], [16, 13, 16, 12], [16, 12, 14, 12], [14, 7, 14, 9], [14, 11, 12, 11], [14, 12, 14, 11], [14, 9, 12, 9]]}
