XXXXXXXXXXXXXXXX
XXXXXXXXXXXXXXXX
XXX}XXX-----XXXX
XXX-----XX---XXX
XXX------X---XXX
XX--#----XXX-XXX
XXX------XXX--XX
XXXX--#-------XX
XXXX----#--X-XXX
XXX-#------XXXXX
XX-----X-X--XXXX
XX-X--XXXXX-XXXX
XX-XX-XXXXX--XXX
XX--X--XXX-#-XXX
XX-----XXX----XX
XX##--------#-XX
XX---#--------XX
XXX-------X--XXX
XXX-#-XXXXXXXXXX
XXX---XXXXXXXXXX
XX----XXX----XXX
XXXX-----XXX-XXX
XXXX-----XXX-XXX
XXXX--##-XXX--XX
XXXX----------XX
XXX--------##-XX
XXX##----X----XX
XXX---XXXX----XX
XXX---XXXXX-{-XX
XX---XXXXXXXXXXX
XXXXXXXXXXXXXXXX
XXXXXXXXXXXXXXXX
META {"type": "solver", "id": "pysat-rc2", "objective": 0}
META {"type": "geom", "shape": "path", "group": "path", "data": [[28, 12, 28, 13], [28, 13, 28, 11], [28, 11, 26, 11], [26, 11, 26, 10], [26, 10, 24, 10], [24, 10, 24, 4], [24, 4, 25, 4], [25, 4, 19, 4], [19, 4, 19, 3], [19, 3, 20, 3], [20, 3, 16, 3], [16, 3, 16, 4], [16, 4, 14, 4], [14, 4, 14, 6], [14, 6, 14, 2], [14, 2, 10, 2], [10, 2, 10, 6], [10, 6, 8, 6], [8, 6, 8, 4], [8, 4, 6, 4], [6, 4, 6, 3], [6, 3, 2, 3]]}
META {"type": "geom", "shape": "tile", "group": "path", "data": [[28, 12], [28, 13], [28, 12], [28, 11], [27, 11], [26, 11], [26, 10], [25, 10], [24, 10], [24, 9], [24, 8], [24, 7], [24, 6], [24, 5], [24, 4], [25, 4], [24, 4], [23, 4], [22, 4], [21, 4], [20, 4], [19, 4], [19, 3], [20, 3], [19, 3], [18, 3], [17, 3], [16, 3], [16, 4], [15, 4], [14, 4], [14, 5], [14, 6], [14, 5], [14, 4], [14, 3], [14, 2], [13, 2], [12, 2], [11, 2], [10, 2], [10, 3], [10, 4], [10, 5], [10, 6], [9, 6], [8, 6], [8, 5], [8, 4], [7, 4], [6, 4], [6, 3], [5, 3], [4, 3], [3, 3], [2, 3]]}
META {"type": "geom", "shape": "line", "group": "offpath", "data": [[27, 3, 29, 3], [27, 4, 27, 3], [17, 6, 13, 6], [17, 3, 17, 9], [17, 9, 15, 9], [17, 4, 17, 3], [17, 11, 17, 12], [17, 12, 16, 12], [23, 13, 23, 12], [23, 12, 24, 12], [16, 6, 17, 6], [16, 13, 14, 13], [16, 12, 16, 6], [12, 11, 10, 11], [13, 6, 13, 5], [13, 5, 3, 5], [13, 3, 13, 2], [13, 2, 13, 3], [15, 5, 15, 4], [15, 9, 15, 11], [15, 4, 17, 4], [15, 11, 17, 11], [14, 13, 16, 13], [11, 5, 11, 4], [11, 4, 11, 5], [4, 10, 4, 12], [4, 11, 2, 11], [4, 12, 3, 12], [24, 13, 23, 13], [24, 12, 24, 13], [3, 5, 3, 3], [3, 3, 3, 7], [3, 10, 2, 10], [3, 12, 3, 10], [3, 7, 9, 7], [29, 3, 29, 4], [29, 4, 27, 4], [28, 5, 28, 3], [28, 3, 28, 5], [7, 5, 7, 4], [7, 4, 7, 5], [8, 9, 8, 10], [8, 10, 8, 9], [2, 10, 4, 10], [2, 11, 4, 11], [9, 5, 15, 5], [9, 3, 10, 3], [9, 7, 9, 5], [10, 3, 9, 3], [10, 11, 12, 11]]}
