XXXXXXXXXXXXXXXX
XXXXXXXXXXXXXXXX
XXXXXXX-XXX}XXXX
XXXXXXX-XXX--XXX
XXXXXXX----#-XXX
XXXXX--#-----XXX
XX--------#--XXX
XX------#-----XX
XXXX-##-----#-XX
XXXX------#---XX
XXX-#---#-----XX
XX---------#--XX
XX-#---#------XX
XX-----------XXX
XXX---X-----XXXX
XXX--XX--X-XXXXX
XXX---X--XXXXXXX
XX--#--X-XXXXXXX
XX----XX-XXXXXXX
XX-----X----XXXX
XX-XXX---##--XXX
XX-XXX-X-----XXX
XXXXXXXX---X-XXX
XXXXXXXX-XXX-XXX
XXXXXXX--XXX--XX
XXXXXXX-------XX
XXXXXXXXX---{-XX
XXXXX--XXX-XXXXX
XXXXX--XXXXXXXXX
XXXX--XXXXXXXXXX
XXXXXXXXXXXXXXXX
XXXXXXXXXXXXXXXX
META {"type": "solver", "id": "pysat-rc2", "objective": 0}
META {"type": "geom", "shape": "path", "group": "path", "data": [[26, 12, 20, 12], [20, 12, 20, 11], [20, 11, 19, 11], [19, 11, 21, 11], [21, 11, 21, 12], [21, 12, 21, 8], [21, 8, 11, 8], [11, 8, 11, 2], [11, 2, 13, 2], [13, 2, 13, 12], [13, 12, 9, 12], [9, 12, 9, 13], [9, 13, 9, 11], [9, 11, 5, 11], [5, 11, 5, 12], [5, 12, 3, 12], [3, 12, 3, 11], [3, 11, 2, 11]]}
META {"type": "geom", "shape": "tile", "group": "path", "data": [[26, 12], [25, 12], [24, 12], [23, 12], [22, 12], [21, 12], [20, 12], [20, 11], [19, 11], [20, 11], [21, 11], [21, 12], [21, 11], [21, 10], [21, 9], [21, 8], [20, 8], [19, 8], [18, 8], [17, 8], [16, 8], [15, 8], [14, 8], [13, 8], [12, 8], [11, 8], [11, 7], [11, 6], [11, 5], [11, 4], [11, 3], [11, 2], [12, 2], [13, 2], [13, 3], [13, 4], [13, 5], [13, 6], [13, 7], [13, 8], [13, 9], [13, 10], [13, 11], [13, 12], [12, 12], [11, 12], [10, 12], [9, 12], [9, 13], [9, 12], [9, 11], [8, 11], [7, 11], [6, 11], [5, 11], [5, 12], [4, 12], [3, 12], [3, 11], [2, 11]]}
META {"type": "geom", "shape": "line", "group": "offpath", "data": [[18, 4, 19, 4], [26, 9, 25, 9], [26, 13, 26, 9], [17, 2, 21, 2], [21, 2, 17, 2], [21, 6, 19, 6], [5, 8, 4, 8], [5, 5, 7, 5], [5, 10, 5, 8], [5, 6, 7, 6], [29, 5, 29, 4], [29, 4, 29, 5], [14, 9, 4, 9], [14, 11, 14, 7], [14, 7, 14, 11], [10, 9, 10, 13], [10, 5, 10, 7], [10, 13, 10, 9], [10, 7, 10, 5], [27, 5, 27, 6], [27, 6, 28, 6], [11, 13, 11, 12], [11, 12, 11, 13], [19, 4, 18, 4], [19, 3, 13, 3], [19, 6, 21, 6], [25, 9, 25, 7], [25, 13, 26, 13], [25, 7, 25, 13], [4, 8, 4, 10], [4, 9, 14, 9], [4, 10, 5, 10], [13, 3, 19, 3], [28, 5, 27, 5], [28, 6, 28, 5], [24, 8, 24, 7], [24, 7, 24, 8], [7, 5, 5, 5], [7, 6, 5, 6]]}
