XXXXXXXXXXXXXXXX
XXXXXXXXXXXXXXXX
XXXXX-----XXX}XX
XXXX---XX-----XX
XXX--X--X---X-XX
XX---XX--X--XXXX
XX----X-XX--XXXX
XX--#----X--XXXX
XX-----#------XX
XX-X-----X----XX
XXXXXX---XXXXXXX
XXXXXX---XXXXXXX
XXXXX--XXXXXXXXX
XX-----XXXXXXXXX
XXX-----XXXXXXXX
XXX---X-XXX--XXX
XXX---XXXXXXXXXX
XX---XXXXXXXXXXX
XX--XXXXXXXXXXXX
XX---XXXXXXXXXXX
XXXX-XXX--XXXXXX
XXXX------XXXXXX
XX----XXX-XXXXXX
XX----XXXX---XXX
XXX---XXXXXX--XX
XXX--XXXXXXX--XX
XXX-XXXXXXXX--XX
XXX--XXXXXXX--XX
XX-{-XXXXXXXX-XX
XXXXXXXXXXXXXXXX
XXXXXXXXXXXXXXXX
XXXXXXXXXXXXXXXX
META {"type": "solver", "id": "pysat-rc2", "objective": 0}
META {"type": "geom", "shape": "path", "group": "path", "data": [[28, 3, 22, 3], [22, 3, 22, 5], [22, 5, 21, 5], [21, 5, 21, 4], [21, 4, 25, 4], [25, 4, 19, 4], [19, 4, 19, 2], [19, 2, 17, 2], [17, 2, 17, 4], [17, 4, 13, 4], [13, 4, 13, 6], [13, 6, 7, 6], [7, 6, 7, 5], [7, 5, 9, 5], [9, 5, 9, 4], [9, 4, 8, 4], [8, 4, 8, 2], [8, 2, 9, 2], [9, 2, 5, 2], [5, 2, 5, 4], [5, 4, 3, 4], [3, 4, 3, 6], [3, 6, 2, 6], [2, 6, 2, 5], [2, 5, 2, 9], [2, 9, 4, 9], [4, 9, 4, 11], [4, 11, 3, 11], [3, 11, 9, 11], [9, 11, 9, 10], [9, 10, 3, 10], [3, 10, 3, 9], [3, 9, 3, 13], [3, 13, 4, 13], [4, 13, 2, 13]]}
META {"type": "geom", "shape": "tile", "group": "path", "data": [[28, 3], [27, 3], [26, 3], [25, 3], [24, 3], [23, 3], [22, 3], [22, 4], [22, 5], [21, 5], [21, 4], [22, 4], [23, 4], [24, 4], [25, 4], [24, 4], [23, 4], [22, 4], [21, 4], [20, 4], [19, 4], [19, 3], [19, 2], [18, 2], [17, 2], [17, 3], [17, 4], [16, 4], [15, 4], [14, 4], [13, 4], [13, 5], [13, 6], [12, 6], [11, 6], [10, 6], [9, 6], [8, 6], [7, 6], [7, 5], [8, 5], [9, 5], [9, 4], [8, 4], [8, 3], [8, 2], [9, 2], [8, 2], [7, 2], [6, 2], [5, 2], [5, 3], [5, 4], [4, 4], [3, 4], [3, 5], [3, 6], [2, 6], [2, 5], [2, 6], [2, 7], [2, 8], [2, 9], [3, 9], [4, 9], [4, 10], [4, 11], [3, 11], [4, 11], [5, 11], [6, 11], [7, 11], [8, 11], [9, 11], [9, 10], [8, 10], [7, 10], [6, 10], [5, 10], [4, 10], [3, 10], [3, 9], [3, 10], [3, 11], [3, 12], [3, 13], [4, 13], [3, 13], [2, 13]]}
META {"type": "geom", "shape": "line", "group": "offpath", "data": [[4, 3, 8, 3], [4, 6, 4, 7], [4, 7, 4, 6], [11, 6, 11, 8], [11, 8, 11, 6], [23, 12, 27, 12], [23, 2, 22, 2], [15, 12, 15, 11], [15, 11, 15, 12], [19, 3, 13, 3], [21, 8, 20, 8], [28, 13, 24, 13], [28, 2, 28, 4], [28, 4, 28, 2], [8, 3, 4, 3], [8, 12, 9, 12], [8, 13, 9, 13], [9, 12, 8, 12], [9, 13, 8, 13], [24, 3, 24, 5], [24, 12, 23, 12], [24, 13, 24, 12], [24, 5, 24, 3], [13, 3, 19, 3], [10, 6, 10, 8], [10, 8, 10, 6], [18, 3, 18, 2], [18, 2, 18, 3], [27, 12, 27, 13], [27, 13, 28, 13], [20, 8, 21, 8], [22, 2, 23, 2]]}
