XXXXXXXXXXXXXXXX
XXXXXXXXXXXXXXXX
XXXXXXXXXXXXXXXX
XXXXX---XXXXXXXX
XXXXXXXXXXXXXXXX
XXXXXXXXXXXXX}XX
XXXXXXXXXXXXX-XX
XXXXXXXX--XXX-XX
XXXXXXXX--XXX-XX
XXXXXXXX--XXX-XX
XXXXXXXX--XXX-XX
XXXXXXXX------XX
XXXXXXXXX-----XX
XXXXXXXXX-----XX
XXXXXXXXX-----XX
XXXXXX--------XX
XXXXXXX---XX--XX
XXXXXXX---XX--XX
XXXXXXX--#----XX
XXX-----------XX
XXXXXXXX--XX--XX
XXXXXXXX--XX--XX
XXXXXXX-#---XXXX
XXXXXXXX----XXXX
XXXXXXXX-#--XXXX
XXXXXXXXX---XXXX
XXXXXXXXX---XXXX
XXXXXXXXX-#-XXXX
XXXXXXXXX---XXXX
XXXX------{-XXXX
XXXXXXXXXXXXXXXX
XXXXXXXXXXXXXXXX
META {"type": "solver", "id": "pysat-rc2", "objective": 0}
META {"type": "geom", "shape": "path", "group": "path", "data": [[29, 10, 28, 10], [28, 10, 28, 11], [28, 11, 22, 11], [22, 11, 22, 9], [22, 9, 23, 9], [23, 9, 19, 9], [19, 9, 19, 3], [19, 3, 19, 13], [19, 13, 21, 13], [21, 13, 21, 12], [21, 12, 11, 12], [11, 12, 11, 8], [11, 8, 7, 8], [7, 8, 7, 9], [7, 9, 17, 9], [17, 9, 17, 7], [17, 7, 15, 7], [15, 7, 15, 13], [15, 13, 5, 13]]}
META {"type": "geom", "shape": "tile", "group": "path", "data": [[29, 10], [28, 10], [28, 11], [27, 11], [26, 11], [25, 11], [24, 11], [23, 11], [22, 11], [22, 10], [22, 9], [23, 9], [22, 9], [21, 9], [20, 9], [19, 9], [19, 8], [19, 7], [19, 6], [19, 5], [19, 4], [19, 3], [19, 4], [19, 5], [19, 6], [19, 7], [19, 8], [19, 9], [19, 10], [19, 11], [19, 12], [19, 13], [20, 13], [21, 13], [21, 12], [20, 12], [19, 12], [18, 12], [17, 12], [16, 12], [15, 12], [14, 12], [13, 12], [12, 12], [11, 12], [11, 11], [11, 10], [11, 9], [11, 8], [10, 8], [9, 8], [8, 8], [7, 8], [7, 9], [8, 9], [9, 9], [10, 9], [11, 9], [12, 9], [13, 9], [14, 9], [15, 9], [16, 9], [17, 9], [17, 8], [17, 7], [16, 7], [15, 7], [15, 8], [15, 9], [15, 10], [15, 11], [15, 12], [15, 13], [14, 13], [13, 13], [12, 13], [11, 13], [10, 13], [9, 13], [8, 13], [7, 13], [6, 13], [5, 13]]}
META {"type": "geom", "shape": "line", "group": "offpath", "data": [[25, 9, 29, 9], [11, 11, 15, 11], [22, 10, 26, 10], [17, 12, 17, 13], [17, 13, 17, 12], [13, 9, 13, 13], [13, 13, 13, 9], [15, 11, 11, 11], [26, 10, 22, 10], [18, 11, 19, 11], [12, 9, 12, 13], [12, 13, 12, 9], [21, 9, 21, 8], [21, 8, 21, 9], [20, 9, 20, 8], [20, 8, 20, 9], [29, 9, 25, 9], [19, 11, 18, 11]]}
