XXXXXXXXXXXXXXXX
X0----XXXX--1XXX
XXX-X--XX--XXXXX
XXX--XXXXX-XXXXX
X----XXXXX----XX
X-----XX-------X
X--XXX---------X
XX-------X----XX
X--X----X--XXXXX
X--X-XXX-X-XXXXX
X--X-----X---XXX
X---X----X--X-XX
XXXXXXXXX-XXXXXX
XXXXXXXXX-XXXXXX
X2------------3X
XXXXXXXXXXXXXXXX
META {"type": "solver", "id": "pysat-rc2", "objective": 0}
META {"type": "geom", "shape": "path", "group": "path", "data": [[1, 1, 1, 2], [1, 2, 1, 3], [1, 3, 2, 3], [2, 3, 3, 3], [3, 3, 3, 4], [3, 4, 4, 4], [4, 4, 4, 3], [4, 3, 4, 2], [4, 2, 4, 1], [4, 1, 5, 1], [5, 1, 5, 2], [5, 2, 6, 2], [6, 2, 7, 2], [7, 2, 7, 3], [7, 3, 7, 4], [7, 4, 8, 4], [8, 4, 8, 5], [8, 5, 7, 5], [7, 5, 7, 6], [7, 6, 6, 6], [6, 6, 6, 7], [6, 7, 7, 7], [7, 7, 7, 8], [7, 8, 6, 8], [6, 8, 6, 9], [6, 9, 5, 9], [5, 9, 5, 10], [5, 10, 4, 10], [4, 10, 3, 10], [3, 10, 2, 10], [2, 10, 1, 10], [1, 10, 1, 11], [1, 11, 1, 12]]}
META {"type": "geom", "shape": "tile", "group": "path", "data": [[1, 1], [1, 2], [1, 3], [2, 3], [3, 3], [3, 4], [4, 4], [4, 3], [4, 2], [4, 1], [5, 1], [5, 2], [6, 2], [7, 2], [7, 3], [7, 4], [8, 4], [8, 5], [7, 5], [7, 6], [6, 6], [6, 7], [7, 7], [7, 8], [6, 8], [6, 9], [5, 9], [5, 10], [4, 10], [3, 10], [2, 10], [1, 10], [1, 11], [1, 12]]}
META {"type": "geom", "shape": "line", "group": "offpath", "data": [[14, 7, 14, 8], [14, 9, 13, 9], [14, 11, 14, 10], [14, 10, 14, 11], [14, 8, 14, 7], [14, 5, 14, 4], [14, 4, 14, 5], [10, 7, 10, 8], [10, 11, 10, 12], [10, 10, 11, 10], [10, 2, 10, 1], [10, 8, 11, 8], [10, 5, 10, 4], [10, 12, 10, 11], [10, 4, 10, 5], [10, 1, 11, 1], [10, 6, 11, 6], [4, 11, 5, 11], [4, 12, 4, 13], [4, 13, 5, 13], [6, 14, 5, 14], [6, 11, 6, 12], [6, 10, 6, 11], [6, 12, 6, 13], [6, 13, 7, 13], [11, 7, 10, 7], [11, 10, 10, 10], [11, 2, 10, 2], [11, 8, 11, 7], [11, 1, 11, 2], [11, 6, 10, 6], [7, 11, 7, 10], [7, 10, 6, 10], [7, 12, 7, 11], [7, 13, 7, 12], [13, 9, 14, 9], [8, 2, 8, 1], [8, 1, 8, 2], [5, 14, 6, 14], [5, 11, 4, 11], [5, 5, 5, 4], [5, 12, 4, 12], [5, 4, 5, 5], [5, 13, 5, 12]]}
META {"type": "geom", "shape": "path", "group": "path", "data": [[14, 1, 14, 2], [14, 2, 14, 3], [14, 3, 14, 4], [14, 4, 14, 5], [14, 5, 14, 6], [14, 6, 14, 7], [14, 7, 14, 8], [14, 8, 14, 9], [14, 9, 14, 10], [14, 10, 14, 11], [14, 11, 14, 12], [14, 12, 14, 13], [14, 13, 14, 14]]}
META {"type": "geom", "shape": "tile", "group": "path", "data": [[14, 1], [14, 2], [14, 3], [14, 4], [14, 5], [14, 6], [14, 7], [14, 8], [14, 9], [14, 10], [14, 11], [14, 12], [14, 13], [14, 14]]}
META {"type": "geom", "shape": "line", "group": "offpath", "data": [[10, 11, 10, 12], [10, 10, 11, 10], [10, 12, 10, 11], [4, 12, 4, 13], [4, 13, 4, 12], [6, 11, 6, 10], [6, 10, 6, 11], [6, 8, 7, 8], [6, 12, 7, 12], [6, 13, 6, 12], [11, 10, 10, 10], [7, 11, 7, 10], [7, 10, 7, 11], [7, 8, 6, 8], [7, 12, 7, 13], [7, 13, 6, 13], [3, 10, 2, 10], [13, 9, 12, 9], [12, 9, 13, 9], [8, 9, 8, 10], [8, 10, 8, 9], [5, 9, 5, 8], [5, 11, 5, 10], [5, 10, 5, 11], [5, 8, 5, 9], [2, 10, 3, 10], [1, 11, 1, 10], [1, 10, 1, 11]]}
