XXXXXXXXXXXXXXXX
XX0-----XXX--XXX
XXXXX---XXXX--1X
XXXXX---XXXX-XXX
X-XXX---XXX--XXX
XX---X------X--X
X--X--XX------XX
X--X--XX-XX-XX-X
X--X-XXXXXXXXXXX
XX-X-XXXXXXXXXXX
X-----XX-XX----X
X-X-X----XX--XXX
XXXXXXX------XXX
XXXXXXX--XXX-XXX
X2------------3X
XXXXXXXXXXXXXXXX
META {"type": "solver", "id": "pysat-rc2", "objective": 0}
META {"type": "geom", "shape": "path", "group": "path", "data": [[1, 2, 1, 3], [1, 3, 1, 4], [1, 4, 1, 5], [1, 5, 2, 5], [2, 5, 2, 6], [2, 6, 3, 6], [3, 6, 3, 7], [3, 7, 4, 7], [4, 7, 5, 7], [5, 7, 5, 8], [5, 8, 6, 8], [6, 8, 6, 9], [6, 9, 5, 9], [5, 9, 5, 10], [5, 10, 5, 11], [5, 11, 4, 11], [4, 11, 4, 12], [4, 12, 3, 12], [3, 12, 2, 12], [2, 12, 2, 13], [2, 13, 2, 14]]}
META {"type": "geom", "shape": "tile", "group": "path", "data": [[1, 2], [1, 3], [1, 4], [1, 5], [2, 5], [2, 6], [3, 6], [3, 7], [4, 7], [5, 7], [5, 8], [6, 8], [6, 9], [5, 9], [5, 10], [5, 11], [4, 11], [4, 12], [3, 12], [2, 12], [2, 13], [2, 14]]}
META {"type": "geom", "shape": "line", "group": "offpath", "data": [[4, 6, 5, 6], [4, 5, 3, 5], [1, 6, 1, 7], [1, 7, 1, 6], [3, 5, 4, 5], [14, 11, 14, 10], [14, 10, 14, 11], [5, 6, 4, 6], [6, 11, 6, 10], [6, 10, 6, 11]]}
META {"type": "geom", "shape": "path", "group": "path", "data": [[14, 1, 14, 2], [14, 2, 14, 3], [14, 3, 14, 4], [14, 4, 14, 5], [14, 5, 14, 6], [14, 6, 14, 7], [14, 7, 13, 7], [13, 7, 12, 7], [12, 7, 12, 8], [12, 8, 12, 9], [12, 9, 12, 10], [12, 10, 12, 11], [12, 11, 11, 11], [11, 11, 11, 12], [11, 12, 12, 12], [12, 12, 13, 12], [13, 12, 14, 12], [14, 12, 14, 13], [14, 13, 14, 14]]}
META {"type": "geom", "shape": "tile", "group": "path", "data": [[14, 1], [14, 2], [14, 3], [14, 4], [14, 5], [14, 6], [14, 7], [13, 7], [12, 7], [12, 8], [12, 9], [12, 10], [12, 11], [11, 11], [11, 12], [12, 12], [13, 12], [14, 12], [14, 13], [14, 14]]}
META {"type": "geom", "shape": "line", "group": "offpath", "data": [[11, 6, 11, 7], [11, 7, 11, 6], [11, 5, 10, 5], [4, 12, 3, 12], [4, 6, 4, 5], [4, 7, 5, 7], [4, 5, 4, 6], [1, 7, 2, 7], [3, 12, 4, 12], [13, 8, 14, 8], [8, 2, 9, 2], [9, 2, 8, 2], [14, 11, 14, 10], [14, 10, 14, 11], [14, 8, 13, 8], [5, 2, 5, 3], [5, 9, 5, 8], [5, 3, 5, 2], [5, 7, 4, 7], [5, 8, 6, 8], [6, 11, 6, 10], [6, 9, 5, 9], [6, 4, 6, 5], [6, 10, 6, 11], [6, 8, 6, 9], [6, 5, 6, 4], [10, 2, 10, 1], [10, 3, 10, 4], [10, 1, 10, 2], [10, 4, 10, 3], [10, 5, 11, 5], [2, 7, 1, 7]]}
