XXXXXXXXXXXXXXXX
X0--XX-------XXX
XXX---XX-X----1X
XXX---XX-X---XXX
X--X-----X---XXX
X---X-X-X--XX-XX
XXXXXXXXXXXXXXXX
XXXXXXXXXXXXXXXX
X--------XXXX-XX
XX--XXX--XXXX-XX
X-X-------XX--XX
X------------XXX
XXXXX-XX-XX--XXX
XXXXX-XX-XX--XXX
X2----XX-XX---3X
XXXXXXXXXXXXXXXX
META {"type": "solver", "id": "pysat-rc2-boolonly", "objective": 0}
META {"type": "geom", "shape": "path", "group": "path", "data": [[1, 1, 1, 2], [1, 2, 1, 3], [1, 3, 2, 3], [2, 3, 3, 3], [3, 3, 3, 4], [3, 4, 4, 4], [4, 4, 4, 5], [4, 5, 4, 6], [4, 6, 4, 7], [4, 7, 4, 8], [4, 8, 3, 8], [3, 8, 2, 8], [2, 8, 1, 8], [1, 8, 1, 9], [1, 9, 1, 10], [1, 10, 2, 10], [2, 10, 3, 10], [3, 10, 4, 10], [4, 10, 4, 11], [4, 11, 3, 11], [3, 11, 2, 11], [2, 11, 1, 11], [1, 11, 1, 12], [1, 12, 2, 12], [2, 12, 2, 13], [2, 13, 2, 14]]}
META {"type": "geom", "shape": "tile", "group": "path", "data": [[1, 1], [1, 2], [1, 3], [2, 3], [3, 3], [3, 4], [4, 4], [4, 5], [4, 6], [4, 7], [4, 8], [3, 8], [2, 8], [1, 8], [1, 9], [1, 10], [2, 10], [3, 10], [4, 10], [4, 11], [3, 11], [2, 11], [1, 11], [1, 12], [2, 12], [2, 13], [2, 14]]}
META {"type": "geom", "shape": "line", "group": "offpath", "data": [[8, 2, 8, 1], [8, 1, 8, 2], [14, 12, 14, 13], [14, 13, 14, 12], [2, 5, 2, 4], [2, 4, 2, 5]]}
META {"type": "geom", "shape": "path", "group": "path", "data": [[14, 1, 14, 2], [14, 2, 14, 3], [14, 3, 14, 4], [14, 4, 14, 5], [14, 5, 13, 5], [13, 5, 12, 5], [12, 5, 11, 5], [11, 5, 11, 4], [11, 4, 11, 3], [11, 3, 10, 3], [10, 3, 10, 4], [10, 4, 10, 5], [10, 5, 10, 6], [10, 6, 10, 7], [10, 7, 9, 7], [9, 7, 9, 8], [9, 8, 10, 8], [10, 8, 11, 8], [11, 8, 11, 9], [11, 9, 11, 10], [11, 10, 11, 11], [11, 11, 12, 11], [12, 11, 13, 11], [13, 11, 13, 12], [13, 12, 14, 12], [14, 12, 14, 13], [14, 13, 14, 14]]}
META {"type": "geom", "shape": "tile", "group": "path", "data": [[14, 1], [14, 2], [14, 3], [14, 4], [14, 5], [13, 5], [12, 5], [11, 5], [11, 4], [11, 3], [10, 3], [10, 4], [10, 5], [10, 6], [10, 7], [9, 7], [9, 8], [10, 8], [11, 8], [11, 9], [11, 10], [11, 11], [12, 11], [13, 11], [13, 12], [14, 12], [14, 13], [14, 14]]}
META {"type": "geom", "shape": "line", "group": "offpath", "data": [[11, 12, 10, 12], [11, 7, 11, 6], [11, 6, 11, 7], [9, 2, 9, 3], [9, 3, 9, 2], [8, 7, 8, 8], [8, 2, 8, 1], [8, 1, 8, 2], [8, 3, 8, 4], [8, 4, 8, 3], [8, 8, 8, 7], [10, 12, 11, 12]]}
