XXXXXXXXXXXXXXXX
XXXXXXXXXXXXXXXX
XXXXX}XXXXX-XXXX
XXXXX-XXXX--XXXX
XXXXX------#--XX
XX-----###----XX
XX------------XX
XX##-X--------XX
XX---XX--#----XX
XX----XX----X-XX
XXX-X-XX--XXX-XX
XXXXX--XX-XXX-XX
XXXXXX-XX-XXX-XX
XXXXXX--X-XXX-XX
XXXXXX---#----XX
XXXXXX-X-----XXX
XXXXX-XX--XXXXXX
XXX----X---XXXXX
XXX--------XXXXX
XX---XX-X--XXXXX
XX--XXX-XXXXXXXX
XX--XXX-XXXXXXXX
XX--XXX-XXXXXXXX
XX-#-------XXXXX
XX-----#---XXXXX
XX-----------XXX
XX##-X--{----XXX
XX--XX-XXXXX--XX
XX---X-XXXXX--XX
XX-X---XXX--X-XX
XXXXXXXXXXXXXXXX
XXXXXXXXXXXXXXXX
META {"type": "solver", "id": "pysat-rc2-boolonly", "objective": 0}
META {"type": "geom", "shape": "path", "group": "path", "data": [[26, 8, 26, 6], [26, 6, 26, 12], [26, 12, 28, 12], [28, 12, 28, 13], [28, 13, 29, 13], [29, 13, 27, 13], [27, 13, 27, 12], [27, 12, 25, 12], [25, 12, 25, 2], [25, 2, 19, 2], [19, 2, 19, 4], [19, 4, 17, 4], [17, 4, 17, 6], [17, 6, 18, 6], [18, 6, 18, 10], [18, 10, 17, 10], [17, 10, 19, 10], [19, 10, 19, 9], [19, 9, 15, 9], [15, 9, 15, 8], [15, 8, 15, 12], [15, 12, 14, 12], [14, 12, 14, 13], [14, 13, 4, 13], [4, 13, 4, 12], [4, 12, 8, 12], [8, 12, 8, 10], [8, 10, 9, 10], [9, 10, 9, 8], [9, 8, 10, 8], [10, 8, 6, 8], [6, 8, 6, 2], [6, 2, 5, 2], [5, 2, 5, 6], [5, 6, 4, 6], [4, 6, 4, 5], [4, 5, 6, 5], [6, 5, 2, 5]]}
META {"type": "geom", "shape": "tile", "group": "path", "data": [[26, 8], [26, 7], [26, 6], [26, 7], [26, 8], [26, 9], [26, 10], [26, 11], [26, 12], [27, 12], [28, 12], [28, 13], [29, 13], [28, 13], [27, 13], [27, 12], [26, 12], [25, 12], [25, 11], [25, 10], [25, 9], [25, 8], [25, 7], [25, 6], [25, 5], [25, 4], [25, 3], [25, 2], [24, 2], [23, 2], [22, 2], [21, 2], [20, 2], [19, 2], [19, 3], [19, 4], [18, 4], [17, 4], [17, 5], [17, 6], [18, 6], [18, 7], [18, 8], [18, 9], [18, 10], [17, 10], [18, 10], [19, 10], [19, 9], [18, 9], [17, 9], [16, 9], [15, 9], [15, 8], [15, 9], [15, 10], [15, 11], [15, 12], [14, 12], [14, 13], [13, 13], [12, 13], [11, 13], [10, 13], [9, 13], [8, 13], [7, 13], [6, 13], [5, 13], [4, 13], [4, 12], [5, 12], [6, 12], [7, 12], [8, 12], [8, 11], [8, 10], [9, 10], [9, 9], [9, 8], [10, 8], [9, 8], [8, 8], [7, 8], [6, 8], [6, 7], [6, 6], [6, 5], [6, 4], [6, 3], [6, 2], [5, 2], [5, 3], [5, 4], [5, 5], [5, 6], [4, 6], [4, 5], [5, 5], [6, 5], [5, 5], [4, 5], [3, 5], [2, 5]]}
META {"type": "geom", "shape": "line", "group": "offpath", "data": [[2, 11, 3, 11], [20, 3, 20, 2], [20, 2, 20, 3], [25, 11, 26, 11], [27, 3, 28, 3], [27, 2, 27, 3], [18, 8, 14, 8], [28, 3, 28, 2], [28, 2, 27, 2], [28, 4, 29, 4], [9, 4, 5, 4], [9, 11, 5, 11], [3, 11, 2, 11], [5, 4, 9, 4], [5, 11, 9, 11], [6, 9, 7, 9], [6, 7, 8, 7], [29, 6, 23, 6], [29, 10, 29, 11], [29, 4, 28, 4], [29, 11, 29, 10], [11, 6, 15, 6], [24, 8, 24, 10], [24, 6, 24, 2], [24, 10, 24, 8], [24, 2, 24, 6], [15, 6, 11, 6], [15, 10, 14, 10], [8, 7, 6, 7], [8, 3, 10, 3], [14, 8, 18, 8], [14, 10, 15, 10], [26, 11, 25, 11], [16, 8, 16, 9], [16, 9, 16, 8], [23, 6, 29, 6], [10, 3, 8, 3], [7, 9, 6, 9]]}
