XXXXXXXXXXXXXXXX
XXXXXXXXXXXXXXXX
XXXXXXX-XXX---XX
XXXX----XXXXXXXX
XXXX##---XXXXXXX
XXXX--##-XXX}XXX
XXXX---------XXX
XXXX##-------XXX
XXXX----#--#-XXX
XXX----------XXX
XXX------#----XX
XX--#--X------XX
XX-----XX-----XX
XXX-----X-XXXXXX
XXX---#---XXXXXX
XXX-------XXXXXX
XX-X-----#---XXX
XXXX--##------XX
XXXXX------#--XX
XXXXX---#-----XX
XXXXX-#-----#-XX
XXX------XX---XX
XXXXX-----X---XX
XXXXXXX----X--XX
XXXXXXX--XXX--XX
XXXX-----XXX--XX
XX------------XX
XX---#--X-----XX
XXX-----XXXXXXXX
XXX-X-{-XXXXXXXX
XXXXXXXXXXXXXXXX
XXXXXXXXXXXXXXXX
META {"type": "solver", "id": "pysat-rc2", "objective": 0}
META {"type": "geom", "shape": "path", "group": "path", "data": [[29, 6, 25, 6], [25, 6, 25, 8], [25, 8, 26, 8], [26, 8, 26, 2], [26, 2, 27, 2], [27, 2, 27, 4], [27, 4, 28, 4], [28, 4, 28, 3], [28, 3, 28, 7], [28, 7, 18, 7], [18, 7, 18, 5], [18, 5, 8, 5], [8, 5, 8, 7], [8, 7, 6, 7], [6, 7, 10, 7], [10, 7, 10, 3], [10, 3, 9, 3], [9, 3, 15, 3], [15, 3, 15, 9], [15, 9, 11, 9], [11, 9, 11, 8], [11, 8, 9, 8], [9, 8, 9, 12], [9, 12, 5, 12]]}
META {"type": "geom", "shape": "tile", "group": "path", "data": [[29, 6], [28, 6], [27, 6], [26, 6], [25, 6], [25, 7], [25, 8], [26, 8], [26, 7], [26, 6], [26, 5], [26, 4], [26, 3], [26, 2], [27, 2], [27, 3], [27, 4], [28, 4], [28, 3], [28, 4], [28, 5], [28, 6], [28, 7], [27, 7], [26, 7], [25, 7], [24, 7], [23, 7], [22, 7], [21, 7], [20, 7], [19, 7], [18, 7], [18, 6], [18, 5], [17, 5], [16, 5], [15, 5], [14, 5], [13, 5], [12, 5], [11, 5], [10, 5], [9, 5], [8, 5], [8, 6], [8, 7], [7, 7], [6, 7], [7, 7], [8, 7], [9, 7], [10, 7], [10, 6], [10, 5], [10, 4], [10, 3], [9, 3], [10, 3], [11, 3], [12, 3], [13, 3], [14, 3], [15, 3], [15, 4], [15, 5], [15, 6], [15, 7], [15, 8], [15, 9], [14, 9], [13, 9], [12, 9], [11, 9], [11, 8], [10, 8], [9, 8], [9, 9], [9, 10], [9, 11], [9, 12], [8, 12], [7, 12], [6, 12], [5, 12]]}
META {"type": "geom", "shape": "line", "group": "offpath", "data": [[16, 4, 16, 8], [16, 8, 16, 4], [16, 10, 20, 10], [14, 9, 14, 7], [14, 7, 14, 9], [27, 11, 26, 11], [27, 13, 17, 13], [20, 9, 20, 7], [20, 11, 19, 11], [20, 7, 20, 11], [20, 10, 16, 10], [21, 11, 21, 13], [21, 13, 21, 11], [26, 11, 27, 11], [26, 5, 25, 5], [17, 4, 17, 5], [17, 5, 17, 4], [17, 13, 27, 13], [19, 9, 20, 9], [19, 11, 19, 9], [19, 7, 19, 5], [19, 5, 19, 7], [12, 6, 12, 2], [12, 9, 12, 13], [12, 2, 12, 6], [12, 13, 12, 9], [3, 6, 3, 7], [3, 7, 2, 7], [8, 4, 10, 4], [22, 9, 22, 5], [22, 5, 22, 9], [25, 5, 26, 5], [2, 7, 4, 7], [13, 3, 13, 7], [13, 7, 13, 3], [10, 4, 8, 4], [11, 6, 11, 5], [11, 3, 11, 2], [11, 2, 11, 3], [11, 5, 11, 6], [4, 6, 3, 6], [4, 7, 4, 6], [24, 7, 24, 8], [24, 12, 24, 13], [24, 8, 24, 7], [24, 13, 24, 12]]}
