XXXXXXXXXXXXXXXX
XXX----XX-X-XXXX
XXX----XX-----1X
X0-----XX----XXX
XXX----XX----XXX
XXX---X---XXX-XX
X--XX---XX-----X
XXXXXX--XX--X--X
XXXXXX--------XX
X-XX----XXXX---X
X-XX-----------X
XX--X----XX-X-XX
XXX-X---XXXX-XXX
XXX-X---XXXX-XXX
X2---XX--XX---3X
XXXXXXXXXXXXXXXX
META {"type": "solver", "id": "pysat-rc2-boolonly", "objective": 0}
META {"type": "geom", "shape": "path", "group": "path", "data": [[3, 1, 3, 2], [3, 2, 3, 3], [3, 3, 3, 4], [3, 4, 4, 4], [4, 4, 4, 3], [4, 3, 5, 3], [5, 3, 5, 4], [5, 4, 5, 5], [5, 5, 6, 5], [6, 5, 6, 6], [6, 6, 6, 7], [6, 7, 5, 7], [5, 7, 5, 8], [5, 8, 5, 9], [5, 9, 4, 9], [4, 9, 4, 10], [4, 10, 3, 10], [3, 10, 3, 11], [3, 11, 3, 12], [3, 12, 2, 12], [2, 12, 2, 13], [2, 13, 2, 14]]}
META {"type": "geom", "shape": "tile", "group": "path", "data": [[3, 1], [3, 2], [3, 3], [3, 4], [4, 4], [4, 3], [5, 3], [5, 4], [5, 5], [6, 5], [6, 6], [6, 7], [5, 7], [5, 8], [5, 9], [4, 9], [4, 10], [3, 10], [3, 11], [3, 12], [2, 12], [2, 13], [2, 14]]}
META {"type": "geom", "shape": "line", "group": "offpath", "data": [[6, 11, 6, 10], [6, 10, 6, 11], [13, 6, 13, 7], [13, 12, 14, 12], [13, 7, 12, 7], [13, 5, 12, 5], [13, 3, 12, 3], [3, 6, 4, 6], [2, 6, 2, 5], [2, 10, 2, 9], [2, 5, 2, 6], [2, 9, 2, 10], [2, 3, 1, 3], [14, 12, 13, 12], [14, 4, 14, 3], [14, 3, 14, 4], [12, 6, 13, 6], [12, 7, 12, 6], [12, 5, 13, 5], [12, 3, 13, 3], [1, 3, 2, 3], [4, 6, 3, 6], [9, 6, 10, 6], [9, 7, 10, 7], [9, 4, 9, 5], [9, 5, 10, 5], [10, 6, 9, 6], [10, 7, 9, 7], [10, 4, 9, 4], [10, 13, 11, 13], [10, 5, 10, 4], [11, 8, 11, 7], [11, 6, 11, 5], [11, 7, 11, 8], [11, 13, 10, 13], [11, 2, 11, 3], [11, 5, 11, 6], [11, 3, 11, 2], [8, 6, 7, 6], [8, 11, 7, 11], [8, 12, 8, 13], [8, 13, 8, 12], [7, 6, 8, 6], [7, 11, 8, 11]]}
