XXXXXXXXXXXXXXXX
X0--X--------XXX
XXX---X-XXXX--1X
XXX-X-X-XXXXXXXX
X---X-X--XXXXXXX
X---X----XXXXXXX
X------XX------X
XX-X---XX----X-X
XX--XX-XX---X-XX
X---XX----XX---X
X-XX------XX---X
XXXXXXXX--XX---X
XXXXXXXX-----XXX
XXX-----XXX--XXX
X2---------XX-3X
XXXXXXXXXXXXXXXX
META {"type": "solver", "id": "pysat-rc2", "objective": 0}
META {"type": "geom", "shape": "path", "group": "path", "data": [[1, 1, 1, 2], [1, 2, 1, 3], [1, 3, 2, 3], [2, 3, 3, 3], [3, 3, 4, 3], [4, 3, 5, 3], [5, 3, 5, 2], [5, 2, 6, 2], [6, 2, 6, 3], [6, 3, 6, 4], [6, 4, 6, 5], [6, 5, 6, 6], [6, 6, 5, 6], [5, 6, 5, 5], [5, 5, 4, 5], [4, 5, 3, 5], [3, 5, 2, 5], [2, 5, 1, 5], [1, 5, 1, 6], [1, 6, 1, 7], [1, 7, 1, 8], [1, 8, 1, 9], [1, 9, 1, 10], [1, 10, 1, 11], [1, 11, 1, 12], [1, 12, 2, 12], [2, 12, 2, 13], [2, 13, 2, 14]]}
META {"type": "geom", "shape": "tile", "group": "path", "data": [[1, 1], [1, 2], [1, 3], [2, 3], [3, 3], [4, 3], [5, 3], [5, 2], [6, 2], [6, 3], [6, 4], [6, 5], [6, 6], [5, 6], [5, 5], [4, 5], [3, 5], [2, 5], [1, 5], [1, 6], [1, 7], [1, 8], [1, 9], [1, 10], [1, 11], [1, 12], [2, 12], [2, 13], [2, 14]]}
META {"type": "geom", "shape": "line", "group": "offpath", "data": [[4, 7, 4, 8], [4, 2, 4, 1], [4, 8, 4, 7], [4, 1, 4, 2], [6, 1, 5, 1], [5, 1, 6, 1], [8, 2, 8, 3], [8, 3, 8, 2], [9, 2, 9, 1], [9, 1, 9, 2]]}
