--------------------------------
--------------------------------
---------------XXX---------XX---
--------------------XX----------
--------------------------------
------------------------Q-------
---------------X-------------Q--
--------X-----------X-----------
-----------X--------------------
----X--------------------X--Q---
---------------X----------------
-------------------X------------
------Q-----------XX----<>------
-----------XX----XXX----[]------
-{--------XXX---XXXX----[]----}-
XXXXXXXXXXXXXXXXXXXXXXXXXXXXXXXX
META {"type": "solver", "id": "pysat-rc2", "objective": 0}
META {"type": "geom", "shape": "path", "group": "path", "data": [[14, 1, 14, 0], [14, 0, 10, 3], [10, 3, 11, 2], [11, 2, 12, 1], [12, 1, 13, 1], [13, 1, 14, 2], [14, 2, 10, 5], [10, 5, 11, 6], [11, 6, 10, 7], [10, 7, 11, 8], [11, 8, 12, 9], [12, 9, 13, 9], [13, 9, 14, 9], [14, 9, 13, 10], [13, 10, 12, 11], [12, 11, 8, 15], [8, 15, 9, 15], [9, 15, 6, 12], [6, 12, 7, 11], [7, 11, 4, 11], [4, 11, 5, 11], [5, 11, 6, 10], [6, 10, 7, 10], [7, 10, 8, 10], [8, 10, 9, 11], [9, 11, 10, 12], [10, 12, 11, 13], [11, 13, 12, 14], [12, 14, 13, 15], [13, 15, 14, 15], [14, 15, 13, 16], [13, 16, 12, 15], [12, 15, 13, 14], [13, 14, 14, 14], [14, 14, 14, 13], [14, 13, 11, 16], [11, 16, 12, 17], [12, 17, 9, 20], [9, 20, 10, 19], [10, 19, 6, 20], [6, 20, 4, 21], [4, 21, 5, 22], [5, 22, 6, 23], [6, 23, 7, 22], [7, 22, 8, 21], [8, 21, 9, 22], [9, 22, 10, 23], [10, 23, 11, 24], [11, 24, 10, 24], [10, 24, 11, 25], [11, 25, 8, 28], [8, 28, 4, 28], [4, 28, 5, 29], [5, 29, 1, 28], [1, 28, 0, 28], [0, 28, 1, 27], [1, 27, 1, 26], [1, 26, 2, 26], [2, 26, 3, 26], [3, 26, 4, 27], [4, 27, 5, 26], [5, 26, 6, 25], [6, 25, 7, 25], [7, 25, 8, 25], [8, 25, 4, 26], [4, 26, 5, 27], [5, 27, 6, 28], [6, 28, 7, 28], [7, 28, 8, 29], [8, 29, 9, 30], [9, 30, 10, 31], [10, 31, 11, 30], [11, 30, 12, 29], [12, 29, 13, 29], [13, 29, 14, 30]]}
META {"type": "geom", "shape": "tile", "group": "path", "data": [[14, 1], [14, 0], [13, 0], [13, 1], [12, 1], [12, 2], [11, 2], [11, 3], [10, 3], [11, 3], [11, 2], [12, 2], [12, 1], [13, 1], [14, 1], [14, 2], [13, 2], [13, 3], [12, 3], [12, 4], [11, 4], [11, 5], [10, 5], [11, 5], [11, 6], [10, 6], [10, 7], [11, 7], [11, 8], [12, 8], [12, 9], [13, 9], [14, 9], [13, 9], [13, 10], [12, 10], [12, 11], [11, 11], [11, 12], [10, 12], [10, 13], [9, 13], [9, 14], [8, 14], [8, 15], [9, 15], [8, 15], [8, 14], [7, 14], [7, 13], [6, 13], [6, 12], [7, 12], [7, 11], [6, 11], [5, 11], [4, 11], [5, 11], [6, 11], [6, 10], [7, 10], [8, 10], [9, 10], [9, 11], [10, 11], [10, 12], [11, 12], [11, 13], [12, 13], [12, 14], [13, 14], [13, 15], [14, 15], [13, 15], [13, 16], [12, 16], [12, 15], [13, 15], [13, 14], [14, 14], [14, 13], [13, 13], [13, 14], [12, 14], [12, 15], [11, 15], [11, 16], [12, 16], [12, 17], [11, 17], [11, 18], [10, 18], [10, 19], [9, 19], [9, 20], [10, 20], [10, 19], [9, 19], [8, 19], [7, 19], [6, 19], [6, 20], [5, 20], [5, 21], [4, 21], [5, 21], [5, 22], [6, 22], [6, 23], [7, 23], [7, 22], [8, 22], [8, 21], [9, 21], [9, 22], [10, 22], [10, 23], [11, 23], [11, 24], [10, 24], [11, 24], [11, 25], [10, 25], [10, 26], [9, 26], [9, 27], [8, 27], [8, 28], [7, 28], [6, 28], [5, 28], [4, 28], [5, 28], [5, 29], [4, 29], [3, 29], [2, 29], [1, 29], [1, 28], [0, 28], [1, 28], [1, 27], [1, 26], [2, 26], [3, 26], [4, 26], [4, 27], [5, 27], [5, 26], [6, 26], [6, 25], [7, 25], [8, 25], [7, 25], [6, 25], [5, 25], [4, 25], [4, 26], [5, 26], [5, 27], [6, 27], [6, 28], [7, 28], [8, 28], [8, 29], [9, 29], [9, 30], [10, 30], [10, 31], [11, 31], [11, 30], [12, 30], [12, 29], [13, 29], [14, 29], [14, 30]]}
META {"type": "geom", "shape": "line", "group": "offpath", "data": [[8, 4, 5, 7], [8, 17, 9, 17], [0, 23, 1, 22], [0, 22, 1, 23], [0, 17, 1, 16], [0, 20, 1, 20], [0, 16, 1, 17], [2, 22, 3, 23], [2, 20, 0, 22], [2, 21, 0, 23], [1, 23, 2, 22], [1, 22, 2, 21], [1, 17, 0, 17], [1, 20, 2, 20], [1, 16, 1, 15], [1, 15, 0, 16], [14, 22, 12, 22], [14, 28, 10, 27], [14, 29, 13, 30], [14, 4, 12, 5], [14, 20, 13, 21], [14, 31, 10, 30], [14, 3, 10, 4], [14, 6, 14, 5], [14, 5, 12, 3], [14, 26, 12, 26], [10, 30, 11, 31], [10, 11, 11, 11], [10, 4, 11, 3], [10, 27, 11, 27], [10, 17, 11, 18], [6, 8, 5, 8], [6, 6, 7, 5], [13, 30, 14, 29], [13, 22, 14, 22], [13, 4, 14, 4], [13, 27, 14, 28], [13, 21, 14, 20], [13, 31, 14, 31], [13, 3, 14, 3], [13, 6, 14, 6], [13, 26, 14, 26], [3, 23, 4, 24], [3, 17, 4, 16], [5, 7, 6, 6], [5, 8, 6, 8], [5, 15, 3, 17], [12, 30, 13, 31], [12, 22, 13, 22], [12, 28, 13, 27], [12, 2, 13, 3], [12, 3, 13, 4], [12, 5, 13, 6], [12, 12, 10, 11], [12, 26, 13, 26], [7, 18, 8, 17], [7, 5, 8, 4], [11, 11, 12, 12], [11, 27, 12, 28], [11, 18, 7, 18], [11, 31, 12, 30], [11, 3, 12, 2], [4, 16, 5, 15], [4, 24, 0, 20], [9, 17, 10, 17]]}
