XXXXXXXXXXXXXXXX
XXXXXXXXXXXXXXXX
XXXXX-----XXX}XX
XXX-------XXX-XX
XX---XX-#-----XX
XXX---X-----X-XX
XXXXX-XX---XX-XX
XXXXX--X-#--X-XX
XXXXXX--------XX
XXXXXX----XX--XX
XXXXXX-#---X--XX
XXXXXX------XXXX
XXXXX---###--XXX
XXX---X------XXX
XX---XX----X-XXX
XX-#--X-XXXX-XXX
XX-----XXXXX--XX
XXX-#-XXXXX---XX
XXX---XXXXXXXXXX
XXX---XXXXXXXXXX
XX---#---XXXXXXX
XX-------XXXX-XX
XXXX--##----XXXX
XXXX---------XXX
XX---#----#--XXX
XX------#-----XX
XX--X------XX-XX
XXXXX----X--X-XX
XXXXX--XXXX---XX
XXX--XXXXXX-{-XX
XXXXXXXXXXXXXXXX
XXXXXXXXXXXXXXXX
META {"type": "solver", "id": "pysat-rc2", "objective": 0}
META {"type": "geom", "shape": "path", "group": "path", "data": [[29, 12, 28, 12], [28, 12, 28, 11], [28, 11, 27, 11], [27, 11, 27, 10], [27, 10, 25, 10], [25, 10, 25, 9], [25, 9, 26, 9], [26, 9, 22, 9], [22, 9, 22, 8], [22, 8, 20, 8], [20, 8, 20, 6], [20, 6, 21, 6], [21, 6, 21, 8], [21, 8, 21, 2], [21, 2, 20, 2], [20, 2, 20, 4], [20, 4, 18, 4], [18, 4, 18, 5], [18, 5, 18, 3], [18, 3, 16, 3], [16, 3, 16, 2], [16, 2, 14, 2], [14, 2, 14, 4], [14, 4, 13, 4], [13, 4, 13, 3], [13, 3, 13, 5], [13, 5, 12, 5], [12, 5, 12, 7], [12, 7, 11, 7], [11, 7, 11, 6], [11, 6, 7, 6], [7, 6, 7, 5], [7, 5, 5, 5], [5, 5, 5, 3], [5, 3, 3, 3], [3, 3, 3, 9], [3, 9, 2, 9], [2, 9, 6, 9], [6, 9, 6, 10], [6, 10, 6, 8], [6, 8, 5, 8], [5, 8, 5, 7], [5, 7, 5, 11], [5, 11, 4, 11], [4, 11, 4, 13], [4, 13, 10, 13], [10, 13, 10, 12], [10, 12, 8, 12], [8, 12, 8, 13], [8, 13, 2, 13]]}
META {"type": "geom", "shape": "tile", "group": "path", "data": [[29, 12], [28, 12], [28, 11], [27, 11], [27, 10], [26, 10], [25, 10], [25, 9], [26, 9], [25, 9], [24, 9], [23, 9], [22, 9], [22, 8], [21, 8], [20, 8], [20, 7], [20, 6], [21, 6], [21, 7], [21, 8], [21, 7], [21, 6], [21, 5], [21, 4], [21, 3], [21, 2], [20, 2], [20, 3], [20, 4], [19, 4], [18, 4], [18, 5], [18, 4], [18, 3], [17, 3], [16, 3], [16, 2], [15, 2], [14, 2], [14, 3], [14, 4], [13, 4], [13, 3], [13, 4], [13, 5], [12, 5], [12, 6], [12, 7], [11, 7], [11, 6], [10, 6], [9, 6], [8, 6], [7, 6], [7, 5], [6, 5], [5, 5], [5, 4], [5, 3], [4, 3], [3, 3], [3, 4], [3, 5], [3, 6], [3, 7], [3, 8], [3, 9], [2, 9], [3, 9], [4, 9], [5, 9], [6, 9], [6, 10], [6, 9], [6, 8], [5, 8], [5, 7], [5, 8], [5, 9], [5, 10], [5, 11], [4, 11], [4, 12], [4, 13], [5, 13], [6, 13], [7, 13], [8, 13], [9, 13], [10, 13], [10, 12], [9, 12], [8, 12], [8, 13], [7, 13], [6, 13], [5, 13], [4, 13], [3, 13], [2, 13]]}
META {"type": "geom", "shape": "line", "group": "offpath", "data": [[17, 12, 17, 13], [17, 13, 16, 13], [5, 4, 3, 4], [25, 7, 27, 7], [25, 5, 25, 7], [12, 11, 13, 11], [12, 12, 12, 11], [13, 8, 14, 8], [13, 11, 13, 12], [13, 12, 17, 12], [7, 10, 7, 11], [7, 11, 7, 10], [8, 7, 9, 7], [9, 7, 8, 7], [3, 4, 5, 4], [27, 7, 27, 5], [27, 8, 26, 8], [27, 5, 25, 5], [16, 12, 12, 12], [16, 13, 16, 12], [14, 8, 13, 8], [26, 8, 27, 8], [26, 3, 24, 3], [24, 11, 24, 12], [24, 3, 26, 3], [24, 12, 24, 11], [10, 8, 10, 10], [10, 10, 10, 8], [29, 3, 29, 4], [29, 4, 29, 3]]}
