XXXXXXXXXXXXXXXX
XXXXXXXXXXXX--1X
X0----XXXXX--XXX
XXXXXX-XX----XXX
XXXXXX----X-X--X
X---------X-X--X
X-XX---X--X-X--X
XXXXX--X-------X
XXXXX--X-------X
X-XX-X-X-XXX-X-X
X------X-------X
XXX-XX--XX-----X
XXX-XX--XX---XXX
XXX-XX--XX---XXX
X2------------3X
XXXXXXXXXXXXXXXX
META {"type": "solver", "id": "pysat-rc2", "objective": 0}
META {"type": "geom", "shape": "path", "group": "path", "data": [[14, 1, 14, 2], [14, 2, 14, 3], [14, 3, 14, 4], [14, 4, 14, 5], [14, 5, 14, 6], [14, 6, 14, 7], [14, 7, 14, 8], [14, 8, 14, 9], [14, 9, 14, 10], [14, 10, 14, 11], [14, 11, 14, 12], [14, 12, 14, 13], [14, 13, 14, 14]]}
META {"type": "geom", "shape": "tile", "group": "path", "data": [[14, 1], [14, 2], [14, 3], [14, 4], [14, 5], [14, 6], [14, 7], [14, 8], [14, 9], [14, 10], [14, 11], [14, 12], [14, 13], [14, 14]]}
META {"type": "geom", "shape": "line", "group": "offpath", "data": [[5, 14, 5, 13], [5, 11, 4, 11], [5, 6, 6, 6], [5, 1, 6, 1], [5, 2, 5, 3], [5, 13, 4, 13], [5, 5, 5, 6], [5, 3, 5, 2], [5, 4, 5, 5], [11, 14, 11, 13], [11, 11, 12, 11], [11, 10, 11, 11], [11, 6, 11, 7], [11, 13, 11, 14], [11, 12, 10, 12], [11, 7, 11, 6], [12, 11, 13, 11], [12, 10, 11, 10], [12, 6, 13, 6], [12, 12, 13, 12], [13, 11, 13, 10], [13, 10, 12, 10], [13, 6, 12, 6], [13, 12, 12, 12], [4, 14, 5, 14], [4, 11, 5, 11], [4, 13, 4, 14], [4, 9, 4, 8], [4, 8, 4, 9], [10, 14, 10, 13], [10, 13, 10, 14], [10, 12, 11, 12], [9, 12, 8, 12], [9, 8, 8, 8], [8, 11, 8, 10], [8, 10, 8, 11], [8, 13, 7, 13], [8, 12, 9, 12], [8, 8, 9, 8], [6, 14, 7, 14], [6, 6, 6, 5], [6, 1, 5, 1], [6, 5, 6, 4], [6, 4, 5, 4], [6, 8, 7, 8], [7, 14, 6, 14], [7, 13, 8, 13], [7, 8, 6, 8]]}
