XXXXXXXXXXXXXXXX
XXXXXX-XX-XX--1X
XX0----XX-XX-XXX
XXXX-X---X---XXX
XXXX-------XX-XX
X---XX--X--XX--X
XX--XX--X------X
X---XX--X------X
XX--XX---XXX--XX
X---XX-X-------X
XX-XXXXXXX--X-XX
X-XXXXXXXX-----X
XXXXXX-------XXX
XXXXX----XX--XXX
X2---XX--XX---3X
XXXXXXXXXXXXXXXX
META {"type": "solver", "id": "pysat-rc2", "objective": 0}
META {"type": "geom", "shape": "path", "group": "path", "data": [[2, 2, 2, 3], [2, 3, 2, 4], [2, 4, 3, 4], [3, 4, 4, 4], [4, 4, 4, 5], [4, 5, 4, 6], [4, 6, 5, 6], [5, 6, 5, 7], [5, 7, 4, 7], [4, 7, 4, 8], [4, 8, 4, 9], [4, 9, 5, 9], [5, 9, 6, 9], [6, 9, 6, 10], [6, 10, 5, 10], [5, 10, 4, 10], [4, 10, 3, 10], [3, 10, 3, 11], [3, 11, 3, 12], [3, 12, 2, 12], [2, 12, 1, 12], [1, 12, 1, 13], [1, 13, 1, 14]]}
META {"type": "geom", "shape": "tile", "group": "path", "data": [[2, 2], [2, 3], [2, 4], [3, 4], [4, 4], [4, 5], [4, 6], [5, 6], [5, 7], [4, 7], [4, 8], [4, 9], [5, 9], [6, 9], [6, 10], [5, 10], [4, 10], [3, 10], [3, 11], [3, 12], [2, 12], [1, 12], [1, 13], [1, 14]]}
META {"type": "geom", "shape": "line", "group": "offpath", "data": [[13, 12, 13, 11], [13, 11, 13, 12], [10, 10, 9, 10], [10, 11, 11, 11], [11, 12, 12, 12], [11, 11, 10, 11], [6, 13, 6, 12], [6, 12, 6, 11], [6, 6, 7, 6], [6, 11, 7, 11], [8, 13, 9, 13], [8, 12, 9, 12], [8, 8, 9, 8], [7, 9, 7, 10], [7, 13, 6, 13], [7, 12, 7, 13], [7, 6, 6, 6], [7, 10, 7, 9], [7, 11, 7, 12], [5, 2, 5, 3], [5, 3, 5, 2], [9, 13, 8, 13], [9, 12, 8, 12], [9, 8, 8, 8], [9, 10, 10, 10], [12, 9, 12, 8], [12, 12, 11, 12], [12, 8, 12, 9], [12, 10, 12, 11], [12, 11, 12, 10]]}
