XXXXXXXXXXXXXXXX
X0--------XXXXXX
XXX---------1XXX
XXX---XXX-XXXXXX
XXX-------XXXXXX
X------------XXX
X-XX-X---------X
XXXXX-XXX-XX-X-X
XXXXX-XXXXXXXXXX
X-XX--XXXXXXXXXX
X-XX-X-XX-XX---X
X-XX--X--X-----X
XXXXX-X----XXXXX
XXXXX-X-XX-XXXXX
X2------XX----3X
XXXXXXXXXXXXXXXX
META {"type": "solver", "id": "pysat-rc2", "objective": 0}
META {"type": "geom", "shape": "path", "group": "path", "data": [[1, 1, 1, 2], [1, 2, 1, 3], [1, 3, 1, 4], [1, 4, 1, 5], [1, 5, 1, 6], [1, 6, 2, 6], [2, 6, 2, 7], [2, 7, 1, 7], [1, 7, 1, 8], [1, 8, 1, 9], [1, 9, 2, 9], [2, 9, 2, 10], [2, 10, 2, 11], [2, 11, 2, 12]]}
META {"type": "geom", "shape": "tile", "group": "path", "data": [[1, 1], [1, 2], [1, 3], [1, 4], [1, 5], [1, 6], [2, 6], [2, 7], [1, 7], [1, 8], [1, 9], [2, 9], [2, 10], [2, 11], [2, 12]]}
META {"type": "geom", "shape": "line", "group": "offpath", "data": [[6, 12, 5, 12], [6, 13, 6, 14], [6, 14, 6, 13], [6, 11, 6, 10], [6, 6, 6, 7], [6, 7, 6, 6], [6, 10, 6, 11], [6, 9, 7, 9], [7, 9, 6, 9], [14, 12, 14, 13], [14, 13, 14, 12], [14, 6, 14, 7], [14, 7, 14, 6], [5, 12, 6, 12], [5, 4, 5, 5], [5, 6, 5, 7], [5, 7, 5, 6], [5, 9, 5, 8], [5, 8, 5, 9], [5, 5, 5, 4], [3, 4, 3, 5], [3, 5, 3, 4]]}
META {"type": "geom", "shape": "path", "group": "path", "data": [[14, 1, 14, 2], [14, 2, 14, 3], [14, 3, 14, 4], [14, 4, 14, 5], [14, 5, 14, 6], [14, 6, 14, 7], [14, 7, 13, 7], [13, 7, 12, 7], [12, 7, 12, 8], [12, 8, 12, 9], [12, 9, 12, 10], [12, 10, 13, 10], [13, 10, 14, 10], [14, 10, 14, 11], [14, 11, 14, 12], [14, 12, 14, 13], [14, 13, 14, 14]]}
META {"type": "geom", "shape": "tile", "group": "path", "data": [[14, 1], [14, 2], [14, 3], [14, 4], [14, 5], [14, 6], [14, 7], [13, 7], [12, 7], [12, 8], [12, 9], [12, 10], [13, 10], [14, 10], [14, 11], [14, 12], [14, 13], [14, 14]]}
META {"type": "geom", "shape": "line", "group": "offpath", "data": [[11, 13, 11, 14], [11, 14, 11, 13]]}
