XXXXXXXXXXXXXXXX
X0--XXXXX-----1X
XXX-XXXXX--XXXXX
XXX---XX-X-XXXXX
X---X-XX-------X
X---X------XXX-X
X---X-XX--X----X
X-XX-XXXXXXXXXXX
XXXXXXXXXXXXXXXX
XXXXXXXX-------X
X-XX----XXX-XXXX
X----XX-XXX-XXXX
XXX--XX----XXXXX
XXX--------XXXXX
X2------------3X
XXXXXXXXXXXXXXXX
META {"type": "solver", "id": "pysat-rc2", "objective": 0}
META {"type": "geom", "shape": "path", "group": "path", "data": [[1, 1, 1, 2], [1, 2, 1, 3], [1, 3, 2, 3], [2, 3, 3, 3], [3, 3, 3, 4], [3, 4, 3, 5], [3, 5, 4, 5], [4, 5, 5, 5], [5, 5, 5, 6], [5, 6, 5, 7], [5, 7, 5, 8], [5, 8, 5, 9], [5, 9, 5, 10], [5, 10, 4, 10], [4, 10, 3, 10], [3, 10, 2, 10], [2, 10, 1, 10], [1, 10, 1, 11], [1, 11, 1, 12], [1, 12, 1, 13], [1, 13, 1, 14]]}
META {"type": "geom", "shape": "tile", "group": "path", "data": [[1, 1], [1, 2], [1, 3], [2, 3], [3, 3], [3, 4], [3, 5], [4, 5], [5, 5], [5, 6], [5, 7], [5, 8], [5, 9], [5, 10], [4, 10], [3, 10], [2, 10], [1, 10], [1, 11], [1, 12], [1, 13], [1, 14]]}
META {"type": "geom", "shape": "line", "group": "offpath", "data": [[2, 9, 1, 9], [6, 14, 6, 13], [6, 2, 6, 3], [6, 12, 6, 11], [6, 13, 6, 14], [6, 9, 6, 8], [6, 11, 6, 12], [6, 1, 7, 1], [6, 8, 6, 9], [6, 3, 5, 3], [5, 14, 4, 14], [5, 2, 6, 2], [5, 3, 5, 2], [4, 14, 5, 14], [4, 2, 4, 3], [4, 12, 4, 13], [4, 13, 4, 12], [4, 9, 4, 8], [4, 8, 4, 9], [4, 3, 4, 2], [1, 9, 2, 9], [7, 1, 6, 1]]}
META {"type": "geom", "shape": "path", "group": "path", "data": [[14, 1, 14, 2], [14, 2, 14, 3], [14, 3, 14, 4], [14, 4, 14, 5], [14, 5, 14, 6], [14, 6, 14, 7], [14, 7, 14, 8], [14, 8, 14, 9], [14, 9, 14, 10], [14, 10, 14, 11], [14, 11, 14, 12], [14, 12, 14, 13], [14, 13, 14, 14]]}
META {"type": "geom", "shape": "tile", "group": "path", "data": [[14, 1], [14, 2], [14, 3], [14, 4], [14, 5], [14, 6], [14, 7], [14, 8], [14, 9], [14, 10], [14, 11], [14, 12], [14, 13], [14, 14]]}
META {"type": "geom", "shape": "line", "group": "offpath", "data": [[13, 3, 12, 3], [12, 3, 13, 3]]}
