XXXXXXXXXXXXXXXX
X0--X-XX------1X
XXX----------XXX
XXX----XX-X--XXX
X--XX--XX-X----X
X--XX--XX-X---XX
XX---XX----XXX-X
XX---XX--------X
X-XXX--X-XX-XXXX
XXXXX---XXXXXXXX
XXXXX-X-XXXXXXXX
X-XXX--X-XX--XXX
XXXXXX---XX--XXX
XXXXXX---XX--XXX
X2------------3X
XXXXXXXXXXXXXXXX
META {"type": "solver", "id": "pysat-rc2-boolonly", "objective": 0}
META {"type": "geom", "shape": "path", "group": "path", "data": [[1, 1, 1, 2], [1, 2, 1, 3], [1, 3, 2, 3], [2, 3, 3, 3], [3, 3, 3, 4], [3, 4, 2, 4], [2, 4, 2, 5], [2, 5, 2, 6], [2, 6, 2, 7], [2, 7, 2, 8], [2, 8, 2, 9], [2, 9, 2, 10], [2, 10, 1, 10], [1, 10, 1, 11], [1, 11, 1, 12], [1, 12, 1, 13], [1, 13, 1, 14]]}
META {"type": "geom", "shape": "tile", "group": "path", "data": [[1, 1], [1, 2], [1, 3], [2, 3], [3, 3], [3, 4], [2, 4], [2, 5], [2, 6], [2, 7], [2, 8], [2, 9], [2, 10], [1, 10], [1, 11], [1, 12], [1, 13], [1, 14]]}
META {"type": "geom", "shape": "line", "group": "offpath", "data": [[5, 12, 4, 12], [3, 12, 2, 12], [3, 11, 3, 12], [3, 5, 3, 6], [3, 6, 3, 5], [7, 9, 7, 10], [7, 10, 7, 9], [2, 12, 2, 11], [2, 11, 3, 11], [4, 12, 5, 12], [14, 12, 14, 11], [14, 11, 14, 12]]}
META {"type": "geom", "shape": "path", "group": "path", "data": [[14, 1, 14, 2], [14, 2, 14, 3], [14, 3, 14, 4], [14, 4, 14, 5], [14, 5, 14, 6], [14, 6, 14, 7], [14, 7, 14, 8], [14, 8, 14, 9], [14, 9, 14, 10], [14, 10, 14, 11], [14, 11, 14, 12], [14, 12, 14, 13], [14, 13, 14, 14]]}
META {"type": "geom", "shape": "tile", "group": "path", "data": [[14, 1], [14, 2], [14, 3], [14, 4], [14, 5], [14, 6], [14, 7], [14, 8], [14, 9], [14, 10], [14, 11], [14, 12], [14, 13], [14, 14]]}
META {"type": "geom", "shape": "line", "group": "offpath", "data": [[8, 5, 8, 6], [8, 6, 8, 5], [12, 7, 12, 6], [12, 6, 12, 7]]}
