--------------------------------
--------------------------------
--------------------------------
--------------X-----------------
--X--XXX-----------Q----Q-------
---------------------------XXX--
--------------------------------
--XX----XQXQX--X----------------
--------------------------------
--------------------------------
--Q---XX-------------XX---------
-------------<>-----XXX---------
-------------[]----XXXX--XX-----
-----XX------[]---XXXXX---------
-{--XXX------[]--XXXXXX-------}-
XXXXXXX--XXXXXXXXXXXXXXXXXXXXXXX
META {"type": "solver", "id": "clingo-be", "objective": 0}
META {"type": "geom", "shape": "path", "group": "path", "data": [[14, 1, 14, 2], [14, 2, 14, 3], [14, 3, 12, 5], [12, 5, 12, 6], [12, 6, 12, 7], [12, 7, 13, 8], [13, 8, 14, 9], [14, 9, 10, 13], [10, 13, 10, 14], [10, 14, 10, 15], [10, 15, 11, 15], [11, 15, 12, 16], [12, 16, 13, 17], [13, 17, 9, 21], [9, 21, 9, 22], [9, 22, 9, 23], [9, 23, 10, 24], [10, 24, 11, 25], [11, 25, 11, 26], [11, 26, 11, 27], [11, 27, 12, 28], [12, 28, 13, 29], [13, 29, 14, 30]]}
