XXXXXXXXXXXXXXXX
XXXXXXXXXXXXXXXX
XX}XXX-XXX----XX
XX-XXX--------XX
XX-----------XXX
XX--XXXXXXXXXXXX
XX--XXXXXXXXXXXX
XX--XXX------XXX
XX-----------XXX
XX------------XX
XX---#-----XX-XX
XX##--------X-XX
XX-----#-XX--XXX
XXX-#----XXXXXXX
XXX-----XXXXXXXX
XXXX---XXXXXXXXX
XXXX---XXXXXXXXX
XXXX-XXXXXXXXXXX
XX----XXXXXXXXXX
XX----XXX--XXXXX
XX##------XXXXXX
XX-------XXXXXXX
XX--#--#-XXXXXXX
XXX------XXXXXXX
XXXX-#-----XXXXX
XXXX-----#--XXXX
XX----##----XXXX
XX-XX-----XXXXXX
XXXXX-----XXXXXX
XXXXX-X-{-XXXXXX
XXXXXXXXXXXXXXXX
XXXXXXXXXXXXXXXX
META {"type": "solver", "id": "pysat-rc2-boolonly", "objective": 0}
META {"type": "geom", "shape": "path", "group": "path", "data": [[29, 8, 29, 9], [29, 9, 29, 7], [29, 7, 27, 7], [27, 7, 27, 9], [27, 9, 26, 9], [26, 9, 26, 8], [26, 8, 20, 8], [20, 8, 20, 4], [20, 4, 14, 4], [14, 4, 14, 3], [14, 3, 14, 7], [14, 7, 13, 7], [13, 7, 13, 8], [13, 8, 7, 8], [7, 8, 7, 12], [7, 12, 9, 12], [9, 12, 9, 2], [9, 2, 10, 2], [10, 2, 10, 4], [10, 4, 12, 4], [12, 4, 12, 2], [12, 2, 12, 6], [12, 6, 8, 6], [8, 6, 8, 12], [8, 12, 8, 2], [8, 2, 2, 2]]}
META {"type": "geom", "shape": "tile", "group": "path", "data": [[29, 8], [29, 9], [29, 8], [29, 7], [28, 7], [27, 7], [27, 8], [27, 9], [26, 9], [26, 8], [25, 8], [24, 8], [23, 8], [22, 8], [21, 8], [20, 8], [20, 7], [20, 6], [20, 5], [20, 4], [19, 4], [18, 4], [17, 4], [16, 4], [15, 4], [14, 4], [14, 3], [14, 4], [14, 5], [14, 6], [14, 7], [13, 7], [13, 8], [12, 8], [11, 8], [10, 8], [9, 8], [8, 8], [7, 8], [7, 9], [7, 10], [7, 11], [7, 12], [8, 12], [9, 12], [9, 11], [9, 10], [9, 9], [9, 8], [9, 7], [9, 6], [9, 5], [9, 4], [9, 3], [9, 2], [10, 2], [10, 3], [10, 4], [11, 4], [12, 4], [12, 3], [12, 2], [12, 3], [12, 4], [12, 5], [12, 6], [11, 6], [10, 6], [9, 6], [8, 6], [8, 7], [8, 8], [8, 9], [8, 10], [8, 11], [8, 12], [8, 11], [8, 10], [8, 9], [8, 8], [8, 7], [8, 6], [8, 5], [8, 4], [8, 3], [8, 2], [7, 2], [6, 2], [5, 2], [4, 2], [3, 2], [2, 2]]}
META {"type": "geom", "shape": "line", "group": "offpath", "data": [[19, 3, 18, 3], [19, 2, 18, 2], [19, 9, 20, 9], [2, 10, 4, 10], [2, 6, 4, 6], [2, 11, 4, 11], [4, 3, 10, 3], [4, 10, 2, 10], [4, 6, 2, 6], [4, 12, 4, 2], [4, 2, 4, 12], [4, 11, 2, 11], [10, 3, 4, 3], [10, 10, 10, 6], [10, 6, 10, 10], [20, 9, 19, 9], [18, 3, 19, 3], [18, 2, 19, 2], [12, 12, 12, 11], [12, 11, 12, 12]]}
