XXXXXXXXXXXXXXXX
XXXXXXXXXXXXXXXX
XXXXXXXX--XXXXXX
XXXXXXXXX-XXX}XX
XXXXXX--XXXXX-XX
XXXXX---XXXXX-XX
XXXXX---XXXX--XX
XXXX----XXXXX-XX
XXXX----XXXXX-XX
XXX-###-XXXXX-XX
XXX-----XXXXX-XX
XXX-----XXXXX-XX
XX--XX--------XX
XXX-XX---##---XX
XXX--X-------XXX
XXX---XXX---XXXX
XX-X--XXX##--XXX
XXXX-------#-XXX
XXXX##-------XXX
XXXX--XX-XX---XX
XXX----X--X-X-XX
XX---X-----XXXXX
XXXXXX---#--XXXX
XXXXXX##----XXXX
XXXXXX--#----XXX
XXX-------#--XXX
XX------------XX
XXX--XX-----{-XX
XXX---X--XXXXXXX
XXX-----XXXXXXXX
XXXXXXXXXXXXXXXX
XXXXXXXXXXXXXXXX
META {"type": "solver", "id": "pysat-rc2-boolonly", "objective": 0}
META {"type": "geom", "shape": "path", "group": "path", "data": [[27, 12, 27, 13], [27, 13, 27, 7], [27, 7, 29, 7], [29, 7, 29, 3], [29, 3, 25, 3], [25, 3, 25, 9], [25, 9, 23, 9], [23, 9, 23, 8], [23, 8, 17, 8], [17, 8, 17, 4], [17, 4, 17, 10], [17, 10, 18, 10], [18, 10, 18, 6], [18, 6, 18, 12], [18, 12, 16, 12], [16, 12, 16, 11], [16, 11, 12, 11], [12, 11, 12, 13], [12, 13, 13, 13], [13, 13, 3, 13]]}
META {"type": "geom", "shape": "tile", "group": "path", "data": [[27, 12], [27, 13], [27, 12], [27, 11], [27, 10], [27, 9], [27, 8], [27, 7], [28, 7], [29, 7], [29, 6], [29, 5], [29, 4], [29, 3], [28, 3], [27, 3], [26, 3], [25, 3], [25, 4], [25, 5], [25, 6], [25, 7], [25, 8], [25, 9], [24, 9], [23, 9], [23, 8], [22, 8], [21, 8], [20, 8], [19, 8], [18, 8], [17, 8], [17, 7], [17, 6], [17, 5], [17, 4], [17, 5], [17, 6], [17, 7], [17, 8], [17, 9], [17, 10], [18, 10], [18, 9], [18, 8], [18, 7], [18, 6], [18, 7], [18, 8], [18, 9], [18, 10], [18, 11], [18, 12], [17, 12], [16, 12], [16, 11], [15, 11], [14, 11], [13, 11], [12, 11], [12, 12], [12, 13], [13, 13], [12, 13], [11, 13], [10, 13], [9, 13], [8, 13], [7, 13], [6, 13], [5, 13], [4, 13], [3, 13]]}
META {"type": "geom", "shape": "line", "group": "offpath", "data": [[27, 3, 27, 4], [27, 4, 27, 3], [14, 7, 14, 6], [14, 3, 14, 4], [14, 6, 14, 12], [14, 12, 12, 12], [14, 4, 14, 3], [4, 7, 14, 7], [17, 7, 18, 7], [17, 9, 18, 9], [25, 5, 26, 5], [18, 7, 17, 7], [18, 9, 17, 9], [10, 7, 4, 7], [10, 6, 10, 7], [16, 4, 16, 5], [16, 5, 16, 4], [13, 8, 13, 6], [13, 6, 13, 8], [12, 6, 10, 6], [12, 12, 12, 6], [26, 5, 25, 5], [21, 6, 21, 10], [21, 4, 21, 2], [21, 2, 21, 4], [21, 10, 21, 6]]}
