XXXXXXXXXXXXXXXX
XXX--XX----XXXXX
X0--XXXX----1XXX
XXX-XXXX-XXXXXXX
XXX------XXXXXXX
X---XX------XX-X
X---XX----X----X
XX--XX----X-XX-X
X-----XXX-X-XX-X
X----X----X-XX-X
XXX-X--X-------X
XXXXXXXXXXXX--XX
XXXXXXXXXXXXXXXX
XXX------XXXXXXX
X2-XX--XX-XX--3X
XXXXXXXXXXXXXXXX
META {"type": "solver", "id": "pysat-rc2", "objective": 0}
META {"type": "geom", "shape": "path", "group": "path", "data": [[2, 1, 2, 2], [2, 2, 2, 3], [2, 3, 3, 3], [3, 3, 4, 3], [4, 3, 4, 4], [4, 4, 4, 5], [4, 5, 4, 6], [4, 6, 4, 7], [4, 7, 4, 8], [4, 8, 3, 8], [3, 8, 2, 8], [2, 8, 2, 9], [2, 9, 1, 9], [1, 9, 1, 10], [1, 10, 2, 10], [2, 10, 2, 11], [2, 11, 2, 12]]}
META {"type": "geom", "shape": "tile", "group": "path", "data": [[2, 1], [2, 2], [2, 3], [3, 3], [4, 3], [4, 4], [4, 5], [4, 6], [4, 7], [4, 8], [3, 8], [2, 8], [2, 9], [1, 9], [1, 10], [2, 10], [2, 11], [2, 12]]}
META {"type": "geom", "shape": "line", "group": "offpath", "data": [[6, 2, 6, 3], [6, 14, 6, 13], [6, 3, 5, 3], [6, 9, 7, 9], [6, 7, 5, 7], [6, 13, 6, 14], [6, 1, 5, 1], [8, 2, 7, 2], [8, 3, 9, 3], [8, 11, 9, 11], [8, 1, 9, 1], [9, 2, 8, 2], [9, 3, 9, 2], [9, 9, 10, 9], [9, 8, 9, 9], [9, 11, 8, 11], [9, 1, 8, 1], [7, 2, 7, 3], [7, 3, 8, 3], [7, 9, 7, 8], [7, 7, 6, 7], [7, 8, 7, 7], [11, 13, 11, 12], [11, 12, 11, 13], [10, 9, 10, 8], [10, 5, 10, 6], [10, 6, 10, 5], [10, 8, 9, 8], [5, 2, 6, 2], [5, 3, 5, 2], [5, 9, 6, 9], [5, 7, 5, 8], [5, 8, 5, 9], [5, 1, 6, 1]]}
