XXXXXXXXXXXXXXXX
XXXXX---XXX-XXXX
XXX0--------XXXX
XXXXX---XXX---1X
XXXXX--XXXX--XXX
X----X-XXXX--XXX
X-X--X--XX-X---X
X-X--X--XX-----X
X-X-X-----XXX-XX
XX--X---------XX
X---X---XXXXXX-X
X--X---X-------X
XXXXXXX--XXXXXXX
XXXXXXX--XXXXXXX
X2-----XX-----3X
XXXXXXXXXXXXXXXX
META {"type": "solver", "id": "pysat-rc2", "objective": 0}
META {"type": "geom", "shape": "path", "group": "path", "data": [[2, 3, 2, 4], [2, 4, 2, 5], [2, 5, 3, 5], [3, 5, 4, 5], [4, 5, 4, 6], [4, 6, 5, 6], [5, 6, 6, 6], [6, 6, 7, 6], [7, 6, 7, 7], [7, 7, 8, 7], [8, 7, 8, 8], [8, 8, 8, 9], [8, 9, 9, 9], [9, 9, 9, 10], [9, 10, 9, 11], [9, 11, 9, 12], [9, 12, 9, 13], [9, 13, 8, 13], [8, 13, 7, 13], [7, 13, 6, 13], [6, 13, 6, 12], [6, 12, 5, 12], [5, 12, 5, 11], [5, 11, 4, 11], [4, 11, 3, 11], [3, 11, 3, 12], [3, 12, 3, 13], [3, 13, 3, 14]]}
META {"type": "geom", "shape": "tile", "group": "path", "data": [[2, 3], [2, 4], [2, 5], [3, 5], [4, 5], [4, 6], [5, 6], [6, 6], [7, 6], [7, 7], [8, 7], [8, 8], [8, 9], [9, 9], [9, 10], [9, 11], [9, 12], [9, 13], [8, 13], [7, 13], [6, 13], [6, 12], [5, 12], [5, 11], [4, 11], [3, 11], [3, 12], [3, 13], [3, 14]]}
META {"type": "geom", "shape": "line", "group": "offpath", "data": [[9, 5, 8, 5], [8, 5, 9, 5], [10, 5, 10, 6], [10, 6, 11, 6], [11, 5, 10, 5], [11, 6, 11, 5]]}
