XXXXXXXXXXXXXXXX
X0-XXXX-------1X
XXXXXXXX-----XXX
XXXXXXXX-----XXX
X-XX-XX-XX-X---X
XX------XX--X--X
X-XX----XX-----X
X-XX----XX-----X
XXXXX--X--XXX--X
XXXXX---------XX
X-XX-----------X
X---XXX---X---XX
XXX-XXX---X--XXX
XXX-------X--XXX
X2--XX-XX-----3X
XXXXXXXXXXXXXXXX
META {"type": "solver", "id": "pysat-rc2", "objective": 0}
META {"type": "geom", "shape": "path", "group": "path", "data": [[14, 1, 14, 2], [14, 2, 14, 3], [14, 3, 13, 3], [13, 3, 13, 4], [13, 4, 13, 5], [13, 5, 13, 6], [13, 6, 13, 7], [13, 7, 12, 7], [12, 7, 11, 7], [11, 7, 11, 8], [11, 8, 11, 9], [11, 9, 12, 9], [12, 9, 13, 9], [13, 9, 14, 9], [14, 9, 14, 10], [14, 10, 14, 11], [14, 11, 13, 11], [13, 11, 12, 11], [12, 11, 12, 12], [12, 12, 13, 12], [13, 12, 14, 12], [14, 12, 14, 13], [14, 13, 14, 14]]}
META {"type": "geom", "shape": "tile", "group": "path", "data": [[14, 1], [14, 2], [14, 3], [13, 3], [13, 4], [13, 5], [13, 6], [13, 7], [12, 7], [11, 7], [11, 8], [11, 9], [12, 9], [13, 9], [14, 9], [14, 10], [14, 11], [13, 11], [12, 11], [12, 12], [13, 12], [14, 12], [14, 13], [14, 14]]}
META {"type": "geom", "shape": "line", "group": "offpath", "data": [[3, 12, 2, 12], [3, 10, 4, 10], [3, 9, 3, 10], [1, 8, 1, 9], [1, 10, 1, 11], [1, 11, 1, 10], [1, 9, 1, 8], [12, 8, 13, 8], [10, 6, 9, 6], [10, 5, 10, 6], [10, 13, 9, 13], [10, 7, 9, 7], [13, 8, 12, 8], [4, 12, 3, 12], [4, 10, 5, 10], [4, 14, 4, 13], [4, 13, 4, 12], [4, 7, 5, 7], [6, 6, 5, 6], [6, 4, 5, 4], [6, 12, 6, 11], [6, 10, 7, 10], [6, 5, 5, 5], [6, 11, 6, 12], [6, 14, 5, 14], [6, 13, 5, 13], [7, 4, 7, 5], [7, 12, 7, 13], [7, 10, 7, 11], [7, 5, 7, 4], [7, 11, 7, 12], [7, 14, 6, 14], [7, 13, 7, 14], [9, 6, 8, 6], [9, 8, 9, 9], [9, 5, 10, 5], [9, 13, 10, 13], [9, 9, 8, 9], [9, 7, 10, 7], [8, 6, 8, 5], [8, 8, 9, 8], [8, 5, 9, 5], [8, 14, 8, 13], [8, 13, 8, 14], [8, 9, 8, 8], [5, 6, 6, 6], [5, 4, 6, 4], [5, 10, 6, 10], [5, 5, 6, 5], [5, 3, 5, 2], [5, 14, 4, 14], [5, 2, 5, 3], [5, 13, 6, 13], [5, 7, 4, 7], [2, 12, 2, 11], [2, 10, 2, 9], [2, 11, 2, 10], [2, 9, 3, 9], [11, 12, 11, 11], [11, 11, 11, 12]]}
