XXXXXXXXXXXXXXXX
X---}XXX-XX-X-XX
X--XXXXX---X---X
X--XXXXX---X-X-X
X-X-----X--X-X-X
X----XXX-----X-X
X---X---XXXXX-XX
XXX--XXX-------X
XXX------XXXX--X
X-----XXXXXXXX-X
X----XXXXXXXXX-X
X----XXXXXX{--XX
X-------XXXXX-XX
XX------XXXXX-XX
X--------------X
XXXXXXXXXXXXXXXX
META {"type": "solver", "id": "pysat-rc2-boolonly", "objective": 0}
META {"type": "geom", "shape": "path", "group": "path", "data": [[11, 11, 11, 12], [11, 12, 11, 13], [11, 13, 12, 13], [12, 13, 13, 13], [13, 13, 14, 13], [14, 13, 14, 12], [14, 12, 14, 11], [14, 11, 14, 10], [14, 10, 14, 9], [14, 9, 14, 8], [14, 8, 14, 7], [14, 7, 13, 7], [13, 7, 12, 7], [12, 7, 12, 6], [12, 6, 12, 5], [12, 5, 12, 4], [12, 4, 11, 4], [11, 4, 10, 4], [10, 4, 9, 4], [9, 4, 8, 4], [8, 4, 7, 4], [7, 4, 7, 3], [7, 3, 6, 3], [6, 3, 5, 3], [5, 3, 5, 2], [5, 2, 5, 1], [5, 1, 4, 1], [4, 1, 3, 1], [3, 1, 2, 1], [2, 1, 1, 1], [1, 1, 1, 2], [1, 2, 1, 3], [1, 3, 1, 4]]}
