XXXXXXXXXXXXXXXX
XXXXXXXXXXXXXXXX
XXXXXX}XXX---XXX
XXXXXX-------XXX
XXX-------#--XXX
XXXXXXXX------XX
XXXXXXXXX--X--XX
XXXX-XXXX-XX--XX
XX---XXXX--X--XX
XXX--XXXX-----XX
XXX--------#--XX
XXX-----------XX
XX----##-----XXX
XX##-----#--XXXX
XX--X--------XXX
XX-XXXXX--##-XXX
XXXXXXXX-----XXX
XXXXXX---#---XXX
XXXXXX-----XXXXX
XXXX-------XXXXX
XXXX--###--XXXXX
XX--#-----X--XXX
XX--------XX--XX
XX----XX---X--XX
XX-XX--X-#--XXXX
XX--X-------XXXX
XX---XXXX---XXXX
XX---XXXX##---XX
XXX---XXX-----XX
XXX-{-XXXX---XXX
XXXXXXXXXXXXXXXX
XXXXXXXXXXXXXXXX
META {"type": "solver", "id": "pysat-rc2", "objective": 0}
META {"type": "geom", "shape": "path", "group": "path", "data": [[29, 4, 29, 5], [29, 5, 28, 5], [28, 5, 28, 3], [28, 3, 29, 3], [29, 3, 25, 3], [25, 3, 25, 2], [25, 2, 21, 2], [21, 2, 21, 3], [21, 3, 23, 3], [23, 3, 23, 5], [23, 5, 25, 5], [25, 5, 19, 5], [19, 5, 19, 4], [19, 4, 19, 10], [19, 10, 20, 10], [20, 10, 16, 10], [16, 10, 16, 8], [16, 8, 10, 8], [10, 8, 10, 10], [10, 10, 14, 10], [14, 10, 8, 10], [8, 10, 8, 9], [8, 9, 12, 9], [12, 9, 12, 8], [12, 8, 12, 12], [12, 12, 2, 12], [2, 12, 2, 10], [2, 10, 3, 10], [3, 10, 3, 6], [3, 6, 2, 6]]}
META {"type": "geom", "shape": "tile", "group": "path", "data": [[29, 4], [29, 5], [28, 5], [28, 4], [28, 3], [29, 3], [28, 3], [27, 3], [26, 3], [25, 3], [25, 2], [24, 2], [23, 2], [22, 2], [21, 2], [21, 3], [22, 3], [23, 3], [23, 4], [23, 5], [24, 5], [25, 5], [24, 5], [23, 5], [22, 5], [21, 5], [20, 5], [19, 5], [19, 4], [19, 5], [19, 6], [19, 7], [19, 8], [19, 9], [19, 10], [20, 10], [19, 10], [18, 10], [17, 10], [16, 10], [16, 9], [16, 8], [15, 8], [14, 8], [13, 8], [12, 8], [11, 8], [10, 8], [10, 9], [10, 10], [11, 10], [12, 10], [13, 10], [14, 10], [13, 10], [12, 10], [11, 10], [10, 10], [9, 10], [8, 10], [8, 9], [9, 9], [10, 9], [11, 9], [12, 9], [12, 8], [12, 9], [12, 10], [12, 11], [12, 12], [11, 12], [10, 12], [9, 12], [8, 12], [7, 12], [6, 12], [5, 12], [4, 12], [3, 12], [2, 12], [2, 11], [2, 10], [3, 10], [3, 9], [3, 8], [3, 7], [3, 6], [2, 6]]}
META {"type": "geom", "shape": "line", "group": "offpath", "data": [[13, 4, 7, 4], [13, 7, 14, 7], [22, 12, 21, 12], [22, 13, 22, 12], [22, 6, 21, 6], [21, 12, 23, 12], [21, 6, 22, 6], [16, 9, 14, 9], [16, 11, 17, 11], [10, 3, 8, 3], [10, 12, 10, 13], [10, 5, 10, 3], [10, 7, 11, 7], [10, 13, 10, 12], [10, 6, 11, 6], [18, 10, 18, 6], [18, 6, 18, 10], [17, 11, 16, 11], [4, 12, 4, 11], [4, 11, 4, 12], [4, 7, 3, 7], [23, 12, 23, 13], [23, 13, 22, 13], [3, 7, 4, 7], [12, 3, 12, 5], [12, 5, 10, 5], [26, 4, 26, 2], [26, 9, 26, 11], [26, 11, 24, 11], [26, 2, 27, 2], [26, 10, 26, 9], [6, 12, 6, 13], [6, 13, 6, 12], [8, 4, 8, 2], [8, 3, 12, 3], [8, 12, 8, 13], [8, 2, 8, 4], [8, 13, 8, 12], [24, 11, 24, 10], [24, 5, 24, 6], [24, 10, 26, 10], [24, 6, 24, 5], [14, 3, 14, 2], [14, 9, 16, 9], [14, 2, 14, 3], [14, 7, 13, 7], [27, 4, 26, 4], [27, 12, 27, 11], [27, 11, 29, 11], [27, 2, 27, 4], [27, 13, 28, 13], [11, 3, 11, 13], [11, 7, 10, 7], [11, 13, 11, 3], [11, 6, 10, 6], [29, 12, 27, 12], [29, 11, 29, 12], [28, 13, 27, 13], [7, 4, 13, 4]]}
