XXXXXXXXXXXXXXXX
XXXXXXXXXXXXXXXX
XXXXXXXXXXXXXXXX
XXXXXXXXXXXXXXXX
XX--XXXXX-XXX}XX
XX---XXX------XX
XX---XXX------XX
XX---XXX------XX
XX-----XXX----XX
XX-##--XXX##--XX
XX------------XX
XX---------#--XX
XXX--#-------XXX
XXXX---XX-#-XXXX
XXXX----X---XXXX
XXX---#-----XXXX
XX--#------#--XX
XX-----XXX----XX
XX-----XXX----XX
XX##-#-XXX##-XXX
XX-----XXX--XXXX
XX----------XXXX
XX-##---X---XXXX
XX----#-XXX-XXXX
XX------XXX-XXXX
XXXXXX--XXX-XXXX
XXXXXX----XXXXXX
XXXXXX--{-XXXXXX
XXXXXX-XXXXXXXXX
XXXXXXXXXXXXXXXX
XXXXXXXXXXXXXXXX
XXXXXXXXXXXXXXXX
META {"type": "solver", "id": "pysat-rc2-boolonly", "objective": 0}
META {"type": "geom", "shape": "path", "group": "path", "data": [[27, 8, 27, 6], [27, 6, 28, 6], [28, 6, 24, 6], [24, 6, 24, 2], [24, 2, 20, 2], [20, 2, 20, 6], [20, 6, 16, 6], [16, 6, 16, 10], [16, 10, 14, 10], [14, 10, 14, 9], [14, 9, 10, 9], [10, 9, 10, 13], [10, 13, 4, 13]]}
META {"type": "geom", "shape": "tile", "group": "path", "data": [[27, 8], [27, 7], [27, 6], [28, 6], [27, 6], [26, 6], [25, 6], [24, 6], [24, 5], [24, 4], [24, 3], [24, 2], [23, 2], [22, 2], [21, 2], [20, 2], [20, 3], [20, 4], [20, 5], [20, 6], [19, 6], [18, 6], [17, 6], [16, 6], [16, 7], [16, 8], [16, 9], [16, 10], [15, 10], [14, 10], [14, 9], [13, 9], [12, 9], [11, 9], [10, 9], [10, 10], [10, 11], [10, 12], [10, 13], [9, 13], [8, 13], [7, 13], [6, 13], [5, 13], [4, 13]]}
META {"type": "geom", "shape": "line", "group": "offpath", "data": [[5, 2, 5, 4], [5, 4, 5, 2], [12, 7, 10, 7], [12, 12, 12, 6], [12, 10, 10, 10], [12, 6, 12, 12], [10, 7, 12, 7], [10, 2, 4, 2], [10, 10, 12, 10], [10, 4, 10, 2], [4, 2, 4, 3], [4, 3, 8, 3], [20, 5, 24, 5], [6, 2, 6, 4], [6, 4, 6, 2], [16, 13, 16, 12], [16, 2, 16, 3], [16, 12, 16, 13], [16, 3, 16, 2], [14, 6, 14, 4], [14, 4, 10, 4], [23, 3, 24, 3], [8, 2, 8, 6], [8, 6, 14, 6], [8, 3, 8, 2], [24, 5, 20, 5], [24, 3, 23, 3]]}
