XXXXXXXXXXXXXXXX
XXXXXXXXXXXXXXXX
XX}XXXX-XXXXXXXX
XX-XXX--XXXXXXXX
XX------XXX--XXX
XXX---XXXXXX--XX
XXX----XXXXX--XX
XXX--X-XXXXX--XX
XXX-XX-XXXXXX-XX
XXX--X-XXXXXX-XX
XX---XX---XXX-XX
XX----X---XXX-XX
XX--#--#------XX
XXX------XXX--XX
XXX---X--XXX--XX
XXX##-XXXXXX--XX
XXX---XXXXXX--XX
XXX---XXXXXX--XX
XX---#-------XXX
XX-#---##---XXXX
XX--------XXXXXX
XXX---#---XXXXXX
XXXXX------XXXXX
XXXXX--###-XXXXX
XXXX-------XXXXX
XXX-------X--XXX
XX--------XXXXXX
XX-XX----XXXXXXX
XX--X--XXXXXXXXX
XXX--{-XXXXXXXXX
XXXXXXXXXXXXXXXX
XXXXXXXXXXXXXXXX
META {"type": "solver", "id": "pysat-rc2-boolonly", "objective": 0}
META {"type": "geom", "shape": "path", "group": "path", "data": [[29, 5, 19, 5], [19, 5, 19, 4], [19, 4, 19, 6], [19, 6, 18, 6], [18, 6, 18, 12], [18, 12, 12, 12], [12, 12, 12, 8], [12, 8, 10, 8], [10, 8, 14, 8], [14, 8, 14, 7], [14, 7, 13, 7], [13, 7, 13, 3], [13, 3, 14, 3], [14, 3, 4, 3], [4, 3, 4, 2], [4, 2, 2, 2]]}
META {"type": "geom", "shape": "tile", "group": "path", "data": [[29, 5], [28, 5], [27, 5], [26, 5], [25, 5], [24, 5], [23, 5], [22, 5], [21, 5], [20, 5], [19, 5], [19, 4], [19, 5], [19, 6], [18, 6], [18, 7], [18, 8], [18, 9], [18, 10], [18, 11], [18, 12], [17, 12], [16, 12], [15, 12], [14, 12], [13, 12], [12, 12], [12, 11], [12, 10], [12, 9], [12, 8], [11, 8], [10, 8], [11, 8], [12, 8], [13, 8], [14, 8], [14, 7], [13, 7], [13, 6], [13, 5], [13, 4], [13, 3], [14, 3], [13, 3], [12, 3], [11, 3], [10, 3], [9, 3], [8, 3], [7, 3], [6, 3], [5, 3], [4, 3], [4, 2], [3, 2], [2, 2]]}
META {"type": "geom", "shape": "line", "group": "offpath", "data": [[16, 12, 16, 13], [16, 13, 16, 12], [16, 3, 18, 3], [11, 7, 11, 9], [11, 4, 11, 2], [11, 9, 12, 9], [11, 2, 10, 2], [4, 12, 4, 11], [4, 7, 2, 7], [4, 11, 4, 12], [2, 7, 4, 7], [18, 9, 22, 9], [18, 2, 20, 2], [18, 10, 19, 10], [18, 3, 16, 3], [12, 9, 10, 9], [12, 2, 12, 3], [12, 3, 12, 2], [19, 10, 18, 10], [7, 12, 7, 13], [7, 13, 5, 13], [20, 2, 18, 2], [20, 8, 22, 8], [5, 5, 5, 3], [5, 12, 7, 12], [5, 13, 5, 12], [5, 3, 5, 5], [25, 9, 25, 3], [25, 3, 25, 9], [22, 9, 18, 9], [22, 8, 20, 8], [28, 5, 28, 6], [28, 6, 28, 5], [10, 7, 11, 7], [10, 4, 11, 4], [10, 9, 10, 7], [10, 2, 10, 4], [26, 9, 24, 9], [15, 12, 15, 13], [15, 13, 15, 12], [3, 7, 3, 6], [3, 6, 3, 7], [14, 12, 14, 13], [14, 13, 14, 12], [24, 4, 24, 10], [24, 9, 26, 9], [24, 10, 24, 4], [17, 12, 17, 13], [17, 13, 17, 12]]}
