XXXXXXXXXXXXXXXX
XXXXXXXXXXXXXXXX
XXXX}XXX--XXXXXX
XXXX------XXXXXX
XXXX-----#---XXX
XXX--X-------XXX
XXX--XX-X-X--XXX
XXX---X-XXX--XXX
XX--X---XXX--XXX
XX--XXX------XXX
XX--XXX--X---XXX
XX--XXX-XX-#-XXX
XX-X-----X---XXX
XXXX-#-------XXX
XXXX----#--#--XX
XXX---#-------XX
XX--#----##-#-XX
XX------------XX
XX---#-##--X--XX
XXXX-------XXXXX
XXXX-----#-XXXXX
XXX--------XXXXX
XXX--#-##-----XX
XXX--------X--XX
XX---------XXXXX
XX------#---XXXX
XX-#--{-----XXXX
XX---XXX----XXXX
XX---XXXXXXXXXXX
XXXXXXXXXXXXXXXX
XXXXXXXXXXXXXXXX
XXXXXXXXXXXXXXXX
META {"type": "solver", "id": "pysat-rc2", "objective": 0}
META {"type": "geom", "shape": "path", "group": "path", "data": [[26, 6, 16, 6], [16, 6, 16, 8], [16, 8, 17, 8], [17, 8, 15, 8], [15, 8, 15, 7], [15, 7, 17, 7], [17, 7, 17, 13], [17, 13, 18, 13], [18, 13, 18, 12], [18, 12, 17, 12], [17, 12, 17, 2], [17, 2, 16, 2], [16, 2, 16, 3], [16, 3, 15, 3], [15, 3, 15, 5], [15, 5, 14, 5], [14, 5, 14, 4], [14, 4, 12, 4], [12, 4, 12, 8], [12, 8, 13, 8], [13, 8, 13, 6], [13, 6, 13, 12], [13, 12, 15, 12], [15, 12, 15, 13], [15, 13, 14, 13], [14, 13, 14, 12], [14, 12, 4, 12], [4, 12, 4, 10], [4, 10, 5, 10], [5, 10, 5, 6], [5, 6, 3, 6], [3, 6, 3, 4], [3, 4, 2, 4]]}
META {"type": "geom", "shape": "tile", "group": "path", "data": [[26, 6], [25, 6], [24, 6], [23, 6], [22, 6], [21, 6], [20, 6], [19, 6], [18, 6], [17, 6], [16, 6], [16, 7], [16, 8], [17, 8], [16, 8], [15, 8], [15, 7], [16, 7], [17, 7], [17, 8], [17, 9], [17, 10], [17, 11], [17, 12], [17, 13], [18, 13], [18, 12], [17, 12], [17, 11], [17, 10], [17, 9], [17, 8], [17, 7], [17, 6], [17, 5], [17, 4], [17, 3], [17, 2], [16, 2], [16, 3], [15, 3], [15, 4], [15, 5], [14, 5], [14, 4], [13, 4], [12, 4], [12, 5], [12, 6], [12, 7], [12, 8], [13, 8], [13, 7], [13, 6], [13, 7], [13, 8], [13, 9], [13, 10], [13, 11], [13, 12], [14, 12], [15, 12], [15, 13], [14, 13], [14, 12], [13, 12], [12, 12], [11, 12], [10, 12], [9, 12], [8, 12], [7, 12], [6, 12], [5, 12], [4, 12], [4, 11], [4, 10], [5, 10], [5, 9], [5, 8], [5, 7], [5, 6], [4, 6], [3, 6], [3, 5], [3, 4], [2, 4]]}
META {"type": "geom", "shape": "line", "group": "offpath", "data": [[7, 3, 11, 3], [7, 4, 7, 3], [17, 10, 27, 10], [17, 9, 19, 9], [28, 2, 24, 2], [19, 9, 17, 9], [19, 8, 21, 8], [19, 5, 21, 5], [6, 12, 6, 11], [6, 11, 6, 12], [24, 2, 28, 2], [9, 8, 10, 8], [8, 2, 12, 2], [12, 2, 8, 2], [12, 11, 13, 11], [22, 12, 22, 13], [22, 13, 23, 13], [2, 9, 2, 8], [2, 8, 2, 9], [18, 2, 18, 4], [18, 4, 18, 2], [21, 3, 25, 3], [21, 8, 19, 8], [21, 5, 19, 5], [11, 3, 5, 3], [5, 3, 5, 4], [5, 4, 7, 4], [13, 11, 12, 11], [23, 12, 22, 12], [23, 7, 23, 3], [23, 3, 21, 3], [23, 13, 23, 12], [25, 9, 27, 9], [25, 7, 23, 7], [25, 3, 25, 7], [25, 11, 25, 9], [27, 10, 17, 10], [27, 9, 27, 11], [27, 2, 27, 4], [27, 4, 27, 2], [27, 11, 25, 11], [4, 11, 10, 11], [10, 10, 10, 12], [10, 2, 10, 3], [10, 12, 10, 10], [10, 3, 10, 2], [10, 11, 4, 11], [10, 8, 9, 8]]}
