XXXXXXXXXXXXXXXX
X0-----X-X--XXXX
XXX-XX--------1X
XXX-XX-XX----XXX
X--XXXXXXXXXXXXX
X--XXXXXXXXXXXXX
XX----XX----XX-X
XX---X---------X
X-XX-X-X-------X
X-XX-X--XXXX--XX
XX--X-XX----XXXX
XXXX--XX-XX-XXXX
XXXX--XX-XX--XXX
XXXX--XX-----XXX
X2------------3X
XXXXXXXXXXXXXXXX
META {"type": "solver", "id": "pysat-rc2-boolonly", "objective": 0}
META {"type": "geom", "shape": "path", "group": "path", "data": [[1, 1, 1, 2], [1, 2, 1, 3], [1, 3, 1, 4], [1, 4, 1, 5], [1, 5, 1, 6], [1, 6, 2, 6], [2, 6, 2, 7], [2, 7, 2, 8], [2, 8, 2, 9], [2, 9, 3, 9], [3, 9, 3, 10], [3, 10, 3, 11], [3, 11, 3, 12], [3, 12, 2, 12], [2, 12, 2, 13], [2, 13, 2, 14]]}
META {"type": "geom", "shape": "tile", "group": "path", "data": [[1, 1], [1, 2], [1, 3], [1, 4], [1, 5], [1, 6], [2, 6], [2, 7], [2, 8], [2, 9], [3, 9], [3, 10], [3, 11], [3, 12], [2, 12], [2, 13], [2, 14]]}
META {"type": "geom", "shape": "line", "group": "offpath", "data": [[11, 11, 10, 11], [10, 11, 11, 11], [8, 11, 8, 10], [8, 10, 8, 9], [8, 14, 8, 13], [8, 8, 7, 8], [8, 9, 8, 8], [8, 13, 7, 13], [8, 12, 9, 12], [7, 11, 8, 11], [7, 14, 8, 14], [7, 8, 7, 9], [7, 9, 6, 9], [7, 13, 7, 14], [6, 11, 7, 11], [6, 10, 6, 11], [6, 9, 6, 10], [9, 12, 8, 12]]}
META {"type": "geom", "shape": "path", "group": "path", "data": [[14, 1, 14, 2], [14, 2, 14, 3], [14, 3, 14, 4], [14, 4, 14, 5], [14, 5, 14, 6], [14, 6, 14, 7], [14, 7, 14, 8], [14, 8, 14, 9], [14, 9, 14, 10], [14, 10, 14, 11], [14, 11, 14, 12], [14, 12, 14, 13], [14, 13, 14, 14]]}
META {"type": "geom", "shape": "tile", "group": "path", "data": [[14, 1], [14, 2], [14, 3], [14, 4], [14, 5], [14, 6], [14, 7], [14, 8], [14, 9], [14, 10], [14, 11], [14, 12], [14, 13], [14, 14]]}
META {"type": "geom", "shape": "line", "group": "offpath", "data": [[11, 8, 12, 8], [12, 8, 11, 8], [8, 10, 8, 9], [8, 9, 8, 10], [13, 11, 13, 12], [13, 10, 13, 9], [13, 9, 13, 10], [13, 12, 13, 11], [9, 6, 9, 7], [9, 7, 9, 6]]}
