XXXXXXXXXXXXXXXX
XXX0----X--X--1X
XXXXX-----X--XXX
XXXXX-----X--XXX
X-------X-X-XXXX
X-------X---XXXX
X-------X------X
XXXX---X--XXX-XX
XXXX--X------X-X
X---XX-XXXXXX-XX
XX-XXXX-------XX
XX-XXXX-XX---X-X
XXX-XX--XX-XXXXX
XXX-XX--XX-XXXXX
X2------XX----3X
XXXXXXXXXXXXXXXX
META {"type": "solver", "id": "pysat-rc2", "objective": 0}
META {"type": "geom", "shape": "path", "group": "path", "data": [[1, 3, 1, 4], [1, 4, 1, 5], [1, 5, 2, 5], [2, 5, 3, 5], [3, 5, 4, 5], [4, 5, 4, 4], [4, 4, 5, 4], [5, 4, 5, 3], [5, 3, 4, 3], [4, 3, 4, 2], [4, 2, 5, 2], [5, 2, 5, 1], [5, 1, 6, 1], [6, 1, 6, 2], [6, 2, 6, 3], [6, 3, 6, 4], [6, 4, 6, 5], [6, 5, 6, 6], [6, 6, 6, 7], [6, 7, 5, 7], [5, 7, 4, 7], [4, 7, 3, 7], [3, 7, 2, 7], [2, 7, 2, 8], [2, 8, 3, 8], [3, 8, 3, 9], [3, 9, 4, 9], [4, 9, 5, 9], [5, 9, 5, 10], [5, 10, 5, 11], [5, 11, 4, 11], [4, 11, 3, 11], [3, 11, 3, 12], [3, 12, 2, 12], [2, 12, 1, 12], [1, 12, 1, 13], [1, 13, 1, 14]]}
META {"type": "geom", "shape": "tile", "group": "path", "data": [[1, 3], [1, 4], [1, 5], [2, 5], [3, 5], [4, 5], [4, 4], [5, 4], [5, 3], [4, 3], [4, 2], [5, 2], [5, 1], [6, 1], [6, 2], [6, 3], [6, 4], [6, 5], [6, 6], [6, 7], [5, 7], [4, 7], [3, 7], [2, 7], [2, 8], [3, 8], [3, 9], [4, 9], [5, 9], [5, 10], [5, 11], [4, 11], [3, 11], [3, 12], [2, 12], [1, 12], [1, 13], [1, 14]]}
META {"type": "geom", "shape": "line", "group": "offpath", "data": [[6, 11, 6, 10], [6, 13, 6, 14], [6, 10, 6, 11], [6, 14, 6, 13], [7, 8, 7, 9], [7, 9, 8, 9], [1, 9, 2, 9], [1, 6, 2, 6], [8, 11, 8, 12], [8, 12, 8, 11], [8, 8, 7, 8], [8, 9, 8, 8], [2, 9, 1, 9], [2, 6, 1, 6]]}
META {"type": "geom", "shape": "path", "group": "path", "data": [[14, 1, 14, 2], [14, 2, 14, 3], [14, 3, 14, 4], [14, 4, 14, 5], [14, 5, 14, 6], [14, 6, 13, 6], [13, 6, 12, 6], [12, 6, 12, 7], [12, 7, 11, 7], [11, 7, 10, 7], [10, 7, 10, 8], [10, 8, 10, 9], [10, 9, 10, 10], [10, 10, 11, 10], [11, 10, 12, 10], [12, 10, 13, 10], [13, 10, 14, 10], [14, 10, 14, 11], [14, 11, 14, 12], [14, 12, 14, 13], [14, 13, 14, 14]]}
META {"type": "geom", "shape": "tile", "group": "path", "data": [[14, 1], [14, 2], [14, 3], [14, 4], [14, 5], [14, 6], [13, 6], [12, 6], [12, 7], [11, 7], [10, 7], [10, 8], [10, 9], [10, 10], [11, 10], [12, 10], [13, 10], [14, 10], [14, 11], [14, 12], [14, 13], [14, 14]]}
META {"type": "geom", "shape": "line", "group": "offpath", "data": [[10, 11, 10, 12], [10, 12, 11, 12], [3, 7, 3, 8], [3, 8, 3, 7], [3, 9, 4, 9], [6, 13, 7, 13], [6, 9, 7, 9], [4, 9, 3, 9], [7, 13, 6, 13], [7, 9, 6, 9], [8, 11, 8, 12], [8, 12, 8, 11], [8, 9, 8, 10], [8, 10, 8, 9], [2, 7, 2, 6], [2, 8, 2, 9], [2, 9, 2, 8], [2, 6, 2, 7], [11, 11, 10, 11], [11, 12, 11, 11]]}
