XXXXXXXXXXXXXXXX
X--}XXX-X-XX-X-X
X-XXXXX-------XX
X-XXXXX----XXX-X
X------XX------X
XXXX-X-XX-XXXXXX
XXXX-X----XXXXXX
X----X-XXXXXXXXX
X-----XXXXXXX--X
X-----XXXXXXXXXX
X--------XXXXXXX
X--------XXX{--X
X-XXX----XXXXX-X
X--------XXXXX-X
X-XX--XX-------X
XXXXXXXXXXXXXXXX
META {"type": "solver", "id": "pysat-rc2", "objective": 0}
META {"type": "geom", "shape": "path", "group": "path", "data": [[11, 12, 11, 13], [11, 13, 11, 14], [11, 14, 12, 14], [12, 14, 13, 14], [13, 14, 14, 14], [14, 14, 14, 13], [14, 13, 14, 12], [14, 12, 14, 11], [14, 11, 14, 10], [14, 10, 14, 9], [14, 9, 14, 8], [14, 8, 13, 8], [13, 8, 12, 8], [12, 8, 11, 8], [11, 8, 11, 7], [11, 7, 11, 6], [11, 6, 10, 6], [10, 6, 10, 5], [10, 5, 9, 5], [9, 5, 8, 5], [8, 5, 8, 4], [8, 4, 8, 3], [8, 3, 8, 2], [8, 2, 8, 1], [8, 1, 7, 1], [7, 1, 7, 2], [7, 2, 7, 3], [7, 3, 7, 4], [7, 4, 6, 4], [6, 4, 5, 4], [5, 4, 4, 4], [4, 4, 4, 3], [4, 3, 4, 2], [4, 2, 4, 1], [4, 1, 3, 1], [3, 1, 2, 1], [2, 1, 1, 1], [1, 1, 1, 2], [1, 2, 1, 3]]}
META {"type": "geom", "shape": "tile", "group": "path", "data": [[11, 12], [11, 13], [11, 14], [12, 14], [13, 14], [14, 14], [14, 13], [14, 12], [14, 11], [14, 10], [14, 9], [14, 8], [13, 8], [12, 8], [11, 8], [11, 7], [11, 6], [10, 6], [10, 5], [9, 5], [8, 5], [8, 4], [8, 3], [8, 2], [8, 1], [7, 1], [7, 2], [7, 3], [7, 4], [6, 4], [5, 4], [4, 4], [4, 3], [4, 2], [4, 1], [3, 1], [2, 1], [1, 1], [1, 2], [1, 3]]}
META {"type": "geom", "shape": "line", "group": "offpath", "data": [[1, 12, 2, 12], [14, 5, 14, 4], [14, 4, 14, 5], [2, 12, 1, 12], [2, 9, 3, 9], [2, 7, 2, 8], [2, 8, 2, 9], [11, 5, 12, 5], [11, 4, 10, 4], [13, 3, 13, 4], [13, 5, 13, 6], [13, 1, 12, 1], [13, 6, 13, 5], [13, 4, 13, 3], [10, 4, 11, 4], [4, 5, 4, 6], [4, 6, 4, 5], [3, 9, 3, 8], [3, 7, 2, 7], [3, 8, 3, 7], [12, 5, 11, 5], [12, 1, 13, 1]]}
