XXXXXXXXXXXXXXXX
X---}XXXXXXX-XXX
X-XXXXXXXX-----X
X-XXXXXX------XX
X-------X-X--XXX
XXXXXX--X-X--XXX
XXXXXX--X-X-X-XX
X--------X-----X
X-XX------XX--XX
XXXXXXX--XXXXX-X
XXXXXXX--XXXXX-X
X-XX-----XXX{--X
X---XXXX-XXXXX-X
XX-------XXXXX-X
X-XX-----------X
XXXXXXXXXXXXXXXX
META {"type": "solver", "id": "pysat-rc2", "objective": 0}
META {"type": "geom", "shape": "path", "group": "path", "data": [[11, 12, 11, 13], [11, 13, 11, 14], [11, 14, 12, 14], [12, 14, 13, 14], [13, 14, 14, 14], [14, 14, 14, 13], [14, 13, 14, 12], [14, 12, 14, 11], [14, 11, 14, 10], [14, 10, 14, 9], [14, 9, 14, 8], [14, 8, 13, 8], [13, 8, 12, 8], [12, 8, 11, 8], [11, 8, 10, 8], [10, 8, 9, 8], [9, 8, 9, 7], [9, 7, 8, 7], [8, 7, 7, 7], [7, 7, 6, 7], [6, 7, 6, 6], [6, 6, 5, 6], [5, 6, 4, 6], [4, 6, 4, 5], [4, 5, 4, 4], [4, 4, 4, 3], [4, 3, 4, 2], [4, 2, 4, 1], [4, 1, 3, 1], [3, 1, 2, 1], [2, 1, 1, 1], [1, 1, 1, 2], [1, 2, 1, 3], [1, 3, 1, 4]]}
META {"type": "geom", "shape": "tile", "group": "path", "data": [[11, 12], [11, 13], [11, 14], [12, 14], [13, 14], [14, 14], [14, 13], [14, 12], [14, 11], [14, 10], [14, 9], [14, 8], [13, 8], [12, 8], [11, 8], [10, 8], [9, 8], [9, 7], [8, 7], [7, 7], [6, 7], [6, 6], [5, 6], [4, 6], [4, 5], [4, 4], [4, 3], [4, 2], [4, 1], [3, 1], [2, 1], [1, 1], [1, 2], [1, 3], [1, 4]]}
META {"type": "geom", "shape": "line", "group": "offpath", "data": [[6, 11, 7, 11], [8, 8, 8, 9], [8, 9, 8, 8], [3, 11, 3, 10], [3, 8, 3, 9], [3, 12, 4, 12], [3, 13, 2, 13], [3, 9, 3, 8], [3, 10, 3, 11], [7, 11, 6, 11], [7, 12, 7, 13], [7, 13, 7, 12], [5, 11, 4, 11], [5, 9, 4, 9], [4, 11, 5, 11], [4, 12, 3, 12], [4, 9, 5, 9], [13, 6, 13, 7], [13, 7, 13, 6], [2, 13, 3, 13], [14, 6, 14, 7], [14, 7, 14, 6]]}
