--------------------------------
--------------------------------
------------------------X-------
-------Q--Q----------------Q----
--------------------------------
----------------XX--------------
--------------------------------
----------X---------------------
-----X--------------XXX---------
----------------<>--------------
----------------[]--------------
-------------X--[]----XXXXX-----
-------X----XX--[]--------------
------XX---XXX--[]--------------
-{---XXX--XXXX--[]------------}-
XXXXXXXXXXXXXXXXXXXXXXXXXXXXXXXX
META {"type": "solver", "id": "pysat-rc2", "objective": 0}
META {"type": "geom", "shape": "path", "group": "path", "data": [[14, 1, 10, 5], [10, 5, 11, 6], [11, 6, 12, 6], [12, 6, 8, 3], [8, 3, 9, 4], [9, 4, 10, 3], [10, 3, 11, 2], [11, 2, 12, 1], [12, 1, 13, 2], [13, 2, 14, 3], [14, 3, 12, 3], [12, 3, 13, 3], [13, 3, 14, 2], [14, 2, 10, 2], [10, 2, 11, 3], [11, 3, 12, 4], [12, 4, 13, 4], [13, 4, 14, 4], [14, 4, 12, 2], [12, 2, 13, 1], [13, 1, 14, 0], [14, 0, 10, 4], [10, 4, 11, 5], [11, 5, 12, 5], [12, 5, 13, 5], [13, 5, 11, 7], [11, 7, 10, 8], [10, 8, 11, 9], [11, 9, 12, 9], [12, 9, 13, 9], [13, 9, 14, 8], [14, 8, 14, 9], [14, 9, 12, 11], [12, 11, 8, 12], [8, 12, 9, 12], [9, 12, 10, 12], [10, 12, 11, 12], [11, 12, 7, 15], [7, 15, 8, 16], [8, 16, 4, 20], [4, 20, 5, 20], [5, 20, 6, 20], [6, 20, 7, 19], [7, 19, 8, 19], [8, 19, 9, 20], [9, 20, 10, 21], [10, 21, 11, 21], [11, 21, 12, 21], [12, 21, 13, 22], [13, 22, 14, 22], [14, 22, 12, 23], [12, 23, 13, 24], [13, 24, 14, 24], [14, 24, 12, 25], [12, 25, 13, 26], [13, 26, 14, 26], [14, 26, 14, 27], [14, 27, 10, 27], [10, 27, 11, 28], [11, 28, 12, 29], [12, 29, 13, 28], [13, 28, 14, 29], [14, 29, 11, 27], [11, 27, 12, 28], [12, 28, 13, 27], [13, 27, 14, 28], [14, 28, 10, 28], [10, 28, 11, 29], [11, 29, 12, 30], [12, 30, 13, 31], [13, 31, 14, 31], [14, 31, 13, 30], [13, 30, 14, 30]]}
META {"type": "geom", "shape": "tile", "group": "path", "data": [[14, 1], [13, 1], [13, 2], [12, 2], [12, 3], [11, 3], [11, 4], [10, 4], [10, 5], [11, 5], [11, 6], [12, 6], [11, 6], [11, 5], [10, 5], [10, 4], [9, 4], [9, 3], [8, 3], [9, 3], [9, 4], [10, 4], [10, 3], [11, 3], [11, 2], [12, 2], [12, 1], [13, 1], [13, 2], [14, 2], [14, 3], [13, 3], [12, 3], [13, 3], [14, 3], [14, 2], [13, 2], [12, 2], [11, 2], [10, 2], [11, 2], [11, 3], [12, 3], [12, 4], [13, 4], [14, 4], [13, 4], [13, 3], [12, 3], [12, 2], [13, 2], [13, 1], [14, 1], [14, 0], [13, 0], [13, 1], [12, 1], [12, 2], [11, 2], [11, 3], [10, 3], [10, 4], [11, 4], [11, 5], [12, 5], [13, 5], [12, 5], [12, 6], [11, 6], [11, 7], [10, 7], [10, 8], [11, 8], [11, 9], [12, 9], [13, 9], [14, 9], [14, 8], [14, 9], [13, 9], [13, 10], [12, 10], [12, 11], [11, 11], [10, 11], [9, 11], [8, 11], [8, 12], [9, 12], [10, 12], [11, 12], [10, 12], [10, 13], [9, 13], [9, 14], [8, 14], [8, 15], [7, 15], [8, 15], [8, 16], [7, 16], [7, 17], [6, 17], [6, 18], [5, 18], [5, 19], [4, 19], [4, 20], [5, 20], [6, 20], [7, 20], [7, 19], [8, 19], [9, 19], [9, 20], [10, 20], [10, 21], [11, 21], [12, 21], [13, 21], [13, 22], [14, 22], [13, 22], [13, 23], [12, 23], [13, 23], [13, 24], [14, 24], [13, 24], [13, 25], [12, 25], [13, 25], [13, 26], [14, 26], [14, 27], [13, 27], [12, 27], [11, 27], [10, 27], [11, 27], [11, 28], [12, 28], [12, 29], [13, 29], [13, 28], [14, 28], [14, 29], [13, 29], [13, 28], [12, 28], [12, 27], [11, 27], [12, 27], [12, 28], [13, 28], [13, 27], [14, 27], [14, 28], [13, 28], [12, 28], [11, 28], [10, 28], [11, 28], [11, 29], [12, 29], [12, 30], [13, 30], [13, 31], [14, 31], [13, 31], [13, 30], [14, 30]]}
META {"type": "geom", "shape": "line", "group": "offpath", "data": [[14, 14, 13, 14], [14, 20, 10, 20], [14, 19, 14, 20], [14, 21, 10, 22], [14, 18, 12, 20], [12, 20, 13, 19], [12, 19, 13, 20], [12, 18, 13, 18], [4, 17, 0, 13], [4, 9, 5, 9], [4, 19, 5, 19], [4, 16, 0, 12], [4, 21, 5, 22], [4, 5, 5, 5], [4, 18, 5, 18], [6, 14, 7, 14], [6, 19, 7, 20], [6, 21, 7, 21], [6, 26, 7, 25], [6, 4, 7, 5], [6, 10, 2, 14], [6, 23, 7, 22], [6, 18, 7, 17], [8, 17, 5, 15], [8, 25, 9, 26], [8, 15, 9, 14], [8, 26, 9, 25], [8, 18, 9, 18], [0, 12, 1, 11], [0, 9, 1, 8], [0, 13, 1, 14], [0, 27, 1, 28], [13, 14, 14, 14], [13, 20, 14, 21], [13, 19, 14, 19], [13, 18, 14, 18], [10, 24, 8, 26], [10, 20, 11, 20], [10, 22, 10, 23], [10, 13, 7, 16], [10, 25, 6, 21], [10, 19, 11, 18], [10, 26, 6, 26], [10, 23, 10, 24], [9, 14, 10, 13], [9, 25, 10, 26], [9, 26, 10, 25], [9, 18, 10, 19], [5, 22, 6, 23], [5, 9, 6, 10], [5, 19, 6, 18], [5, 15, 6, 14], [5, 5, 6, 4], [5, 18, 6, 19], [7, 14, 8, 15], [7, 17, 8, 18], [7, 20, 3, 19], [7, 22, 4, 19], [7, 25, 8, 25], [7, 16, 8, 17], [7, 21, 3, 21], [7, 5, 3, 8], [11, 20, 12, 19], [11, 18, 12, 18], [1, 14, 2, 15], [1, 11, 2, 10], [1, 28, 2, 27], [1, 8, 2, 7], [3, 19, 4, 18], [3, 15, 4, 16], [3, 16, 4, 17], [3, 21, 4, 21], [3, 8, 4, 9], [3, 5, 4, 5], [2, 14, 3, 15], [2, 6, 3, 5], [2, 15, 3, 16], [2, 7, 2, 6], [2, 27, 0, 27], [2, 10, 0, 9]]}
