--------------------------------
--------------------------------
---XXXX--Q--Q---------X---X-----
----------------X------------Q--
--------------------------------
-------------------X--X---------
--Q------------------------XX---
-----X--------------------------
-------------------XX-----------
--X----------XX-----------Q-----
------------XXX-----------------
-----XX----XXXX----<>--------X--
----------XXXXX----[]----<>-----
---------XXXXXX----[]----[]-----
-{------XXXXXXX----[]----[]---}-
XXXXXXXXXXXXXXXXXXXXXXXXXXXXXXXX
META {"type": "solver", "id": "clingo-be", "objective": 0}
META {"type": "geom", "shape": "path", "group": "path", "data": [[14, 1, 10, 5], [10, 5, 7, 2], [7, 2, 8, 2], [8, 2, 5, 5], [5, 5, 6, 6], [6, 6, 7, 7], [7, 7, 8, 8], [8, 8, 9, 7], [9, 7, 10, 6], [10, 6, 6, 5], [6, 5, 3, 2], [3, 2, 4, 1], [4, 1, 5, 2], [5, 2, 1, 3], [1, 3, 0, 4], [0, 4, 1, 4], [1, 4, 1, 5], [1, 5, 0, 5], [0, 5, 1, 6], [1, 6, 1, 7], [1, 7, 2, 7], [2, 7, 3, 6], [3, 6, 4, 5], [4, 5, 5, 4], [5, 4, 6, 4], [6, 4, 7, 4], [7, 4, 8, 4], [8, 4, 9, 3], [9, 3, 10, 2], [10, 2, 11, 1], [11, 1, 12, 2], [12, 2, 13, 3], [13, 3, 14, 3], [14, 3, 12, 1], [12, 1, 13, 1], [13, 1, 14, 2], [14, 2, 11, 4], [11, 4, 12, 3], [12, 3, 13, 4], [13, 4, 14, 4], [14, 4, 12, 6], [12, 6, 13, 5], [13, 5, 14, 5], [14, 5, 14, 6], [14, 6, 10, 10], [10, 10, 11, 10], [11, 10, 7, 9], [7, 9, 8, 9], [8, 9, 9, 8], [9, 8, 10, 8], [10, 8, 11, 8], [11, 8, 12, 9], [12, 9, 8, 13], [8, 13, 4, 12], [4, 12, 5, 12], [5, 12, 6, 13], [6, 13, 7, 12], [7, 12, 8, 12], [8, 12, 9, 12], [9, 12, 5, 15], [5, 15, 6, 14], [6, 14, 7, 14], [7, 14, 8, 14], [8, 14, 4, 17], [4, 17, 5, 18], [5, 18, 6, 19], [6, 19, 7, 20], [7, 20, 3, 19], [3, 19, 4, 19], [4, 19, 0, 16], [0, 16, 1, 17], [1, 17, 2, 16], [2, 16, 0, 14], [0, 14, 1, 14], [1, 14, 2, 15], [2, 15, 3, 15], [3, 15, 4, 16], [4, 16, 5, 17], [5, 17, 6, 18], [6, 18, 7, 19], [7, 19, 3, 22], [3, 22, 4, 22], [4, 22, 0, 26], [0, 26, 1, 25], [1, 25, 2, 25], [2, 25, 3, 24], [3, 24, 4, 23], [4, 23, 5, 23], [5, 23, 6, 23], [6, 23, 7, 22], [7, 22, 8, 23], [8, 23, 9, 24], [9, 24, 10, 23], [10, 23, 11, 22], [11, 22, 12, 23], [12, 23, 13, 24], [13, 24, 14, 24], [14, 24, 10, 25], [10, 25, 11, 26], [11, 26, 7, 29], [7, 29, 8, 29], [8, 29, 9, 29], [9, 29, 10, 29], [10, 29, 6, 30], [6, 30, 7, 30], [7, 30, 8, 31], [8, 31, 9, 30], [9, 30, 10, 31], [10, 31, 11, 31], [11, 31, 12, 30], [12, 30, 13, 31], [13, 31, 14, 31], [14, 31, 10, 30], [10, 30, 11, 30], [11, 30, 12, 29], [12, 29, 13, 29], [13, 29, 14, 28], [14, 28, 12, 27], [12, 27, 13, 28], [13, 28, 14, 29], [14, 29, 14, 30]]}
META {"type": "geom", "shape": "tile", "group": "path", "data": [[14, 1], [13, 1], [13, 2], [12, 2], [12, 3], [11, 3], [11, 4], [10, 4], [10, 5], [9, 5], [9, 4], [8, 4], [8, 3], [7, 3], [7, 2], [8, 2], [7, 2], [7, 3], [6, 3], [6, 4], [5, 4], [5, 5], [6, 5], [6, 6], [7, 6], [7, 7], [8, 7], [8, 8], [9, 8], [9, 7], [10, 7], [10, 6], [9, 6], [8, 6], [7, 6], [6, 6], [6, 5], [5, 5], [5, 4], [4, 4], [4, 3], [3, 3], [3, 2], [4, 2], [4, 1], [5, 1], [5, 2], [4, 2], [3, 2], [2, 2], [1, 2], [1, 3], [0, 3], [0, 4], [1, 4], [1, 5], [0, 5], [1, 5], [1, 6], [1, 7], [2, 7], [3, 7], [3, 6], [4, 6], [4, 5], [5, 5], [5, 4], [6, 4], [7, 4], [8, 4], [9, 4], [9, 3], [10, 3], [10, 2], [11, 2], [11, 1], [12, 1], [12, 2], [13, 2], [13, 3], [14, 3], [13, 3], [13, 2], [12, 2], [12, 1], [13, 1], [14, 1], [14, 2], [13, 2], [13, 3], [12, 3], [12, 4], [11, 4], [12, 4], [12, 3], [13, 3], [13, 4], [14, 4], [13, 4], [13, 5], [12, 5], [12, 6], [13, 6], [13, 5], [14, 5], [14, 6], [13, 6], [13, 7], [12, 7], [12, 8], [11, 8], [11, 9], [10, 9], [10, 10], [11, 10], [10, 10], [9, 10], [8, 10], [7, 10], [7, 9], [8, 9], [9, 9], [9, 8], [10, 8], [11, 8], [12, 8], [12, 9], [11, 9], [11, 10], [10, 10], [10, 11], [9, 11], [9, 12], [8, 12], [8, 13], [7, 13], [6, 13], [5, 13], [4, 13], [4, 12], [5, 12], [6, 12], [6, 13], [7, 13], [7, 12], [8, 12], [9, 12], [8, 12], [8, 13], [7, 13], [7, 14], [6, 14], [6, 15], [5, 15], [6, 15], [6, 14], [7, 14], [8, 14], [7, 14], [7, 15], [6, 15], [6, 16], [5, 16], [5, 17], [4, 17], [5, 17], [5, 18], [6, 18], [6, 19], [7, 19], [7, 20], [6, 20], [5, 20], [4, 20], [3, 20], [3, 19], [4, 19], [3, 19], [3, 18], [2, 18], [2, 17], [1, 17], [1, 16], [0, 16], [1, 16], [1, 17], [2, 17], [2, 16], [1, 16], [1, 15], [0, 15], [0, 14], [1, 14], [2, 14], [2, 15], [3, 15], [4, 15], [4, 16], [5, 16], [5, 17], [6, 17], [6, 18], [7, 18], [7, 19], [6, 19], [6, 20], [5, 20], [5, 21], [4, 21], [4, 22], [3, 22], [4, 22], [3, 22], [3, 23], [2, 23], [2, 24], [1, 24], [1, 25], [0, 25], [0, 26], [1, 26], [1, 25], [2, 25], [3, 25], [3, 24], [4, 24], [4, 23], [5, 23], [6, 23], [7, 23], [7, 22], [8, 22], [8, 23], [9, 23], [9, 24], [10, 24], [10, 23], [11, 23], [11, 22], [12, 22], [12, 23], [13, 23], [13, 24], [14, 24], [13, 24], [12, 24], [11, 24], [10, 24], [10, 25], [11, 25], [11, 26], [10, 26], [10, 27], [9, 27], [9, 28], [8, 28], [8, 29], [7, 29], [8, 29], [9, 29], [10, 29], [9, 29], [8, 29], [7, 29], [6, 29], [6, 30], [7, 30], [8, 30], [8, 31], [9, 31], [9, 30], [10, 30], [10, 31], [11, 31], [12, 31], [12, 30], [13, 30], [13, 31], [14, 31], [13, 31], [12, 31], [11, 31], [10, 31], [10, 30], [11, 30], [12, 30], [12, 29], [13, 29], [14, 29], [14, 28], [13, 28], [13, 27], [12, 27], [13, 27], [13, 28], [14, 28], [14, 29], [14, 30]]}
META {"type": "geom", "shape": "line", "group": "offpath", "data": [[6, 24, 7, 23], [6, 25, 7, 26], [6, 11, 7, 10], [10, 24, 11, 25], [10, 19, 8, 18], [10, 20, 6, 24], [10, 11, 6, 11], [10, 1, 11, 0], [7, 10, 8, 10], [7, 21, 8, 21], [7, 23, 8, 24], [7, 26, 8, 26], [3, 28, 4, 28], [13, 0, 14, 0], [13, 21, 14, 21], [13, 22, 14, 22], [8, 24, 9, 23], [8, 18, 9, 19], [8, 10, 9, 10], [8, 21, 9, 20], [8, 26, 4, 25], [4, 25, 5, 26], [4, 28, 5, 28], [4, 27, 5, 27], [9, 19, 10, 19], [9, 20, 10, 20], [9, 10, 10, 11], [9, 23, 10, 24], [5, 28, 4, 27], [5, 26, 6, 25], [5, 27, 1, 26], [11, 0, 12, 0], [11, 25, 7, 21], [14, 0, 10, 1], [14, 21, 13, 21], [14, 22, 12, 22], [12, 0, 13, 0], [12, 22, 13, 22], [2, 27, 3, 28], [1, 12, 0, 13], [1, 22, 0, 21], [1, 26, 0, 27], [1, 27, 2, 27], [0, 13, 1, 12], [0, 21, 1, 22], [0, 27, 1, 27]]}
