XXXXXXXXXXXXXXXX
XXXXXXXXXXXXXXXX
XX-----XXX}XXXXX
XX--#------XXXXX
XXX--------XXXXX
XXX---##-----XXX
XXXX-----#----XX
XXXX-------##-XX
XXXX-XX-------XX
XX---XX-------XX
XX----X----X--XX
XX--X-----XXX-XX
XX--XXX-XXXXX-XX
XX--XXX-XXXXXXXX
XXX------XXXXXXX
XXX---X--XXXXXXX
XXXXXXX---XXXXXX
XXXXXXX---XXXXXX
XXXX------XXXXXX
XX-XX-XX-----XXX
XX--X-XX-----XXX
XXX----X--##--XX
XXX-#---X-----XX
XXX-----XX----XX
XXX---X--X-XX-XX
XXXXXXX-----X-XX
XXXXXXX--XX---XX
XXXXXX-#--X--XXX
XXXX------XXXXXX
XXXX--{-X-XXXXXX
XXXXXXXXXXXXXXXX
XXXXXXXXXXXXXXXX
META {"type": "solver", "id": "pysat-rc2", "objective": 0}
META {"type": "geom", "shape": "path", "group": "path", "data": [[29, 6, 29, 7], [29, 7, 28, 7], [28, 7, 28, 9], [28, 9, 29, 9], [29, 9, 27, 9], [27, 9, 27, 8], [27, 8, 28, 8], [28, 8, 24, 8], [24, 8, 24, 7], [24, 7, 26, 7], [26, 7, 22, 7], [22, 7, 22, 5], [22, 5, 24, 5], [24, 5, 18, 5], [18, 5, 18, 9], [18, 9, 16, 9], [16, 9, 16, 7], [16, 7, 6, 7], [6, 7, 6, 8], [6, 8, 6, 4], [6, 4, 4, 4], [4, 4, 4, 3], [4, 3, 2, 3], [2, 3, 2, 2], [2, 2, 2, 6], [2, 6, 4, 6], [4, 6, 4, 10], [4, 10, 2, 10]]}
META {"type": "geom", "shape": "tile", "group": "path", "data": [[29, 6], [29, 7], [28, 7], [28, 8], [28, 9], [29, 9], [28, 9], [27, 9], [27, 8], [28, 8], [27, 8], [26, 8], [25, 8], [24, 8], [24, 7], [25, 7], [26, 7], [25, 7], [24, 7], [23, 7], [22, 7], [22, 6], [22, 5], [23, 5], [24, 5], [23, 5], [22, 5], [21, 5], [20, 5], [19, 5], [18, 5], [18, 6], [18, 7], [18, 8], [18, 9], [17, 9], [16, 9], [16, 8], [16, 7], [15, 7], [14, 7], [13, 7], [12, 7], [11, 7], [10, 7], [9, 7], [8, 7], [7, 7], [6, 7], [6, 8], [6, 7], [6, 6], [6, 5], [6, 4], [5, 4], [4, 4], [4, 3], [3, 3], [2, 3], [2, 2], [2, 3], [2, 4], [2, 5], [2, 6], [3, 6], [4, 6], [4, 7], [4, 8], [4, 9], [4, 10], [3, 10], [2, 10]]}
META {"type": "geom", "shape": "line", "group": "offpath", "data": [[23, 12, 19, 12], [19, 8, 21, 8], [19, 12, 19, 8], [6, 13, 12, 13], [6, 12, 5, 12], [29, 4, 28, 4], [5, 5, 5, 3], [5, 3, 5, 5], [5, 12, 6, 12], [21, 8, 21, 9], [21, 13, 21, 12], [21, 12, 23, 12], [21, 9, 22, 9], [12, 13, 6, 13], [22, 13, 21, 13], [22, 9, 22, 13], [9, 2, 13, 2], [9, 3, 9, 4], [9, 11, 8, 11], [9, 4, 10, 4], [11, 2, 11, 3], [11, 3, 11, 2], [11, 9, 7, 9], [15, 5, 15, 3], [15, 3, 15, 5], [10, 2, 9, 2], [10, 4, 10, 2], [13, 2, 13, 3], [13, 3, 9, 3], [28, 4, 29, 4], [24, 3, 20, 3], [27, 12, 26, 12], [27, 11, 27, 12], [8, 13, 8, 7], [8, 7, 8, 13], [8, 11, 9, 11], [7, 9, 11, 9], [26, 12, 26, 11], [26, 11, 27, 11], [20, 3, 24, 3]]}
