XXXXXXXXXXXXXXXX
XXXXXXXXXXXXXXXX
XXXXXXX}XXXXXXXX
XXXXXXX-XXX--XXX
XXX-----XXX---XX
XXX---X-------XX
XX---XXX----XXXX
XX---XXX-X---XXX
XXX------XX--XXX
XXX##-----X---XX
XXX----##-XXX-XX
XX---#----XXX-XX
XX--------XXX-XX
XX------------XX
XX--XX--------XX
XX---X-----X--XX
XX----#-XXXX--XX
XX-XX---XXXX--XX
XXXXX---XXX---XX
XXXXXX-----X--XX
XXXX-XX-XX-XXXXX
XXXX--X--X-XXXXX
XX-----#-XXXXXXX
XX--XX---XXXXXXX
XX---XX--XXXXXXX
XX---XXX----XXXX
XX-{-XXX----XXXX
XXXXXXXX-###--XX
XXXXXXXX------XX
XXX-XXXXX-----XX
XXXXXXXXXXXXXXXX
XXXXXXXXXXXXXXXX
META {"type": "solver", "id": "pysat-rc2", "objective": 0}
META {"type": "geom", "shape": "path", "group": "path", "data": [[26, 3, 26, 4], [26, 4, 26, 2], [26, 2, 22, 2], [22, 2, 22, 6], [22, 6, 23, 6], [23, 6, 23, 8], [23, 8, 21, 8], [21, 8, 21, 7], [21, 7, 11, 7], [11, 7, 11, 9], [11, 9, 15, 9], [15, 9, 9, 9], [9, 9, 9, 5], [9, 5, 8, 5], [8, 5, 8, 3], [8, 3, 4, 3], [4, 3, 4, 7], [4, 7, 2, 7]]}
META {"type": "geom", "shape": "tile", "group": "path", "data": [[26, 3], [26, 4], [26, 3], [26, 2], [25, 2], [24, 2], [23, 2], [22, 2], [22, 3], [22, 4], [22, 5], [22, 6], [23, 6], [23, 7], [23, 8], [22, 8], [21, 8], [21, 7], [20, 7], [19, 7], [18, 7], [17, 7], [16, 7], [15, 7], [14, 7], [13, 7], [12, 7], [11, 7], [11, 8], [11, 9], [12, 9], [13, 9], [14, 9], [15, 9], [14, 9], [13, 9], [12, 9], [11, 9], [10, 9], [9, 9], [9, 8], [9, 7], [9, 6], [9, 5], [8, 5], [8, 4], [8, 3], [7, 3], [6, 3], [5, 3], [4, 3], [4, 4], [4, 5], [4, 6], [4, 7], [3, 7], [2, 7]]}
META {"type": "geom", "shape": "line", "group": "offpath", "data": [[18, 5, 16, 5], [11, 2, 11, 4], [11, 4, 10, 4], [7, 2, 6, 2], [29, 9, 28, 9], [29, 13, 29, 9], [28, 9, 28, 13], [28, 13, 27, 13], [13, 5, 12, 5], [13, 2, 17, 2], [13, 12, 13, 2], [10, 3, 16, 3], [10, 4, 10, 6], [10, 6, 8, 6], [25, 10, 26, 10], [25, 11, 26, 11], [23, 3, 23, 2], [23, 2, 23, 3], [4, 11, 3, 11], [4, 13, 4, 11], [27, 13, 29, 13], [8, 8, 9, 8], [8, 11, 8, 12], [8, 7, 9, 7], [8, 12, 8, 11], [8, 6, 8, 8], [15, 10, 15, 6], [15, 4, 16, 4], [15, 6, 15, 10], [16, 5, 18, 5], [16, 3, 10, 3], [16, 4, 15, 4], [3, 11, 9, 11], [12, 5, 13, 5], [9, 8, 5, 8], [9, 11, 9, 13], [9, 7, 8, 7], [9, 13, 19, 13], [6, 9, 5, 9], [6, 2, 7, 2], [17, 2, 11, 2], [17, 12, 17, 13], [17, 6, 19, 6], [17, 13, 17, 12], [26, 10, 25, 10], [26, 11, 25, 11], [24, 8, 24, 7], [24, 7, 24, 8], [19, 10, 21, 10], [19, 12, 13, 12], [19, 6, 17, 6], [19, 13, 19, 12], [5, 5, 5, 3], [5, 9, 6, 9], [5, 8, 5, 7], [5, 3, 5, 5], [5, 7, 5, 13], [5, 13, 4, 13], [14, 3, 14, 2], [14, 2, 14, 3], [21, 10, 19, 10], [21, 5, 21, 4], [21, 4, 21, 5]]}
