XXXXXXXXXXXXXXXX
XXXXXXXXXXXXXXXX
XX}XXXX---XXX-XX
XX--XXX-------XX
XXX-XXX-#-----XX
XXX--------##-XX
XXX-----------XX
XX-----------XXX
XX-XX-------XXXX
XX--X--#-----XXX
XX--XX----XX-XXX
XX---X-----X--XX
XX-#-XXXX-----XX
XX---XXXX##-#-XX
XXX---XXX-----XX
XXX---XXXXX---XX
XXX----XXXX-XXXX
XX---#-XXXX-XXXX
XX-----XXX--XXXX
XX-----------XXX
XX-XX----XX--XXX
XX--X-X---X---XX
XX--XXX-------XX
XX--XXX##--#--XX
XX--XXX--#----XX
XX--XXX-------XX
XX-#---#------XX
XX---#--------XX
XX------XXX---XX
XX--X-X-XXX-{-XX
XXXXXXXXXXXXXXXX
XXXXXXXXXXXXXXXX
META {"type": "solver", "id": "pysat-rc2", "objective": 0}
META {"type": "geom", "shape": "path", "group": "path", "data": [[29, 12, 19, 12], [19, 12, 19, 2], [19, 2, 29, 2], [29, 2, 29, 3], [29, 3, 27, 3], [27, 3, 27, 4], [27, 4, 28, 4], [28, 4, 26, 4], [26, 4, 26, 6], [26, 6, 28, 6], [28, 6, 28, 7], [28, 7, 27, 7], [27, 7, 27, 13], [27, 13, 21, 13], [21, 13, 21, 11], [21, 11, 22, 11], [22, 11, 12, 11], [12, 11, 12, 9], [12, 9, 2, 9], [2, 9, 2, 7], [2, 7, 8, 7], [8, 7, 8, 11], [8, 11, 8, 5], [8, 5, 9, 5], [9, 5, 5, 5], [5, 5, 5, 3], [5, 3, 3, 3], [3, 3, 3, 2], [3, 2, 2, 2]]}
META {"type": "geom", "shape": "tile", "group": "path", "data": [[29, 12], [28, 12], [27, 12], [26, 12], [25, 12], [24, 12], [23, 12], [22, 12], [21, 12], [20, 12], [19, 12], [19, 11], [19, 10], [19, 9], [19, 8], [19, 7], [19, 6], [19, 5], [19, 4], [19, 3], [19, 2], [20, 2], [21, 2], [22, 2], [23, 2], [24, 2], [25, 2], [26, 2], [27, 2], [28, 2], [29, 2], [29, 3], [28, 3], [27, 3], [27, 4], [28, 4], [27, 4], [26, 4], [26, 5], [26, 6], [27, 6], [28, 6], [28, 7], [27, 7], [27, 8], [27, 9], [27, 10], [27, 11], [27, 12], [27, 13], [26, 13], [25, 13], [24, 13], [23, 13], [22, 13], [21, 13], [21, 12], [21, 11], [22, 11], [21, 11], [20, 11], [19, 11], [18, 11], [17, 11], [16, 11], [15, 11], [14, 11], [13, 11], [12, 11], [12, 10], [12, 9], [11, 9], [10, 9], [9, 9], [8, 9], [7, 9], [6, 9], [5, 9], [4, 9], [3, 9], [2, 9], [2, 8], [2, 7], [3, 7], [4, 7], [5, 7], [6, 7], [7, 7], [8, 7], [8, 8], [8, 9], [8, 10], [8, 11], [8, 10], [8, 9], [8, 8], [8, 7], [8, 6], [8, 5], [9, 5], [8, 5], [7, 5], [6, 5], [5, 5], [5, 4], [5, 3], [4, 3], [3, 3], [3, 2], [2, 2]]}
META {"type": "geom", "shape": "line", "group": "offpath", "data": [[4, 11, 3, 11], [4, 12, 3, 12], [20, 6, 20, 5], [20, 5, 18, 5], [7, 3, 7, 2], [7, 12, 6, 12], [7, 2, 7, 12], [15, 11, 15, 13], [15, 13, 15, 11], [15, 12, 14, 12], [13, 4, 13, 2], [13, 3, 19, 3], [13, 2, 13, 4], [16, 6, 20, 6], [16, 5, 14, 5], [25, 9, 27, 9], [25, 3, 25, 2], [25, 2, 25, 3], [11, 6, 5, 6], [11, 8, 11, 6], [11, 10, 12, 10], [11, 13, 11, 12], [11, 12, 12, 12], [29, 5, 28, 5], [14, 12, 15, 12], [14, 5, 16, 5], [22, 7, 22, 13], [22, 13, 22, 7], [6, 3, 7, 3], [6, 13, 6, 3], [6, 12, 6, 13], [12, 10, 11, 10], [12, 13, 11, 13], [12, 12, 12, 13], [28, 5, 29, 5], [9, 8, 11, 8], [9, 10, 9, 12], [9, 12, 9, 8], [5, 6, 5, 10], [5, 10, 3, 10], [18, 11, 18, 10], [18, 6, 16, 6], [18, 10, 18, 11], [18, 5, 18, 6], [27, 9, 25, 9], [19, 3, 13, 3], [3, 11, 4, 11], [3, 10, 9, 10], [3, 12, 4, 12]]}
