XXXXXXXXXXXXXXXX
XXXXXXXXXXXXXXXX
XX}XXX-----XXXXX
XX-----XX---XXXX
XX--X---X-X-XXXX
XX-XX---XXX--XXX
XX--XX--XXX--XXX
XX--XX--XXX--XXX
XX---X--XXX--XXX
XXXX----XXX--XXX
XXXX--#------XXX
XXXX---------XXX
XX-----#-##--XXX
XXX-X--------XXX
XXX-XXX----#--XX
XXX-XXX--#----XX
XXX-XXX-----#-XX
XX--XXX---X---XX
XXX---XX--XX--XX
XXXXX--X---X--XX
XXXXX-------#-XX
XXXX-##-XXX---XX
XX------XXX---XX
XX--X---XXX---XX
XXX-XX--XXXXX-XX
XXX--X--XXXXX-XX
XXX----#--XXX-XX
XX--XX----XXX-XX
XX---X--------XX
XX------X-{-X-XX
XXXXXXXXXXXXXXXX
XXXXXXXXXXXXXXXX
META {"type": "solver", "id": "pysat-rc2", "objective": 0}
META {"type": "geom", "shape": "path", "group": "path", "data": [[29, 10, 28, 10], [28, 10, 28, 6], [28, 6, 22, 6], [22, 6, 22, 2], [22, 2, 23, 2], [23, 2, 23, 3], [23, 3, 22, 3], [22, 3, 22, 7], [22, 7, 20, 7], [20, 7, 20, 5], [20, 5, 18, 5], [18, 5, 18, 3], [18, 3, 12, 3], [12, 3, 12, 2], [12, 2, 12, 6], [12, 6, 11, 6], [11, 6, 13, 6], [13, 6, 13, 5], [13, 5, 9, 5], [9, 5, 9, 4], [9, 4, 8, 4], [8, 4, 8, 2], [8, 2, 2, 2]]}
META {"type": "geom", "shape": "tile", "group": "path", "data": [[29, 10], [28, 10], [28, 9], [28, 8], [28, 7], [28, 6], [27, 6], [26, 6], [25, 6], [24, 6], [23, 6], [22, 6], [22, 5], [22, 4], [22, 3], [22, 2], [23, 2], [23, 3], [22, 3], [22, 4], [22, 5], [22, 6], [22, 7], [21, 7], [20, 7], [20, 6], [20, 5], [19, 5], [18, 5], [18, 4], [18, 3], [17, 3], [16, 3], [15, 3], [14, 3], [13, 3], [12, 3], [12, 2], [12, 3], [12, 4], [12, 5], [12, 6], [11, 6], [12, 6], [13, 6], [13, 5], [12, 5], [11, 5], [10, 5], [9, 5], [9, 4], [8, 4], [8, 3], [8, 2], [7, 2], [6, 2], [5, 2], [4, 2], [3, 2], [2, 2]]}
META {"type": "geom", "shape": "line", "group": "offpath", "data": [[12, 12, 12, 11], [12, 11, 12, 12], [2, 10, 3, 10], [20, 8, 10, 8], [5, 7, 4, 7], [5, 5, 5, 7], [5, 12, 5, 11], [5, 11, 3, 11], [24, 7, 24, 6], [24, 6, 24, 7], [18, 13, 18, 12], [18, 12, 18, 13], [17, 13, 17, 11], [17, 7, 13, 7], [17, 12, 19, 12], [17, 11, 17, 13], [27, 3, 29, 3], [27, 2, 27, 3], [23, 13, 23, 11], [23, 5, 22, 5], [23, 11, 23, 13], [22, 13, 22, 11], [22, 5, 23, 5], [22, 11, 22, 13], [8, 12, 8, 11], [8, 11, 8, 12], [14, 13, 14, 12], [14, 12, 14, 13], [15, 10, 16, 10], [15, 12, 5, 12], [15, 11, 15, 10], [16, 10, 16, 11], [16, 11, 15, 11], [19, 10, 19, 8], [19, 5, 19, 6], [19, 8, 19, 10], [19, 12, 17, 12], [19, 6, 19, 5], [25, 7, 25, 6], [25, 6, 25, 7], [6, 3, 6, 2], [6, 2, 6, 3], [4, 3, 3, 3], [4, 7, 4, 5], [4, 5, 3, 5], [10, 4, 10, 5], [10, 9, 11, 9], [10, 10, 11, 10], [10, 5, 10, 4], [10, 8, 20, 8], [9, 12, 9, 11], [9, 11, 9, 12], [3, 10, 2, 10], [3, 3, 4, 3], [3, 5, 5, 5], [3, 11, 13, 11], [11, 9, 10, 9], [11, 10, 10, 10], [29, 9, 29, 11], [29, 3, 29, 2], [29, 2, 27, 2], [29, 11, 29, 9], [13, 7, 17, 7], [13, 12, 15, 12], [13, 11, 13, 12], [7, 12, 7, 11], [7, 11, 7, 12]]}
