XXXXXXXXXXXXXXXX
XXXXXXXXXXXXXXXX
XXXXXXXX----XXXX
XXXX}XXX--XXXXXX
XX---XXX--XXXXXX
XX--#-----XXXXXX
XX--------XXXXXX
XXX----###---XXX
XXX-----------XX
XXX-XX-----X--XX
XX---XXX-XXX--XX
XXXX-XXX-XXX--XX
XXXX-XXX------XX
XXXX-XXX-----XXX
XXX--XXX##--XXXX
XX---XXX----XXXX
XXX---------XXXX
XXX-XXX-##--XXXX
XXX-XXX----XXXXX
XX--------XXXXXX
XXX---X---XXXXXX
XXXXXXX---XXXXXX
XXXXXXX-------XX
XXX-XXX-###---XX
XXX---------#-XX
XX-----#------XX
XXXXX--------XXX
XXXXXX--XX--XXXX
XXXXXXX--X---XXX
XXXXXXXX--{--XXX
XXXXXXXXXXXXXXXX
XXXXXXXXXXXXXXXX
META {"type": "solver", "id": "pysat-rc2-boolonly", "objective": 0}
META {"type": "geom", "shape": "path", "group": "path", "data": [[29, 10, 29, 12], [29, 12, 28, 12], [28, 12, 28, 10], [28, 10, 24, 10], [24, 10, 24, 11], [24, 11, 22, 11], [22, 11, 22, 13], [22, 13, 22, 7], [22, 7, 16, 7], [16, 7, 16, 11], [16, 11, 12, 11], [12, 11, 12, 13], [12, 13, 8, 13], [8, 13, 8, 3], [8, 3, 4, 3], [4, 3, 10, 3], [10, 3, 10, 2], [10, 2, 10, 4], [10, 4, 16, 4], [16, 4, 16, 3], [16, 3, 14, 3], [14, 3, 20, 3], [20, 3, 20, 5], [20, 5, 19, 5], [19, 5, 19, 9], [19, 9, 18, 9], [18, 9, 18, 10], [18, 10, 12, 10], [12, 10, 12, 8], [12, 8, 13, 8], [13, 8, 13, 12], [13, 12, 7, 12], [7, 12, 7, 10], [7, 10, 9, 10], [9, 10, 9, 6], [9, 6, 5, 6], [5, 6, 5, 5], [5, 5, 5, 9], [5, 9, 6, 9], [6, 9, 2, 9], [2, 9, 2, 8], [2, 8, 6, 8], [6, 8, 6, 2], [6, 2, 4, 2], [4, 2, 4, 4], [4, 4, 3, 4]]}
META {"type": "geom", "shape": "tile", "group": "path", "data": [[29, 10], [29, 11], [29, 12], [28, 12], [28, 11], [28, 10], [27, 10], [26, 10], [25, 10], [24, 10], [24, 11], [23, 11], [22, 11], [22, 12], [22, 13], [22, 12], [22, 11], [22, 10], [22, 9], [22, 8], [22, 7], [21, 7], [20, 7], [19, 7], [18, 7], [17, 7], [16, 7], [16, 8], [16, 9], [16, 10], [16, 11], [15, 11], [14, 11], [13, 11], [12, 11], [12, 12], [12, 13], [11, 13], [10, 13], [9, 13], [8, 13], [8, 12], [8, 11], [8, 10], [8, 9], [8, 8], [8, 7], [8, 6], [8, 5], [8, 4], [8, 3], [7, 3], [6, 3], [5, 3], [4, 3], [5, 3], [6, 3], [7, 3], [8, 3], [9, 3], [10, 3], [10, 2], [10, 3], [10, 4], [11, 4], [12, 4], [13, 4], [14, 4], [15, 4], [16, 4], [16, 3], [15, 3], [14, 3], [15, 3], [16, 3], [17, 3], [18, 3], [19, 3], [20, 3], [20, 4], [20, 5], [19, 5], [19, 6], [19, 7], [19, 8], [19, 9], [18, 9], [18, 10], [17, 10], [16, 10], [15, 10], [14, 10], [13, 10], [12, 10], [12, 9], [12, 8], [13, 8], [13, 9], [13, 10], [13, 11], [13, 12], [12, 12], [11, 12], [10, 12], [9, 12], [8, 12], [7, 12], [7, 11], [7, 10], [8, 10], [9, 10], [9, 9], [9, 8], [9, 7], [9, 6], [8, 6], [7, 6], [6, 6], [5, 6], [5, 5], [5, 6], [5, 7], [5, 8], [5, 9], [6, 9], [5, 9], [4, 9], [3, 9], [2, 9], [2, 8], [3, 8], [4, 8], [5, 8], [6, 8], [6, 7], [6, 6], [6, 5], [6, 4], [6, 3], [6, 2], [5, 2], [4, 2], [4, 3], [4, 4], [3, 4]]}
META {"type": "geom", "shape": "line", "group": "offpath", "data": [[13, 9, 12, 9], [23, 13, 23, 11], [23, 3, 25, 3], [23, 12, 22, 12], [23, 11, 23, 13], [22, 12, 23, 12], [22, 8, 18, 8], [15, 2, 15, 4], [15, 9, 16, 9], [15, 8, 16, 8], [15, 4, 15, 2], [10, 13, 10, 12], [10, 12, 10, 13], [25, 3, 25, 2], [25, 2, 25, 6], [25, 12, 25, 8], [25, 8, 24, 8], [25, 6, 27, 6], [25, 4, 24, 4], [28, 8, 29, 8], [21, 7, 21, 9], [21, 9, 21, 7], [16, 9, 15, 9], [16, 8, 15, 8], [26, 12, 25, 12], [26, 7, 26, 5], [26, 8, 26, 12], [26, 5, 24, 5], [14, 10, 14, 11], [14, 11, 14, 10], [3, 9, 3, 8], [3, 8, 3, 9], [27, 7, 26, 7], [27, 6, 27, 7], [6, 7, 5, 7], [6, 4, 8, 4], [5, 3, 5, 2], [5, 2, 5, 3], [5, 7, 6, 7], [29, 8, 28, 8], [8, 7, 9, 7], [8, 4, 6, 4], [24, 3, 23, 3], [24, 8, 26, 8], [24, 5, 24, 3], [24, 4, 25, 4], [18, 8, 22, 8], [12, 9, 13, 9], [9, 7, 8, 7]]}
