XXXXXXXXXXXXXXXX
X0-XX--XXXX--XXX
XXX---XXXXXX-XXX
XXX-X-XXXXXX--1X
X---X-XXX---XXXX
X---X----XX-XXXX
XX---XXX-XX----X
XX------X--X--XX
X--------XX-XX-X
X-------XXXXXXXX
X-----X-XXXXXXXX
X----X-X-XX-XX-X
XXXXXXXXXXXXXXXX
XXXXXXXXXXXXXXXX
X2------------3X
XXXXXXXXXXXXXXXX
META {"type": "solver", "id": "pysat-rc2", "objective": 0}
META {"type": "geom", "shape": "path", "group": "path", "data": [[14, 1, 14, 2], [14, 2, 14, 3], [14, 3, 14, 4], [14, 4, 14, 5], [14, 5, 14, 6], [14, 6, 14, 7], [14, 7, 14, 8], [14, 8, 14, 9], [14, 9, 14, 10], [14, 10, 14, 11], [14, 11, 14, 12], [14, 12, 14, 13], [14, 13, 14, 14]]}
META {"type": "geom", "shape": "tile", "group": "path", "data": [[14, 1], [14, 2], [14, 3], [14, 4], [14, 5], [14, 6], [14, 7], [14, 8], [14, 9], [14, 10], [14, 11], [14, 12], [14, 13], [14, 14]]}
META {"type": "geom", "shape": "line", "group": "offpath", "data": [[4, 2, 4, 3], [4, 3, 4, 2], [9, 5, 8, 5], [9, 7, 9, 6], [9, 2, 9, 3], [9, 3, 9, 2], [9, 6, 9, 5], [9, 1, 8, 1], [8, 4, 7, 4], [8, 5, 8, 6], [8, 7, 9, 7], [8, 2, 8, 3], [8, 3, 8, 4], [8, 6, 8, 7], [8, 1, 9, 1], [10, 4, 11, 4], [10, 2, 10, 1], [10, 3, 10, 2], [10, 1, 11, 1], [5, 2, 5, 1], [5, 1, 5, 2], [6, 4, 6, 3], [6, 3, 6, 4], [7, 4, 7, 3], [7, 2, 8, 2], [7, 3, 7, 2], [11, 4, 10, 4], [11, 2, 11, 3], [11, 3, 10, 3], [11, 1, 11, 2]]}
