XXXXXXXXXXXXXXXX
X0----------1XXX
XXX--X-XXX-XXXXX
XXX--X-----XXXXX
XXX--X---------X
X--X--XX-X--XX-X
XXXXXXXXXXXXXXXX
XXXXXXXXXXXXXXXX
X----XX----XXX-X
X-XXXXXXX--XXXXX
X-XXXXXXX--XXXXX
X----XX--XX-XXXX
XXX------XX--XXX
XXX-XX--X----XXX
X2--XX-----XX-3X
XXXXXXXXXXXXXXXX
META {"type": "solver", "id": "clingo-be", "objective": 0}
META {"type": "geom", "shape": "path", "group": "path", "data": [[1, 1, 1, 2], [1, 2, 1, 3], [1, 3, 1, 4], [1, 4, 1, 5], [1, 5, 1, 6], [1, 6, 1, 7], [1, 7, 1, 8], [1, 8, 1, 9], [1, 9, 1, 10], [1, 10, 1, 11], [1, 11, 1, 12]]}
META {"type": "geom", "shape": "tile", "group": "path", "data": [[1, 1], [1, 2], [1, 3], [1, 4], [1, 5], [1, 6], [1, 7], [1, 8], [1, 9], [1, 10], [1, 11], [1, 12]]}
META {"type": "geom", "shape": "line", "group": "offpath", "data": [[9, 9, 9, 10], [9, 10, 9, 9], [4, 4, 4, 3], [4, 7, 4, 8], [4, 9, 3, 9], [4, 8, 4, 7], [4, 3, 3, 3], [4, 10, 5, 10], [4, 11, 5, 11], [13, 7, 12, 7], [10, 9, 10, 10], [10, 10, 10, 9], [11, 8, 12, 8], [11, 11, 12, 11], [14, 7, 14, 6], [14, 6, 14, 7], [12, 7, 13, 7], [12, 6, 12, 5], [12, 8, 11, 8], [12, 11, 11, 11], [12, 5, 12, 6], [2, 4, 3, 4], [2, 3, 2, 4], [3, 4, 4, 4], [3, 7, 3, 6], [3, 9, 4, 9], [3, 6, 3, 7], [3, 3, 2, 3], [5, 4, 5, 5], [5, 10, 4, 10], [5, 11, 4, 11], [5, 5, 5, 4]]}
