XXXXXXXXXXXXXXXX
X0-----------XXX
XXX------XXX--1X
XXX--XX------XXX
X----XX------XXX
XX-XXXXX-X-----X
X--XXXXX-X-----X
XXX-XX---X----XX
XXXXXXX----XX--X
XXXXXXX----XX-XX
XX-XXXX----XX-XX
X-X-XX-XXX----XX
XXXXXXXXXXXXXXXX
XXXXXXXXXXXXXXXX
X2-XX-XX------3X
XXXXXXXXXXXXXXXX
META {"type": "solver", "id": "pysat-rc2", "objective": 0}
META {"type": "geom", "shape": "path", "group": "path", "data": [[1, 1, 1, 2], [1, 2, 1, 3], [1, 3, 1, 4], [1, 4, 1, 5], [1, 5, 1, 6], [1, 6, 1, 7], [1, 7, 1, 8], [1, 8, 2, 8], [2, 8, 3, 8], [3, 8, 3, 9], [3, 9, 4, 9], [4, 9, 4, 10], [4, 10, 3, 10], [3, 10, 3, 11], [3, 11, 3, 12], [3, 12, 2, 12], [2, 12, 2, 13], [2, 13, 2, 14]]}
META {"type": "geom", "shape": "tile", "group": "path", "data": [[1, 1], [1, 2], [1, 3], [1, 4], [1, 5], [1, 6], [1, 7], [1, 8], [2, 8], [3, 8], [3, 9], [4, 9], [4, 10], [3, 10], [3, 11], [3, 12], [2, 12], [2, 13], [2, 14]]}
META {"type": "geom", "shape": "line", "group": "offpath", "data": [[6, 12, 6, 11], [6, 11, 6, 12], [3, 3, 3, 4], [3, 4, 3, 3], [5, 12, 4, 12], [5, 11, 5, 12], [5, 2, 4, 2], [2, 5, 2, 4], [2, 4, 2, 5], [7, 7, 7, 8], [7, 12, 7, 13], [7, 11, 7, 12], [7, 13, 8, 13], [7, 10, 7, 11], [7, 8, 7, 7], [9, 9, 9, 8], [9, 13, 10, 13], [9, 8, 8, 8], [11, 12, 11, 11], [11, 11, 11, 10], [11, 13, 11, 12], [11, 10, 10, 10], [10, 9, 9, 9], [10, 7, 10, 8], [10, 13, 11, 13], [10, 10, 10, 9], [10, 8, 10, 7], [4, 12, 4, 11], [4, 11, 5, 11], [4, 3, 4, 4], [4, 2, 5, 2], [4, 4, 4, 3], [8, 9, 8, 10], [8, 13, 9, 13], [8, 10, 7, 10], [8, 8, 8, 9]]}
