XXXXXXXXXXXXXXXX
X0-------XX---1X
XXXXX-X--XX--XXX
XXXXX--X-XX--XXX
X------------XXX
X-X----------XXX
X-X---X-XXX--XXX
X-X----------XXX
X--X-X-XX----XXX
XXXXXXXXXX---XXX
XXXXXXXXXXXX-XXX
X------XXXXX--XX
XXX-----XX--XXXX
XXX--XX-XX--XXXX
X2---XX-XX----3X
XXXXXXXXXXXXXXXX
META {"type": "solver", "id": "pysat-rc2-boolonly", "objective": 0}
META {"type": "geom", "shape": "path", "group": "path", "data": [[1, 1, 1, 2], [1, 2, 1, 3], [1, 3, 1, 4], [1, 4, 1, 5], [1, 5, 2, 5], [2, 5, 3, 5], [3, 5, 4, 5], [4, 5, 5, 5], [5, 5, 5, 6], [5, 6, 5, 7], [5, 7, 5, 8], [5, 8, 4, 8], [4, 8, 4, 9], [4, 9, 5, 9], [5, 9, 5, 10], [5, 10, 5, 11], [5, 11, 5, 12], [5, 12, 4, 12], [4, 12, 3, 12], [3, 12, 3, 11], [3, 11, 2, 11], [2, 11, 1, 11], [1, 11, 1, 12], [1, 12, 1, 13], [1, 13, 1, 14]]}
META {"type": "geom", "shape": "tile", "group": "path", "data": [[1, 1], [1, 2], [1, 3], [1, 4], [1, 5], [2, 5], [3, 5], [4, 5], [5, 5], [5, 6], [5, 7], [5, 8], [4, 8], [4, 9], [5, 9], [5, 10], [5, 11], [5, 12], [4, 12], [3, 12], [3, 11], [2, 11], [1, 11], [1, 12], [1, 13], [1, 14]]}
META {"type": "geom", "shape": "line", "group": "offpath", "data": [[10, 12, 9, 12], [6, 12, 7, 12], [5, 3, 4, 3], [8, 11, 8, 12], [8, 1, 8, 2], [8, 2, 8, 1], [8, 12, 8, 11], [8, 10, 7, 10], [8, 9, 8, 10], [11, 1, 11, 2], [11, 2, 11, 1], [7, 5, 7, 6], [7, 8, 7, 7], [7, 12, 6, 12], [7, 10, 7, 9], [7, 6, 7, 5], [7, 9, 8, 9], [7, 7, 7, 8], [9, 12, 10, 12], [4, 3, 5, 3]]}
