XXXXXXXXXXXXXXXX
X0--------X---1X
XXX-X-------XXXX
XXX-X----XXXXXXX
X---X----XXXXXXX
X----------XX--X
X-------XXX----X
XXXX-----------X
XXXXX---X-XXX--X
XXXXX--X--XXXXXX
X-XX-XX-X-XXXXXX
XXXXXXXX-X-XX--X
XXXXXXXX-X---XXX
XXX-XX---X---XXX
X2--XX-XX-----3X
XXXXXXXXXXXXXXXX
META {"type": "solver", "id": "pysat-rc2", "objective": 0}
META {"type": "geom", "shape": "path", "group": "path", "data": [[1, 1, 1, 2], [1, 2, 1, 3], [1, 3, 1, 4], [1, 4, 1, 5], [1, 5, 2, 5], [2, 5, 2, 6], [2, 6, 3, 6], [3, 6, 3, 7], [3, 7, 2, 7], [2, 7, 2, 8], [2, 8, 1, 8], [1, 8, 1, 9], [1, 9, 2, 9], [2, 9, 2, 10], [2, 10, 2, 11], [2, 11, 1, 11], [1, 11, 1, 12], [1, 12, 1, 13], [1, 13, 1, 14]]}
META {"type": "geom", "shape": "tile", "group": "path", "data": [[1, 1], [1, 2], [1, 3], [1, 4], [1, 5], [2, 5], [2, 6], [3, 6], [3, 7], [2, 7], [2, 8], [1, 8], [1, 9], [2, 9], [2, 10], [2, 11], [1, 11], [1, 12], [1, 13], [1, 14]]}
META {"type": "geom", "shape": "line", "group": "offpath", "data": [[5, 4, 5, 3], [5, 1, 6, 1], [5, 6, 6, 6], [5, 2, 4, 2], [5, 7, 6, 7], [5, 8, 5, 7], [5, 3, 6, 3], [5, 5, 4, 5], [7, 9, 8, 9], [7, 6, 7, 5], [7, 10, 7, 11], [7, 7, 7, 6], [7, 11, 7, 10], [7, 5, 6, 5], [8, 9, 7, 9], [8, 6, 9, 6], [8, 5, 9, 5], [9, 9, 9, 8], [9, 6, 8, 6], [9, 8, 9, 9], [9, 5, 8, 5], [4, 1, 5, 1], [4, 6, 4, 7], [4, 2, 4, 1], [4, 7, 4, 8], [4, 8, 5, 8], [4, 5, 4, 6], [6, 4, 5, 4], [6, 1, 6, 2], [6, 6, 5, 6], [6, 2, 5, 2], [6, 7, 7, 7], [6, 3, 6, 4], [6, 5, 5, 5]]}
