--------------------------------
--------------------------------
--------------------------------
--------------------------------
--------X---------XX---XX---XX--
--------------------------------
-------------Q------------------
--------------------X-----------
----X---X--------X-----XQQXQQX--
--------------------------------
--------------------------------
--------------------------------
------X--<>--X--------X---------
-----XX--[]--XX-------XX--------
-{--XXX--[]--XXX------XXX-----}-
XXXXXXXXXXXXXXXXXXXXXXXXXXXXXXXX
META {"type": "solver", "id": "pysat-rc2", "objective": 0}
META {"type": "geom", "shape": "path", "group": "path", "data": [[14, 1, 12, 2], [12, 2, 13, 2], [13, 2, 14, 2], [14, 2, 13, 1], [13, 1, 14, 0], [14, 0, 10, 4], [10, 4, 11, 4], [11, 4, 12, 4], [12, 4, 13, 3], [13, 3, 14, 3], [14, 3, 12, 3], [12, 3, 13, 4], [13, 4, 12, 5], [12, 5, 9, 5], [9, 5, 10, 6], [10, 6, 11, 6], [11, 6, 9, 7], [9, 7, 10, 8], [10, 8, 11, 9], [11, 9, 10, 9], [10, 9, 11, 10], [11, 10, 7, 14], [7, 14, 8, 14], [8, 14, 9, 15], [9, 15, 10, 15], [10, 15, 11, 15], [11, 15, 12, 16], [12, 16, 13, 16], [13, 16, 14, 17], [14, 17, 14, 16], [14, 16, 13, 15], [13, 15, 9, 19], [9, 19, 10, 18], [10, 18, 11, 18], [11, 18, 12, 19], [12, 19, 13, 20], [13, 20, 14, 21], [14, 21, 10, 22], [10, 22, 11, 22], [11, 22, 7, 23], [7, 23, 3, 20], [3, 20, 4, 21], [4, 21, 5, 21], [5, 21, 6, 20], [6, 20, 3, 23], [3, 23, 3, 24], [3, 24, 0, 24], [0, 24, 1, 24], [1, 24, 2, 24], [2, 24, 3, 25], [3, 25, 4, 25], [4, 25, 5, 25], [5, 25, 6, 26], [6, 26, 7, 27], [7, 27, 7, 26], [7, 26, 4, 26], [4, 26, 5, 26], [5, 26, 6, 25], [6, 25, 7, 25], [7, 25, 5, 23], [5, 23, 6, 23], [6, 23, 7, 24], [7, 24, 3, 28], [3, 28, 0, 25], [0, 25, 1, 25], [1, 25, 2, 25], [2, 25, 3, 26], [3, 26, 4, 27], [4, 27, 5, 27], [5, 27, 6, 28], [6, 28, 7, 29], [7, 29, 6, 30], [6, 30, 7, 31], [7, 31, 8, 30], [8, 30, 9, 29], [9, 29, 10, 30], [10, 30, 11, 31], [11, 31, 12, 31], [12, 31, 13, 31], [13, 31, 14, 31], [14, 31, 10, 28], [10, 28, 11, 29], [11, 29, 12, 29], [12, 29, 13, 28], [13, 28, 14, 29], [14, 29, 12, 30], [12, 30, 13, 30], [13, 30, 14, 30]]}
META {"type": "geom", "shape": "tile", "group": "path", "data": [[14, 1], [13, 1], [13, 2], [12, 2], [13, 2], [14, 2], [13, 2], [13, 1], [14, 1], [14, 0], [13, 0], [13, 1], [12, 1], [12, 2], [11, 2], [11, 3], [10, 3], [10, 4], [11, 4], [12, 4], [13, 4], [13, 3], [14, 3], [13, 3], [12, 3], [13, 3], [13, 4], [12, 4], [12, 5], [11, 5], [10, 5], [9, 5], [10, 5], [10, 6], [11, 6], [10, 6], [10, 7], [9, 7], [10, 7], [10, 8], [11, 8], [11, 9], [10, 9], [11, 9], [11, 10], [10, 10], [10, 11], [9, 11], [9, 12], [8, 12], [8, 13], [7, 13], [7, 14], [8, 14], [9, 14], [9, 15], [10, 15], [11, 15], [12, 15], [12, 16], [13, 16], [14, 16], [14, 17], [14, 16], [13, 16], [13, 15], [12, 15], [12, 16], [11, 16], [11, 17], [10, 17], [10, 18], [9, 18], [9, 19], [10, 19], [10, 18], [11, 18], [12, 18], [12, 19], [13, 19], [13, 20], [14, 20], [14, 21], [13, 21], [12, 21], [11, 21], [10, 21], [10, 22], [11, 22], [10, 22], [9, 22], [8, 22], [7, 22], [7, 23], [6, 23], [6, 22], [5, 22], [5, 21], [4, 21], [4, 20], [3, 20], [4, 20], [4, 21], [5, 21], [6, 21], [6, 20], [5, 20], [5, 21], [4, 21], [4, 22], [3, 22], [3, 23], [3, 24], [2, 24], [1, 24], [0, 24], [1, 24], [2, 24], [3, 24], [3, 25], [4, 25], [5, 25], [6, 25], [6, 26], [7, 26], [7, 27], [7, 26], [6, 26], [5, 26], [4, 26], [5, 26], [6, 26], [6, 25], [7, 25], [6, 25], [6, 24], [5, 24], [5, 23], [6, 23], [7, 23], [7, 24], [6, 24], [6, 25], [5, 25], [5, 26], [4, 26], [4, 27], [3, 27], [3, 28], [2, 28], [2, 27], [1, 27], [1, 26], [0, 26], [0, 25], [1, 25], [2, 25], [3, 25], [3, 26], [4, 26], [4, 27], [5, 27], [6, 27], [6, 28], [7, 28], [7, 29], [6, 29], [6, 30], [7, 30], [7, 31], [8, 31], [8, 30], [9, 30], [9, 29], [10, 29], [10, 30], [11, 30], [11, 31], [12, 31], [13, 31], [14, 31], [13, 31], [13, 30], [12, 30], [12, 29], [11, 29], [11, 28], [10, 28], [11, 28], [11, 29], [12, 29], [13, 29], [13, 28], [14, 28], [14, 29], [13, 29], [13, 30], [12, 30], [13, 30], [14, 30]]}
META {"type": "geom", "shape": "line", "group": "offpath", "data": [[3, 8, 0, 8], [3, 11, 4, 10], [3, 14, 4, 14], [3, 18, 0, 16], [3, 9, 4, 9], [3, 19, 2, 19], [3, 29, 0, 26], [14, 8, 10, 7], [14, 27, 10, 27], [14, 11, 13, 11], [14, 26, 12, 27], [14, 12, 10, 12], [14, 28, 11, 26], [0, 8, 1, 9], [0, 16, 1, 15], [0, 26, 1, 27], [4, 14, 5, 13], [4, 9, 5, 9], [4, 6, 5, 6], [4, 10, 5, 11], [1, 27, 2, 28], [1, 15, 2, 15], [1, 9, 2, 8], [13, 8, 14, 8], [13, 11, 14, 11], [13, 26, 14, 27], [13, 12, 14, 12], [13, 25, 14, 26], [13, 29, 14, 28], [7, 8, 4, 6], [7, 17, 3, 18], [7, 4, 3, 8], [7, 10, 8, 9], [12, 8, 13, 8], [12, 27, 13, 26], [12, 12, 13, 12], [12, 14, 10, 13], [12, 25, 13, 25], [12, 28, 13, 29], [8, 9, 9, 10], [6, 11, 7, 10], [6, 5, 7, 4], [6, 9, 7, 8], [9, 10, 10, 11], [2, 8, 3, 9], [2, 15, 3, 14], [2, 28, 3, 29], [2, 19, 3, 19], [10, 27, 11, 28], [10, 11, 11, 12], [10, 12, 11, 13], [10, 7, 11, 8], [10, 13, 11, 14], [5, 11, 6, 11], [5, 9, 6, 9], [5, 6, 6, 5], [5, 13, 3, 11], [11, 8, 12, 8], [11, 26, 12, 25], [11, 12, 12, 12], [11, 14, 12, 14], [11, 28, 12, 28], [11, 13, 7, 17]]}
