XXXXXXXXXXXXXXXX
XXXXXXXXXXXXXXXX
XXXXX---XXX}XXXX
XXX-----XXX-XXXX
XXX-----------XX
XX---XX-------XX
XX-XXXX---#-XXXX
XX--XXX-----XXXX
XX--XXX##---XXXX
XX-------#-X--XX
XX-----X---XXXXX
XXX----XX---XXXX
XXX-XX--X---XXXX
XXX-XX------XXXX
XX---X-#----XXXX
XX-------#----XX
XXX---#-------XX
XXX-X--------XXX
XXXXX---XXX-XXXX
XXXXX---XXX--XXX
XXXX----XXX--XXX
XXXX----------XX
XXXXX------#--XX
XXXXX----#----XX
XXX---#-------XX
XXX-----#-----XX
XXX--#----###-XX
XX-X---#------XX
XXXX----------XX
XXXX--X-X-{--XXX
XXXXXXXXXXXXXXXX
XXXXXXXXXXXXXXXX
META {"type": "solver", "id": "pysat-rc2", "objective": 0}
META {"type": "geom", "shape": "path", "group": "path", "data": [[29, 10, 27, 10], [27, 10, 27, 8], [27, 8, 28, 8], [28, 8, 28, 4], [28, 4, 24, 4], [24, 4, 24, 5], [24, 5, 25, 5], [25, 5, 25, 3], [25, 3, 25, 7], [25, 7, 15, 7], [15, 7, 15, 8], [15, 8, 17, 8], [17, 8, 13, 8], [13, 8, 13, 6], [13, 6, 15, 6], [15, 6, 15, 2], [15, 2, 14, 2], [14, 2, 14, 4], [14, 4, 16, 4], [16, 4, 16, 5], [16, 5, 16, 3], [16, 3, 17, 3], [17, 3, 7, 3], [7, 3, 7, 2], [7, 2, 5, 2], [5, 2, 5, 4], [5, 4, 3, 4], [3, 4, 3, 3], [3, 3, 3, 7], [3, 7, 2, 7], [2, 7, 2, 5], [2, 5, 4, 5], [4, 5, 4, 3], [4, 3, 4, 13], [4, 13, 5, 13], [5, 13, 5, 7], [5, 7, 7, 7], [7, 7, 7, 11], [7, 11, 8, 11], [8, 11, 2, 11]]}
META {"type": "geom", "shape": "tile", "group": "path", "data": [[29, 10], [28, 10], [27, 10], [27, 9], [27, 8], [28, 8], [28, 7], [28, 6], [28, 5], [28, 4], [27, 4], [26, 4], [25, 4], [24, 4], [24, 5], [25, 5], [25, 4], [25, 3], [25, 4], [25, 5], [25, 6], [25, 7], [24, 7], [23, 7], [22, 7], [21, 7], [20, 7], [19, 7], [18, 7], [17, 7], [16, 7], [15, 7], [15, 8], [16, 8], [17, 8], [16, 8], [15, 8], [14, 8], [13, 8], [13, 7], [13, 6], [14, 6], [15, 6], [15, 5], [15, 4], [15, 3], [15, 2], [14, 2], [14, 3], [14, 4], [15, 4], [16, 4], [16, 5], [16, 4], [16, 3], [17, 3], [16, 3], [15, 3], [14, 3], [13, 3], [12, 3], [11, 3], [10, 3], [9, 3], [8, 3], [7, 3], [7, 2], [6, 2], [5, 2], [5, 3], [5, 4], [4, 4], [3, 4], [3, 3], [3, 4], [3, 5], [3, 6], [3, 7], [2, 7], [2, 6], [2, 5], [3, 5], [4, 5], [4, 4], [4, 3], [4, 4], [4, 5], [4, 6], [4, 7], [4, 8], [4, 9], [4, 10], [4, 11], [4, 12], [4, 13], [5, 13], [5, 12], [5, 11], [5, 10], [5, 9], [5, 8], [5, 7], [6, 7], [7, 7], [7, 8], [7, 9], [7, 10], [7, 11], [8, 11], [7, 11], [6, 11], [5, 11], [4, 11], [3, 11], [2, 11]]}
META {"type": "geom", "shape": "line", "group": "offpath", "data": [[8, 3, 8, 2], [8, 9, 4, 9], [8, 2, 8, 3], [9, 6, 9, 2], [9, 2, 10, 2], [29, 4, 29, 5], [29, 12, 27, 12], [29, 5, 27, 5], [5, 12, 4, 12], [27, 4, 29, 4], [27, 12, 29, 12], [27, 5, 27, 4], [20, 4, 21, 4], [15, 12, 17, 12], [7, 10, 17, 10], [4, 9, 8, 9], [4, 12, 5, 12], [4, 6, 2, 6], [10, 6, 9, 6], [10, 2, 10, 6], [25, 11, 23, 11], [26, 3, 26, 4], [26, 4, 26, 3], [26, 9, 24, 9], [26, 7, 26, 9], [21, 4, 20, 4], [21, 11, 11, 11], [11, 11, 21, 11], [24, 9, 24, 13], [24, 7, 26, 7], [24, 13, 24, 7], [23, 11, 25, 11], [17, 12, 15, 12], [17, 10, 7, 10], [16, 7, 16, 13], [16, 13, 16, 7], [2, 6, 4, 6]]}
