XXXXXXXXXXXXXXXX
XXXXXXXXXXXXXXXX
XXX-----------XX
XXX--XXXXXXX--XX
XX---XXXXXXX--XX
XX-#-XXX}XXX--XX
XX------------XX
XX-----X--X-X-XX
XX---XXX-XXXX-XX
XXX--XXX--XXX-XX
XXX-------XXXXXX
XXXXX-----XXXXXX
XXXXX-------XXXX
XXX-------#-XXXX
XXX---XXX---XXXX
XXX-XXXXX-----XX
XXX-XXXXX-----XX
XXX-XXX--#-XX-XX
XX--XXX----XXXXX
XX------X--XXXXX
XXXXXXXXX--XXXXX
XXXXXXXXX----XXX
XXXXXXX---#---XX
XXXXXXX-----#-XX
XXXXXX--X-----XX
XXXXX--XX-----XX
XXXXX---X--#--XX
XX--XX--XX---XXX
XX---X---X--XXXX
XX-X--{----XXXXX
XXXXXXXXXXXXXXXX
XXXXXXXXXXXXXXXX
META {"type": "solver", "id": "pysat-rc2", "objective": 0}
META {"type": "geom", "shape": "path", "group": "path", "data": [[29, 6, 29, 10], [29, 10, 23, 10], [23, 10, 23, 11], [23, 11, 23, 7], [23, 7, 22, 7], [22, 7, 22, 9], [22, 9, 18, 9], [18, 9, 18, 7], [18, 7, 19, 7], [19, 7, 17, 7], [17, 7, 17, 8], [17, 8, 18, 8], [18, 8, 18, 10], [18, 10, 14, 10], [14, 10, 14, 9], [14, 9, 14, 11], [14, 11, 16, 11], [16, 11, 16, 9], [16, 9, 16, 13], [16, 13, 17, 13], [17, 13, 15, 13], [15, 13, 15, 9], [15, 9, 9, 9], [9, 9, 9, 8], [9, 8, 5, 8]]}
META {"type": "geom", "shape": "tile", "group": "path", "data": [[29, 6], [29, 7], [29, 8], [29, 9], [29, 10], [28, 10], [27, 10], [26, 10], [25, 10], [24, 10], [23, 10], [23, 11], [23, 10], [23, 9], [23, 8], [23, 7], [22, 7], [22, 8], [22, 9], [21, 9], [20, 9], [19, 9], [18, 9], [18, 8], [18, 7], [19, 7], [18, 7], [17, 7], [17, 8], [18, 8], [18, 9], [18, 10], [17, 10], [16, 10], [15, 10], [14, 10], [14, 9], [14, 10], [14, 11], [15, 11], [16, 11], [16, 10], [16, 9], [16, 10], [16, 11], [16, 12], [16, 13], [17, 13], [16, 13], [15, 13], [15, 12], [15, 11], [15, 10], [15, 9], [14, 9], [13, 9], [12, 9], [11, 9], [10, 9], [9, 9], [9, 8], [8, 8], [7, 8], [6, 8], [5, 8]]}
META {"type": "geom", "shape": "line", "group": "offpath", "data": [[8, 2, 8, 4], [8, 4, 10, 4], [24, 9, 24, 13], [24, 13, 24, 9], [4, 3, 4, 2], [4, 2, 8, 2], [14, 4, 13, 4], [18, 2, 19, 2], [26, 10, 26, 9], [26, 9, 26, 10], [26, 5, 26, 7], [26, 7, 26, 5], [13, 3, 19, 3], [13, 4, 14, 4], [28, 3, 27, 3], [28, 6, 28, 8], [28, 8, 28, 6], [7, 11, 6, 11], [7, 9, 6, 9], [2, 3, 4, 3], [2, 13, 2, 3], [19, 3, 13, 3], [19, 2, 18, 2], [6, 3, 6, 13], [6, 11, 7, 11], [6, 9, 7, 9], [6, 13, 2, 13], [25, 6, 25, 5], [25, 5, 25, 6], [27, 10, 27, 12], [27, 3, 28, 3], [27, 12, 27, 10], [27, 6, 27, 7], [27, 7, 27, 6], [10, 3, 6, 3], [10, 4, 10, 3]]}
