XXXXXXXXXXXXXXXX
X---}XXX---XX--X
XX-XXXXXXXX--X-X
XX-XXXXXXXX--X-X
X----XX------X-X
X-------XXXXX-XX
X---XXX------X-X
XXXX-----XXX---X
XXXX---XXXXX---X
X------XXXXXXX-X
XX-XXXX--XXXXX-X
X--XXXX--XXX{--X
XXX------XXXXXXX
XXX-X-X--XXXXXXX
X------XX------X
XXXXXXXXXXXXXXXX
META {"type": "solver", "id": "pysat-rc2-boolonly", "objective": 0}
META {"type": "geom", "shape": "path", "group": "path", "data": [[11, 12, 11, 13], [11, 13, 11, 14], [11, 14, 10, 14], [10, 14, 9, 14], [9, 14, 8, 14], [8, 14, 7, 14], [7, 14, 7, 13], [7, 13, 7, 12], [7, 12, 6, 12], [6, 12, 6, 11], [6, 11, 6, 10], [6, 10, 6, 9], [6, 9, 6, 8], [6, 8, 6, 7], [6, 7, 5, 7], [5, 7, 5, 6], [5, 6, 5, 5], [5, 5, 5, 4], [5, 4, 5, 3], [5, 3, 4, 3], [4, 3, 4, 2], [4, 2, 3, 2], [3, 2, 2, 2], [2, 2, 1, 2], [1, 2, 1, 3], [1, 3, 1, 4]]}
META {"type": "geom", "shape": "tile", "group": "path", "data": [[11, 12], [11, 13], [11, 14], [10, 14], [9, 14], [8, 14], [7, 14], [7, 13], [7, 12], [6, 12], [6, 11], [6, 10], [6, 9], [6, 8], [6, 7], [5, 7], [5, 6], [5, 5], [5, 4], [5, 3], [4, 3], [4, 2], [3, 2], [2, 2], [1, 2], [1, 3], [1, 4]]}
META {"type": "geom", "shape": "line", "group": "offpath", "data": [[5, 1, 6, 1], [5, 2, 6, 2], [4, 10, 4, 9], [4, 7, 4, 8], [4, 9, 4, 10], [4, 8, 4, 7], [14, 11, 14, 12], [14, 12, 14, 11], [14, 10, 14, 9], [14, 13, 14, 14], [14, 14, 14, 13], [14, 9, 14, 10], [6, 1, 5, 1], [6, 2, 5, 2], [7, 5, 7, 6], [7, 6, 7, 5]]}
