--------------------------------
--------------------------------
--------------------------------
------------------------XXXXXX--
---------X----Q---XXX-----------
--------------------------------
------X----------------X-----X--
---Q----------------------X-----
----------X--XQX----------------
-------Q-----------Q------------
--------------------------------
--------------<>-------XX-------
--------XX----[]------XXX-------
-------XXX----[]-----XXXX-------
-{----XXXX----[]----XXXXX-----}-
XXXXXXXXXXXXXXXXXXXXXXXXXXXXXXXX
META {"type": "solver", "id": "pysat-rc2", "objective": 0}
META {"type": "geom", "shape": "path", "group": "path", "data": [[14, 1, 12, 0], [12, 0, 13, 0], [13, 0, 14, 0], [14, 0, 12, 2], [12, 2, 13, 3], [13, 3, 14, 2], [14, 2, 14, 3], [14, 3, 10, 7], [10, 7, 11, 8], [11, 8, 7, 7], [7, 7, 8, 7], [8, 7, 4, 6], [4, 6, 5, 6], [5, 6, 2, 9], [2, 9, 3, 9], [3, 9, 0, 12], [0, 12, 1, 13], [1, 13, 2, 14], [2, 14, 3, 15], [3, 15, 4, 16], [4, 16, 5, 16], [5, 16, 6, 15], [6, 15, 7, 15], [7, 15, 3, 14], [3, 14, 0, 16], [0, 16, 1, 16], [1, 16, 2, 17], [2, 17, 3, 16], [3, 16, 4, 17], [4, 17, 5, 17], [5, 17, 6, 16], [6, 16, 7, 16], [7, 16, 8, 17], [8, 17, 9, 16], [9, 16, 10, 15], [10, 15, 7, 18], [7, 18, 8, 19], [8, 19, 5, 19], [5, 19, 6, 18], [6, 18, 7, 17], [7, 17, 8, 18], [8, 18, 9, 18], [9, 18, 10, 18], [10, 18, 11, 17], [11, 17, 12, 18], [12, 18, 13, 18], [13, 18, 14, 17], [14, 17, 10, 21], [10, 21, 11, 22], [11, 22, 7, 22], [7, 22, 8, 23], [8, 23, 9, 24], [9, 24, 10, 25], [10, 25, 11, 25], [11, 25, 12, 25], [12, 25, 13, 25], [13, 25, 14, 25], [14, 25, 14, 26], [14, 26, 10, 27], [10, 27, 11, 26], [11, 26, 12, 27], [12, 27, 13, 28], [13, 28, 14, 27], [14, 27, 14, 28], [14, 28, 10, 31], [10, 31, 11, 30], [11, 30, 12, 31], [12, 31, 13, 30], [13, 30, 14, 31], [14, 31, 11, 28], [11, 28, 12, 28], [12, 28, 13, 29], [13, 29, 14, 30]]}
META {"type": "geom", "shape": "tile", "group": "path", "data": [[14, 1], [13, 1], [13, 0], [12, 0], [13, 0], [14, 0], [13, 0], [13, 1], [12, 1], [12, 2], [13, 2], [13, 3], [14, 3], [14, 2], [14, 3], [13, 3], [13, 4], [12, 4], [12, 5], [11, 5], [11, 6], [10, 6], [10, 7], [11, 7], [11, 8], [10, 8], [9, 8], [8, 8], [7, 8], [7, 7], [8, 7], [7, 7], [6, 7], [5, 7], [4, 7], [4, 6], [5, 6], [4, 6], [4, 7], [3, 7], [3, 8], [2, 8], [2, 9], [3, 9], [2, 9], [2, 10], [1, 10], [1, 11], [0, 11], [0, 12], [1, 12], [1, 13], [2, 13], [2, 14], [3, 14], [3, 15], [4, 15], [4, 16], [5, 16], [6, 16], [6, 15], [7, 15], [6, 15], [5, 15], [4, 15], [3, 15], [3, 14], [2, 14], [2, 15], [1, 15], [1, 16], [0, 16], [1, 16], [2, 16], [2, 17], [3, 17], [3, 16], [4, 16], [4, 17], [5, 17], [6, 17], [6, 16], [7, 16], [8, 16], [8, 17], [9, 17], [9, 16], [10, 16], [10, 15], [9, 15], [9, 16], [8, 16], [8, 17], [7, 17], [7, 18], [8, 18], [8, 19], [7, 19], [6, 19], [5, 19], [6, 19], [6, 18], [7, 18], [7, 17], [8, 17], [8, 18], [9, 18], [10, 18], [11, 18], [11, 17], [12, 17], [12, 18], [13, 18], [14, 18], [14, 17], [13, 17], [13, 18], [12, 18], [12, 19], [11, 19], [11, 20], [10, 20], [10, 21], [11, 21], [11, 22], [10, 22], [9, 22], [8, 22], [7, 22], [8, 22], [8, 23], [9, 23], [9, 24], [10, 24], [10, 25], [11, 25], [12, 25], [13, 25], [14, 25], [14, 26], [13, 26], [12, 26], [11, 26], [10, 26], [10, 27], [11, 27], [11, 26], [12, 26], [12, 27], [13, 27], [13, 28], [14, 28], [14, 27], [14, 28], [13, 28], [13, 29], [12, 29], [12, 30], [11, 30], [11, 31], [10, 31], [11, 31], [11, 30], [12, 30], [12, 31], [13, 31], [13, 30], [14, 30], [14, 31], [13, 31], [13, 30], [12, 30], [12, 29], [11, 29], [11, 28], [12, 28], [13, 28], [13, 29], [14, 29], [14, 30]]}
META {"type": "geom", "shape": "line", "group": "offpath", "data": [[11, 20, 12, 21], [11, 10, 12, 10], [11, 5, 12, 6], [11, 13, 12, 13], [11, 6, 12, 7], [11, 9, 10, 9], [14, 12, 13, 12], [14, 11, 10, 10], [14, 10, 10, 13], [14, 5, 13, 5], [14, 13, 14, 12], [14, 4, 13, 4], [2, 29, 2, 28], [2, 20, 3, 19], [2, 28, 0, 30], [2, 21, 3, 20], [2, 26, 0, 28], [2, 30, 3, 30], [2, 4, 3, 4], [2, 27, 0, 25], [2, 25, 0, 27], [1, 22, 2, 21], [1, 24, 2, 25], [1, 29, 2, 29], [1, 31, 2, 30], [1, 28, 2, 27], [1, 21, 2, 20], [1, 26, 2, 26], [0, 22, 1, 22], [0, 28, 1, 29], [0, 30, 1, 31], [0, 27, 1, 28], [0, 25, 1, 26], [10, 14, 9, 13], [10, 24, 6, 21], [10, 19, 11, 20], [10, 10, 11, 10], [10, 5, 11, 6], [10, 23, 8, 25], [10, 13, 11, 13], [10, 9, 11, 9], [10, 4, 11, 5], [9, 22, 10, 23], [9, 3, 10, 4], [9, 5, 10, 5], [9, 13, 10, 14], [9, 25, 10, 24], [6, 14, 7, 13], [6, 3, 2, 4], [6, 21, 7, 20], [6, 26, 4, 24], [6, 13, 7, 14], [13, 12, 14, 11], [13, 11, 14, 10], [13, 5, 14, 5], [13, 13, 14, 13], [13, 6, 9, 5], [13, 4, 14, 4], [7, 14, 6, 14], [7, 20, 8, 21], [7, 13, 4, 15], [4, 24, 5, 23], [4, 28, 5, 27], [4, 30, 5, 29], [4, 4, 5, 3], [4, 15, 5, 14], [12, 7, 8, 3], [12, 10, 13, 11], [12, 21, 10, 19], [12, 13, 13, 13], [12, 6, 13, 6], [5, 14, 6, 13], [5, 3, 6, 3], [5, 29, 4, 28], [5, 23, 1, 24], [5, 27, 6, 26], [3, 19, 0, 22], [3, 20, 1, 21], [3, 30, 4, 30], [3, 4, 4, 4], [8, 3, 9, 3], [8, 21, 9, 22], [8, 25, 9, 25]]}
