--------------------------------
--------------------------------
-------------Q--------------Q---
-----------------------XQX------
--------------------------------
-----------------------------X--
--------------X--Q--XXX---------
-------------------------X------
--------------------XXX---------
-----------------Q----------X---
--------------------------------
--------------------------------
----XX----X--------X------------
---------XX-------XX-----<>-----
-{------XXX------XXX-----[]---}-
XXXXXXXXXXX---XXXXXX---XXXXXXXXX
META {"type": "solver", "id": "pysat-rc2-boolonly", "objective": 0}
META {"type": "geom", "shape": "path", "group": "path", "data": [[14, 1, 14, 2], [14, 2, 14, 3], [14, 3, 13, 4], [13, 4, 14, 5], [14, 5, 12, 6], [12, 6, 13, 6], [13, 6, 14, 7], [14, 7, 10, 7], [10, 7, 11, 6], [11, 6, 12, 7], [12, 7, 13, 8], [13, 8, 10, 10], [10, 10, 11, 11], [11, 11, 12, 12], [12, 12, 13, 13], [13, 13, 14, 14], [14, 14, 10, 11], [10, 11, 11, 10], [11, 10, 7, 14], [7, 14, 8, 13], [8, 13, 9, 14], [9, 14, 10, 15], [10, 15, 11, 16], [11, 16, 12, 16], [12, 16, 13, 17], [13, 17, 11, 18], [11, 18, 12, 18], [12, 18, 8, 17], [8, 17, 4, 20], [4, 20, 5, 21], [5, 21, 1, 20], [1, 20, 2, 19], [2, 19, 3, 18], [3, 18, 4, 19], [4, 19, 5, 20], [5, 20, 2, 23], [2, 23, 2, 24], [2, 24, 0, 26], [0, 26, 1, 26], [1, 26, 2, 27], [2, 27, 3, 28], [3, 28, 4, 29], [4, 29, 0, 28], [0, 28, 1, 27], [1, 27, 2, 26], [2, 26, 3, 26], [3, 26, 4, 25], [4, 25, 5, 25], [5, 25, 6, 26], [6, 26, 7, 26], [7, 26, 8, 25], [8, 25, 9, 24], [9, 24, 10, 24], [10, 24, 11, 23], [11, 23, 12, 22], [12, 22, 13, 22], [13, 22, 14, 23], [14, 23, 12, 25], [12, 25, 10, 26], [10, 26, 11, 27], [11, 27, 12, 28], [12, 28, 13, 28], [13, 28, 14, 27], [14, 27, 14, 28], [14, 28, 11, 28], [11, 28, 12, 29], [12, 29, 13, 29], [13, 29, 14, 29], [14, 29, 11, 31], [11, 31, 12, 31], [12, 31, 13, 30], [13, 30, 14, 31], [14, 31, 10, 30], [10, 30, 11, 29], [11, 29, 12, 30], [12, 30, 13, 31], [13, 31, 14, 30]]}
META {"type": "geom", "shape": "tile", "group": "path", "data": [[14, 1], [14, 2], [14, 3], [13, 3], [13, 4], [14, 4], [14, 5], [13, 5], [13, 6], [12, 6], [13, 6], [14, 6], [14, 7], [13, 7], [12, 7], [11, 7], [10, 7], [11, 7], [11, 6], [12, 6], [12, 7], [13, 7], [13, 8], [12, 8], [12, 9], [11, 9], [11, 10], [10, 10], [11, 10], [11, 11], [12, 11], [12, 12], [13, 12], [13, 13], [14, 13], [14, 14], [13, 14], [13, 13], [12, 13], [12, 12], [11, 12], [11, 11], [10, 11], [11, 11], [11, 10], [10, 10], [10, 11], [9, 11], [9, 12], [8, 12], [8, 13], [7, 13], [7, 14], [8, 14], [8, 13], [9, 13], [9, 14], [10, 14], [10, 15], [11, 15], [11, 16], [12, 16], [13, 16], [13, 17], [12, 17], [12, 18], [11, 18], [12, 18], [11, 18], [10, 18], [9, 18], [8, 18], [8, 17], [7, 17], [7, 18], [6, 18], [6, 19], [5, 19], [5, 20], [4, 20], [5, 20], [5, 21], [4, 21], [3, 21], [2, 21], [1, 21], [1, 20], [2, 20], [2, 19], [3, 19], [3, 18], [4, 18], [4, 19], [5, 19], [5, 20], [4, 20], [4, 21], [3, 21], [3, 22], [2, 22], [2, 23], [2, 24], [1, 24], [1, 25], [0, 25], [0, 26], [1, 26], [2, 26], [2, 27], [3, 27], [3, 28], [4, 28], [4, 29], [3, 29], [2, 29], [1, 29], [0, 29], [0, 28], [1, 28], [1, 27], [2, 27], [2, 26], [3, 26], [4, 26], [4, 25], [5, 25], [6, 25], [6, 26], [7, 26], [8, 26], [8, 25], [9, 25], [9, 24], [10, 24], [11, 24], [11, 23], [12, 23], [12, 22], [13, 22], [14, 22], [14, 23], [13, 23], [13, 24], [12, 24], [12, 25], [11, 25], [11, 26], [10, 26], [11, 26], [11, 27], [12, 27], [12, 28], [13, 28], [14, 28], [14, 27], [14, 28], [13, 28], [12, 28], [11, 28], [12, 28], [12, 29], [13, 29], [14, 29], [13, 29], [13, 30], [12, 30], [12, 31], [11, 31], [12, 31], [13, 31], [13, 30], [14, 30], [14, 31], [13, 31], [12, 31], [11, 31], [10, 31], [10, 30], [11, 30], [11, 29], [12, 29], [12, 30], [13, 30], [13, 31], [14, 31], [14, 30]]}
META {"type": "geom", "shape": "line", "group": "offpath", "data": [[8, 19, 9, 19], [8, 28, 4, 28], [14, 15, 13, 16], [4, 13, 5, 14], [4, 17, 5, 17], [4, 22, 5, 22], [4, 28, 5, 28], [7, 19, 8, 19], [7, 28, 8, 28], [7, 20, 7, 19], [0, 12, 1, 12], [0, 27, 1, 28], [0, 24, 1, 24], [1, 12, 2, 12], [1, 13, 0, 12], [1, 23, 2, 22], [1, 28, 0, 27], [1, 24, 2, 25], [9, 19, 10, 18], [13, 16, 14, 15], [11, 19, 7, 20], [6, 25, 5, 24], [6, 28, 7, 28], [3, 21, 4, 22], [3, 13, 4, 13], [3, 16, 4, 17], [2, 12, 3, 13], [2, 25, 0, 24], [2, 22, 3, 21], [5, 17, 1, 13], [5, 22, 1, 23], [5, 28, 6, 28], [5, 24, 6, 25], [5, 14, 3, 16], [10, 18, 11, 19]]}
