--------------------------------
--------------------------------
-----------------------------Q--
--------------------------------
-------Q------------------------
--------------------------Q-----
-----------------------------X--
----------------XXXXX-----------
-----------X-----------Q--------
----------XX--------------XX----
---------XXX--------------------
--------XXXX--------------------
-------XXXXX-------<>--<>-------
------XXXXXX-------[]--[]-------
-{---XXXXXXX-------[]--[]-----}-
XXXXXXXXXXXXXXXXXXXXXXXXXXXXXXXX
META {"type": "solver", "id": "pysat-rc2", "objective": 0}
META {"type": "geom", "shape": "path", "group": "path", "data": [[14, 1, 12, 1], [12, 1, 13, 2], [13, 2, 14, 3], [14, 3, 10, 6], [10, 6, 11, 6], [11, 6, 12, 6], [12, 6, 8, 5], [8, 5, 9, 6], [9, 6, 10, 7], [10, 7, 11, 7], [11, 7, 7, 8], [7, 8, 8, 9], [8, 9, 9, 9], [9, 9, 6, 6], [6, 6, 7, 5], [7, 5, 8, 6], [8, 6, 9, 7], [9, 7, 10, 8], [10, 8, 6, 12], [6, 12, 7, 11], [7, 11, 3, 7], [3, 7, 0, 9], [0, 9, 1, 9], [1, 9, 2, 10], [2, 10, 3, 10], [3, 10, 4, 11], [4, 11, 5, 12], [5, 12, 6, 11], [6, 11, 7, 10], [7, 10, 8, 10], [8, 10, 4, 14], [4, 14, 5, 15], [5, 15, 6, 16], [6, 16, 3, 14], [3, 14, 4, 15], [4, 15, 5, 16], [5, 16, 6, 17], [6, 17, 3, 17], [3, 17, 4, 18], [4, 18, 5, 19], [5, 19, 6, 20], [6, 20, 2, 24], [2, 24, 3, 24], [3, 24, 4, 24], [4, 24, 5, 25], [5, 25, 6, 24], [6, 24, 7, 23], [7, 23, 3, 22], [3, 22, 4, 21], [4, 21, 5, 21], [5, 21, 6, 21], [6, 21, 7, 22], [7, 22, 8, 22], [8, 22, 9, 22], [9, 22, 10, 23], [10, 23, 11, 23], [11, 23, 8, 26], [8, 26, 4, 29], [4, 29, 5, 29], [5, 29, 1, 26], [1, 26, 2, 26], [2, 26, 3, 26], [3, 26, 4, 27], [4, 27, 5, 28], [5, 28, 6, 27], [6, 27, 7, 26], [7, 26, 8, 27], [8, 27, 5, 27], [5, 27, 6, 28], [6, 28, 7, 28], [7, 28, 8, 28], [8, 28, 9, 28], [9, 28, 10, 28], [10, 28, 11, 29], [11, 29, 12, 28], [12, 28, 13, 28], [13, 28, 14, 28], [14, 28, 12, 30], [12, 30, 13, 29], [13, 29, 14, 29], [14, 29, 12, 29], [12, 29, 13, 30], [13, 30, 14, 30]]}
META {"type": "geom", "shape": "tile", "group": "path", "data": [[14, 1], [13, 1], [12, 1], [13, 1], [13, 2], [14, 2], [14, 3], [13, 3], [13, 4], [12, 4], [12, 5], [11, 5], [11, 6], [10, 6], [11, 6], [12, 6], [11, 6], [10, 6], [9, 6], [8, 6], [8, 5], [9, 5], [9, 6], [10, 6], [10, 7], [11, 7], [10, 7], [9, 7], [8, 7], [7, 7], [7, 8], [8, 8], [8, 9], [9, 9], [8, 9], [8, 8], [7, 8], [7, 7], [6, 7], [6, 6], [7, 6], [7, 5], [8, 5], [8, 6], [9, 6], [9, 7], [10, 7], [10, 8], [9, 8], [9, 9], [8, 9], [8, 10], [7, 10], [7, 11], [6, 11], [6, 12], [7, 12], [7, 11], [6, 11], [6, 10], [5, 10], [5, 9], [4, 9], [4, 8], [3, 8], [3, 7], [2, 7], [2, 8], [1, 8], [1, 9], [0, 9], [1, 9], [2, 9], [2, 10], [3, 10], [4, 10], [4, 11], [5, 11], [5, 12], [6, 12], [6, 11], [7, 11], [7, 10], [8, 10], [7, 10], [7, 11], [6, 11], [6, 12], [5, 12], [5, 13], [4, 13], [4, 14], [5, 14], [5, 15], [6, 15], [6, 16], [5, 16], [5, 15], [4, 15], [4, 14], [3, 14], [4, 14], [4, 15], [5, 15], [5, 16], [6, 16], [6, 17], [5, 17], [4, 17], [3, 17], [4, 17], [4, 18], [5, 18], [5, 19], [6, 19], [6, 20], [5, 20], [5, 21], [4, 21], [4, 22], [3, 22], [3, 23], [2, 23], [2, 24], [3, 24], [4, 24], [5, 24], [5, 25], [6, 25], [6, 24], [7, 24], [7, 23], [6, 23], [5, 23], [4, 23], [3, 23], [3, 22], [4, 22], [4, 21], [5, 21], [6, 21], [7, 21], [7, 22], [8, 22], [9, 22], [10, 22], [10, 23], [11, 23], [10, 23], [10, 24], [9, 24], [9, 25], [8, 25], [8, 26], [7, 26], [7, 27], [6, 27], [6, 28], [5, 28], [5, 29], [4, 29], [5, 29], [4, 29], [4, 28], [3, 28], [3, 27], [2, 27], [2, 26], [1, 26], [2, 26], [3, 26], [4, 26], [4, 27], [5, 27], [5, 28], [6, 28], [6, 27], [7, 27], [7, 26], [8, 26], [8, 27], [7, 27], [6, 27], [5, 27], [6, 27], [6, 28], [7, 28], [8, 28], [9, 28], [10, 28], [11, 28], [11, 29], [12, 29], [12, 28], [13, 28], [14, 28], [13, 28], [13, 29], [12, 29], [12, 30], [13, 30], [13, 29], [14, 29], [13, 29], [12, 29], [13, 29], [13, 30], [14, 30]]}
META {"type": "geom", "shape": "line", "group": "offpath", "data": [[2, 27, 3, 27], [9, 23, 10, 24], [9, 18, 10, 19], [1, 29, 0, 28], [13, 15, 14, 16], [13, 13, 14, 12], [13, 17, 14, 18], [13, 1, 14, 2], [13, 31, 14, 31], [13, 25, 14, 25], [13, 22, 14, 21], [13, 3, 14, 4], [13, 0, 14, 0], [13, 14, 14, 13], [13, 16, 14, 17], [12, 2, 13, 1], [12, 15, 13, 15], [12, 13, 13, 14], [12, 17, 13, 16], [12, 21, 13, 22], [12, 31, 13, 31], [12, 25, 13, 25], [12, 3, 13, 3], [12, 0, 13, 0], [12, 14, 13, 13], [8, 18, 9, 18], [8, 24, 9, 23], [14, 2, 11, 2], [14, 4, 10, 1], [14, 18, 10, 15], [14, 13, 12, 15], [14, 17, 10, 17], [14, 21, 14, 22], [14, 31, 12, 31], [14, 25, 10, 25], [14, 22, 10, 21], [14, 0, 12, 2], [14, 16, 13, 17], [14, 12, 10, 13], [0, 28, 1, 29], [10, 15, 11, 15], [10, 13, 11, 12], [10, 17, 11, 16], [10, 1, 11, 0], [10, 21, 11, 21], [10, 19, 11, 20], [10, 25, 11, 24], [10, 24, 11, 25], [6, 18, 4, 17], [6, 19, 3, 16], [11, 2, 12, 3], [11, 15, 12, 14], [11, 21, 12, 21], [11, 25, 12, 25], [11, 0, 12, 0], [11, 24, 8, 24], [11, 20, 8, 18], [11, 16, 12, 17], [11, 12, 12, 13], [5, 18, 6, 19], [5, 17, 6, 18], [3, 27, 4, 26], [3, 16, 4, 16], [4, 17, 5, 18], [4, 26, 2, 27], [4, 16, 5, 17]]}
