XXXXXXXXXXXXXXXX
X0--XX--XX----1X
XXX-XX--XX--XXXX
XXX---X-----XXXX
X--X--X--XXX---X
X--X--X--XXX--XX
X--X--------XX-X
X-X--XXXX---XX-X
XX-XX----X--XX-X
X-XXXX---X-----X
XXXXXX---X--XX-X
XXXXX-----XXXXXX
XXXXX-----XXXXXX
XXXX-X------XXXX
X2------------3X
XXXXXXXXXXXXXXXX
META {"type": "solver", "id": "pysat-rc2-boolonly", "objective": 0}
META {"type": "geom", "shape": "path", "group": "path", "data": [[1, 1, 1, 2], [1, 2, 1, 3], [1, 3, 2, 3], [2, 3, 3, 3], [3, 3, 3, 4], [3, 4, 4, 4], [4, 4, 5, 4], [5, 4, 5, 5], [5, 5, 6, 5], [6, 5, 6, 6], [6, 6, 6, 7], [6, 7, 6, 8], [6, 8, 5, 8], [5, 8, 4, 8], [4, 8, 4, 7], [4, 7, 3, 7], [3, 7, 3, 8], [3, 8, 3, 9], [3, 9, 3, 10], [3, 10, 2, 10], [2, 10, 1, 10], [1, 10, 1, 11], [1, 11, 1, 12], [1, 12, 1, 13], [1, 13, 1, 14]]}
META {"type": "geom", "shape": "tile", "group": "path", "data": [[1, 1], [1, 2], [1, 3], [2, 3], [3, 3], [3, 4], [4, 4], [5, 4], [5, 5], [6, 5], [6, 6], [6, 7], [6, 8], [5, 8], [4, 8], [4, 7], [3, 7], [3, 8], [3, 9], [3, 10], [2, 10], [1, 10], [1, 11], [1, 12], [1, 13], [1, 14]]}
META {"type": "geom", "shape": "line", "group": "offpath", "data": [[4, 13, 4, 14], [4, 14, 4, 13], [4, 12, 5, 12], [3, 11, 2, 11], [7, 11, 6, 11], [2, 11, 3, 11], [6, 11, 7, 11], [5, 12, 4, 12], [14, 3, 14, 4], [14, 4, 14, 3]]}
META {"type": "geom", "shape": "path", "group": "path", "data": [[14, 1, 14, 2], [14, 2, 14, 3], [14, 3, 14, 4], [14, 4, 14, 5], [14, 5, 14, 6], [14, 6, 14, 7], [14, 7, 14, 8], [14, 8, 14, 9], [14, 9, 14, 10], [14, 10, 14, 11], [14, 11, 14, 12], [14, 12, 14, 13], [14, 13, 14, 14]]}
META {"type": "geom", "shape": "tile", "group": "path", "data": [[14, 1], [14, 2], [14, 3], [14, 4], [14, 5], [14, 6], [14, 7], [14, 8], [14, 9], [14, 10], [14, 11], [14, 12], [14, 13], [14, 14]]}
META {"type": "geom", "shape": "line", "group": "offpath", "data": []}
