XXXXXXXXXXXXXXXX
X0--X-X--XX---1X
XXX----X----XXXX
XXX---------XXXX
XXX---X------XXX
XX--X---XX-X--XX
X---X---XX----XX
XXX-X---XX-XXXXX
XXX----X---XXXXX
X------X-XXXXXXX
X-XXX--X-XXXXX-X
XX---XX-XXXX---X
XXXXXXXXXXXX-XXX
XXXXXXXXXXX--XXX
X2------------3X
XXXXXXXXXXXXXXXX
META {"type": "solver", "id": "pysat-rc2", "objective": 0}
META {"type": "geom", "shape": "path", "group": "path", "data": [[1, 1, 1, 2], [1, 2, 1, 3], [1, 3, 2, 3], [2, 3, 3, 3], [3, 3, 3, 4], [3, 4, 3, 5], [3, 5, 4, 5], [4, 5, 5, 5], [5, 5, 5, 6], [5, 6, 5, 7], [5, 7, 4, 7], [4, 7, 4, 8], [4, 8, 4, 9], [4, 9, 3, 9], [3, 9, 3, 10], [3, 10, 2, 10], [2, 10, 2, 11], [2, 11, 1, 11], [1, 11, 1, 12], [1, 12, 1, 13], [1, 13, 1, 14]]}
META {"type": "geom", "shape": "tile", "group": "path", "data": [[1, 1], [1, 2], [1, 3], [2, 3], [3, 3], [3, 4], [3, 5], [4, 5], [5, 5], [5, 6], [5, 7], [4, 7], [4, 8], [4, 9], [3, 9], [3, 10], [2, 10], [2, 11], [1, 11], [1, 12], [1, 13], [1, 14]]}
META {"type": "geom", "shape": "line", "group": "offpath", "data": [[8, 6, 7, 6], [8, 5, 8, 6], [10, 6, 10, 5], [10, 5, 10, 6], [1, 8, 2, 8], [3, 8, 3, 7], [3, 7, 3, 8], [2, 8, 1, 8], [7, 6, 7, 5], [7, 5, 8, 5], [9, 1, 9, 2], [9, 2, 9, 1], [9, 5, 9, 4], [9, 4, 9, 5]]}
META {"type": "geom", "shape": "path", "group": "path", "data": [[14, 1, 14, 2], [14, 2, 14, 3], [14, 3, 14, 4], [14, 4, 14, 5], [14, 5, 14, 6], [14, 6, 14, 7], [14, 7, 14, 8], [14, 8, 14, 9], [14, 9, 14, 10], [14, 10, 14, 11], [14, 11, 13, 11], [13, 11, 13, 12], [13, 12, 14, 12], [14, 12, 14, 13], [14, 13, 14, 14]]}
META {"type": "geom", "shape": "tile", "group": "path", "data": [[14, 1], [14, 2], [14, 3], [14, 4], [14, 5], [14, 6], [14, 7], [14, 8], [14, 9], [14, 10], [14, 11], [13, 11], [13, 12], [14, 12], [14, 13], [14, 14]]}
META {"type": "geom", "shape": "line", "group": "offpath", "data": [[11, 12, 11, 13], [11, 13, 11, 12]]}
