XXXXXXXXXXXXXXXX
XXXXXXXXXXXXXXXX
XX}XXXX------XXX
XX--XXX##-#---XX
XX--XXX-----X-XX
XX--XXX-##-XXXXX
XX---------XXXXX
XX--XX-----XXXXX
XX---X---X-XXXXX
XX-#--XXXXX--XXX
XX----XXXXX---XX
XX----XXX-----XX
XX---------X--XX
XXXX-----XXXXXXX
XXXX------XXXXXX
XXX-------XXXXXX
XXX-------XXXXXX
XX--#-------XXXX
XX------XX---XXX
XX-X-----XXX-XXX
XX-XXX---XXX-XXX
XX-XXX---XXX-XXX
XX-XXX-------XXX
XX-XXX-------XXX
XX----XXXX----XX
XX----XXXX--X-XX
XX----XXX---XXXX
XX--#-XXX---XXXX
XXX---------XXXX
XXXX-X-{--X---XX
XXXXXXXXXXXXXXXX
XXXXXXXXXXXXXXXX
META {"type": "solver", "id": "pysat-rc2-boolonly", "objective": 0}
META {"type": "geom", "shape": "path", "group": "path", "data": [[29, 7, 28, 7], [28, 7, 28, 11], [28, 11, 22, 11], [22, 11, 22, 12], [22, 12, 22, 6], [22, 6, 12, 6], [12, 6, 12, 2], [12, 2, 2, 2]]}
META {"type": "geom", "shape": "tile", "group": "path", "data": [[29, 7], [28, 7], [28, 8], [28, 9], [28, 10], [28, 11], [27, 11], [26, 11], [25, 11], [24, 11], [23, 11], [22, 11], [22, 12], [22, 11], [22, 10], [22, 9], [22, 8], [22, 7], [22, 6], [21, 6], [20, 6], [19, 6], [18, 6], [17, 6], [16, 6], [15, 6], [14, 6], [13, 6], [12, 6], [12, 5], [12, 4], [12, 3], [12, 2], [11, 2], [10, 2], [9, 2], [8, 2], [7, 2], [6, 2], [5, 2], [4, 2], [3, 2], [2, 2]]}
META {"type": "geom", "shape": "line", "group": "offpath", "data": [[10, 11, 10, 13], [10, 3, 12, 3], [10, 13, 10, 11], [22, 10, 28, 10], [17, 10, 17, 11], [17, 11, 17, 5], [17, 5, 19, 5], [17, 2, 27, 2], [26, 9, 26, 11], [26, 11, 26, 9], [29, 4, 28, 4], [29, 8, 28, 8], [29, 6, 28, 6], [23, 8, 23, 12], [23, 12, 24, 12], [6, 10, 8, 10], [6, 6, 6, 10], [16, 9, 16, 3], [16, 3, 16, 9], [20, 8, 20, 6], [20, 6, 20, 8], [9, 4, 9, 5], [9, 11, 9, 12], [9, 5, 9, 4], [9, 12, 9, 11], [11, 10, 12, 10], [11, 9, 12, 9], [12, 10, 11, 10], [12, 9, 11, 9], [12, 3, 10, 3], [4, 10, 4, 11], [4, 11, 4, 7], [4, 3, 4, 2], [4, 7, 8, 7], [4, 2, 4, 3], [4, 13, 3, 13], [3, 13, 4, 13], [8, 8, 8, 6], [8, 10, 4, 10], [8, 7, 8, 8], [8, 6, 6, 6], [28, 4, 29, 4], [28, 8, 29, 8], [28, 10, 22, 10], [28, 3, 24, 3], [28, 6, 29, 6], [28, 5, 28, 3], [24, 3, 24, 5], [24, 5, 28, 5], [24, 12, 18, 12], [27, 2, 17, 2], [19, 4, 19, 8], [19, 8, 23, 8], [19, 5, 19, 4], [21, 8, 21, 6], [21, 6, 21, 8], [5, 3, 5, 2], [5, 2, 5, 3], [18, 10, 17, 10], [18, 12, 18, 10]]}
