XXXXXXXXXXXXXXXX
XXXXXXXXXXXXXXXX
XX-----XXXXXXXXX
XX##----XXX}XXXX
XX------XXX--XXX
XXX---X------XXX
XXX-XXX--X-#-XXX
XXX-XXX-XX---XXX
XX--XXX--X---XXX
XX-X---X---#--XX
XX-XXXXX------XX
XX-XXXXX------XX
XX-XXX--XX--X-XX
XX-------X-XXXXX
XX---XX----XXXXX
XXXX--X-XX--XXXX
XXXXX----XX-XXXX
XXX-XX-#-XX-XXXX
XX---X----X-XXXX
XX----X-------XX
XXXXXXX--#--XXXX
XXXXXXX-----XXXX
XXXXXXX---#-XXXX
XXXXXXX-#-----XX
XX----------XXXX
XX---X---XX-XXXX
XX--XX----X-XXXX
XXX--X--------XX
XXX-----XXX---XX
XXXX-XXXXXX-{-XX
XXXXXXXXXXXXXXXX
XXXXXXXXXXXXXXXX
META {"type": "solver", "id": "pysat-rc2-boolonly", "objective": 0}
META {"type": "geom", "shape": "path", "group": "path", "data": [[29, 12, 27, 12], [27, 12, 27, 6], [27, 6, 28, 6], [28, 6, 24, 6], [24, 6, 24, 2], [24, 2, 26, 2], [26, 2, 26, 3], [26, 3, 24, 3], [24, 3, 28, 3], [28, 3, 28, 7], [28, 7, 18, 7], [18, 7, 18, 6], [18, 6, 16, 6], [16, 6, 16, 5], [16, 5, 15, 5], [15, 5, 15, 4], [15, 4, 13, 4], [13, 4, 13, 8], [13, 8, 14, 8], [14, 8, 14, 7], [14, 7, 12, 7], [12, 7, 16, 7], [16, 7, 16, 8], [16, 8, 22, 8], [22, 8, 22, 7], [22, 7, 22, 9], [22, 9, 21, 9], [21, 9, 21, 7], [21, 7, 21, 11], [21, 11, 15, 11], [15, 11, 15, 10], [15, 10, 5, 10], [5, 10, 5, 12], [5, 12, 4, 12], [4, 12, 4, 11], [4, 11, 5, 11], [5, 11, 3, 11]]}
META {"type": "geom", "shape": "tile", "group": "path", "data": [[29, 12], [28, 12], [27, 12], [27, 11], [27, 10], [27, 9], [27, 8], [27, 7], [27, 6], [28, 6], [27, 6], [26, 6], [25, 6], [24, 6], [24, 5], [24, 4], [24, 3], [24, 2], [25, 2], [26, 2], [26, 3], [25, 3], [24, 3], [25, 3], [26, 3], [27, 3], [28, 3], [28, 4], [28, 5], [28, 6], [28, 7], [27, 7], [26, 7], [25, 7], [24, 7], [23, 7], [22, 7], [21, 7], [20, 7], [19, 7], [18, 7], [18, 6], [17, 6], [16, 6], [16, 5], [15, 5], [15, 4], [14, 4], [13, 4], [13, 5], [13, 6], [13, 7], [13, 8], [14, 8], [14, 7], [13, 7], [12, 7], [13, 7], [14, 7], [15, 7], [16, 7], [16, 8], [17, 8], [18, 8], [19, 8], [20, 8], [21, 8], [22, 8], [22, 7], [22, 8], [22, 9], [21, 9], [21, 8], [21, 7], [21, 8], [21, 9], [21, 10], [21, 11], [20, 11], [19, 11], [18, 11], [17, 11], [16, 11], [15, 11], [15, 10], [14, 10], [13, 10], [12, 10], [11, 10], [10, 10], [9, 10], [8, 10], [7, 10], [6, 10], [5, 10], [5, 11], [5, 12], [4, 12], [4, 11], [5, 11], [4, 11], [3, 11]]}
META {"type": "geom", "shape": "line", "group": "offpath", "data": [[9, 8, 9, 10], [9, 13, 9, 12], [9, 12, 9, 13], [9, 10, 9, 8], [9, 4, 9, 6], [9, 6, 9, 4], [2, 2, 2, 6], [2, 6, 2, 2], [14, 2, 14, 4], [14, 4, 14, 2], [23, 9, 23, 13], [23, 13, 23, 9], [12, 11, 12, 10], [12, 10, 12, 11], [6, 8, 6, 7], [6, 7, 6, 8], [24, 4, 25, 4], [7, 11, 8, 11], [20, 8, 20, 7], [20, 7, 20, 8], [8, 11, 7, 11], [8, 2, 8, 3], [8, 3, 8, 2], [25, 4, 24, 4]]}
