XXXXXXXXXXXXXXXX
XXX----------XXX
X0------------1X
XXX-X-X----X-XXX
XXX-----XX---XXX
X------XXXX-X--X
XXXXX-XXXXX-X-XX
XXXXXXXXXX--X--X
X-XXXXXXX------X
X-------------XX
X-XXX------XXX-X
X-XXX----------X
XXXXXX------XXXX
XXXXXX-XX---XXXX
X2-XX--XX-XX--3X
XXXXXXXXXXXXXXXX
META {"type": "solver", "id": "pysat-rc2-boolonly", "objective": 0}
META {"type": "geom", "shape": "path", "group": "path", "data": [[2, 1, 2, 2], [2, 2, 2, 3], [2, 3, 3, 3], [3, 3, 4, 3], [4, 3, 5, 3], [5, 3, 5, 4], [5, 4, 5, 5], [5, 5, 4, 5], [4, 5, 4, 6], [4, 6, 4, 7], [4, 7, 3, 7], [3, 7, 3, 8], [3, 8, 3, 9], [3, 9, 3, 10], [3, 10, 4, 10], [4, 10, 4, 11], [4, 11, 4, 12], [4, 12, 3, 12], [3, 12, 2, 12], [2, 12, 2, 13], [2, 13, 2, 14]]}
META {"type": "geom", "shape": "tile", "group": "path", "data": [[2, 1], [2, 2], [2, 3], [3, 3], [4, 3], [5, 3], [5, 4], [5, 5], [4, 5], [4, 6], [4, 7], [3, 7], [3, 8], [3, 9], [3, 10], [4, 10], [4, 11], [4, 12], [3, 12], [2, 12], [2, 13], [2, 14]]}
META {"type": "geom", "shape": "line", "group": "offpath", "data": [[5, 2, 5, 1], [5, 1, 5, 2], [7, 10, 8, 10], [8, 10, 7, 10], [8, 1, 9, 1], [1, 7, 2, 7], [1, 10, 1, 11], [1, 11, 1, 10], [9, 5, 9, 4], [9, 1, 8, 1], [9, 4, 9, 5], [2, 7, 1, 7], [2, 9, 2, 10], [2, 10, 2, 9]]}
