XXXXXXXXXXXXXXXX
XXXX-----X-XX-1X
XXXX-X-XX-X--XXX
XX0----XX--X-XXX
XXXXXXXXXX-----X
XXXXXXXXXX----XX
X---XXXX--XXX--X
X----XX---XXXXXX
X-XX-XX---XXXXXX
X-XX-------XX--X
X-XX--XXX-----XX
X--------X---X-X
XXX-XXXX-X-XXXXX
XXX------X-XXXXX
X2--XX-XX-----3X
XXXXXXXXXXXXXXXX
META {"type": "solver", "id": "pysat-rc2", "objective": 0}
META {"type": "geom", "shape": "path", "group": "path", "data": [[14, 1, 14, 2], [14, 2, 14, 3], [14, 3, 13, 3], [13, 3, 12, 3], [12, 3, 11, 3], [11, 3, 11, 4], [11, 4, 10, 4], [10, 4, 10, 5], [10, 5, 9, 5], [9, 5, 9, 6], [9, 6, 9, 7], [9, 7, 8, 7], [8, 7, 8, 8], [8, 8, 7, 8], [7, 8, 6, 8], [6, 8, 6, 9], [6, 9, 7, 9], [7, 9, 8, 9], [8, 9, 9, 9], [9, 9, 10, 9], [10, 9, 10, 10], [10, 10, 10, 11], [10, 11, 10, 12], [10, 12, 11, 12], [11, 12, 11, 11], [11, 11, 11, 10], [11, 10, 12, 10], [12, 10, 13, 10], [13, 10, 14, 10], [14, 10, 14, 11], [14, 11, 14, 12], [14, 12, 14, 13], [14, 13, 14, 14]]}
META {"type": "geom", "shape": "tile", "group": "path", "data": [[14, 1], [14, 2], [14, 3], [13, 3], [12, 3], [11, 3], [11, 4], [10, 4], [10, 5], [9, 5], [9, 6], [9, 7], [8, 7], [8, 8], [7, 8], [6, 8], [6, 9], [7, 9], [8, 9], [9, 9], [10, 9], [10, 10], [10, 11], [10, 12], [11, 12], [11, 11], [11, 10], [12, 10], [13, 10], [14, 10], [14, 11], [14, 12], [14, 13], [14, 14]]}
META {"type": "geom", "shape": "line", "group": "offpath", "data": [[6, 3, 6, 2], [6, 1, 7, 1], [6, 2, 6, 3], [10, 13, 9, 13], [8, 1, 9, 1], [8, 4, 9, 4], [7, 1, 6, 1], [11, 1, 11, 2], [11, 2, 11, 1], [9, 13, 10, 13], [9, 1, 8, 1], [9, 4, 8, 4]]}
