XXXXXXXXXXXXXXXX
XX0-X--X-XX---1X
XXXX----XXXXXXXX
XXXX----XXXXXXXX
XXXX-----XX--XXX
X--------------X
XX---XXXX-XXX-XX
X--X-----------X
XXXXXXXX-XX----X
XXXXXXXX-XX-X--X
X-------------XX
XX--X------X--XX
XXX-X--XX----XXX
XXX-X--XX----XXX
X2-----XX-----3X
XXXXXXXXXXXXXXXX
META {"type": "solver", "id": "pysat-rc2", "objective": 0}
META {"type": "geom", "shape": "path", "group": "path", "data": [[14, 1, 14, 2], [14, 2, 14, 3], [14, 3, 14, 4], [14, 4, 14, 5], [14, 5, 14, 6], [14, 6, 13, 6], [13, 6, 12, 6], [12, 6, 11, 6], [11, 6, 11, 5], [11, 5, 10, 5], [10, 5, 10, 6], [10, 6, 10, 7], [10, 7, 10, 8], [10, 8, 10, 9], [10, 9, 10, 10], [10, 10, 10, 11], [10, 11, 9, 11], [9, 11, 8, 11], [8, 11, 8, 12], [8, 12, 8, 13], [8, 13, 8, 14], [8, 14, 9, 14], [9, 14, 9, 13], [9, 13, 10, 13], [10, 13, 10, 12], [10, 12, 11, 12], [11, 12, 12, 12], [12, 12, 13, 12], [13, 12, 14, 12], [14, 12, 14, 13], [14, 13, 14, 14]]}
META {"type": "geom", "shape": "tile", "group": "path", "data": [[14, 1], [14, 2], [14, 3], [14, 4], [14, 5], [14, 6], [13, 6], [12, 6], [11, 6], [11, 5], [10, 5], [10, 6], [10, 7], [10, 8], [10, 9], [10, 10], [10, 11], [9, 11], [8, 11], [8, 12], [8, 13], [8, 14], [9, 14], [9, 13], [10, 13], [10, 12], [11, 12], [12, 12], [13, 12], [14, 12], [14, 13], [14, 14]]}
META {"type": "geom", "shape": "line", "group": "offpath", "data": [[7, 11, 7, 12], [7, 8, 7, 7], [7, 4, 6, 4], [7, 6, 7, 5], [7, 9, 7, 8], [7, 12, 7, 11], [7, 7, 7, 6], [7, 5, 7, 4], [14, 11, 14, 10], [14, 9, 13, 9], [14, 10, 13, 10], [12, 11, 13, 11], [12, 10, 12, 11], [3, 6, 4, 6], [5, 11, 5, 12], [5, 8, 5, 9], [5, 4, 5, 5], [5, 6, 5, 7], [5, 9, 6, 9], [5, 12, 5, 11], [5, 7, 5, 8], [5, 5, 5, 6], [5, 13, 6, 13], [13, 11, 14, 11], [13, 9, 14, 9], [13, 10, 12, 10], [11, 8, 11, 7], [11, 9, 11, 10], [11, 10, 11, 9], [11, 7, 11, 8], [6, 4, 5, 4], [6, 9, 7, 9], [6, 13, 5, 13], [4, 4, 4, 5], [4, 6, 3, 6], [4, 5, 4, 4]]}
