XXXXXXXXXXXXXXXX
X0---XXX------1X
XXX-X-----X--XXX
XXX--XXX--X--XXX
XXX--XXX--X----X
XX------X--XXX-X
X-XXX-XX-X-----X
XXXXXXXXXXXXXXXX
XXXXXXXXXXXXXXXX
XXXXX-------XXXX
XXXXX--XXX-----X
X----------XXX-X
XXX-XXX--XXXXXXX
XXX----X-XXXXXXX
X2--XX--------3X
XXXXXXXXXXXXXXXX
META {"type": "solver", "id": "pysat-rc2", "objective": 0}
META {"type": "geom", "shape": "path", "group": "path", "data": [[14, 1, 14, 2], [14, 2, 14, 3], [14, 3, 13, 3], [13, 3, 12, 3], [12, 3, 11, 3], [11, 3, 11, 4], [11, 4, 11, 5], [11, 5, 11, 6], [11, 6, 11, 7], [11, 7, 12, 7], [12, 7, 12, 8], [12, 8, 13, 8], [13, 8, 14, 8], [14, 8, 14, 9], [14, 9, 14, 10], [14, 10, 14, 11], [14, 11, 14, 12], [14, 12, 14, 13], [14, 13, 14, 14]]}
META {"type": "geom", "shape": "tile", "group": "path", "data": [[14, 1], [14, 2], [14, 3], [13, 3], [12, 3], [11, 3], [11, 4], [11, 5], [11, 6], [11, 7], [12, 7], [12, 8], [13, 8], [14, 8], [14, 9], [14, 10], [14, 11], [14, 12], [14, 13], [14, 14]]}
META {"type": "geom", "shape": "line", "group": "offpath", "data": [[11, 2, 11, 1], [11, 8, 11, 9], [11, 1, 11, 2], [11, 9, 11, 8], [11, 14, 10, 14], [10, 14, 11, 14], [10, 11, 10, 12], [10, 12, 10, 11], [10, 5, 9, 5], [6, 14, 6, 13], [6, 10, 5, 10], [6, 13, 6, 14], [14, 6, 13, 6], [2, 3, 3, 3], [2, 12, 1, 12], [9, 8, 9, 9], [9, 9, 9, 8], [9, 10, 9, 11], [9, 11, 9, 10], [9, 5, 10, 5], [4, 14, 4, 13], [4, 13, 4, 14], [5, 10, 6, 10], [13, 6, 14, 6], [1, 12, 2, 12], [3, 3, 2, 3]]}
