XXXXXXXXXXXXXXXX
XXXXX---XX----1X
X0-----------XXX
XXXXXX-------XXX
XXXXXX---XXX-XXX
X-XXXX--X----XXX
X--XX---X---X-XX
XX------X------X
X-X-------X----X
XXXXX-XX------XX
XXXXX-XX--X-XX-X
X-----XX-X--XX-X
XXX--XXXXXXXXXXX
XXX--XXXXXXXXXXX
X2-XX-XX---XX-3X
XXXXXXXXXXXXXXXX
META {"type": "solver", "id": "pysat-rc2", "objective": 0}
META {"type": "geom", "shape": "path", "group": "path", "data": [[2, 1, 2, 2], [2, 2, 2, 3], [2, 3, 2, 4], [2, 4, 2, 5], [2, 5, 1, 5], [1, 5, 1, 6], [1, 6, 1, 7], [1, 7, 2, 7], [2, 7, 2, 8], [2, 8, 2, 9], [2, 9, 2, 10], [2, 10, 2, 11], [2, 11, 1, 11], [1, 11, 1, 12], [1, 12, 1, 13], [1, 13, 1, 14]]}
META {"type": "geom", "shape": "tile", "group": "path", "data": [[2, 1], [2, 2], [2, 3], [2, 4], [2, 5], [1, 5], [1, 6], [1, 7], [2, 7], [2, 8], [2, 9], [2, 10], [2, 11], [1, 11], [1, 12], [1, 13], [1, 14]]}
META {"type": "geom", "shape": "line", "group": "offpath", "data": [[8, 11, 8, 12], [8, 7, 7, 7], [8, 13, 8, 14], [8, 9, 9, 9], [8, 14, 8, 13], [8, 12, 8, 11], [8, 8, 8, 7], [5, 11, 5, 10], [5, 10, 5, 9], [5, 9, 6, 9], [5, 6, 4, 6], [5, 12, 5, 11], [7, 5, 7, 6], [7, 11, 7, 12], [7, 7, 6, 7], [7, 9, 8, 9], [7, 6, 7, 5], [7, 12, 7, 11], [3, 11, 3, 12], [3, 7, 3, 8], [3, 10, 3, 11], [3, 9, 3, 10], [3, 12, 4, 12], [3, 8, 3, 9], [11, 5, 11, 4], [11, 3, 11, 2], [11, 4, 11, 5], [11, 2, 11, 3], [9, 11, 9, 10], [9, 13, 9, 12], [9, 10, 9, 11], [9, 9, 10, 9], [9, 12, 9, 13], [9, 8, 8, 8], [10, 9, 10, 8], [10, 8, 9, 8], [13, 4, 12, 4], [6, 7, 6, 6], [6, 9, 7, 9], [6, 6, 5, 6], [4, 7, 3, 7], [4, 6, 4, 7], [4, 12, 5, 12], [12, 4, 13, 4]]}
