XXXXXXXXXXXXXXXX
X0--X-------1XXX
XXX----XXXXXXXXX
XXX-XX-XXXXXXXXX
X---XX---------X
XX-X-----XXX-X-X
X--X--XXX-----XX
XX-X--XXX--XXX-X
XX---XXXXXXXXX-X
X-XX-XXXXXXXXX-X
X-XX-XXXX-XXXX-X
X---X-XX-X-XXXXX
XXX--------XXXXX
XXX-XXXXX---XXXX
X2--------XX--3X
XXXXXXXXXXXXXXXX
META {"type": "solver", "id": "clingo-be", "objective": 0}
META {"type": "geom", "shape": "path", "group": "path", "data": [[1, 1, 1, 2], [1, 2, 1, 3], [1, 3, 2, 3], [2, 3, 2, 4], [2, 4, 2, 5], [2, 5, 1, 5], [1, 5, 1, 6], [1, 6, 1, 7], [1, 7, 1, 8], [1, 8, 1, 9], [1, 9, 1, 10], [1, 10, 1, 11], [1, 11, 1, 12]]}
META {"type": "geom", "shape": "tile", "group": "path", "data": [[1, 1], [1, 2], [1, 3], [2, 3], [2, 4], [2, 5], [1, 5], [1, 6], [1, 7], [1, 8], [1, 9], [1, 10], [1, 11], [1, 12]]}
META {"type": "geom", "shape": "line", "group": "offpath", "data": [[7, 9, 6, 9], [7, 4, 6, 4], [7, 10, 6, 10], [7, 14, 8, 14], [7, 2, 6, 2], [7, 5, 7, 4], [5, 7, 4, 7], [5, 6, 5, 5], [5, 5, 5, 6], [8, 4, 9, 4], [8, 14, 7, 14], [9, 4, 8, 4], [12, 10, 11, 10], [12, 8, 11, 8], [4, 13, 4, 12], [4, 9, 4, 8], [4, 12, 4, 13], [4, 7, 5, 7], [4, 2, 4, 3], [4, 8, 4, 9], [4, 3, 4, 2], [14, 4, 14, 5], [14, 7, 14, 6], [14, 6, 14, 7], [14, 5, 14, 4], [3, 6, 2, 6], [6, 13, 6, 12], [6, 9, 7, 9], [6, 4, 6, 5], [6, 10, 7, 10], [6, 12, 6, 13], [6, 2, 7, 2], [6, 5, 7, 5], [2, 6, 3, 6], [11, 10, 12, 10], [11, 8, 12, 8]]}
