XXXXXXXXXXXXXXXX
X0------------1X
XXXXXX--XXXXXXXX
XXXXXX--XXXXXXXX
X--XXXXX-------X
X-XXXXXX-X-X-XXX
X-XXXX-------XXX
X-----XXXX-----X
XX-XXX----XXX-XX
X--XXX--X------X
X-XXXX--X----XXX
XXXXXX--X----XXX
XXXXX----XXX-XXX
XXX---X------XXX
X2------------3X
XXXXXXXXXXXXXXXX
META {"type": "solver", "id": "pysat-rc2", "objective": 0}
META {"type": "geom", "shape": "path", "group": "path", "data": [[1, 1, 1, 2], [1, 2, 1, 3], [1, 3, 1, 4], [1, 4, 1, 5], [1, 5, 1, 6], [1, 6, 2, 6], [2, 6, 2, 7], [2, 7, 1, 7], [1, 7, 1, 8], [1, 8, 1, 9], [1, 9, 1, 10], [1, 10, 1, 11], [1, 11, 1, 12], [1, 12, 1, 13], [1, 13, 1, 14]]}
META {"type": "geom", "shape": "tile", "group": "path", "data": [[1, 1], [1, 2], [1, 3], [1, 4], [1, 5], [1, 6], [2, 6], [2, 7], [1, 7], [1, 8], [1, 9], [1, 10], [1, 11], [1, 12], [1, 13], [1, 14]]}
META {"type": "geom", "shape": "line", "group": "offpath", "data": []}
META {"type": "geom", "shape": "path", "group": "path", "data": [[14, 1, 14, 2], [14, 2, 14, 3], [14, 3, 13, 3], [13, 3, 13, 4], [13, 4, 13, 5], [13, 5, 12, 5], [12, 5, 12, 6], [12, 6, 12, 7], [12, 7, 12, 8], [12, 8, 13, 8], [13, 8, 14, 8], [14, 8, 14, 9], [14, 9, 14, 10], [14, 10, 14, 11], [14, 11, 13, 11], [13, 11, 13, 12], [13, 12, 14, 12], [14, 12, 14, 13], [14, 13, 14, 14]]}
META {"type": "geom", "shape": "tile", "group": "path", "data": [[14, 1], [14, 2], [14, 3], [13, 3], [13, 4], [13, 5], [12, 5], [12, 6], [12, 7], [12, 8], [13, 8], [14, 8], [14, 9], [14, 10], [14, 11], [13, 11], [13, 12], [14, 12], [14, 13], [14, 14]]}
META {"type": "geom", "shape": "line", "group": "offpath", "data": [[13, 7, 14, 7], [14, 7, 13, 7]]}
