XXXXXXXXXXXXXXXX
X---}XXXXXXXXXXX
X--XXXXXXX-XXX-X
X--XXXXX--X---XX
XX---XX-----XX-X
XX-XX----X--XX-X
X--XX-X-------XX
XX----X----XXX-X
X-----X--XX----X
X-------XXXXXXXX
X---XXX-XXXXXXXX
X-------XXX{---X
X-----XXXXXXX-XX
X-----XXXXXXX-XX
X--XX----------X
XXXXXXXXXXXXXXXX
META {"type": "solver", "id": "pysat-rc2-boolonly", "objective": 0}
META {"type": "geom", "shape": "path", "group": "path", "data": [[11, 11, 11, 12], [11, 12, 11, 13], [11, 13, 12, 13], [12, 13, 13, 13], [13, 13, 14, 13], [14, 13, 14, 12], [14, 12, 14, 11], [14, 11, 14, 10], [14, 10, 14, 9], [14, 9, 14, 8], [14, 8, 14, 7], [14, 7, 14, 6], [14, 6, 14, 5], [14, 5, 13, 5], [13, 5, 12, 5], [12, 5, 11, 5], [11, 5, 11, 4], [11, 4, 11, 3], [11, 3, 10, 3], [10, 3, 9, 3], [9, 3, 8, 3], [8, 3, 7, 3], [7, 3, 7, 2], [7, 2, 6, 2], [6, 2, 5, 2], [5, 2, 4, 2], [4, 2, 3, 2], [3, 2, 2, 2], [2, 2, 1, 2], [1, 2, 1, 3], [1, 3, 1, 4]]}
