XXXXXXXXXXXXXXXX
X-XXXXXX-X-X-X-X
X--}XXX--------X
X-XXXXX-XXX-X-XX
X-XXXXX-------XX
X--------X-XXX-X
XX-X-XXX------XX
X--X----XXX----X
X--X----XXXXXXXX
X----X--XXXXXXXX
XX------XXXXXXXX
XX------XXX{---X
X----XXXXXXXX--X
X----XXXXXXXX-XX
X--------------X
XXXXXXXXXXXXXXXX
META {"type": "solver", "id": "pysat-rc2", "objective": 0}
META {"type": "geom", "shape": "path", "group": "path", "data": [[11, 11, 11, 12], [11, 12, 11, 13], [11, 13, 12, 13], [12, 13, 13, 13], [13, 13, 14, 13], [14, 13, 14, 12], [14, 12, 14, 11], [14, 11, 14, 10], [14, 10, 14, 9], [14, 9, 14, 8], [14, 8, 14, 7], [14, 7, 14, 6], [14, 6, 14, 5], [14, 5, 14, 4], [14, 4, 13, 4], [13, 4, 12, 4], [12, 4, 11, 4], [11, 4, 10, 4], [10, 4, 9, 4], [9, 4, 8, 4], [8, 4, 7, 4], [7, 4, 6, 4], [6, 4, 5, 4], [5, 4, 5, 3], [5, 3, 5, 2], [5, 2, 5, 1], [5, 1, 4, 1], [4, 1, 3, 1], [3, 1, 2, 1], [2, 1, 2, 2], [2, 2, 2, 3]]}
