--------------------------------
--------------------------------
------------Q-------------------
------------------XX------------
-------------------------Q--XX--
--------------------------------
---------------XX---------------
-------------------Q---XXX------
-----------<>-------------------
-----------[]-------------------
-----------[]--------------XXX--
-----------[]-----------X-------
-------X---[]-----X-------------
------XX---[]----XX--Q----------
-{---XXX---[]---XXX-----------}-
XXXXXXXXXXXXXXXXXXX-----XXXXXXXX
META {"type": "solver", "id": "pysat-rc2", "objective": 0}
META {"type": "geom", "shape": "path", "group": "path", "data": [[14, 1, 10, 2], [10, 2, 11, 3], [11, 3, 12, 4], [12, 4, 13, 4], [13, 4, 14, 3], [14, 3, 13, 2], [13, 2, 14, 2], [14, 2, 10, 1], [10, 1, 11, 2], [11, 2, 12, 1], [12, 1, 13, 1], [13, 1, 14, 0], [14, 0, 10, 0], [10, 0, 11, 1], [11, 1, 12, 2], [12, 2, 13, 3], [13, 3, 14, 4], [14, 4, 12, 6], [12, 6, 11, 7], [11, 7, 7, 11], [7, 11, 3, 12], [3, 12, 4, 13], [4, 13, 5, 14], [5, 14, 6, 13], [6, 13, 7, 12], [7, 12, 4, 15], [4, 15, 5, 16], [5, 16, 1, 16], [1, 16, 2, 17], [2, 17, 3, 16], [3, 16, 4, 17], [4, 17, 5, 18], [5, 18, 6, 19], [6, 19, 2, 23], [2, 23, 3, 23], [3, 23, 4, 24], [4, 24, 5, 25], [5, 25, 6, 25], [6, 25, 2, 28], [2, 28, 3, 29], [3, 29, 0, 31], [0, 31, 1, 30], [1, 30, 2, 29], [2, 29, 3, 28], [3, 28, 0, 26], [0, 26, 1, 27], [1, 27, 2, 26], [2, 26, 3, 25], [3, 25, 0, 25], [0, 25, 1, 26], [1, 26, 2, 27], [2, 27, 3, 27], [3, 27, 4, 26], [4, 26, 5, 26], [5, 26, 6, 26], [6, 26, 7, 26], [7, 26, 8, 27], [8, 27, 9, 28], [9, 28, 9, 27], [9, 27, 5, 30], [5, 30, 6, 30], [6, 30, 7, 29], [7, 29, 8, 28], [8, 28, 9, 29], [9, 29, 7, 27], [7, 27, 8, 26], [8, 26, 9, 26], [9, 26, 10, 25], [10, 25, 11, 25], [11, 25, 12, 24], [12, 24, 13, 24], [13, 24, 14, 25], [14, 25, 10, 24], [10, 24, 6, 20], [6, 20, 7, 20], [7, 20, 8, 21], [8, 21, 9, 21], [9, 21, 10, 20], [10, 20, 11, 20], [11, 20, 12, 21], [12, 21, 8, 17], [8, 17, 9, 16], [9, 16, 10, 15], [10, 15, 11, 15], [11, 15, 12, 15], [12, 15, 13, 16], [13, 16, 12, 17], [12, 17, 8, 13], [8, 13, 9, 14], [9, 14, 10, 13], [10, 13, 11, 14], [11, 14, 12, 13], [12, 13, 13, 13], [13, 13, 14, 13], [14, 13, 10, 17], [10, 17, 11, 18], [11, 18, 7, 21], [7, 21, 8, 22], [8, 22, 9, 22], [9, 22, 10, 23], [10, 23, 11, 23], [11, 23, 12, 23], [12, 23, 13, 23], [13, 23, 14, 24], [14, 24, 13, 25], [13, 25, 14, 26], [14, 26, 11, 28], [11, 28, 12, 29], [12, 29, 13, 28], [13, 28, 14, 27], [14, 27, 14, 28], [14, 28, 12, 30], [12, 30, 13, 30], [13, 30, 14, 30]]}
META {"type": "geom", "shape": "tile", "group": "path", "data": [[14, 1], [13, 1], [12, 1], [11, 1], [10, 1], [10, 2], [11, 2], [11, 3], [12, 3], [12, 4], [13, 4], [14, 4], [14, 3], [13, 3], [13, 2], [14, 2], [13, 2], [12, 2], [11, 2], [10, 2], [10, 1], [11, 1], [11, 2], [12, 2], [12, 1], [13, 1], [14, 1], [14, 0], [13, 0], [12, 0], [11, 0], [10, 0], [11, 0], [11, 1], [12, 1], [12, 2], [13, 2], [13, 3], [14, 3], [14, 4], [13, 4], [13, 5], [12, 5], [12, 6], [11, 6], [11, 7], [10, 7], [10, 8], [9, 8], [9, 9], [8, 9], [8, 10], [7, 10], [7, 11], [6, 11], [5, 11], [4, 11], [3, 11], [3, 12], [4, 12], [4, 13], [5, 13], [5, 14], [6, 14], [6, 13], [7, 13], [7, 12], [6, 12], [6, 13], [5, 13], [5, 14], [4, 14], [4, 15], [5, 15], [5, 16], [4, 16], [3, 16], [2, 16], [1, 16], [2, 16], [2, 17], [3, 17], [3, 16], [4, 16], [4, 17], [5, 17], [5, 18], [6, 18], [6, 19], [5, 19], [5, 20], [4, 20], [4, 21], [3, 21], [3, 22], [2, 22], [2, 23], [3, 23], [4, 23], [4, 24], [5, 24], [5, 25], [6, 25], [5, 25], [5, 26], [4, 26], [4, 27], [3, 27], [3, 28], [2, 28], [3, 28], [3, 29], [2, 29], [2, 30], [1, 30], [1, 31], [0, 31], [1, 31], [1, 30], [2, 30], [2, 29], [3, 29], [3, 28], [2, 28], [2, 27], [1, 27], [1, 26], [0, 26], [1, 26], [1, 27], [2, 27], [2, 26], [3, 26], [3, 25], [2, 25], [1, 25], [0, 25], [1, 25], [1, 26], [2, 26], [2, 27], [3, 27], [4, 27], [4, 26], [5, 26], [6, 26], [7, 26], [8, 26], [8, 27], [9, 27], [9, 28], [9, 27], [8, 27], [8, 28], [7, 28], [7, 29], [6, 29], [6, 30], [5, 30], [6, 30], [7, 30], [7, 29], [8, 29], [8, 28], [9, 28], [9, 29], [8, 29], [8, 28], [7, 28], [7, 27], [8, 27], [8, 26], [9, 26], [10, 26], [10, 25], [11, 25], [12, 25], [12, 24], [13, 24], [14, 24], [14, 25], [13, 25], [12, 25], [11, 25], [10, 25], [10, 24], [9, 24], [9, 23], [8, 23], [8, 22], [7, 22], [7, 21], [6, 21], [6, 20], [7, 20], [8, 20], [8, 21], [9, 21], [10, 21], [10, 20], [11, 20], [12, 20], [12, 21], [11, 21], [11, 20], [10, 20], [10, 19], [9, 19], [9, 18], [8, 18], [8, 17], [9, 17], [9, 16], [10, 16], [10, 15], [11, 15], [12, 15], [13, 15], [13, 16], [12, 16], [12, 17], [11, 17], [11, 16], [10, 16], [10, 15], [9, 15], [9, 14], [8, 14], [8, 13], [9, 13], [9, 14], [10, 14], [10, 13], [11, 13], [11, 14], [12, 14], [12, 13], [13, 13], [14, 13], [13, 13], [13, 14], [12, 14], [12, 15], [11, 15], [11, 16], [10, 16], [10, 17], [11, 17], [11, 18], [10, 18], [10, 19], [9, 19], [9, 20], [8, 20], [8, 21], [7, 21], [8, 21], [8, 22], [9, 22], [10, 22], [10, 23], [11, 23], [12, 23], [13, 23], [14, 23], [14, 24], [13, 24], [13, 25], [14, 25], [14, 26], [13, 26], [13, 27], [12, 27], [12, 28], [11, 28], [12, 28], [12, 29], [13, 29], [13, 28], [14, 28], [14, 27], [14, 28], [13, 28], [13, 29], [12, 29], [12, 30], [13, 30], [14, 30]]}
META {"type": "geom", "shape": "line", "group": "offpath", "data": [[11, 29, 12, 28], [11, 31, 12, 31], [3, 13, 4, 14], [3, 22, 4, 22], [14, 29, 11, 29], [14, 14, 12, 14], [14, 31, 10, 31], [4, 23, 5, 24], [4, 14, 5, 15], [4, 22, 5, 22], [6, 23, 2, 19], [6, 24, 4, 23], [13, 29, 14, 29], [13, 14, 14, 14], [13, 31, 14, 31], [2, 21, 3, 22], [2, 18, 0, 20], [2, 19, 0, 18], [0, 20, 1, 20], [0, 11, 1, 12], [0, 18, 1, 19], [12, 28, 13, 29], [12, 14, 13, 14], [12, 31, 13, 31], [10, 31, 11, 31], [5, 22, 6, 23], [5, 15, 3, 13], [5, 24, 6, 24], [1, 20, 2, 21], [1, 12, 0, 11], [1, 19, 2, 18]]}
