--------------------------------
--------------------------------
--------------------------------
-------------X------------------
-----------------X--------------
--------------------------------
-----------X--------------------
---XX--X-------XQQXQXQX--XXX----
--------------------------------
--------------------------------
--------------------------------
--X-------<>--------<>----------
----------[]----X---[]----X-----
------XX--[]---XX---[]---XX-----
-{---XXX--[]--XXX---[]--XXX---}-
XXXXXXXXXXXXXXXXXXXXXXXXXXXXXXXX
META {"type": "solver", "id": "pysat-rc2", "objective": 0}
META {"type": "geom", "shape": "path", "group": "path", "data": [[14, 1, 10, 2], [10, 2, 9, 1], [9, 1, 10, 0], [10, 0, 11, 0], [11, 0, 12, 1], [12, 1, 13, 2], [13, 2, 14, 2], [14, 2, 10, 6], [10, 6, 11, 7], [11, 7, 12, 7], [12, 7, 9, 10], [9, 10, 10, 11], [10, 11, 6, 7], [6, 7, 2, 3], [2, 3, 3, 4], [3, 4, 4, 5], [4, 5, 5, 4], [5, 4, 6, 3], [6, 3, 3, 6], [3, 6, 4, 6], [4, 6, 5, 5], [5, 5, 6, 4], [6, 4, 2, 8], [2, 8, 3, 9], [3, 9, 4, 10], [4, 10, 5, 11], [5, 11, 1, 12], [1, 12, 2, 13], [2, 13, 0, 15], [0, 15, 1, 15], [1, 15, 2, 15], [2, 15, 3, 15], [3, 15, 4, 15], [4, 15, 5, 14], [5, 14, 6, 15], [6, 15, 5, 15], [5, 15, 6, 16], [6, 16, 6, 17], [6, 17, 3, 14], [3, 14, 4, 13], [4, 13, 5, 13], [5, 13, 6, 14], [6, 14, 7, 14], [7, 14, 8, 14], [8, 14, 9, 13], [9, 13, 10, 12], [10, 12, 11, 13], [11, 13, 12, 14], [12, 14, 13, 14], [13, 14, 9, 14], [9, 14, 10, 14], [10, 14, 11, 15], [11, 15, 12, 15], [12, 15, 9, 17], [9, 17, 10, 16], [10, 16, 11, 17], [11, 17, 12, 18], [12, 18, 13, 19], [13, 19, 14, 19], [14, 19, 13, 18], [13, 18, 14, 18], [14, 18, 14, 17], [14, 17, 10, 17], [10, 17, 11, 16], [11, 16, 8, 19], [8, 19, 9, 20], [9, 20, 10, 20], [10, 20, 8, 21], [8, 21, 9, 21], [9, 21, 10, 21], [10, 21, 6, 25], [6, 25, 6, 26], [6, 26, 2, 22], [2, 22, 3, 22], [3, 22, 4, 22], [4, 22, 5, 21], [5, 21, 6, 21], [6, 21, 5, 22], [5, 22, 6, 23], [6, 23, 7, 24], [7, 24, 8, 25], [8, 25, 9, 26], [9, 26, 10, 27], [10, 27, 11, 26], [11, 26, 7, 30], [7, 30, 8, 30], [8, 30, 9, 29], [9, 29, 10, 28], [10, 28, 11, 28], [11, 28, 12, 27], [12, 27, 13, 27], [13, 27, 14, 27], [14, 27, 12, 28], [12, 28, 13, 29], [13, 29, 14, 28], [14, 28, 11, 30], [11, 30, 12, 29], [12, 29, 13, 30], [13, 30, 14, 30]]}
META {"type": "geom", "shape": "tile", "group": "path", "data": [[14, 1], [13, 1], [12, 1], [11, 1], [10, 1], [10, 2], [9, 2], [9, 1], [10, 1], [10, 0], [11, 0], [12, 0], [12, 1], [13, 1], [13, 2], [14, 2], [13, 2], [13, 3], [12, 3], [12, 4], [11, 4], [11, 5], [10, 5], [10, 6], [11, 6], [11, 7], [12, 7], [11, 7], [11, 8], [10, 8], [10, 9], [9, 9], [9, 10], [10, 10], [10, 11], [9, 11], [9, 10], [8, 10], [8, 9], [7, 9], [7, 8], [6, 8], [6, 7], [5, 7], [5, 6], [4, 6], [4, 5], [3, 5], [3, 4], [2, 4], [2, 3], [3, 3], [3, 4], [4, 4], [4, 5], [5, 5], [5, 4], [6, 4], [6, 3], [5, 3], [5, 4], [4, 4], [4, 5], [3, 5], [3, 6], [4, 6], [5, 6], [5, 5], [6, 5], [6, 4], [5, 4], [5, 5], [4, 5], [4, 6], [3, 6], [3, 7], [2, 7], [2, 8], [3, 8], [3, 9], [4, 9], [4, 10], [5, 10], [5, 11], [4, 11], [3, 11], [2, 11], [1, 11], [1, 12], [2, 12], [2, 13], [1, 13], [1, 14], [0, 14], [0, 15], [1, 15], [2, 15], [3, 15], [4, 15], [5, 15], [5, 14], [6, 14], [6, 15], [5, 15], [6, 15], [6, 16], [6, 17], [5, 17], [5, 16], [4, 16], [4, 15], [3, 15], [3, 14], [4, 14], [4, 13], [5, 13], [6, 13], [6, 14], [7, 14], [8, 14], [9, 14], [9, 13], [10, 13], [10, 12], [11, 12], [11, 13], [12, 13], [12, 14], [13, 14], [12, 14], [11, 14], [10, 14], [9, 14], [10, 14], [11, 14], [11, 15], [12, 15], [11, 15], [11, 16], [10, 16], [10, 17], [9, 17], [10, 17], [10, 16], [11, 16], [11, 17], [12, 17], [12, 18], [13, 18], [13, 19], [14, 19], [13, 19], [13, 18], [14, 18], [14, 17], [13, 17], [12, 17], [11, 17], [10, 17], [11, 17], [11, 16], [10, 16], [10, 17], [9, 17], [9, 18], [8, 18], [8, 19], [9, 19], [9, 20], [10, 20], [9, 20], [9, 21], [8, 21], [9, 21], [10, 21], [9, 21], [9, 22], [8, 22], [8, 23], [7, 23], [7, 24], [6, 24], [6, 25], [6, 26], [5, 26], [5, 25], [4, 25], [4, 24], [3, 24], [3, 23], [2, 23], [2, 22], [3, 22], [4, 22], [5, 22], [5, 21], [6, 21], [5, 21], [5, 22], [6, 22], [6, 23], [7, 23], [7, 24], [8, 24], [8, 25], [9, 25], [9, 26], [10, 26], [10, 27], [11, 27], [11, 26], [10, 26], [10, 27], [9, 27], [9, 28], [8, 28], [8, 29], [7, 29], [7, 30], [8, 30], [9, 30], [9, 29], [10, 29], [10, 28], [11, 28], [12, 28], [12, 27], [13, 27], [14, 27], [13, 27], [13, 28], [12, 28], [13, 28], [13, 29], [14, 29], [14, 28], [13, 28], [13, 29], [12, 29], [12, 30], [11, 30], [12, 30], [12, 29], [13, 29], [13, 30], [14, 30]]}
META {"type": "geom", "shape": "line", "group": "offpath", "data": [[1, 20, 2, 20], [10, 5, 11, 4], [10, 7, 11, 8], [10, 25, 11, 24], [10, 3, 11, 3], [2, 20, 3, 20], [2, 21, 3, 21], [2, 16, 3, 17], [2, 26, 3, 26], [11, 24, 12, 24], [11, 31, 12, 31], [11, 4, 12, 3], [11, 6, 12, 6], [11, 8, 12, 9], [11, 12, 12, 13], [11, 3, 12, 2], [14, 22, 10, 25], [14, 23, 13, 22], [14, 31, 11, 31], [14, 4, 10, 5], [14, 8, 10, 7], [14, 0, 13, 0], [14, 9, 14, 8], [14, 13, 13, 13], [14, 12, 11, 12], [14, 3, 11, 6], [4, 20, 5, 19], [4, 19, 5, 18], [4, 18, 5, 17], [4, 25, 5, 26], [9, 2, 10, 3], [6, 20, 2, 16], [6, 19, 4, 18], [6, 18, 2, 21], [6, 27, 2, 26], [3, 20, 4, 19], [3, 21, 4, 20], [3, 17, 0, 19], [3, 26, 4, 25], [13, 22, 14, 22], [13, 23, 14, 23], [13, 31, 14, 31], [13, 5, 12, 5], [13, 4, 14, 4], [13, 0, 14, 0], [13, 9, 14, 9], [13, 13, 14, 13], [13, 12, 14, 12], [13, 3, 14, 3], [5, 19, 6, 20], [5, 18, 6, 19], [5, 17, 6, 18], [5, 26, 6, 27], [0, 19, 1, 20], [8, 2, 9, 2], [12, 24, 13, 23], [12, 2, 13, 3], [12, 31, 13, 31], [12, 5, 13, 5], [12, 6, 8, 2], [12, 9, 13, 9], [12, 13, 13, 12], [12, 3, 13, 4]]}
