XXXXXXXXXXXXXXXX
----------------
XXXX------------
XXXX-XX---------
-----XX-------XX
--}-----------XX
-XXXXXXXXXX-----
-XXXXXXXXXX-----
-------------XX-
XXXXX--------XX-
XXXXX-XXXX---XX-
------XXXX---XX-
-------------XX-
-----------XXXXX
XX--{------XXXXX
XX-XXXXX--------
---XXXXX--------
----------------
----------------
XXXXXXXXXXXXXXXX
META {"type": "solver", "id": "pysat-rc2", "objective": 0}
META {"type": "geom", "shape": "path", "group": "path", "data": [[14, 4, 14, 5], [14, 5, 14, 6], [14, 6, 14, 7], [14, 7, 12, 11], [12, 11, 12, 12], [12, 12, 11, 12], [11, 12, 8, 9], [8, 9, 9, 8], [9, 8, 9, 9], [9, 9, 7, 14], [7, 14, 7, 13], [7, 13, 5, 8], [5, 8, 5, 7], [5, 7, 5, 6], [5, 6, 5, 5], [5, 5, 5, 4], [5, 4, 5, 3], [5, 3, 5, 2]]}
META {"type": "geom", "shape": "tile", "group": "path", "data": [[14, 4], [14, 5], [14, 6], [14, 7], [14, 8], [13, 8], [13, 9], [12, 9], [12, 10], [12, 11], [12, 12], [11, 12], [11, 11], [10, 11], [10, 10], [9, 10], [9, 9], [8, 9], [9, 9], [9, 8], [9, 9], [9, 10], [8, 10], [8, 11], [7, 11], [7, 12], [7, 13], [7, 14], [7, 13], [7, 12], [6, 12], [6, 11], [5, 11], [5, 10], [5, 9], [5, 8], [5, 7], [5, 6], [5, 5], [5, 4], [5, 3], [5, 2]]}
META {"type": "geom", "shape": "line", "group": "offpath", "data": [[5, 10, 3, 15], [2, 10, 3, 9], [9, 7, 9, 6], [9, 6, 9, 7], [9, 11, 10, 12], [8, 10, 9, 11], [13, 1, 12, 3], [13, 3, 14, 3], [10, 12, 8, 10], [14, 3, 13, 1], [18, 0, 18, 1], [18, 7, 18, 6], [18, 2, 18, 3], [18, 1, 18, 0], [18, 6, 18, 7], [18, 3, 18, 2], [3, 9, 4, 10], [3, 15, 3, 14], [3, 14, 1, 10], [12, 3, 13, 3], [1, 10, 2, 10], [4, 10, 5, 10]]}
