XXXXXXXXXXXXXXXX
----------------
XXX--------XXXXX
XXX--XX----XXXXX
-----XX---------
-}-----XX--XX---
XXXXX--XX--XX---
XXXXX----XX-----
---------XX-----
XXX------XX-----
XXX------XX-----
-------XXXXXX---
----XX-XXXXXX---
----XX-------XXX
XX-----------XXX
XX----{---------
-----XXXX--XX---
-----XXXX--XX---
-----------XX---
XXXXXXXXXXXXXXXX
META {"type": "solver", "id": "pysat-rc2-boolonly", "objective": 0}
META {"type": "geom", "shape": "path", "group": "path", "data": [[15, 6, 15, 7], [15, 7, 15, 8], [15, 8, 13, 11], [13, 11, 14, 11], [14, 11, 15, 11], [15, 11, 13, 6], [13, 6, 14, 5], [14, 5, 15, 5], [15, 5, 13, 1], [13, 1, 11, 5], [11, 5, 9, 8], [9, 8, 8, 7], [8, 7, 9, 7], [9, 7, 10, 8], [10, 8, 8, 8], [8, 8, 5, 4], [5, 4, 5, 3], [5, 3, 5, 2], [5, 2, 5, 1]]}
META {"type": "geom", "shape": "tile", "group": "path", "data": [[15, 6], [15, 7], [15, 8], [15, 9], [14, 9], [14, 10], [13, 10], [13, 11], [14, 11], [15, 11], [15, 10], [14, 10], [14, 9], [13, 9], [13, 8], [13, 7], [13, 6], [14, 6], [14, 5], [15, 5], [15, 4], [14, 4], [14, 3], [13, 3], [13, 2], [13, 1], [13, 2], [12, 2], [12, 3], [11, 3], [11, 4], [11, 5], [11, 6], [10, 6], [10, 7], [9, 7], [9, 8], [9, 7], [8, 7], [9, 7], [10, 7], [10, 8], [9, 8], [8, 8], [8, 7], [7, 7], [7, 6], [6, 6], [6, 5], [5, 5], [5, 4], [5, 3], [5, 2], [5, 1]]}
META {"type": "geom", "shape": "line", "group": "offpath", "data": [[17, 9, 18, 10], [1, 4, 2, 5], [1, 7, 2, 6], [1, 12, 1, 11], [1, 11, 1, 12], [16, 10, 17, 9], [4, 8, 3, 9], [4, 12, 4, 11], [4, 11, 4, 12], [3, 9, 4, 8], [18, 4, 18, 5], [18, 7, 18, 8], [18, 1, 18, 0], [18, 10, 16, 10], [18, 8, 18, 7], [18, 0, 18, 1], [18, 2, 18, 3], [18, 5, 18, 4], [18, 3, 18, 2], [2, 6, 1, 7], [2, 5, 1, 4]]}
