XXXXXXXXXXXXXXXX
XXXXX--------X-X
X{------XXX---XX
XXXX-X-----X-X-X
XXXXX-----X-b--X
XXXXXX-XXX---XXX
XXXXXX-XXX---XXX
XXXXX-X--------X
X----X-X-----XXX
X--------X--X--X
XXBXXXXXX--X---X
X--------X--X--X
XX--------XXXXXX
X------X--XXXXXX
X-------------}X
XXXXXXXXXXXXXXXX
META {"type": "solver", "id": "pysat-rc2", "objective": 0}
META {"type": "geom", "shape": "path", "group": "path", "data": [[2, 1, 2, 2], [2, 2, 2, 3], [2, 3, 2, 4], [2, 4, 2, 5], [2, 5, 1, 5], [1, 5, 1, 6], [1, 6, 1, 7], [1, 7, 1, 8], [1, 8, 1, 9], [1, 9, 1, 10], [1, 10, 1, 11], [1, 11, 1, 12], [1, 12, 2, 12], [2, 12, 3, 12], [3, 12, 4, 12]]}
META {"type": "geom", "shape": "path", "group": "path", "data": [[4, 12, 4, 11], [4, 11, 5, 11], [5, 11, 5, 10], [5, 10, 6, 10], [6, 10, 7, 10], [7, 10, 7, 9], [7, 9, 7, 8], [7, 8, 8, 8], [8, 8, 9, 8], [9, 8, 9, 7], [9, 7, 9, 6], [9, 6, 9, 5], [9, 5, 9, 4], [9, 4, 9, 3], [9, 3, 9, 2], [9, 2, 10, 2]]}
META {"type": "geom", "shape": "path", "group": "path", "data": [[10, 2, 11, 2], [11, 2, 11, 3], [11, 3, 11, 4], [11, 4, 11, 5], [11, 5, 11, 6], [11, 6, 11, 7], [11, 7, 11, 8], [11, 8, 12, 8], [12, 8, 12, 9], [12, 9, 13, 9], [13, 9, 14, 9], [14, 9, 14, 10], [14, 10, 14, 11], [14, 11, 14, 12], [14, 12, 14, 13], [14, 13, 14, 14]]}
META {"type": "geom", "shape": "tile", "group": "reachable", "data": [[2, 1], [2, 2], [2, 3], [2, 4], [3, 4], [2, 5], [1, 5], [2, 6], [1, 6], [3, 6], [2, 7], [1, 7], [3, 7], [4, 6], [1, 8], [4, 7], [3, 8], [5, 6], [4, 5], [1, 9], [4, 8], [3, 9], [6, 6], [1, 10], [4, 9], [3, 10], [1, 11], [2, 11], [1, 12], [2, 12], [3, 12], [2, 13]]}
META {"type": "geom", "shape": "tile", "group": "reachable", "data": [[4, 12], [3, 12], [5, 12], [4, 11], [4, 13], [2, 12], [5, 11], [4, 14], [6, 12], [1, 12], [2, 11], [2, 13], [6, 11], [5, 10], [3, 14], [7, 12], [1, 11], [6, 10], [7, 11], [8, 12], [7, 13], [1, 10], [7, 10], [8, 11], [7, 14], [1, 9], [8, 10], [7, 9], [9, 11], [1, 8], [8, 9], [7, 8], [9, 10], [1, 7], [8, 8], [7, 7], [10, 10], [2, 7], [1, 6], [9, 8], [11, 10], [10, 9], [2, 6], [1, 5], [3, 7], [9, 7], [11, 11], [2, 5], [3, 6], [4, 7], [3, 8], [9, 6], [2, 4], [4, 6], [4, 8], [3, 9], [8, 6], [9, 5], [3, 4], [2, 3], [5, 6], [4, 5], [4, 9], [3, 10], [9, 4], [2, 2], [6, 6], [8, 4], [9, 3], [8, 3], [9, 2], [8, 2], [9, 1], [8, 1]]}
