XXXXXXXXXXXXXXXX
XXX-X---X-----1X
X0--------X-XXXX
XXX-XX----X-XXXX
XXX-XX----X----X
X-----XXX----X-X
X--X-----X-XX-XX
X-------X--XX--X
XX-XXXX-X-XXXXXX
XX------X-XXXXXX
X-XXX-XX---XXXXX
X----XXXXXX-XXXX
XXXXXXXXXXX--XXX
XXXXXXXX-----XXX
X2------------3X
XXXXXXXXXXXXXXXX
META {"type": "solver", "id": "pysat-rc2", "objective": 0}
META {"type": "geom", "shape": "path", "group": "path", "data": [[2, 1, 2, 2], [2, 2, 2, 3], [2, 3, 2, 4], [2, 4, 2, 5], [2, 5, 2, 6], [2, 6, 2, 7], [2, 7, 2, 8], [2, 8, 2, 9], [2, 9, 1, 9], [1, 9, 1, 10], [1, 10, 1, 11], [1, 11, 1, 12], [1, 12, 1, 13], [1, 13, 1, 14]]}
META {"type": "geom", "shape": "path", "group": "path", "data": [[14, 1, 14, 2], [14, 2, 14, 3], [14, 3, 14, 4], [14, 4, 14, 5], [14, 5, 14, 6], [14, 6, 14, 7], [14, 7, 14, 8], [14, 8, 14, 9], [14, 9, 14, 10], [14, 10, 14, 11], [14, 11, 14, 12], [14, 12, 14, 13], [14, 13, 14, 14]]}
META {"type": "geom", "shape": "tile", "group": "reachable", "data": [[2, 1], [2, 2], [2, 3], [1, 3], [3, 3], [2, 4], [2, 5], [4, 3], [1, 5], [2, 6], [5, 3], [1, 6], [3, 6], [2, 7], [5, 2], [5, 4], [1, 7], [3, 7], [2, 8], [4, 6], [6, 2], [5, 1], [6, 4], [5, 5], [3, 8], [2, 9], [4, 7], [6, 1], [7, 2], [6, 5], [7, 4], [1, 9], [3, 9], [4, 8], [7, 1], [8, 2], [7, 3], [7, 5], [6, 6], [1, 10], [4, 9], [9, 2], [7, 6], [6, 7], [1, 11], [5, 9], [9, 3], [7, 7], [6, 8], [2, 11], [1, 12], [5, 10], [9, 4], [8, 7], [1, 13], [3, 11], [6, 10], [5, 11], [9, 5], [9, 7], [4, 11], [5, 12], [7, 10], [10, 5], [9, 6], [4, 12], [7, 9], [4, 13], [8, 9], [4, 14], [9, 9], [5, 14], [10, 9], [10, 8], [10, 10]]}
