XXXXXXXXXXXXXXXX
X0------X-XX--1X
XXXX---------XXX
XXXX-----X-X-XXX
X----X-----X---X
XX---X-----X---X
XX---X-XXX---X-X
X----X----XXX-XX
X-XXX---XX-----X
XX---X-XXXXXX-XX
X-----XXXXXXX-XX
X---XXXXXX----XX
XXX-XXXXXXXXXXXX
XXX-XXXXXXXXXXXX
X2------------3X
XXXXXXXXXXXXXXXX
META {"type": "solver", "id": "pysat-rc2", "objective": 0}
META {"type": "geom", "shape": "path", "group": "path", "data": [[1, 1, 1, 2], [1, 2, 1, 3], [1, 3, 1, 4], [1, 4, 1, 5], [1, 5, 1, 6], [1, 6, 1, 7], [1, 7, 2, 7], [2, 7, 2, 8], [2, 8, 2, 9], [2, 9, 2, 10], [2, 10, 2, 11], [2, 11, 2, 12], [2, 12, 1, 12], [1, 12, 1, 13], [1, 13, 1, 14]]}
META {"type": "geom", "shape": "path", "group": "path", "data": [[14, 1, 14, 2], [14, 2, 14, 3], [14, 3, 14, 4], [14, 4, 14, 5], [14, 5, 14, 6], [14, 6, 14, 7], [14, 7, 14, 8], [14, 8, 14, 9], [14, 9, 14, 10], [14, 10, 14, 11], [14, 11, 14, 12], [14, 12, 14, 13], [14, 13, 14, 14]]}
META {"type": "geom", "shape": "tile", "group": "reachable", "data": [[1, 1], [1, 2], [1, 3], [1, 4], [2, 4], [1, 5], [2, 5], [1, 6], [3, 4], [2, 6], [1, 7], [3, 5], [4, 4], [2, 7], [3, 6], [5, 4], [4, 3], [3, 7], [2, 8], [4, 6], [5, 3], [4, 2], [6, 4], [3, 8], [2, 9], [4, 7], [5, 6], [5, 2], [4, 1], [6, 3], [7, 4], [1, 9], [2, 10], [4, 8], [5, 7], [6, 6], [6, 2], [7, 3], [3, 10], [2, 11], [5, 8], [4, 9], [7, 6], [7, 2], [2, 12], [4, 10], [5, 9], [8, 6], [7, 7], [7, 1], [1, 12], [3, 12], [5, 10], [8, 7], [7, 8], [9, 6], [8, 5], [8, 1], [1, 13], [4, 12], [6, 10], [7, 9], [5, 12], [4, 13], [6, 11], [5, 13], [4, 14], [6, 12], [5, 14], [6, 14]]}
