XXXXXXXXXXXXXXXX
X0-----------XXX
XXX-XXX-X-----1X
XXX-----X--XXXXX
X---XX--X--XXXXX
XXXXXXXX-XX-XXXX
XXXXXXXX-XX----X
X-------------XX
XXX-XX----X----X
XXX-XX---X---X-X
XXX-XX---------X
XXX-XX-XX-----XX
XXX-XX-XX---XXXX
XXX-XX---XX-XXXX
X2--XX---XX---3X
XXXXXXXXXXXXXXXX
META {"type": "solver", "id": "pysat-rc2", "objective": 0}
META {"type": "geom", "shape": "path", "group": "path", "data": [[1, 1, 1, 2], [1, 2, 1, 3], [1, 3, 1, 4], [1, 4, 1, 5], [1, 5, 1, 6], [1, 6, 1, 7], [1, 7, 1, 8], [1, 8, 1, 9], [1, 9, 1, 10], [1, 10, 1, 11], [1, 11, 1, 12], [1, 12, 2, 12], [2, 12, 2, 13], [2, 13, 2, 14]]}
META {"type": "geom", "shape": "path", "group": "path", "data": [[14, 1, 14, 2], [14, 2, 14, 3], [14, 3, 13, 3], [13, 3, 12, 3], [12, 3, 11, 3], [11, 3, 10, 3], [10, 3, 9, 3], [9, 3, 8, 3], [8, 3, 7, 3], [7, 3, 7, 4], [7, 4, 7, 5], [7, 5, 7, 6], [7, 6, 7, 7], [7, 7, 7, 8], [7, 8, 7, 9], [7, 9, 7, 10], [7, 10, 7, 11], [7, 11, 8, 11], [8, 11, 9, 11], [9, 11, 10, 11], [10, 11, 11, 11], [11, 11, 12, 11], [12, 11, 13, 11], [13, 11, 14, 11], [14, 11, 14, 12], [14, 12, 14, 13], [14, 13, 14, 14]]}
META {"type": "geom", "shape": "tile", "group": "reachable", "data": [[1, 1], [1, 2], [1, 3], [2, 3], [1, 4], [1, 5], [3, 3], [1, 6], [4, 3], [3, 4], [1, 7], [3, 5], [4, 2], [2, 7], [1, 8], [3, 6], [4, 1], [1, 9], [3, 7], [4, 6], [2, 9], [1, 10], [4, 7], [2, 10], [1, 11], [3, 9], [2, 11], [1, 12], [3, 10], [4, 9], [2, 12], [4, 10], [2, 13]]}
