XXXXXXXXXXXXXXXXXXXXXXXXXXXXXXXX
X---}XXX--XX-XXX-X-----XX------X
X--XXXXX-----XXX---X-----------X
X-XXXXXX-XXX-XXXXXXXXXX--------X
X-XXXXXX-----XXXXXXXXXX--------X
X-XXXXXX-X----XX--------------XX
X-XXXXXX-X---------X-XXXX-XXXX-X
X-XXX----X-X-X-XXX--X---------XX
X--------X-X---XXXXX--XX-XXX---X
XXX-X-XX-X-X---XXXXXXXXXXXXXXX-X
XXX-X-XX------X-XXXXXXXXXXXXXX-X
X---X---XX--------XXXXXX-XXX{--X
X---X--XXXX--XX----XXXX--XXXXXXX
XX-----XXXX--XX-----XXX--XXXXXXX
X-XX--------------XX-----------X
XXXXXXXXXXXXXXXXXXXXXXXXXXXXXXXX
META {"type": "solver", "id": "pysat-rc2", "objective": 0}
META {"type": "geom", "shape": "path", "group": "path", "data": [[11, 28, 11, 29], [11, 29, 11, 30], [11, 30, 10, 30], [10, 30, 9, 30], [9, 30, 8, 30], [8, 30, 8, 29], [8, 29, 7, 29], [7, 29, 7, 28], [7, 28, 7, 27], [7, 27, 7, 26], [7, 26, 7, 25], [7, 25, 6, 25], [6, 25, 5, 25], [5, 25, 5, 24], [5, 24, 5, 23], [5, 23, 5, 22], [5, 22, 5, 21], [5, 21, 5, 20], [5, 20, 5, 19], [5, 19, 5, 18], [5, 18, 5, 17], [5, 17, 5, 16], [5, 16, 6, 16], [6, 16, 6, 15], [6, 15, 6, 14], [6, 14, 6, 13], [6, 13, 5, 13], [5, 13, 5, 12], [5, 12, 4, 12], [4, 12, 4, 11], [4, 11, 4, 10], [4, 10, 4, 9], [4, 9, 4, 8], [4, 8, 5, 8], [5, 8, 6, 8], [6, 8, 7, 8], [7, 8, 7, 7], [7, 7, 7, 6], [7, 6, 7, 5], [7, 5, 8, 5], [8, 5, 8, 4], [8, 4, 8, 3], [8, 3, 8, 2], [8, 2, 8, 1], [8, 1, 7, 1], [7, 1, 6, 1], [6, 1, 5, 1], [5, 1, 4, 1], [4, 1, 3, 1], [3, 1, 2, 1], [2, 1, 1, 1], [1, 1, 1, 2], [1, 2, 1, 3], [1, 3, 1, 4]]}
