XXXXXXXXXXXXXXXXXXXXXXXXXXXXXXXX
XXXXXX--X-XX--X-X-----X--X-----X
XXXXXXX-----XX---X-XXX----XXX-XX
X-XXXXXX----XX---X-------XXXX-XX
X--}XXXX--XX-----X-XX----XXXX--X
X-XXXXX-X-XX-XX-X-XXXX-XX----X-X
X-XXXXX-----XXXX--XXXX-XX----X-X
X-XXXXX-XXX-XXXX----------XX-X-X
X---XXXXXXX-------XX-XXX-XXXX-XX
X---XXXXXXX--X---XXXXXXX-XXXXX-X
X-X-XXXXXX-XXXXXXXXXXXXX-XXXXX-X
X----------XXXXXXXXX-XXXXXXX{--X
X----------------XX--XXXXXXXXX-X
XX------X--XXX-----------XXXXX-X
X------------------------------X
XXXXXXXXXXXXXXXXXXXXXXXXXXXXXXXX
META {"type": "solver", "id": "clingo-be", "objective": 0}
META {"type": "geom", "shape": "path", "group": "path", "data": [[11, 28, 11, 29], [11, 29, 11, 30], [11, 30, 12, 30], [12, 30, 13, 30], [13, 30, 14, 30], [14, 30, 14, 29], [14, 29, 14, 28], [14, 28, 14, 27], [14, 27, 14, 26], [14, 26, 14, 25], [14, 25, 14, 24], [14, 24, 13, 24], [13, 24, 13, 23], [13, 23, 13, 22], [13, 22, 13, 21], [13, 21, 13, 20], [13, 20, 13, 19], [13, 19, 13, 18], [13, 18, 13, 17], [13, 17, 13, 16], [13, 16, 12, 16], [12, 16, 12, 15], [12, 15, 12, 14], [12, 14, 12, 13], [12, 13, 12, 12], [12, 12, 12, 11], [12, 11, 12, 10], [12, 10, 11, 10], [11, 10, 11, 9], [11, 9, 11, 8], [11, 8, 11, 7], [11, 7, 11, 6], [11, 6, 11, 5], [11, 5, 11, 4], [11, 4, 11, 3], [11, 3, 10, 3], [10, 3, 9, 3], [9, 3, 8, 3], [8, 3, 8, 2], [8, 2, 8, 1], [8, 1, 7, 1], [7, 1, 6, 1], [6, 1, 5, 1], [5, 1, 4, 1], [4, 1, 4, 2], [4, 2, 4, 3]]}
