XXXXXXXXXXXXXXXX
XXX0----X----XXX
XXXXXXX---X---1X
XXXXXXX-XX-X-XXX
X------XXXX-XXXX
X-XXXX-XXXX-XXXX
XXXXXXX-------XX
XXXXXXX--------X
X--XX----------X
XX-XX--XXX-----X
X--XX---------XX
XX-XX--X-----X-X
XXX----X---XXXXX
XXX----X---XXXXX
X2------------3X
XXXXXXXXXXXXXXXX
META {"type": "solver", "id": "pysat-rc2", "objective": 0}
META {"type": "geom", "shape": "path", "group": "path", "data": [[1, 3, 1, 4], [1, 4, 1, 5], [1, 5, 1, 6], [1, 6, 1, 7], [1, 7, 2, 7], [2, 7, 2, 8], [2, 8, 2, 9], [2, 9, 1, 9], [1, 9, 1, 10], [1, 10, 1, 11], [1, 11, 1, 12], [1, 12, 2, 12], [2, 12, 2, 13], [2, 13, 2, 14]]}
META {"type": "geom", "shape": "tile", "group": "path", "data": [[1, 3], [1, 4], [1, 5], [1, 6], [1, 7], [2, 7], [2, 8], [2, 9], [1, 9], [1, 10], [1, 11], [1, 12], [2, 12], [2, 13], [2, 14]]}
META {"type": "geom", "shape": "line", "group": "offpath", "data": [[5, 11, 4, 11], [12, 6, 11, 6], [12, 10, 11, 10], [12, 4, 12, 5], [12, 5, 12, 4], [13, 6, 13, 5], [13, 3, 13, 4], [13, 8, 14, 8], [13, 4, 13, 3], [13, 5, 13, 6], [8, 7, 8, 8], [8, 6, 9, 6], [8, 13, 7, 13], [8, 11, 8, 12], [8, 9, 8, 10], [8, 10, 8, 11], [8, 8, 8, 9], [8, 12, 8, 13], [4, 11, 5, 11], [10, 9, 10, 10], [10, 10, 10, 9], [10, 8, 11, 8], [14, 11, 14, 10], [14, 10, 14, 11], [14, 8, 13, 8], [9, 6, 8, 6], [9, 13, 9, 14], [9, 14, 9, 13], [6, 9, 6, 8], [6, 10, 6, 9], [6, 8, 7, 8], [11, 6, 12, 6], [11, 10, 12, 10], [11, 8, 10, 8], [7, 7, 8, 7], [7, 13, 7, 12], [7, 11, 7, 10], [7, 10, 6, 10], [7, 8, 7, 7], [7, 12, 7, 11]]}
META {"type": "geom", "shape": "path", "group": "path", "data": [[14, 1, 14, 2], [14, 2, 14, 3], [14, 3, 13, 3], [13, 3, 12, 3], [12, 3, 12, 4], [12, 4, 12, 5], [12, 5, 11, 5], [11, 5, 10, 5], [10, 5, 10, 6], [10, 6, 11, 6], [11, 6, 12, 6], [12, 6, 13, 6], [13, 6, 14, 6], [14, 6, 14, 7], [14, 7, 14, 8], [14, 8, 14, 9], [14, 9, 14, 10], [14, 10, 14, 11], [14, 11, 14, 12], [14, 12, 14, 13], [14, 13, 14, 14]]}
META {"type": "geom", "shape": "tile", "group": "path", "data": [[14, 1], [14, 2], [14, 3], [13, 3], [12, 3], [12, 4], [12, 5], [11, 5], [10, 5], [10, 6], [11, 6], [12, 6], [13, 6], [14, 6], [14, 7], [14, 8], [14, 9], [14, 10], [14, 11], [14, 12], [14, 13], [14, 14]]}
META {"type": "geom", "shape": "line", "group": "offpath", "data": [[12, 9, 13, 9], [12, 8, 13, 8], [13, 9, 12, 9], [13, 8, 12, 8], [8, 7, 8, 8], [8, 13, 8, 14], [8, 14, 7, 14], [8, 11, 7, 11], [8, 9, 8, 10], [8, 10, 9, 10], [8, 8, 8, 7], [8, 12, 8, 11], [10, 7, 10, 8], [10, 11, 10, 12], [10, 9, 10, 10], [10, 10, 11, 10], [10, 8, 10, 7], [10, 12, 9, 12], [9, 11, 10, 11], [9, 10, 9, 11], [9, 12, 8, 12], [6, 9, 7, 9], [6, 10, 6, 9], [6, 12, 7, 12], [11, 9, 10, 9], [11, 10, 11, 9], [7, 7, 7, 8], [7, 13, 8, 13], [7, 14, 7, 13], [7, 11, 7, 10], [7, 9, 8, 9], [7, 10, 6, 10], [7, 8, 7, 7], [7, 12, 6, 12]]}
