XXXXXXXXXXXXXXXX
XXXXXXXXXXXX--1X
X0-----------XXX
XXXXX-XXX--XXXXX
XXXXXXXXX--XXXXX
X-XXXXXXX-X---XX
XX-XX-XX-X-----X
X-XXXXXXX---X--X
X-XXXXXXX-X-X--X
XX----------X--X
X-XXXX----X----X
X---------X----X
XXX-------X--XXX
XXX----------XXX
X2------XX----3X
XXXXXXXXXXXXXXXX
META {"type": "solver", "id": "pysat-rc2-boolonly", "objective": 0}
META {"type": "geom", "shape": "path", "group": "path", "data": [[2, 1, 2, 2], [2, 2, 2, 3], [2, 3, 2, 4], [2, 4, 2, 5], [2, 5, 2, 6], [2, 6, 2, 7], [2, 7, 2, 8], [2, 8, 2, 9], [2, 9, 2, 10], [2, 10, 2, 11], [2, 11, 2, 12], [2, 12, 1, 12], [1, 12, 1, 13], [1, 13, 1, 14]]}
META {"type": "geom", "shape": "tile", "group": "path", "data": [[2, 1], [2, 2], [2, 3], [2, 4], [2, 5], [2, 6], [2, 7], [2, 8], [2, 9], [2, 10], [2, 11], [2, 12], [1, 12], [1, 13], [1, 14]]}
META {"type": "geom", "shape": "line", "group": "offpath", "data": [[7, 14, 6, 14], [7, 10, 6, 10], [7, 13, 8, 13], [9, 4, 9, 5], [9, 14, 10, 14], [9, 11, 9, 10], [9, 6, 9, 7], [9, 10, 9, 11], [9, 13, 9, 14], [9, 7, 9, 6], [9, 8, 9, 9], [9, 9, 9, 8], [9, 5, 9, 4], [14, 6, 13, 6], [14, 5, 14, 6], [3, 10, 3, 9], [3, 9, 3, 10], [11, 4, 11, 3], [11, 14, 11, 13], [11, 6, 11, 5], [11, 12, 12, 12], [11, 13, 10, 13], [11, 7, 11, 6], [11, 8, 10, 8], [11, 3, 12, 3], [11, 5, 11, 4], [5, 12, 5, 13], [5, 13, 5, 12], [5, 9, 4, 9], [10, 14, 11, 14], [10, 13, 9, 13], [10, 8, 11, 8], [4, 9, 5, 9], [8, 13, 7, 13], [6, 14, 7, 14], [6, 11, 6, 12], [6, 12, 6, 11], [6, 10, 7, 10], [13, 4, 13, 5], [13, 11, 12, 11], [13, 6, 12, 6], [13, 7, 13, 8], [13, 8, 13, 7], [13, 3, 13, 4], [13, 5, 14, 5], [12, 11, 13, 11], [12, 6, 12, 7], [12, 12, 11, 12], [12, 7, 11, 7], [12, 3, 13, 3]]}
META {"type": "geom", "shape": "path", "group": "path", "data": [[14, 1, 14, 2], [14, 2, 14, 3], [14, 3, 14, 4], [14, 4, 14, 5], [14, 5, 14, 6], [14, 6, 14, 7], [14, 7, 13, 7], [13, 7, 13, 8], [13, 8, 12, 8], [12, 8, 12, 9], [12, 9, 13, 9], [13, 9, 13, 10], [13, 10, 13, 11], [13, 11, 13, 12], [13, 12, 14, 12], [14, 12, 14, 13], [14, 13, 14, 14]]}
META {"type": "geom", "shape": "tile", "group": "path", "data": [[14, 1], [14, 2], [14, 3], [14, 4], [14, 5], [14, 6], [14, 7], [13, 7], [13, 8], [12, 8], [12, 9], [13, 9], [13, 10], [13, 11], [13, 12], [14, 12], [14, 13], [14, 14]]}
META {"type": "geom", "shape": "line", "group": "offpath", "data": [[2, 4, 2, 3], [2, 11, 2, 10], [2, 6, 2, 5], [2, 10, 2, 11], [2, 3, 2, 4], [2, 9, 3, 9], [2, 5, 2, 6], [7, 14, 6, 14], [7, 10, 6, 10], [7, 13, 8, 13], [9, 4, 9, 5], [9, 14, 8, 14], [9, 11, 10, 11], [9, 6, 10, 6], [9, 10, 9, 9], [9, 2, 9, 3], [9, 7, 9, 6], [9, 8, 9, 7], [9, 3, 9, 2], [9, 9, 9, 10], [9, 5, 9, 4], [14, 11, 14, 10], [14, 10, 14, 11], [3, 10, 4, 10], [3, 9, 2, 9], [11, 4, 11, 3], [11, 14, 10, 14], [11, 11, 11, 12], [11, 6, 11, 5], [11, 12, 11, 11], [11, 13, 11, 14], [11, 7, 11, 8], [11, 8, 10, 8], [11, 3, 12, 3], [11, 5, 11, 4], [5, 13, 6, 13], [5, 9, 4, 9], [10, 14, 10, 13], [10, 11, 9, 11], [10, 6, 11, 6], [10, 13, 11, 13], [10, 8, 9, 8], [4, 10, 3, 10], [4, 9, 5, 9], [8, 14, 9, 14], [8, 13, 7, 13], [6, 14, 7, 14], [6, 10, 7, 10], [6, 13, 5, 13], [13, 4, 13, 5], [13, 6, 12, 6], [13, 5, 13, 6], [12, 4, 13, 4], [12, 6, 12, 7], [12, 7, 11, 7], [12, 3, 12, 4]]}
