XXXXXXXXXXXXXXXX
X0-------XX---1X
XXX--XXX-----XXX
XXX-----X-X--XXX
XXX-------X----X
XX-XX-----X---XX
XX-XX---------XX
XX-XX--X---XXX-X
X-XXXX--XX-XXX-X
X-XXXXXXXXX---XX
XX-XXXXXXXX-X--X
XXX----------X-X
XXX-XX-XX-XXXXXX
XXX-XX-XX-XXXXXX
X2--XX-XX-----3X
XXXXXXXXXXXXXXXX
META {"type": "solver", "id": "pysat-rc2", "objective": 0}
META {"type": "geom", "shape": "path", "group": "path", "data": [[1, 1, 1, 2], [1, 2, 1, 3], [1, 3, 2, 3], [2, 3, 3, 3], [3, 3, 4, 3], [4, 3, 4, 4], [4, 4, 4, 5], [4, 5, 5, 5], [5, 5, 6, 5], [6, 5, 6, 6], [6, 6, 5, 6], [5, 6, 5, 7], [5, 7, 5, 8], [5, 8, 5, 9], [5, 9, 6, 9], [6, 9, 6, 8], [6, 8, 7, 8], [7, 8, 7, 9], [7, 9, 7, 10], [7, 10, 6, 10], [6, 10, 6, 11], [6, 11, 6, 12], [6, 12, 6, 13], [6, 13, 5, 13], [5, 13, 5, 12], [5, 12, 4, 12], [4, 12, 4, 11], [4, 11, 3, 11], [3, 11, 3, 12], [3, 12, 2, 12], [2, 12, 2, 11], [2, 11, 1, 11], [1, 11, 1, 12], [1, 12, 1, 13], [1, 13, 1, 14]]}
META {"type": "geom", "shape": "tile", "group": "path", "data": [[1, 1], [1, 2], [1, 3], [2, 3], [3, 3], [4, 3], [4, 4], [4, 5], [5, 5], [6, 5], [6, 6], [5, 6], [5, 7], [5, 8], [5, 9], [6, 9], [6, 8], [7, 8], [7, 9], [7, 10], [6, 10], [6, 11], [6, 12], [6, 13], [5, 13], [5, 12], [4, 12], [4, 11], [3, 11], [3, 12], [2, 12], [2, 11], [1, 11], [1, 12], [1, 13], [1, 14]]}
META {"type": "geom", "shape": "line", "group": "offpath", "data": [[4, 9, 3, 9], [4, 8, 4, 9], [4, 7, 4, 8], [4, 6, 4, 7], [2, 9, 2, 8], [2, 8, 1, 8], [2, 4, 3, 4], [1, 8, 1, 7], [1, 7, 1, 6], [1, 6, 1, 5], [1, 5, 1, 4], [1, 4, 2, 4], [8, 7, 8, 6], [8, 6, 8, 7], [14, 11, 14, 12], [14, 12, 14, 11], [3, 9, 2, 9], [3, 6, 4, 6], [3, 5, 3, 6], [3, 4, 3, 5]]}
META {"type": "geom", "shape": "path", "group": "path", "data": [[14, 1, 14, 2], [14, 2, 14, 3], [14, 3, 13, 3], [13, 3, 12, 3], [12, 3, 11, 3], [11, 3, 11, 4], [11, 4, 11, 5], [11, 5, 11, 6], [11, 6, 11, 7], [11, 7, 11, 8], [11, 8, 11, 9], [11, 9, 12, 9], [12, 9, 13, 9], [13, 9, 14, 9], [14, 9, 14, 10], [14, 10, 14, 11], [14, 11, 14, 12], [14, 12, 14, 13], [14, 13, 14, 14]]}
META {"type": "geom", "shape": "tile", "group": "path", "data": [[14, 1], [14, 2], [14, 3], [13, 3], [12, 3], [11, 3], [11, 4], [11, 5], [11, 6], [11, 7], [11, 8], [11, 9], [12, 9], [13, 9], [14, 9], [14, 10], [14, 11], [14, 12], [14, 13], [14, 14]]}
META {"type": "geom", "shape": "line", "group": "offpath", "data": []}
