XXXXXXXXXXXXXXXX
XXXXX----XX---1X
XXXXX-XXX----XXX
X0-----------XXX
XXX--X------X--X
XXX--X---XXXXXXX
X----X---XXXXXXX
X--------------X
XXXXX---X-XXX-XX
XXXXX--------X-X
X-XXX----X-XX-XX
XXXXXXXXXXXXXXXX
XXXXXXXXXXXXXXXX
XXX-------XX-XXX
X2------------3X
XXXXXXXXXXXXXXXX
META {"type": "solver", "id": "pysat-rc2", "objective": 0}
META {"type": "geom", "shape": "path", "group": "path", "data": [[3, 1, 3, 2], [3, 2, 3, 3], [3, 3, 3, 4], [3, 4, 3, 5], [3, 5, 3, 6], [3, 6, 4, 6], [4, 6, 5, 6], [5, 6, 5, 7], [5, 7, 6, 7], [6, 7, 7, 7], [7, 7, 8, 7], [8, 7, 8, 6], [8, 6, 7, 6], [7, 6, 7, 5], [7, 5, 8, 5], [8, 5, 9, 5], [9, 5, 10, 5], [10, 5, 10, 6], [10, 6, 10, 7], [10, 7, 10, 8], [10, 8, 9, 8], [9, 8, 9, 9], [9, 9, 8, 9], [8, 9, 7, 9], [7, 9, 7, 8], [7, 8, 6, 8], [6, 8, 5, 8], [5, 8, 4, 8], [4, 8, 4, 9], [4, 9, 4, 10], [4, 10, 3, 10], [3, 10, 2, 10], [2, 10, 2, 11], [2, 11, 2, 12], [2, 12, 1, 12], [1, 12, 1, 13], [1, 13, 1, 14]]}
META {"type": "geom", "shape": "tile", "group": "path", "data": [[3, 1], [3, 2], [3, 3], [3, 4], [3, 5], [3, 6], [4, 6], [5, 6], [5, 7], [6, 7], [7, 7], [8, 7], [8, 6], [7, 6], [7, 5], [8, 5], [9, 5], [10, 5], [10, 6], [10, 7], [10, 8], [9, 8], [9, 9], [8, 9], [7, 9], [7, 8], [6, 8], [5, 8], [4, 8], [4, 9], [4, 10], [3, 10], [2, 10], [2, 11], [2, 12], [1, 12], [1, 13], [1, 14]]}
META {"type": "geom", "shape": "line", "group": "offpath", "data": [[1, 7, 1, 6], [1, 5, 2, 5], [1, 6, 1, 7], [9, 10, 9, 11], [9, 7, 9, 6], [9, 6, 9, 7], [9, 11, 9, 10], [4, 14, 4, 13], [4, 13, 4, 14], [4, 11, 3, 11], [5, 3, 6, 3], [13, 7, 14, 7], [13, 5, 13, 6], [13, 6, 13, 5], [13, 8, 13, 7], [13, 9, 13, 8], [13, 12, 14, 12], [7, 3, 7, 4], [7, 10, 7, 11], [7, 4, 7, 3], [7, 11, 7, 10], [3, 7, 3, 8], [3, 8, 3, 7], [3, 11, 4, 11], [6, 3, 5, 3], [14, 2, 14, 3], [14, 3, 14, 2], [14, 7, 14, 8], [14, 5, 14, 4], [14, 4, 14, 5], [14, 8, 14, 9], [14, 9, 13, 9], [14, 12, 13, 12], [2, 5, 1, 5]]}
META {"type": "geom", "shape": "path", "group": "path", "data": [[14, 1, 14, 2], [14, 2, 14, 3], [14, 3, 14, 4], [14, 4, 14, 5], [14, 5, 13, 5], [13, 5, 13, 6], [13, 6, 14, 6], [14, 6, 14, 7], [14, 7, 14, 8], [14, 8, 13, 8], [13, 8, 13, 9], [13, 9, 14, 9], [14, 9, 14, 10], [14, 10, 14, 11], [14, 11, 14, 12], [14, 12, 14, 13], [14, 13, 14, 14]]}
META {"type": "geom", "shape": "tile", "group": "path", "data": [[14, 1], [14, 2], [14, 3], [14, 4], [14, 5], [13, 5], [13, 6], [14, 6], [14, 7], [14, 8], [13, 8], [13, 9], [14, 9], [14, 10], [14, 11], [14, 12], [14, 13], [14, 14]]}
META {"type": "geom", "shape": "line", "group": "offpath", "data": []}
