XXXXXXXXXXXXXXXX
X0---X--------1X
XXXX---XXXXX-XXX
XXXX---XXXXX-XXX
X---XXX-----XXXX
XXXX----XXX-XXXX
XXXXX-X------XXX
XXXXXXXXX----XXX
X-XXXXXXX--XX--X
X--XX----X-XX-XX
XX------------XX
X---X-X-----X--X
XXX-X-----XX-XXX
XXX-X-XXX-XX-XXX
X2------------3X
XXXXXXXXXXXXXXXX
META {"type": "solver", "id": "pysat-rc2-boolonly", "objective": 0}
META {"type": "geom", "shape": "path", "group": "path", "data": [[1, 1, 1, 2], [1, 2, 1, 3], [1, 3, 1, 4], [1, 4, 2, 4], [2, 4, 3, 4], [3, 4, 3, 5], [3, 5, 3, 6], [3, 6, 2, 6], [2, 6, 1, 6], [1, 6, 1, 7], [1, 7, 1, 8], [1, 8, 1, 9], [1, 9, 1, 10], [1, 10, 1, 11], [1, 11, 1, 12], [1, 12, 1, 13], [1, 13, 1, 14]]}
META {"type": "geom", "shape": "tile", "group": "path", "data": [[1, 1], [1, 2], [1, 3], [1, 4], [2, 4], [3, 4], [3, 5], [3, 6], [2, 6], [1, 6], [1, 7], [1, 8], [1, 9], [1, 10], [1, 11], [1, 12], [1, 13], [1, 14]]}
META {"type": "geom", "shape": "line", "group": "offpath", "data": [[8, 10, 7, 10], [8, 9, 8, 10], [5, 11, 6, 11], [5, 7, 4, 7], [4, 7, 5, 7], [4, 10, 4, 9], [4, 9, 4, 10], [2, 12, 3, 12], [6, 11, 5, 11], [7, 11, 7, 12], [7, 12, 7, 11], [7, 10, 7, 9], [7, 9, 8, 9], [3, 12, 2, 12]]}
META {"type": "geom", "shape": "path", "group": "path", "data": [[14, 1, 14, 2], [14, 2, 14, 3], [14, 3, 13, 3], [13, 3, 12, 3], [12, 3, 11, 3], [11, 3, 11, 2], [11, 2, 10, 2], [10, 2, 10, 3], [10, 3, 10, 4], [10, 4, 10, 5], [10, 5, 9, 5], [9, 5, 9, 6], [9, 6, 9, 7], [9, 7, 9, 8], [9, 8, 10, 8], [10, 8, 11, 8], [11, 8, 12, 8], [12, 8, 12, 9], [12, 9, 13, 9], [13, 9, 14, 9], [14, 9, 14, 10], [14, 10, 14, 11], [14, 11, 14, 12], [14, 12, 14, 13], [14, 13, 14, 14]]}
META {"type": "geom", "shape": "tile", "group": "path", "data": [[14, 1], [14, 2], [14, 3], [13, 3], [12, 3], [11, 3], [11, 2], [10, 2], [10, 3], [10, 4], [10, 5], [9, 5], [9, 6], [9, 7], [9, 8], [10, 8], [11, 8], [12, 8], [12, 9], [13, 9], [14, 9], [14, 10], [14, 11], [14, 12], [14, 13], [14, 14]]}
META {"type": "geom", "shape": "line", "group": "offpath", "data": [[14, 7, 14, 6], [14, 6, 14, 7], [12, 5, 13, 5], [12, 12, 13, 12], [13, 5, 12, 5], [13, 12, 12, 12]]}
