XXXXXXXXXXXXXXXX
X0---XX-------1X
XXX--XX------XXX
XXX----------XXX
X--X-XX------XXX
XXXXXXXXXXX-X-XX
XXXXXXXXXXX-X--X
X------XXXX-X--X
XX-XXX-XXX--X-XX
XXX-------XX--XX
XXX-XXXXX-XX-X-X
XX----------X-XX
XXXXXXXXX----XXX
XXXXXXXXX----XXX
X2--------XX--3X
XXXXXXXXXXXXXXXX
META {"type": "solver", "id": "pysat-rc2", "objective": 0}
META {"type": "geom", "shape": "path", "group": "path", "data": [[1, 1, 1, 2], [1, 2, 1, 3], [1, 3, 2, 3], [2, 3, 3, 3], [3, 3, 3, 4], [3, 4, 3, 5], [3, 5, 3, 6], [3, 6, 3, 7], [3, 7, 2, 7], [2, 7, 1, 7], [1, 7, 1, 8], [1, 8, 1, 9], [1, 9, 1, 10], [1, 10, 1, 11], [1, 11, 1, 12], [1, 12, 1, 13], [1, 13, 1, 14]]}
META {"type": "geom", "shape": "tile", "group": "path", "data": [[1, 1], [1, 2], [1, 3], [2, 3], [3, 3], [3, 4], [3, 5], [3, 6], [3, 7], [2, 7], [1, 7], [1, 8], [1, 9], [1, 10], [1, 11], [1, 12], [1, 13], [1, 14]]}
META {"type": "geom", "shape": "line", "group": "offpath", "data": [[6, 11, 5, 11], [8, 11, 7, 11], [4, 8, 3, 8], [4, 11, 4, 10], [4, 9, 4, 8], [4, 10, 4, 11], [5, 11, 6, 11], [7, 11, 8, 11], [3, 12, 2, 12], [3, 8, 2, 8], [3, 11, 3, 10], [3, 9, 4, 9], [3, 10, 3, 9], [2, 12, 3, 12], [2, 8, 2, 9], [2, 11, 3, 11], [2, 9, 2, 10], [2, 10, 2, 11]]}
META {"type": "geom", "shape": "path", "group": "path", "data": [[14, 1, 14, 2], [14, 2, 14, 3], [14, 3, 14, 4], [14, 4, 14, 5], [14, 5, 14, 6], [14, 6, 14, 7], [14, 7, 14, 8], [14, 8, 14, 9], [14, 9, 13, 9], [13, 9, 13, 10], [13, 10, 12, 10], [12, 10, 11, 10], [11, 10, 11, 11], [11, 11, 12, 11], [12, 11, 12, 12], [12, 12, 13, 12], [13, 12, 14, 12], [14, 12, 14, 13], [14, 13, 14, 14]]}
META {"type": "geom", "shape": "tile", "group": "path", "data": [[14, 1], [14, 2], [14, 3], [14, 4], [14, 5], [14, 6], [14, 7], [14, 8], [14, 9], [13, 9], [13, 10], [12, 10], [11, 10], [11, 11], [12, 11], [12, 12], [13, 12], [14, 12], [14, 13], [14, 14]]}
META {"type": "geom", "shape": "line", "group": "offpath", "data": [[8, 6, 9, 6], [9, 6, 8, 6], [4, 7, 3, 7], [4, 8, 3, 8], [4, 9, 3, 9], [4, 10, 4, 9], [11, 7, 11, 8], [11, 8, 11, 7], [1, 12, 2, 12], [1, 8, 1, 9], [1, 2, 1, 3], [1, 11, 1, 12], [1, 3, 1, 2], [1, 9, 1, 10], [1, 10, 1, 11], [7, 4, 7, 5], [7, 5, 7, 4], [3, 7, 4, 7], [3, 12, 3, 11], [3, 8, 4, 8], [3, 11, 3, 10], [3, 9, 2, 9], [3, 10, 4, 10], [2, 12, 3, 12], [2, 8, 1, 8], [2, 9, 2, 8]]}
