XXXXXXXXXXXXXXXX
----------------
--}--XXXXX------
XXXX-XXXXX------
XXXX----------XX
----------XX--XX
----------XX----
----XXX-XXXXXXXX
----XXX-XXXXXXXX
XX--------------
XX--------------
----XX----------
-XX-XX--XX----XX
-XX-----XX----XX
--------XX------
--------XX--{---
------XXXXXXXXX-
------XXXXXXXXX-
----------------
XXXXXXXXXXXXXXXX
META {"type": "solver", "id": "pysat-rc2-boolonly", "objective": 0}
META {"type": "geom", "shape": "path", "group": "path", "data": [[15, 12, 15, 11], [15, 11, 15, 10], [15, 10, 14, 10], [14, 10, 11, 14], [11, 14, 9, 10], [9, 10, 10, 9], [10, 9, 11, 8], [11, 8, 9, 5], [9, 5, 10, 4], [10, 4, 8, 1], [8, 1, 6, 6], [6, 6, 4, 11], [4, 11, 2, 13], [2, 13, 3, 14], [3, 14, 1, 9], [1, 9, 1, 8], [1, 8, 1, 7], [1, 7, 1, 6], [1, 6, 1, 5], [1, 5, 1, 4], [1, 4, 2, 3], [2, 3, 2, 2]]}
