XXXXXXXXXXXXXXXX
X---}XXX-------X
X-XXXXXXX-----XX
X-XXXXXXXX-XXX-X
X-----XXXX----XX
XX--XX-XX-XXXX-X
X--XXXX--------X
X--XXXX-X--X---X
X---XX-X-XX-XXXX
XX------XXXXXXXX
XX------XXXXXXXX
X---X---XXX{---X
XX--X---XXXXX-XX
XX--X---XXXXX--X
X--------------X
XXXXXXXXXXXXXXXX
META {"type": "solver", "id": "pysat-rc2", "objective": 0}
META {"type": "geom", "shape": "path", "group": "path", "data": [[11, 11, 11, 12], [11, 12, 11, 13], [11, 13, 12, 13], [12, 13, 13, 13], [13, 13, 14, 13], [14, 13, 14, 12], [14, 12, 14, 11], [14, 11, 14, 10], [14, 10, 14, 9], [14, 9, 14, 8], [14, 8, 14, 7], [14, 7, 13, 7], [13, 7, 13, 6], [13, 6, 14, 6], [14, 6, 14, 5], [14, 5, 13, 5], [13, 5, 12, 5], [12, 5, 11, 5], [11, 5, 10, 5], [10, 5, 10, 4], [10, 4, 10, 3], [10, 3, 10, 2], [10, 2, 9, 2], [9, 2, 8, 2], [8, 2, 7, 2], [7, 2, 6, 2], [6, 2, 5, 2], [5, 2, 5, 3], [5, 3, 4, 3], [4, 3, 4, 2], [4, 2, 4, 1], [4, 1, 3, 1], [3, 1, 2, 1], [2, 1, 1, 1], [1, 1, 1, 2], [1, 2, 1, 3], [1, 3, 1, 4]]}
META {"type": "geom", "shape": "tile", "group": "path", "data": [[11, 11], [11, 12], [11, 13], [12, 13], [13, 13], [14, 13], [14, 12], [14, 11], [14, 10], [14, 9], [14, 8], [14, 7], [13, 7], [13, 6], [14, 6], [14, 5], [13, 5], [12, 5], [11, 5], [10, 5], [10, 4], [10, 3], [10, 2], [9, 2], [8, 2], [7, 2], [6, 2], [5, 2], [5, 3], [4, 3], [4, 2], [4, 1], [3, 1], [2, 1], [1, 1], [1, 2], [1, 3], [1, 4]]}
META {"type": "geom", "shape": "line", "group": "offpath", "data": [[10, 6, 10, 7], [10, 7, 11, 7], [9, 4, 9, 3], [9, 3, 9, 4], [13, 2, 14, 2], [4, 5, 4, 4], [4, 4, 4, 5], [14, 2, 13, 2], [14, 4, 14, 3], [14, 3, 14, 4], [11, 6, 10, 6], [11, 7, 11, 6], [7, 10, 7, 9], [7, 9, 7, 10]]}
