XXXXXXXXXXXXXXXX
XXXXXXXXXXXXXXXX
XXXXXXXXXXX}XXXX
XXXXXXXXXXX-XXXX
XXXXXXXXXXX-XXXX
XXXXXXXXX---XXXX
XX----------XXXX
XXXXXXXXX---XXXX
XXXXXXXXX---XXXX
XXXXXXXXXX--XXXX
XXXXXXXXXX--XXXX
XXXXXXXXXX--XXXX
XXXXXXXX----XXXX
XXXXXXXXX-----XX
XXXXXXXXX##---XX
XXXXXXXXX-----XX
XXXXXXXXX--#--XX
XXXXXX--XX--#-XX
XXXXX---XX----XX
XX-------XX---XX
XXXXXXX--XX---XX
XXXXXXX-----#-XX
XXX-----------XX
XXXXXXX-------XX
XXXXXXX-#-XXX-XX
XXXXXXXX--XXX-XX
XXXXXXXX--XXX-XX
XXXXXXXX--XXX-XX
XXXXXXXX--XXX-XX
XXXXXXXX-{----XX
XXXXXXXXXXXXXXXX
XXXXXXXXXXXXXXXX
META {"type": "solver", "id": "pysat-rc2", "objective": 0}
META {"type": "geom", "shape": "path", "group": "path", "data": [[29, 9, 29, 8], [29, 8, 25, 8], [25, 8, 25, 9], [25, 9, 21, 9], [21, 9, 21, 11], [21, 11, 21, 7], [21, 7, 17, 7], [17, 7, 17, 6], [17, 6, 19, 6], [19, 6, 19, 2], [19, 2, 19, 8], [19, 8, 23, 8], [23, 8, 23, 7], [23, 7, 23, 13], [23, 13, 13, 13], [13, 13, 13, 9], [13, 9, 12, 9], [12, 9, 12, 11], [12, 11, 2, 11]]}
META {"type": "geom", "shape": "tile", "group": "path", "data": [[29, 9], [29, 8], [28, 8], [27, 8], [26, 8], [25, 8], [25, 9], [24, 9], [23, 9], [22, 9], [21, 9], [21, 10], [21, 11], [21, 10], [21, 9], [21, 8], [21, 7], [20, 7], [19, 7], [18, 7], [17, 7], [17, 6], [18, 6], [19, 6], [19, 5], [19, 4], [19, 3], [19, 2], [19, 3], [19, 4], [19, 5], [19, 6], [19, 7], [19, 8], [20, 8], [21, 8], [22, 8], [23, 8], [23, 7], [23, 8], [23, 9], [23, 10], [23, 11], [23, 12], [23, 13], [22, 13], [21, 13], [20, 13], [19, 13], [18, 13], [17, 13], [16, 13], [15, 13], [14, 13], [13, 13], [13, 12], [13, 11], [13, 10], [13, 9], [12, 9], [12, 10], [12, 11], [11, 11], [10, 11], [9, 11], [8, 11], [7, 11], [6, 11], [5, 11], [4, 11], [3, 11], [2, 11]]}
META {"type": "geom", "shape": "line", "group": "offpath", "data": [[19, 13, 19, 11], [19, 11, 19, 13], [27, 8, 27, 9], [27, 9, 27, 8], [8, 11, 8, 9], [8, 9, 8, 11], [10, 10, 10, 11], [10, 11, 10, 10], [16, 10, 16, 9], [16, 9, 16, 10], [21, 10, 23, 10], [7, 11, 7, 9], [7, 9, 7, 11], [23, 10, 21, 10], [11, 10, 11, 11], [11, 11, 11, 10], [18, 7, 18, 5], [18, 5, 18, 7], [18, 12, 20, 12], [20, 13, 20, 11], [20, 11, 20, 13], [20, 12, 18, 12]]}
