--------------------------------
--------------------------------
--------------------------------
----------------X---XX---X------
--X-------------------------X---
-----X--------------------------
--------------------------------
------------------XQX----XQQX---
------------X-------------------
--------------------------------
--------------------------------
----------------------------XX--
-----Q--X----X----------<>------
--------XX---XX----XX---[]------
-{------XXX--XXX--XXX---[]----}-
XXXXXX--XXXXXXXXXXXXXXXXXXXXXXXX
META {"type": "solver", "id": "pysat-rc2", "objective": 0}
META {"type": "geom", "shape": "path", "group": "path", "data": [[14, 1, 10, 4], [10, 4, 11, 5], [11, 5, 7, 6], [7, 6, 8, 5], [8, 5, 9, 6], [9, 6, 10, 7], [10, 7, 11, 7], [11, 7, 12, 6], [12, 6, 13, 5], [13, 5, 14, 5], [14, 5, 10, 8], [10, 8, 11, 9], [11, 9, 12, 10], [12, 10, 13, 10], [13, 10, 9, 11], [9, 11, 10, 12], [10, 12, 11, 13], [11, 13, 7, 12], [7, 12, 3, 15], [3, 15, 4, 16], [4, 16, 5, 17], [5, 17, 6, 18], [6, 18, 6, 19], [6, 19, 2, 20], [2, 20, 1, 21], [1, 21, 2, 22], [2, 22, 3, 23], [3, 23, 4, 22], [4, 22, 5, 23], [5, 23, 6, 24], [6, 24, 7, 24], [7, 24, 8, 25], [8, 25, 9, 26], [9, 26, 10, 25], [10, 25, 11, 25], [11, 25, 10, 26], [10, 26, 11, 27], [11, 27, 12, 26], [12, 26, 13, 26], [13, 26, 14, 26], [14, 26, 14, 27], [14, 27, 12, 29], [12, 29, 13, 28], [13, 28, 14, 29], [14, 29, 11, 31], [11, 31, 12, 30], [12, 30, 13, 29], [13, 29, 14, 30]]}
META {"type": "geom", "shape": "tile", "group": "path", "data": [[14, 1], [13, 1], [13, 2], [12, 2], [12, 3], [11, 3], [11, 4], [10, 4], [11, 4], [11, 5], [10, 5], [9, 5], [8, 5], [7, 5], [7, 6], [8, 6], [8, 5], [9, 5], [9, 6], [10, 6], [10, 7], [11, 7], [12, 7], [12, 6], [13, 6], [13, 5], [14, 5], [13, 5], [13, 6], [12, 6], [12, 7], [11, 7], [11, 8], [10, 8], [11, 8], [11, 9], [12, 9], [12, 10], [13, 10], [12, 10], [11, 10], [10, 10], [9, 10], [9, 11], [10, 11], [10, 12], [11, 12], [11, 13], [10, 13], [9, 13], [8, 13], [7, 13], [7, 12], [6, 12], [6, 13], [5, 13], [5, 14], [4, 14], [4, 15], [3, 15], [4, 15], [4, 16], [5, 16], [5, 17], [6, 17], [6, 18], [6, 19], [5, 19], [4, 19], [3, 19], [2, 19], [2, 20], [1, 20], [1, 21], [2, 21], [2, 22], [3, 22], [3, 23], [4, 23], [4, 22], [5, 22], [5, 23], [6, 23], [6, 24], [7, 24], [8, 24], [8, 25], [9, 25], [9, 26], [10, 26], [10, 25], [11, 25], [10, 25], [10, 26], [11, 26], [11, 27], [12, 27], [12, 26], [13, 26], [14, 26], [14, 27], [13, 27], [13, 28], [12, 28], [12, 29], [13, 29], [13, 28], [14, 28], [14, 29], [13, 29], [13, 30], [12, 30], [12, 31], [11, 31], [12, 31], [12, 30], [13, 30], [13, 29], [14, 29], [14, 30]]}
META {"type": "geom", "shape": "line", "group": "offpath", "data": [[13, 4, 14, 3], [13, 2, 14, 2], [13, 0, 14, 0], [13, 18, 11, 18], [13, 15, 12, 14], [13, 30, 14, 31], [13, 17, 14, 16], [13, 12, 14, 11], [13, 3, 14, 4], [13, 21, 14, 22], [13, 22, 14, 21], [13, 27, 14, 28], [3, 2, 0, 5], [3, 18, 4, 19], [3, 5, 4, 5], [3, 24, 4, 24], [3, 26, 4, 26], [3, 30, 4, 31], [3, 28, 0, 25], [3, 27, 4, 27], [4, 19, 5, 20], [4, 5, 1, 5], [4, 24, 5, 24], [4, 26, 5, 27], [4, 31, 5, 31], [4, 27, 5, 28], [1, 4, 2, 3], [1, 18, 2, 19], [1, 5, 2, 4], [1, 24, 2, 24], [1, 26, 2, 26], [11, 1, 12, 2], [11, 0, 12, 0], [11, 16, 12, 16], [11, 18, 12, 18], [11, 24, 7, 23], [11, 12, 12, 12], [11, 20, 12, 20], [11, 23, 12, 23], [11, 3, 12, 3], [8, 24, 9, 25], [8, 30, 9, 30], [8, 29, 9, 28], [8, 22, 9, 21], [5, 24, 6, 25], [5, 28, 6, 27], [5, 20, 6, 20], [5, 31, 6, 31], [5, 27, 6, 26], [10, 1, 11, 0], [10, 2, 11, 1], [10, 24, 11, 24], [10, 13, 11, 12], [10, 17, 11, 16], [10, 28, 8, 30], [10, 29, 6, 28], [10, 3, 11, 3], [10, 21, 11, 20], [10, 22, 11, 23], [0, 5, 1, 4], [0, 17, 1, 18], [0, 25, 1, 26], [9, 30, 10, 29], [9, 28, 10, 28], [9, 21, 10, 21], [9, 25, 10, 24], [7, 30, 8, 29], [7, 23, 8, 24], [12, 4, 13, 4], [12, 14, 12, 15], [12, 2, 13, 2], [12, 0, 13, 0], [12, 16, 13, 17], [12, 19, 8, 22], [12, 18, 13, 18], [12, 15, 13, 15], [12, 12, 13, 12], [12, 20, 12, 19], [12, 23, 13, 22], [12, 3, 13, 3], [12, 27, 13, 27], [6, 26, 2, 25], [6, 28, 3, 30], [6, 20, 2, 16], [6, 25, 3, 27], [6, 31, 7, 30], [6, 27, 2, 28], [2, 4, 3, 5], [2, 16, 0, 17], [2, 19, 3, 18], [2, 24, 3, 24], [2, 26, 3, 26], [2, 28, 3, 28], [2, 3, 3, 2], [2, 25, 1, 24], [14, 4, 12, 4], [14, 2, 10, 3], [14, 0, 10, 1], [14, 16, 14, 17], [14, 11, 14, 12], [14, 17, 10, 17], [14, 28, 12, 27], [14, 12, 10, 13], [14, 3, 10, 2], [14, 21, 13, 21], [14, 31, 13, 30], [14, 22, 10, 22]]}
