--------------------------------
--------------------------------
--------------------XXXX--------
---------------------------X----
---------------XXX--XXXX--------
--------------------------------
--------------------------------
--------------------------------
-----------XQQX-----------------
----Q---------------------------
-------------------<>------Q----
-------------------[]-----------
----X----X----X----[]-----------
----XX---XX---XX---[]---XX------
-{--XXX--XXX--XXX--[]--XXX----}-
XXXXXXXXXXXXXXXXXXXXXXXXXXXXXXXX
META {"type": "solver", "id": "pysat-rc2-boolonly", "objective": 0}
META {"type": "geom", "shape": "path", "group": "path", "data": [[14, 1, 10, 5], [10, 5, 11, 6], [11, 6, 12, 5], [12, 5, 8, 4], [8, 4, 4, 8], [4, 8, 5, 9], [5, 9, 6, 10], [6, 10, 7, 11], [7, 11, 3, 15], [3, 15, 0, 17], [0, 17, 1, 18], [1, 18, 2, 18], [2, 18, 3, 17], [3, 17, 0, 19], [0, 19, 1, 20], [1, 20, 0, 20], [0, 20, 1, 21], [1, 21, 0, 22], [0, 22, 1, 23], [1, 23, 0, 23], [0, 23, 1, 24], [1, 24, 2, 24], [2, 24, 3, 23], [3, 23, 3, 22], [3, 22, 3, 21], [3, 21, 3, 20], [3, 20, 3, 19], [3, 19, 4, 18], [4, 18, 5, 17], [5, 17, 6, 18], [6, 18, 7, 18], [7, 18, 8, 19], [8, 19, 9, 20], [9, 20, 6, 23], [6, 23, 7, 24], [7, 24, 8, 25], [8, 25, 9, 26], [9, 26, 10, 26], [10, 26, 11, 27], [11, 27, 12, 27], [12, 27, 13, 28], [13, 28, 14, 28], [14, 28, 11, 31], [11, 31, 12, 30], [12, 30, 13, 31], [13, 31, 14, 31], [14, 31, 12, 31], [12, 31, 13, 30], [13, 30, 14, 29], [14, 29, 10, 29], [10, 29, 11, 29], [11, 29, 12, 29], [12, 29, 13, 29], [13, 29, 14, 30]]}
META {"type": "geom", "shape": "tile", "group": "path", "data": [[14, 1], [13, 1], [13, 2], [12, 2], [12, 3], [11, 3], [11, 4], [10, 4], [10, 5], [11, 5], [11, 6], [12, 6], [12, 5], [11, 5], [10, 5], [9, 5], [8, 5], [8, 4], [7, 4], [7, 5], [6, 5], [6, 6], [5, 6], [5, 7], [4, 7], [4, 8], [5, 8], [5, 9], [6, 9], [6, 10], [7, 10], [7, 11], [6, 11], [6, 12], [5, 12], [5, 13], [4, 13], [4, 14], [3, 14], [3, 15], [2, 15], [2, 16], [1, 16], [1, 17], [0, 17], [1, 17], [1, 18], [2, 18], [3, 18], [3, 17], [2, 17], [2, 18], [1, 18], [1, 19], [0, 19], [1, 19], [1, 20], [0, 20], [1, 20], [1, 21], [0, 21], [0, 22], [1, 22], [1, 23], [0, 23], [1, 23], [1, 24], [2, 24], [3, 24], [3, 23], [3, 22], [3, 21], [3, 20], [3, 19], [4, 19], [4, 18], [5, 18], [5, 17], [6, 17], [6, 18], [7, 18], [8, 18], [8, 19], [9, 19], [9, 20], [8, 20], [8, 21], [7, 21], [7, 22], [6, 22], [6, 23], [7, 23], [7, 24], [8, 24], [8, 25], [9, 25], [9, 26], [10, 26], [11, 26], [11, 27], [12, 27], [13, 27], [13, 28], [14, 28], [13, 28], [13, 29], [12, 29], [12, 30], [11, 30], [11, 31], [12, 31], [12, 30], [13, 30], [13, 31], [14, 31], [13, 31], [12, 31], [13, 31], [13, 30], [14, 30], [14, 29], [13, 29], [12, 29], [11, 29], [10, 29], [11, 29], [12, 29], [13, 29], [14, 29], [14, 30]]}
META {"type": "geom", "shape": "line", "group": "offpath", "data": [[10, 7, 11, 8], [10, 16, 11, 17], [9, 27, 5, 26], [9, 6, 10, 7], [7, 27, 8, 28], [7, 12, 6, 11], [7, 14, 6, 13], [2, 27, 1, 26], [2, 16, 3, 16], [14, 18, 14, 17], [14, 17, 10, 16], [14, 21, 11, 23], [13, 6, 9, 6], [13, 17, 14, 18], [13, 22, 14, 21], [0, 16, 1, 17], [8, 28, 9, 27], [12, 24, 11, 24], [12, 23, 13, 22], [12, 7, 13, 6], [12, 16, 13, 17], [12, 25, 11, 26], [6, 26, 7, 27], [6, 13, 7, 14], [6, 11, 7, 12], [5, 26, 6, 26], [3, 16, 0, 16], [11, 26, 12, 25], [11, 24, 12, 23], [11, 8, 12, 7], [11, 17, 12, 16], [11, 23, 12, 24], [1, 26, 2, 27], [1, 17, 2, 16]]}
