--------------------------------
--------------------------------
--------------------------------
--------------------------------
--------------------------------
---------------Q-----XQX--------
--------------------------------
--------------------------------
---------------------------XXX--
----------<>-------XX---Q-------
--Q-------[]--------------------
----------[]--------------------
-------X--[]---X----X-----------
------XX--[]---XX---------------
-{---XXX--[]---XXX------------}-
XXXXXXXXXXXXXXXXXXXXX--XXXXXXXXX
META {"type": "solver", "id": "pysat-rc2", "objective": 0}
META {"type": "geom", "shape": "path", "group": "path", "data": [[14, 1, 13, 2], [13, 2, 14, 3], [14, 3, 12, 4], [12, 4, 13, 5], [13, 5, 13, 4], [13, 4, 14, 4], [14, 4, 10, 4], [10, 4, 11, 5], [11, 5, 12, 6], [12, 6, 8, 3], [8, 3, 9, 2], [9, 2, 9, 1], [9, 1, 10, 1], [10, 1, 11, 0], [11, 0, 12, 1], [12, 1, 13, 1], [13, 1, 14, 2], [14, 2, 10, 6], [10, 6, 11, 7], [11, 7, 7, 11], [7, 11, 8, 10], [8, 10, 5, 12], [5, 12, 6, 12], [6, 12, 7, 13], [7, 13, 8, 14], [8, 14, 9, 15], [9, 15, 10, 15], [10, 15, 11, 16], [11, 16, 12, 16], [12, 16, 8, 17], [8, 17, 9, 17], [9, 17, 10, 17], [10, 17, 11, 17], [11, 17, 12, 17], [12, 17, 13, 17], [13, 17, 9, 13], [9, 13, 10, 12], [10, 12, 11, 12], [11, 12, 12, 13], [12, 13, 13, 13], [13, 13, 14, 13], [14, 13, 10, 14], [10, 14, 11, 15], [11, 15, 7, 19], [7, 19, 8, 20], [8, 20, 4, 21], [4, 21, 1, 21], [1, 21, 2, 22], [2, 22, 3, 23], [3, 23, 4, 24], [4, 24, 5, 24], [5, 24, 6, 25], [6, 25, 7, 24], [7, 24, 8, 24], [8, 24, 4, 28], [4, 28, 5, 29], [5, 29, 6, 28], [6, 28, 7, 28], [7, 28, 4, 25], [4, 25, 5, 25], [5, 25, 6, 24], [6, 24, 7, 23], [7, 23, 8, 23], [8, 23, 9, 23], [9, 23, 10, 23], [10, 23, 11, 22], [11, 22, 12, 21], [12, 21, 13, 22], [13, 22, 14, 23], [14, 23, 10, 26], [10, 26, 11, 26], [11, 26, 12, 25], [12, 25, 13, 25], [13, 25, 14, 25], [14, 25, 14, 26], [14, 26, 10, 30], [10, 30, 11, 30], [11, 30, 12, 31], [12, 31, 13, 31], [13, 31, 14, 30]]}
META {"type": "geom", "shape": "tile", "group": "path", "data": [[14, 1], [13, 1], [13, 2], [14, 2], [14, 3], [13, 3], [13, 4], [12, 4], [13, 4], [13, 5], [13, 4], [14, 4], [13, 4], [12, 4], [11, 4], [10, 4], [11, 4], [11, 5], [12, 5], [12, 6], [11, 6], [11, 5], [10, 5], [10, 4], [9, 4], [9, 3], [8, 3], [9, 3], [9, 2], [9, 1], [10, 1], [11, 1], [11, 0], [12, 0], [12, 1], [13, 1], [14, 1], [14, 2], [13, 2], [13, 3], [12, 3], [12, 4], [11, 4], [11, 5], [10, 5], [10, 6], [11, 6], [11, 7], [10, 7], [10, 8], [9, 8], [9, 9], [8, 9], [8, 10], [7, 10], [7, 11], [8, 11], [8, 10], [7, 10], [7, 11], [6, 11], [6, 12], [5, 12], [6, 12], [7, 12], [7, 13], [8, 13], [8, 14], [9, 14], [9, 15], [10, 15], [11, 15], [11, 16], [12, 16], [11, 16], [10, 16], [9, 16], [8, 16], [8, 17], [9, 17], [10, 17], [11, 17], [12, 17], [13, 17], [12, 17], [12, 16], [11, 16], [11, 15], [10, 15], [10, 14], [9, 14], [9, 13], [10, 13], [10, 12], [11, 12], [12, 12], [12, 13], [13, 13], [14, 13], [13, 13], [12, 13], [11, 13], [10, 13], [10, 14], [11, 14], [11, 15], [10, 15], [10, 16], [9, 16], [9, 17], [8, 17], [8, 18], [7, 18], [7, 19], [8, 19], [8, 20], [7, 20], [6, 20], [5, 20], [4, 20], [4, 21], [3, 21], [2, 21], [1, 21], [2, 21], [2, 22], [3, 22], [3, 23], [4, 23], [4, 24], [5, 24], [6, 24], [6, 25], [7, 25], [7, 24], [8, 24], [7, 24], [7, 25], [6, 25], [6, 26], [5, 26], [5, 27], [4, 27], [4, 28], [5, 28], [5, 29], [6, 29], [6, 28], [7, 28], [6, 28], [6, 27], [5, 27], [5, 26], [4, 26], [4, 25], [5, 25], [6, 25], [6, 24], [7, 24], [7, 23], [8, 23], [9, 23], [10, 23], [11, 23], [11, 22], [12, 22], [12, 21], [13, 21], [13, 22], [14, 22], [14, 23], [13, 23], [13, 24], [12, 24], [12, 25], [11, 25], [11, 26], [10, 26], [11, 26], [12, 26], [12, 25], [13, 25], [14, 25], [14, 26], [13, 26], [13, 27], [12, 27], [12, 28], [11, 28], [11, 29], [10, 29], [10, 30], [11, 30], [12, 30], [12, 31], [13, 31], [14, 31], [14, 30]]}
META {"type": "geom", "shape": "line", "group": "offpath", "data": [[5, 19, 6, 18], [5, 30, 6, 30], [1, 18, 2, 17], [2, 17, 3, 16], [3, 16, 4, 15], [3, 21, 4, 22], [0, 19, 1, 18], [7, 29, 4, 29], [7, 10, 8, 11], [7, 18, 8, 19], [12, 12, 13, 12], [12, 29, 13, 29], [12, 30, 13, 30], [12, 18, 13, 19], [6, 30, 7, 29], [6, 18, 7, 18], [4, 29, 5, 30], [4, 15, 0, 19], [4, 20, 5, 19], [4, 22, 3, 21], [13, 19, 14, 19], [13, 12, 14, 12], [13, 29, 14, 28], [13, 23, 14, 24], [13, 30, 14, 29], [8, 19, 4, 20], [8, 11, 7, 10], [11, 31, 12, 30], [14, 19, 14, 18], [14, 12, 12, 12], [14, 29, 12, 29], [14, 24, 13, 23], [14, 18, 12, 18], [14, 28, 11, 31]]}
