--------------------------------
--------------------------------
-----------------X--Q-----------
---------------------------X----
-----------Q--------------------
--XX----------------------------
--------X---------XXX-----XXX---
--------------Q--------X--------
--------------------------------
----Q--X----------X----------Q--
----------<>---------X--XXX-----
----------[]--------------------
-----X----[]------X-------------
-----XX---[]-----XX-------------
-{---XXX--[]----XXX-----------}-
XXXXXXXXXXXXXXXXXXXXXX--XXXXXXXX
META {"type": "solver", "id": "clingo-be", "objective": 0}
META {"type": "geom", "shape": "path", "group": "path", "data": [[14, 1, 10, 1], [10, 1, 11, 2], [11, 2, 12, 1], [12, 1, 13, 2], [13, 2, 14, 3], [14, 3, 10, 0], [10, 0, 11, 0], [11, 0, 12, 0], [12, 0, 13, 1], [13, 1, 14, 0], [14, 0, 10, 4], [10, 4, 11, 5], [11, 5, 7, 6], [7, 6, 8, 7], [8, 7, 4, 6], [4, 6, 5, 6], [5, 6, 6, 5], [6, 5, 7, 5], [7, 5, 8, 4], [8, 4, 4, 3], [4, 3, 0, 6], [0, 6, 1, 7], [1, 7, 2, 7], [2, 7, 3, 8], [3, 8, 4, 9], [4, 9, 5, 10], [5, 10, 6, 11], [6, 11, 7, 11], [7, 11, 8, 12], [8, 12, 9, 11], [9, 11, 5, 12], [5, 12, 6, 12], [6, 12, 7, 13], [7, 13, 8, 13], [8, 13, 9, 13], [9, 13, 10, 13], [10, 13, 11, 14], [11, 14, 12, 13], [12, 13, 13, 14], [13, 14, 14, 14], [14, 14, 13, 15], [13, 15, 14, 15], [14, 15, 10, 19], [10, 19, 11, 19], [11, 19, 12, 20], [12, 20, 13, 20], [13, 20, 14, 19], [14, 19, 10, 22], [10, 22, 11, 23], [11, 23, 12, 24], [12, 24, 13, 24], [13, 24, 14, 25], [14, 25, 10, 29], [10, 29, 11, 29], [11, 29, 12, 29], [12, 29, 13, 30], [13, 30, 14, 31], [14, 31, 10, 27], [10, 27, 11, 28], [11, 28, 12, 27], [12, 27, 13, 27], [13, 27, 14, 27], [14, 27, 14, 28], [14, 28, 10, 31], [10, 31, 11, 30], [11, 30, 12, 30], [12, 30, 13, 31], [13, 31, 14, 30]]}
META {"type": "geom", "shape": "tile", "group": "path", "data": [[14, 1], [13, 1], [12, 1], [11, 1], [10, 1], [11, 1], [11, 2], [12, 2], [12, 1], [13, 1], [13, 2], [14, 2], [14, 3], [13, 3], [13, 2], [12, 2], [12, 1], [11, 1], [11, 0], [10, 0], [11, 0], [12, 0], [13, 0], [13, 1], [14, 1], [14, 0], [13, 0], [13, 1], [12, 1], [12, 2], [11, 2], [11, 3], [10, 3], [10, 4], [11, 4], [11, 5], [10, 5], [9, 5], [8, 5], [7, 5], [7, 6], [8, 6], [8, 7], [7, 7], [6, 7], [5, 7], [4, 7], [4, 6], [5, 6], [6, 6], [6, 5], [7, 5], [8, 5], [8, 4], [7, 4], [6, 4], [5, 4], [4, 4], [4, 3], [3, 3], [3, 4], [2, 4], [2, 5], [1, 5], [1, 6], [0, 6], [1, 6], [1, 7], [2, 7], [3, 7], [3, 8], [4, 8], [4, 9], [5, 9], [5, 10], [6, 10], [6, 11], [7, 11], [8, 11], [8, 12], [9, 12], [9, 11], [8, 11], [7, 11], [6, 11], [5, 11], [5, 12], [6, 12], [7, 12], [7, 13], [8, 13], [9, 13], [10, 13], [11, 13], [11, 14], [12, 14], [12, 13], [13, 13], [13, 14], [14, 14], [13, 14], [13, 15], [14, 15], [13, 15], [13, 16], [12, 16], [12, 17], [11, 17], [11, 18], [10, 18], [10, 19], [11, 19], [12, 19], [12, 20], [13, 20], [14, 20], [14, 19], [13, 19], [13, 20], [12, 20], [12, 21], [11, 21], [11, 22], [10, 22], [11, 22], [11, 23], [12, 23], [12, 24], [13, 24], [14, 24], [14, 25], [13, 25], [13, 26], [12, 26], [12, 27], [11, 27], [11, 28], [10, 28], [10, 29], [11, 29], [12, 29], [13, 29], [13, 30], [14, 30], [14, 31], [13, 31], [13, 30], [12, 30], [12, 29], [11, 29], [11, 28], [10, 28], [10, 27], [11, 27], [11, 28], [12, 28], [12, 27], [13, 27], [14, 27], [14, 28], [13, 28], [13, 29], [12, 29], [12, 30], [11, 30], [11, 31], [10, 31], [11, 31], [11, 30], [12, 30], [13, 30], [13, 31], [14, 31], [14, 30]]}
META {"type": "geom", "shape": "line", "group": "offpath", "data": [[0, 25, 1, 24], [0, 21, 1, 20], [0, 3, 1, 2], [0, 14, 1, 14], [11, 16, 12, 17], [11, 6, 12, 6], [11, 21, 12, 21], [11, 4, 12, 4], [11, 17, 12, 16], [11, 27, 12, 26], [11, 9, 12, 9], [11, 22, 12, 22], [10, 15, 11, 16], [10, 17, 11, 17], [10, 3, 11, 4], [10, 9, 11, 9], [1, 2, 2, 1], [1, 24, 2, 25], [1, 20, 0, 21], [1, 14, 2, 15], [1, 27, 2, 26], [1, 22, 2, 21], [7, 15, 8, 15], [7, 8, 8, 9], [7, 30, 8, 29], [7, 21, 8, 22], [7, 26, 8, 26], [12, 16, 13, 16], [12, 6, 9, 8], [12, 21, 13, 21], [12, 4, 13, 3], [12, 19, 13, 19], [12, 17, 8, 18], [12, 7, 13, 7], [12, 28, 13, 29], [12, 9, 13, 9], [12, 22, 13, 23], [12, 26, 13, 26], [6, 15, 7, 15], [6, 25, 7, 26], [6, 23, 2, 27], [6, 29, 7, 30], [6, 14, 2, 11], [6, 22, 7, 21], [14, 2, 10, 3], [14, 13, 14, 12], [14, 24, 11, 21], [14, 29, 11, 27], [14, 21, 12, 19], [14, 20, 11, 22], [14, 12, 14, 13], [14, 9, 12, 7], [14, 26, 12, 28], [5, 16, 6, 15], [5, 15, 6, 14], [5, 8, 4, 8], [5, 24, 6, 23], [5, 25, 6, 25], [5, 23, 6, 22], [5, 29, 6, 29], [5, 20, 2, 18], [5, 19, 1, 22], [5, 27, 2, 29], [5, 26, 1, 27], [5, 18, 3, 16], [13, 16, 9, 17], [13, 23, 14, 24], [13, 29, 14, 29], [13, 21, 14, 21], [13, 19, 14, 20], [13, 7, 11, 6], [13, 3, 14, 2], [13, 9, 14, 9], [13, 26, 14, 26], [4, 16, 5, 15], [4, 15, 5, 16], [4, 8, 5, 8], [4, 2, 0, 3], [4, 25, 5, 24], [4, 23, 5, 23], [4, 17, 5, 18], [4, 28, 5, 27], [4, 26, 5, 26], [4, 18, 5, 19], [8, 15, 9, 14], [8, 29, 5, 29], [8, 27, 9, 26], [8, 9, 9, 10], [8, 22, 9, 21], [8, 26, 9, 25], [8, 18, 4, 15], [3, 16, 4, 17], [3, 15, 4, 16], [3, 2, 4, 2], [3, 24, 4, 25], [3, 25, 4, 26], [3, 29, 4, 28], [3, 11, 0, 14], [3, 22, 4, 23], [3, 18, 4, 18], [9, 10, 7, 8], [9, 8, 10, 9], [9, 24, 5, 25], [9, 25, 9, 24], [9, 21, 5, 20], [9, 17, 10, 17], [9, 14, 10, 15], [9, 26, 8, 27], [2, 15, 3, 15], [2, 25, 3, 24], [2, 29, 3, 29], [2, 21, 3, 22], [2, 1, 3, 2], [2, 11, 3, 11], [2, 27, 0, 25], [2, 26, 3, 25], [2, 18, 3, 18]]}
