XXXXXXXXXXXXXXXX
XXX-XX-XX--XX-1X
X0----X------XXX
XXXXXX--XXX--XXX
XXXXXX-----XX--X
X------XXX-XX--X
XXXXXXX----XX-XX
XXXXXXX---XXXXXX
X-------X-XXXXXX
X-XX-----X-XX-XX
X-XX-XXX---XX-XX
X-XX-XXX-X-XX-XX
XXXXX----X---XXX
XXXXX----X---XXX
X2-----XX-XX--3X
XXXXXXXXXXXXXXXX
META {"type": "solver", "id": "pysat-rc2", "objective": 0}
META {"type": "geom", "shape": "path", "group": "path", "data": [[14, 1, 14, 2], [14, 2, 14, 3], [14, 3, 14, 4], [14, 4, 14, 5], [14, 5, 13, 5], [13, 5, 12, 5], [12, 5, 12, 6], [12, 6, 13, 6], [13, 6, 13, 7], [13, 7, 12, 7], [12, 7, 12, 8], [12, 8, 11, 8], [11, 8, 10, 8], [10, 8, 10, 9], [10, 9, 10, 10], [10, 10, 11, 10], [11, 10, 12, 10], [12, 10, 13, 10], [13, 10, 13, 11], [13, 11, 12, 11], [12, 11, 12, 12], [12, 12, 13, 12], [13, 12, 14, 12], [14, 12, 14, 13], [14, 13, 14, 14]]}
META {"type": "geom", "shape": "tile", "group": "path", "data": [[14, 1], [14, 2], [14, 3], [14, 4], [14, 5], [13, 5], [12, 5], [12, 6], [13, 6], [13, 7], [12, 7], [12, 8], [11, 8], [10, 8], [10, 9], [10, 10], [11, 10], [12, 10], [13, 10], [13, 11], [12, 11], [12, 12], [13, 12], [14, 12], [14, 13], [14, 14]]}
META {"type": "geom", "shape": "line", "group": "offpath", "data": [[5, 3, 5, 2], [5, 2, 5, 3], [9, 5, 9, 4], [9, 4, 9, 5], [4, 8, 4, 9], [4, 9, 4, 8], [8, 3, 8, 4], [8, 4, 8, 3], [3, 11, 3, 12], [3, 12, 3, 11], [3, 7, 3, 6], [3, 6, 3, 7], [1, 10, 2, 10], [2, 11, 2, 12], [2, 12, 2, 11], [2, 8, 2, 9], [2, 3, 2, 4], [2, 9, 2, 8], [2, 10, 1, 10], [2, 4, 2, 3], [6, 9, 6, 10], [6, 10, 6, 9], [10, 4, 11, 4], [11, 4, 10, 4]]}
