XXXXXXXXXXXXXXXX
X0--XX-------1XX
XXX-XX-XXX--XXXX
XXX-XX------XXXX
X---XX---XXX---X
X---XX---------X
XXXX----XX-----X
XXXXX---XX-XX--X
XXXXXX--XX-XX--X
X-XXXX-----XX--X
X------XXX-XX--X
XXX-X-XXXX----XX
XXX-X-XXXX---XXX
XXX-X-XXX----XXX
X2------------3X
XXXXXXXXXXXXXXXX
META {"type": "solver", "id": "pysat-rc2", "objective": 0}
META {"type": "geom", "shape": "path", "group": "path", "data": [[14, 1, 14, 2], [14, 2, 14, 3], [14, 3, 14, 4], [14, 4, 14, 5], [14, 5, 14, 6], [14, 6, 14, 7], [14, 7, 14, 8], [14, 8, 14, 9], [14, 9, 14, 10], [14, 10, 14, 11], [14, 11, 14, 12], [14, 12, 14, 13], [14, 13, 14, 14]]}
META {"type": "geom", "shape": "tile", "group": "path", "data": [[14, 1], [14, 2], [14, 3], [14, 4], [14, 5], [14, 6], [14, 7], [14, 8], [14, 9], [14, 10], [14, 11], [14, 12], [14, 13], [14, 14]]}
META {"type": "geom", "shape": "line", "group": "offpath", "data": [[12, 11, 13, 11], [12, 5, 11, 5], [12, 12, 11, 12], [12, 10, 13, 10], [10, 13, 9, 13], [10, 5, 10, 6], [10, 10, 11, 10], [10, 6, 10, 5], [3, 3, 4, 3], [9, 8, 9, 9], [9, 13, 8, 13], [9, 9, 9, 10], [9, 7, 9, 8], [9, 10, 10, 10], [9, 6, 9, 7], [6, 13, 5, 13], [6, 5, 7, 5], [6, 6, 6, 5], [6, 14, 6, 13], [7, 5, 7, 6], [7, 6, 8, 6], [7, 14, 6, 14], [2, 3, 1, 3], [2, 6, 1, 6], [5, 8, 5, 7], [5, 11, 5, 10], [5, 13, 5, 12], [5, 9, 5, 8], [5, 12, 5, 11], [5, 7, 5, 6], [5, 10, 5, 9], [5, 6, 6, 6], [5, 14, 4, 14], [4, 8, 4, 7], [4, 13, 4, 12], [4, 3, 3, 3], [4, 12, 4, 13], [4, 7, 4, 8], [4, 14, 5, 14], [11, 11, 12, 11], [11, 13, 10, 13], [11, 5, 12, 5], [11, 12, 11, 13], [11, 10, 11, 11], [8, 13, 8, 14], [8, 6, 9, 6], [8, 14, 7, 14], [13, 11, 13, 12], [13, 12, 12, 12], [13, 10, 12, 10], [1, 3, 2, 3], [1, 6, 2, 6]]}
