XXXXXXXXXXXXXXXX
X0----XXX--XX-1X
XXXXXXXXXXXXXXXX
XXXXXXXXXXXXXXXX
X-----XXX------X
X----------X--XX
XXX--XX--XXXXX-X
XXX-XXXX-XXXXX-X
XXX-XXXX-------X
X----XX-----X-XX
X-XXX----XX-X-XX
X--------XX-X--X
XXX--X-------XXX
XXX---XXX----XXX
X2------------3X
XXXXXXXXXXXXXXXX
META {"type": "solver", "id": "pysat-rc2", "objective": 0}
META {"type": "geom", "shape": "path", "group": "path", "data": [[14, 1, 14, 2], [14, 2, 14, 3], [14, 3, 13, 3], [13, 3, 12, 3], [12, 3, 11, 3], [11, 3, 11, 4], [11, 4, 11, 5], [11, 5, 10, 5], [10, 5, 10, 6], [10, 6, 11, 6], [11, 6, 12, 6], [12, 6, 12, 7], [12, 7, 11, 7], [11, 7, 11, 8], [11, 8, 12, 8], [12, 8, 12, 9], [12, 9, 12, 10], [12, 10, 12, 11], [12, 11, 13, 11], [13, 11, 14, 11], [14, 11, 14, 12], [14, 12, 14, 13], [14, 13, 14, 14]]}
META {"type": "geom", "shape": "tile", "group": "path", "data": [[14, 1], [14, 2], [14, 3], [13, 3], [12, 3], [11, 3], [11, 4], [11, 5], [10, 5], [10, 6], [11, 6], [12, 6], [12, 7], [11, 7], [11, 8], [12, 8], [12, 9], [12, 10], [12, 11], [13, 11], [14, 11], [14, 12], [14, 13], [14, 14]]}
META {"type": "geom", "shape": "line", "group": "offpath", "data": [[6, 4, 5, 4], [6, 3, 6, 4], [13, 4, 12, 4], [14, 6, 14, 5], [14, 7, 14, 8], [14, 5, 14, 6], [14, 8, 14, 7], [5, 4, 4, 4], [5, 6, 5, 5], [5, 12, 4, 12], [5, 5, 5, 6], [5, 3, 6, 3], [5, 13, 4, 13], [12, 4, 13, 4], [4, 4, 4, 3], [4, 1, 4, 2], [4, 12, 5, 12], [4, 2, 4, 1], [4, 3, 5, 3], [4, 13, 5, 13]]}
