XXXXXXXXXXXXXXXX
X0--XXX-------1X
XXX----------XXX
XXX---X------XXX
X--X-----------X
XX-X----XXX----X
XX-X----------XX
XX-X-----------X
XX----------XXXX
X-XXXX-XX---XXXX
X-XXXX-XX-XX---X
XXXXXXX--XXXXXXX
XXXXXXX--XXXXXXX
XXX-XX-XX-XXXXXX
X2-----XX--XX-3X
XXXXXXXXXXXXXXXX
META {"type": "solver", "id": "pysat-rc2", "objective": 0}
META {"type": "geom", "shape": "path", "group": "path", "data": [[1, 1, 1, 2], [1, 2, 1, 3], [1, 3, 2, 3], [2, 3, 2, 4], [2, 4, 3, 4], [3, 4, 4, 4], [4, 4, 5, 4], [5, 4, 5, 5], [5, 5, 6, 5], [6, 5, 6, 6], [6, 6, 5, 6], [5, 6, 5, 7], [5, 7, 6, 7], [6, 7, 6, 8], [6, 8, 7, 8], [7, 8, 7, 9], [7, 9, 6, 9], [6, 9, 6, 10], [6, 10, 6, 11], [6, 11, 5, 11], [5, 11, 5, 12], [5, 12, 4, 12], [4, 12, 3, 12], [3, 12, 2, 12], [2, 12, 1, 12], [1, 12, 1, 13], [1, 13, 1, 14]]}
META {"type": "geom", "shape": "tile", "group": "path", "data": [[1, 1], [1, 2], [1, 3], [2, 3], [2, 4], [3, 4], [4, 4], [5, 4], [5, 5], [6, 5], [6, 6], [5, 6], [5, 7], [6, 7], [6, 8], [7, 8], [7, 9], [6, 9], [6, 10], [6, 11], [5, 11], [5, 12], [4, 12], [3, 12], [2, 12], [1, 12], [1, 13], [1, 14]]}
META {"type": "geom", "shape": "line", "group": "offpath", "data": [[7, 6, 7, 7], [7, 7, 7, 6], [7, 10, 8, 10], [4, 5, 4, 6], [4, 6, 4, 5], [4, 14, 4, 13], [4, 13, 5, 13], [4, 7, 4, 8], [4, 9, 4, 10], [4, 8, 4, 9], [4, 10, 3, 10], [2, 5, 2, 6], [2, 6, 2, 5], [2, 7, 3, 7], [2, 9, 1, 9], [2, 10, 2, 9], [9, 9, 9, 10], [9, 10, 9, 9], [8, 10, 7, 10], [1, 7, 2, 7], [1, 9, 1, 8], [1, 8, 1, 7], [1, 10, 1, 11], [1, 11, 1, 10], [5, 14, 4, 14], [5, 13, 5, 14], [3, 7, 4, 7], [3, 10, 2, 10]]}
