XXXXXXXXXXXXXXXX
X0----XX-XX--1XX
XXXX--------XXXX
XXXX----X---XXXX
X------------XXX
X---------XX---X
X-----X---XX--XX
XXX------XXXXXXX
XXX--XX--XXXXXXX
XXX--XX-X-XX-XXX
X--XX---X------X
XX-XX---X--X-X-X
XXX--XXX-XXXXXXX
XXX-X----XXXXXXX
X2---XX-------3X
XXXXXXXXXXXXXXXX
META {"type": "solver", "id": "pysat-rc2", "objective": 0}
META {"type": "geom", "shape": "path", "group": "path", "data": [[1, 1, 1, 2], [1, 2, 1, 3], [1, 3, 1, 4], [1, 4, 2, 4], [2, 4, 2, 5], [2, 5, 2, 6], [2, 6, 2, 7], [2, 7, 3, 7], [3, 7, 3, 6], [3, 6, 4, 6], [4, 6, 4, 7], [4, 7, 4, 8], [4, 8, 5, 8], [5, 8, 5, 7], [5, 7, 6, 7], [6, 7, 6, 8], [6, 8, 6, 9], [6, 9, 5, 9], [5, 9, 4, 9], [4, 9, 4, 10], [4, 10, 4, 11], [4, 11, 3, 11], [3, 11, 3, 10], [3, 10, 3, 9], [3, 9, 2, 9], [2, 9, 2, 10], [2, 10, 2, 11], [2, 11, 1, 11], [1, 11, 1, 12], [1, 12, 1, 13]]}
META {"type": "geom", "shape": "tile", "group": "path", "data": [[1, 1], [1, 2], [1, 3], [1, 4], [2, 4], [2, 5], [2, 6], [2, 7], [3, 7], [3, 6], [4, 6], [4, 7], [4, 8], [5, 8], [5, 7], [6, 7], [6, 8], [6, 9], [5, 9], [4, 9], [4, 10], [4, 11], [3, 11], [3, 10], [3, 9], [2, 9], [2, 10], [2, 11], [1, 11], [1, 12], [1, 13]]}
META {"type": "geom", "shape": "line", "group": "offpath", "data": [[4, 2, 4, 3], [4, 1, 4, 2], [4, 3, 5, 3], [4, 5, 4, 4], [4, 4, 4, 5], [3, 5, 3, 4], [3, 4, 3, 5], [7, 3, 6, 3], [7, 5, 7, 6], [7, 4, 7, 3], [7, 6, 7, 5], [6, 2, 6, 1], [6, 1, 5, 1], [6, 3, 6, 2], [6, 5, 6, 4], [6, 13, 6, 12], [6, 4, 7, 4], [6, 12, 5, 12], [8, 3, 9, 3], [5, 1, 4, 1], [5, 3, 5, 4], [5, 5, 6, 5], [5, 13, 6, 13], [5, 4, 5, 5], [5, 12, 5, 13], [9, 3, 8, 3], [14, 10, 14, 9], [14, 9, 14, 10]]}
