XXXXXXXXXXXXXXXX
XXXX---------XXX
XX0--XX---XX--1X
XXXX-XX--XXXXXXX
XXXX-----XXXXXXX
XXXX--X---XX---X
X-----X--------X
XX----X--------X
X-X---X--XXX--XX
XXXXX-X-X----X-X
XXXXX-----XX--XX
X----XXXX-XX---X
XXXXX----XXXXXXX
XXXXX-X--XXXXXXX
X2-----XX-----3X
XXXXXXXXXXXXXXXX
META {"type": "solver", "id": "pysat-rc2", "objective": 0}
META {"type": "geom", "shape": "path", "group": "path", "data": [[2, 2, 2, 3], [2, 3, 2, 4], [2, 4, 3, 4], [3, 4, 4, 4], [4, 4, 4, 5], [4, 5, 4, 6], [4, 6, 4, 7], [4, 7, 5, 7], [5, 7, 6, 7], [6, 7, 7, 7], [7, 7, 8, 7], [8, 7, 9, 7], [9, 7, 10, 7], [10, 7, 10, 8], [10, 8, 10, 9], [10, 9, 9, 9], [9, 9, 9, 10], [9, 10, 9, 11], [9, 11, 9, 12], [9, 12, 8, 12], [8, 12, 7, 12], [7, 12, 7, 11], [7, 11, 7, 10], [7, 10, 6, 10], [6, 10, 6, 9], [6, 9, 6, 8], [6, 8, 5, 8], [5, 8, 4, 8], [4, 8, 3, 8], [3, 8, 2, 8], [2, 8, 1, 8], [1, 8, 1, 9], [1, 9, 1, 10], [1, 10, 1, 11], [1, 11, 1, 12], [1, 12, 2, 12], [2, 12, 2, 13], [2, 13, 2, 14]]}
META {"type": "geom", "shape": "tile", "group": "path", "data": [[2, 2], [2, 3], [2, 4], [3, 4], [4, 4], [4, 5], [4, 6], [4, 7], [5, 7], [6, 7], [7, 7], [8, 7], [9, 7], [10, 7], [10, 8], [10, 9], [9, 9], [9, 10], [9, 11], [9, 12], [8, 12], [7, 12], [7, 11], [7, 10], [6, 10], [6, 9], [6, 8], [5, 8], [4, 8], [3, 8], [2, 8], [1, 8], [1, 9], [1, 10], [1, 11], [1, 12], [2, 12], [2, 13], [2, 14]]}
META {"type": "geom", "shape": "line", "group": "offpath", "data": [[6, 5, 5, 5], [6, 3, 6, 2], [6, 2, 7, 2], [6, 4, 6, 3], [11, 12, 10, 12], [7, 3, 7, 4], [7, 2, 7, 3], [7, 4, 6, 4], [1, 5, 1, 4], [1, 4, 1, 5], [10, 5, 9, 5], [10, 12, 11, 12], [9, 5, 10, 5], [5, 5, 6, 5], [5, 12, 5, 13], [5, 13, 5, 12]]}
