XXXXXXXXXXXXXXXX
XXXXXXXXXXXXXXXX
XX}XXX--XXX-XXXX
XX-XXX------XXXX
XX-------X----XX
XX##-XXXXXXX--XX
XX---XXXXXXXX-XX
XXXX-XXX---XXXXX
XXXX--------XXXX
XXX---------XXXX
XX-----XXXX-XXXX
XX-#---XXXX-XXXX
XX---#-XXX----XX
XXX-----------XX
XXXX---XX-###-XX
XXXX##--X-----XX
XXXX--#-------XX
XX--#-------#-XX
XX-----XX-----XX
XX-#----X-----XX
XX---##---#-#-XX
XX------X-----XX
XX--#---XX----XX
XX-------X----XX
XX---#------#-XX
XX##---XXXX---XX
XX----XXXXXX--XX
XX--#--XXXXX--XX
XX-----XXX----XX
XXX---XXXXX-{-XX
XXXXXXXXXXXXXXXX
XXXXXXXXXXXXXXXX
META {"type": "solver", "id": "pysat-rc2-boolonly", "objective": 0}
META {"type": "geom", "shape": "path", "group": "path", "data": [[29, 12, 25, 12], [25, 12, 25, 13], [25, 13, 25, 11], [25, 11, 15, 11], [15, 11, 15, 13], [15, 13, 15, 9], [15, 9, 13, 9], [13, 9, 13, 13], [13, 13, 13, 3], [13, 3, 12, 3], [12, 3, 12, 4], [12, 4, 12, 2], [12, 2, 10, 2], [10, 2, 10, 6], [10, 6, 8, 6], [8, 6, 8, 4], [8, 4, 14, 4], [14, 4, 4, 4], [4, 4, 4, 2], [4, 2, 2, 2]]}
META {"type": "geom", "shape": "tile", "group": "path", "data": [[29, 12], [28, 12], [27, 12], [26, 12], [25, 12], [25, 13], [25, 12], [25, 11], [24, 11], [23, 11], [22, 11], [21, 11], [20, 11], [19, 11], [18, 11], [17, 11], [16, 11], [15, 11], [15, 12], [15, 13], [15, 12], [15, 11], [15, 10], [15, 9], [14, 9], [13, 9], [13, 10], [13, 11], [13, 12], [13, 13], [13, 12], [13, 11], [13, 10], [13, 9], [13, 8], [13, 7], [13, 6], [13, 5], [13, 4], [13, 3], [12, 3], [12, 4], [12, 3], [12, 2], [11, 2], [10, 2], [10, 3], [10, 4], [10, 5], [10, 6], [9, 6], [8, 6], [8, 5], [8, 4], [9, 4], [10, 4], [11, 4], [12, 4], [13, 4], [14, 4], [13, 4], [12, 4], [11, 4], [10, 4], [9, 4], [8, 4], [7, 4], [6, 4], [5, 4], [4, 4], [4, 3], [4, 2], [3, 2], [2, 2]]}
META {"type": "geom", "shape": "line", "group": "offpath", "data": [[9, 3, 10, 3], [6, 4, 6, 2], [6, 2, 6, 4], [14, 5, 13, 5], [12, 10, 13, 10], [17, 6, 19, 6], [17, 8, 16, 8], [17, 7, 15, 7], [17, 3, 18, 3], [17, 2, 17, 3], [5, 12, 4, 12], [28, 13, 29, 13], [28, 6, 27, 6], [28, 11, 28, 13], [28, 4, 29, 4], [28, 2, 28, 6], [2, 6, 4, 6], [2, 7, 4, 7], [3, 11, 4, 11], [3, 10, 3, 11], [4, 6, 2, 6], [4, 11, 4, 10], [4, 7, 2, 7], [4, 10, 3, 10], [4, 12, 5, 12], [26, 4, 26, 2], [26, 2, 28, 2], [15, 7, 17, 7], [15, 12, 16, 12], [16, 13, 16, 7], [16, 8, 17, 8], [16, 5, 16, 4], [16, 7, 16, 13], [16, 4, 16, 5], [16, 12, 15, 12], [18, 13, 18, 9], [18, 3, 18, 2], [18, 9, 18, 13], [18, 12, 19, 12], [18, 2, 24, 2], [27, 13, 27, 12], [27, 6, 27, 5], [27, 5, 29, 5], [27, 12, 27, 13], [23, 5, 21, 5], [23, 12, 21, 12], [10, 3, 9, 3], [13, 5, 14, 5], [13, 10, 12, 10], [19, 13, 19, 9], [19, 6, 17, 6], [19, 9, 19, 13], [19, 12, 18, 12], [24, 4, 26, 4], [24, 2, 24, 4], [29, 13, 29, 11], [29, 11, 28, 11], [29, 5, 25, 5], [29, 4, 28, 4], [11, 6, 11, 4], [11, 4, 11, 6], [21, 13, 21, 9], [21, 6, 21, 2], [21, 5, 23, 5], [21, 9, 21, 13], [21, 12, 23, 12], [21, 2, 17, 2], [25, 6, 21, 6], [25, 5, 25, 4], [25, 4, 25, 6]]}
