XXXXXXXXXXXXXXXX
XXXXXXXXXXXXXXXX
XX}XXX-----XXXXX
XX------XX-XXXXX
XX-------X---XXX
XX---XX----#-XXX
XX----X-#----XXX
XX--#-----X---XX
XX-------XX---XX
XXX-------X---XX
XXXX--XX-----XXX
XXXXXXXX--#-XXXX
XXXXXXXX----XXXX
XXXXXX------XXXX
XX-----##-#--XXX
XX-----------XXX
XX##-XX------XXX
XX--XXXX-#-#--XX
XX--XXXX------XX
XXXXXXX-------XX
XXXXXXX##---XXXX
XXXXXXX---#-XXXX
XXXXXXX-----XXXX
XXXXXX-XX-----XX
XXX-----X-----XX
XX--XX-----XX-XX
XX---X-----XX-XX
XX---XXX----X-XX
XX-{-XXXX-X---XX
XXXXXXXXXXXXXXXX
XXXXXXXXXXXXXXXX
XXXXXXXXXXXXXXXX
META {"type": "solver", "id": "pysat-rc2", "objective": 0}
META {"type": "geom", "shape": "path", "group": "path", "data": [[28, 3, 28, 4], [28, 4, 26, 4], [26, 4, 26, 2], [26, 2, 25, 2], [25, 2, 25, 3], [25, 3, 24, 3], [24, 3, 24, 7], [24, 7, 26, 7], [26, 7, 26, 6], [26, 6, 26, 10], [26, 10, 22, 10], [22, 10, 22, 11], [22, 11, 24, 11], [24, 11, 24, 13], [24, 13, 24, 9], [24, 9, 18, 9], [18, 9, 18, 8], [18, 8, 19, 8], [19, 8, 15, 8], [15, 8, 15, 2], [15, 2, 15, 12], [15, 12, 14, 12], [14, 12, 14, 11], [14, 11, 16, 11], [16, 11, 6, 11], [6, 11, 6, 12], [6, 12, 10, 12], [10, 12, 4, 12], [4, 12, 4, 10], [4, 10, 6, 10], [6, 10, 6, 9], [6, 9, 7, 9], [7, 9, 7, 5], [7, 5, 6, 5], [6, 5, 10, 5], [10, 5, 10, 4], [10, 4, 8, 4], [8, 4, 8, 2], [8, 2, 2, 2]]}
META {"type": "geom", "shape": "tile", "group": "path", "data": [[28, 3], [28, 4], [27, 4], [26, 4], [26, 3], [26, 2], [25, 2], [25, 3], [24, 3], [24, 4], [24, 5], [24, 6], [24, 7], [25, 7], [26, 7], [26, 6], [26, 7], [26, 8], [26, 9], [26, 10], [25, 10], [24, 10], [23, 10], [22, 10], [22, 11], [23, 11], [24, 11], [24, 12], [24, 13], [24, 12], [24, 11], [24, 10], [24, 9], [23, 9], [22, 9], [21, 9], [20, 9], [19, 9], [18, 9], [18, 8], [19, 8], [18, 8], [17, 8], [16, 8], [15, 8], [15, 7], [15, 6], [15, 5], [15, 4], [15, 3], [15, 2], [15, 3], [15, 4], [15, 5], [15, 6], [15, 7], [15, 8], [15, 9], [15, 10], [15, 11], [15, 12], [14, 12], [14, 11], [15, 11], [16, 11], [15, 11], [14, 11], [13, 11], [12, 11], [11, 11], [10, 11], [9, 11], [8, 11], [7, 11], [6, 11], [6, 12], [7, 12], [8, 12], [9, 12], [10, 12], [9, 12], [8, 12], [7, 12], [6, 12], [5, 12], [4, 12], [4, 11], [4, 10], [5, 10], [6, 10], [6, 9], [7, 9], [7, 8], [7, 7], [7, 6], [7, 5], [6, 5], [7, 5], [8, 5], [9, 5], [10, 5], [10, 4], [9, 4], [8, 4], [8, 3], [8, 2], [7, 2], [6, 2], [5, 2], [4, 2], [3, 2], [2, 2]]}
META {"type": "geom", "shape": "line", "group": "offpath", "data": [[4, 6, 4, 2], [4, 8, 5, 8], [4, 2, 4, 8], [17, 12, 19, 12], [17, 13, 17, 12], [8, 13, 8, 11], [8, 11, 8, 13], [28, 13, 28, 11], [28, 11, 28, 13], [20, 9, 20, 11], [20, 11, 20, 9], [25, 8, 25, 10], [25, 10, 27, 10], [15, 3, 14, 3], [21, 8, 22, 8], [21, 7, 22, 7], [5, 8, 5, 7], [5, 7, 9, 7], [3, 3, 3, 7], [3, 7, 2, 7], [24, 12, 23, 12], [11, 8, 11, 9], [11, 9, 11, 8], [27, 8, 25, 8], [27, 10, 27, 8], [19, 12, 19, 13], [19, 13, 17, 13], [2, 6, 4, 6], [2, 7, 2, 6], [23, 12, 24, 12], [9, 6, 7, 6], [9, 13, 9, 11], [9, 3, 3, 3], [9, 11, 9, 13], [9, 7, 9, 3], [7, 6, 9, 6], [7, 13, 7, 11], [7, 11, 7, 13], [14, 6, 14, 2], [14, 2, 14, 6], [14, 3, 15, 3], [22, 8, 21, 8], [22, 7, 21, 7]]}
