--------------------------------
--------------------------------
--XXX--XXXX---------X-----------
-------------X--Q-------XX------
--------------------------------
--------------------X-----------
---------Q-------X--------------
--XQX-------Q-------------------
--------------------------------
--------------------------------
-------X------------------------
-------------------X------------
------------------XX--<>---X----
--------XX-------XXX--[]--------
-{-----XXX------XXXX--[]------}-
XXXXXXXXXXXXXXXXXXXXXXXXXXXXXXXX
META {"type": "solver", "id": "pysat-rc2", "objective": 0}
META {"type": "geom", "shape": "path", "group": "path", "data": [[14, 1, 10, 1], [10, 1, 11, 0], [11, 0, 12, 1], [12, 1, 13, 2], [13, 2, 14, 3], [14, 3, 12, 3], [12, 3, 13, 3], [13, 3, 14, 2], [14, 2, 11, 4], [11, 4, 12, 5], [12, 5, 13, 4], [13, 4, 14, 4], [14, 4, 11, 7], [11, 7, 12, 6], [12, 6, 13, 5], [13, 5, 14, 5], [14, 5, 11, 8], [11, 8, 12, 8], [12, 8, 10, 10], [10, 10, 11, 11], [11, 11, 12, 11], [12, 11, 13, 12], [13, 12, 14, 13], [14, 13, 10, 12], [10, 12, 11, 13], [11, 13, 12, 13], [12, 13, 13, 14], [13, 14, 14, 15], [14, 15, 14, 14], [14, 14, 11, 17], [11, 17, 12, 17], [12, 17, 8, 20], [8, 20, 9, 21], [9, 21, 10, 22], [10, 22, 11, 22], [11, 22, 7, 18], [7, 18, 8, 19], [8, 19, 9, 20], [9, 20, 10, 19], [10, 19, 6, 23], [6, 23, 7, 23], [7, 23, 8, 22], [8, 22, 9, 23], [9, 23, 10, 24], [10, 24, 11, 23], [11, 23, 7, 20], [7, 20, 8, 21], [8, 21, 9, 22], [9, 22, 10, 23], [10, 23, 11, 24], [11, 24, 12, 24], [12, 24, 13, 25], [13, 25, 14, 25], [14, 25, 14, 24], [14, 24, 10, 27], [10, 27, 11, 28], [11, 28, 12, 29], [12, 29, 13, 29], [13, 29, 14, 28], [14, 28, 13, 28], [13, 28, 14, 29], [14, 29, 12, 31], [12, 31, 13, 31], [13, 31, 14, 31], [14, 31, 13, 30], [13, 30, 14, 30]]}
META {"type": "geom", "shape": "tile", "group": "path", "data": [[14, 1], [13, 1], [12, 1], [11, 1], [10, 1], [11, 1], [11, 0], [12, 0], [12, 1], [13, 1], [13, 2], [14, 2], [14, 3], [13, 3], [12, 3], [13, 3], [14, 3], [14, 2], [13, 2], [13, 3], [12, 3], [12, 4], [11, 4], [12, 4], [12, 5], [13, 5], [13, 4], [14, 4], [13, 4], [13, 5], [12, 5], [12, 6], [11, 6], [11, 7], [12, 7], [12, 6], [13, 6], [13, 5], [14, 5], [13, 5], [13, 6], [12, 6], [12, 7], [11, 7], [11, 8], [12, 8], [11, 8], [11, 9], [10, 9], [10, 10], [11, 10], [11, 11], [12, 11], [13, 11], [13, 12], [14, 12], [14, 13], [13, 13], [12, 13], [11, 13], [10, 13], [10, 12], [11, 12], [11, 13], [12, 13], [13, 13], [13, 14], [14, 14], [14, 15], [14, 14], [13, 14], [13, 15], [12, 15], [12, 16], [11, 16], [11, 17], [12, 17], [11, 17], [11, 18], [10, 18], [10, 19], [9, 19], [9, 20], [8, 20], [9, 20], [9, 21], [10, 21], [10, 22], [11, 22], [10, 22], [10, 21], [9, 21], [9, 20], [8, 20], [8, 19], [7, 19], [7, 18], [8, 18], [8, 19], [9, 19], [9, 20], [10, 20], [10, 19], [9, 19], [9, 20], [8, 20], [8, 21], [7, 21], [7, 22], [6, 22], [6, 23], [7, 23], [8, 23], [8, 22], [9, 22], [9, 23], [10, 23], [10, 24], [11, 24], [11, 23], [10, 23], [10, 22], [9, 22], [9, 21], [8, 21], [8, 20], [7, 20], [8, 20], [8, 21], [9, 21], [9, 22], [10, 22], [10, 23], [11, 23], [11, 24], [12, 24], [13, 24], [13, 25], [14, 25], [14, 24], [13, 24], [13, 25], [12, 25], [12, 26], [11, 26], [11, 27], [10, 27], [11, 27], [11, 28], [12, 28], [12, 29], [13, 29], [14, 29], [14, 28], [13, 28], [14, 28], [14, 29], [13, 29], [13, 30], [12, 30], [12, 31], [13, 31], [14, 31], [13, 31], [13, 30], [14, 30]]}
META {"type": "geom", "shape": "line", "group": "offpath", "data": [[0, 9, 1, 9], [0, 24, 1, 23], [0, 10, 1, 11], [0, 17, 1, 18], [0, 23, 1, 24], [0, 11, 1, 10], [0, 2, 1, 2], [0, 6, 1, 7], [0, 16, 1, 17], [9, 27, 10, 26], [9, 7, 5, 4], [9, 16, 10, 17], [5, 13, 6, 12], [5, 9, 1, 13], [5, 5, 6, 6], [5, 4, 6, 3], [5, 17, 1, 16], [13, 0, 14, 0], [3, 9, 4, 10], [3, 17, 4, 18], [3, 12, 4, 13], [3, 19, 4, 20], [14, 0, 12, 0], [8, 27, 9, 27], [8, 7, 9, 7], [8, 16, 9, 16], [4, 13, 5, 13], [4, 4, 5, 5], [4, 10, 5, 9], [4, 18, 5, 17], [4, 20, 0, 16], [1, 13, 2, 13], [1, 9, 0, 10], [1, 24, 2, 25], [1, 10, 0, 9], [1, 17, 2, 18], [1, 23, 2, 24], [1, 11, 2, 12], [1, 2, 0, 2], [1, 18, 2, 19], [1, 7, 0, 6], [1, 16, 2, 16], [7, 15, 8, 16], [7, 27, 8, 27], [7, 7, 8, 7], [10, 17, 11, 18], [10, 26, 11, 27], [11, 27, 7, 27], [11, 18, 7, 15], [6, 4, 4, 4], [6, 12, 3, 9], [6, 6, 7, 7], [6, 3, 6, 4], [2, 13, 0, 11], [2, 24, 0, 23], [2, 12, 3, 12], [2, 19, 3, 19], [2, 25, 0, 24], [2, 18, 3, 17], [2, 16, 0, 17], [12, 0, 13, 0]]}
