XXXXXXXXXXXXXXXX
X--}XXXXX----X-X
X-XXXXXXX--X--XX
X-XXXXX-----XX-X
X--------XXXXXXX
X--------XXXXXXX
X------XX---XXXX
XX--XX-XX--X--XX
XX--XX---XX----X
XX----X-XXXXX--X
X-XXX-X-XXXXX--X
X-----X-XXX{---X
X-XXXX-XXXXXXX-X
X------XXXXXXX-X
X--------------X
XXXXXXXXXXXXXXXX
META {"type": "solver", "id": "pysat-rc2-boolonly", "objective": 0}
META {"type": "geom", "shape": "path", "group": "path", "data": [[11, 11, 11, 12], [11, 12, 11, 13], [11, 13, 11, 14], [11, 14, 12, 14], [12, 14, 13, 14], [13, 14, 14, 14], [14, 14, 14, 13], [14, 13, 14, 12], [14, 12, 14, 11], [14, 11, 14, 10], [14, 10, 14, 9], [14, 9, 14, 8], [14, 8, 14, 7], [14, 7, 14, 6], [14, 6, 13, 6], [13, 6, 13, 5], [13, 5, 13, 4], [13, 4, 13, 3], [13, 3, 13, 2], [13, 2, 13, 1], [13, 1, 12, 1], [12, 1, 11, 1], [11, 1, 11, 2], [11, 2, 11, 3], [11, 3, 11, 4], [11, 4, 11, 5], [11, 5, 10, 5], [10, 5, 9, 5], [9, 5, 9, 4], [9, 4, 9, 3], [9, 3, 8, 3], [8, 3, 7, 3], [7, 3, 6, 3], [6, 3, 5, 3], [5, 3, 4, 3], [4, 3, 4, 2], [4, 2, 4, 1], [4, 1, 3, 1], [3, 1, 2, 1], [2, 1, 1, 1], [1, 1, 1, 2], [1, 2, 1, 3]]}
