XXXXXXXXXXXXXXXX
XXXXXXXXXXXXXXXX
XXXXX}XXX---XXXX
XXXXX-------XXXX
XXX---------XXXX
XX-------XX---XX
XXX---X--XX---XX
XXXX-XX---X-XXXX
XXXX--X-#----XXX
XXXX------X--XXX
XX--#----XXX-XXX
XX-------XXX-XXX
XX-X---X-XXX--XX
XXXXX-XX---XX-XX
XXXXX--X----X-XX
XXXXX---------XX
XXXXX---#-XX--XX
XXXX-------X--XX
XXXX--XX-X---XXX
XXX-X--X-XX-XXXX
XX--XX----X--XXX
XX---X-------XXX
XXX---##--XX-XXX
XXX--------X-XXX
XXX-#----X---XXX
XX-------XX---XX
XX-#------XX--XX
XX---X-----XX-XX
XX---XXXXX--X-XX
XX-{-XXXXXX---XX
XXXXXXXXXXXXXXXX
XXXXXXXXXXXXXXXX
META {"type": "solver", "id": "pysat-rc2", "objective": 0}
META {"type": "geom", "shape": "path", "group": "path", "data": [[29, 3, 27, 3], [27, 3, 27, 4], [27, 4, 29, 4], [29, 4, 29, 2], [29, 2, 25, 2], [25, 2, 25, 8], [25, 8, 27, 8], [27, 8, 27, 10], [27, 10, 28, 10], [28, 10, 28, 11], [28, 11, 29, 11], [29, 11, 29, 13], [29, 13, 25, 13], [25, 13, 25, 11], [25, 11, 24, 11], [24, 11, 24, 10], [24, 10, 24, 12], [24, 12, 20, 12], [20, 12, 20, 11], [20, 11, 18, 11], [18, 11, 18, 12], [18, 12, 18, 10], [18, 10, 17, 10], [17, 10, 17, 4], [17, 4, 18, 4], [18, 4, 18, 5], [18, 5, 8, 5], [8, 5, 8, 4], [8, 4, 4, 4], [4, 4, 4, 3], [4, 3, 6, 3], [6, 3, 6, 5], [6, 5, 2, 5]]}
META {"type": "geom", "shape": "tile", "group": "path", "data": [[29, 3], [28, 3], [27, 3], [27, 4], [28, 4], [29, 4], [29, 3], [29, 2], [28, 2], [27, 2], [26, 2], [25, 2], [25, 3], [25, 4], [25, 5], [25, 6], [25, 7], [25, 8], [26, 8], [27, 8], [27, 9], [27, 10], [28, 10], [28, 11], [29, 11], [29, 12], [29, 13], [28, 13], [27, 13], [26, 13], [25, 13], [25, 12], [25, 11], [24, 11], [24, 10], [24, 11], [24, 12], [23, 12], [22, 12], [21, 12], [20, 12], [20, 11], [19, 11], [18, 11], [18, 12], [18, 11], [18, 10], [17, 10], [17, 9], [17, 8], [17, 7], [17, 6], [17, 5], [17, 4], [18, 4], [18, 5], [17, 5], [16, 5], [15, 5], [14, 5], [13, 5], [12, 5], [11, 5], [10, 5], [9, 5], [8, 5], [8, 4], [7, 4], [6, 4], [5, 4], [4, 4], [4, 3], [5, 3], [6, 3], [6, 4], [6, 5], [5, 5], [4, 5], [3, 5], [2, 5]]}
META {"type": "geom", "shape": "line", "group": "offpath", "data": [[12, 4, 12, 6], [12, 6, 12, 4], [4, 9, 4, 11], [4, 11, 2, 11], [13, 9, 17, 9], [17, 9, 13, 9], [3, 8, 7, 8], [2, 9, 4, 9], [2, 11, 2, 9], [19, 3, 25, 3], [19, 6, 21, 6], [21, 2, 20, 2], [21, 6, 19, 6], [10, 3, 10, 2], [10, 2, 10, 3], [6, 7, 6, 8], [6, 13, 6, 11], [6, 8, 6, 7], [6, 11, 6, 13], [14, 5, 14, 6], [14, 6, 14, 5], [26, 13, 26, 12], [26, 5, 22, 5], [26, 12, 26, 13], [11, 8, 11, 2], [11, 2, 11, 8], [7, 7, 7, 9], [7, 9, 7, 7], [7, 8, 3, 8], [27, 7, 23, 7], [27, 6, 23, 6], [25, 3, 19, 3], [23, 7, 27, 7], [23, 6, 27, 6], [20, 2, 21, 2], [5, 13, 5, 11], [5, 11, 5, 13], [22, 5, 26, 5], [22, 9, 22, 8], [22, 8, 22, 9]]}
