XXXXXXXXXXXXXXXX
XXXXXXXXXXXXXXXX
XXXXXXXXX-----XX
XXXX}XXXX-----XX
XXXX-XXXX--#--XX
XXXX-----#---XXX
XXXXX-------XXXX
XXXXX--X--X-XXXX
XXXXX--XXXX-XXXX
XXX----XXXXX--XX
XXX--X-XXXXXXXXX
XXXXXX-XXXXXXXXX
XXXXXX----XXXXXX
XXXXXX----XXXXXX
XXXXXX--X-----XX
XX-----XX-#---XX
XXX-XX--X-----XX
XXX--XX----XXXXX
XXX--XXXX--XXXXX
XX---XXXX--XXXXX
XX---XXX-----XXX
XXX-----XXX---XX
XXXX----XXX---XX
XXXX-##-------XX
XXX-----------XX
XX--------#-X-XX
XX##-#--X---XXXX
XX------XX--XXXX
XX##-----X--XXXX
XX--{-XX--XXXXXX
XXXXXXXXXXXXXXXX
XXXXXXXXXXXXXXXX
META {"type": "solver", "id": "pysat-rc2", "objective": 0}
META {"type": "geom", "shape": "path", "group": "path", "data": [[29, 4, 29, 5], [29, 5, 27, 5], [27, 5, 27, 7], [27, 7, 21, 7], [21, 7, 21, 3], [21, 3, 15, 3], [15, 3, 15, 2], [15, 2, 15, 6], [15, 6, 5, 6], [5, 6, 5, 8], [5, 8, 7, 8], [7, 8, 7, 9], [7, 9, 6, 9], [6, 9, 6, 5], [6, 5, 5, 5], [5, 5, 5, 4], [5, 4, 3, 4]]}
META {"type": "geom", "shape": "tile", "group": "path", "data": [[29, 4], [29, 5], [28, 5], [27, 5], [27, 6], [27, 7], [26, 7], [25, 7], [24, 7], [23, 7], [22, 7], [21, 7], [21, 6], [21, 5], [21, 4], [21, 3], [20, 3], [19, 3], [18, 3], [17, 3], [16, 3], [15, 3], [15, 2], [15, 3], [15, 4], [15, 5], [15, 6], [14, 6], [13, 6], [12, 6], [11, 6], [10, 6], [9, 6], [8, 6], [7, 6], [6, 6], [5, 6], [5, 7], [5, 8], [6, 8], [7, 8], [7, 9], [6, 9], [6, 8], [6, 7], [6, 6], [6, 5], [5, 5], [5, 4], [4, 4], [3, 4]]}
META {"type": "geom", "shape": "line", "group": "offpath", "data": [[6, 10, 2, 10], [25, 13, 21, 13], [25, 3, 25, 9], [25, 9, 23, 9], [7, 5, 7, 6], [7, 6, 7, 5], [5, 12, 5, 10], [5, 10, 6, 10], [4, 13, 4, 12], [4, 12, 5, 12], [23, 13, 25, 13], [23, 7, 23, 13], [23, 9, 23, 7], [19, 4, 19, 2], [19, 2, 19, 4], [21, 13, 21, 11], [21, 11, 20, 11], [21, 5, 22, 5], [21, 6, 22, 6], [9, 3, 10, 3], [9, 4, 9, 3], [28, 4, 28, 8], [28, 10, 26, 10], [28, 11, 28, 10], [28, 8, 28, 4], [28, 6, 24, 6], [2, 13, 4, 13], [2, 9, 2, 13], [2, 10, 2, 9], [22, 13, 22, 11], [22, 11, 22, 13], [22, 5, 21, 5], [22, 6, 21, 6], [20, 12, 24, 12], [20, 4, 20, 2], [20, 11, 20, 12], [20, 2, 20, 4], [10, 3, 10, 4], [10, 4, 9, 4], [24, 13, 24, 3], [24, 12, 24, 13], [24, 3, 25, 3], [24, 6, 28, 6], [3, 13, 3, 9], [3, 9, 3, 13], [26, 9, 26, 11], [26, 10, 26, 9], [26, 11, 28, 11], [14, 7, 14, 6], [14, 6, 14, 7]]}
