XXXXXXXXXXXXXXXX
XXXXXXXXXXXXXXXX
XXXXXXX------XXX
XX}XXX---#----XX
XX------------XX
XXX----#---XX-XX
XXX--X---X--X-XX
XXX-XX--XXX---XX
XXX--XX-XXX---XX
XX-#-XX-XXXX--XX
XX----X--XXXXXXX
XX-------XXXXXXX
XX##---#-XXXXXXX
XX---#-----XXXXX
XX-#-----#-XXXXX
XX----X----XXXXX
XX--X-XX---XXXXX
XX-XX--X------XX
XX--X------XX-XX
XX------#---X-XX
XX##--#---#--XXX
XX--#-------XXXX
XX------##--XXXX
XX##-#-------XXX
XX-----------XXX
XX------XXX---XX
XX---XX-XXX---XX
XX##--X-----XXXX
XX-----{-X--XXXX
XXXXXXXXXXXXXXXX
XXXXXXXXXXXXXXXX
XXXXXXXXXXXXXXXX
META {"type": "solver", "id": "pysat-rc2", "objective": 0}
META {"type": "geom", "shape": "path", "group": "path", "data": [[28, 7, 18, 7], [18, 7, 18, 5], [18, 5, 14, 5], [14, 5, 14, 4], [14, 4, 8, 4], [8, 4, 8, 3], [8, 3, 4, 3], [4, 3, 4, 13], [4, 13, 3, 13], [3, 13, 9, 13], [9, 13, 9, 12], [9, 12, 7, 12], [7, 12, 7, 13], [7, 13, 7, 11], [7, 11, 8, 11], [8, 11, 6, 11], [6, 11, 6, 10], [6, 10, 2, 10], [2, 10, 2, 12], [2, 12, 4, 12], [4, 12, 4, 2], [4, 2, 3, 2]]}
META {"type": "geom", "shape": "tile", "group": "path", "data": [[28, 7], [27, 7], [26, 7], [25, 7], [24, 7], [23, 7], [22, 7], [21, 7], [20, 7], [19, 7], [18, 7], [18, 6], [18, 5], [17, 5], [16, 5], [15, 5], [14, 5], [14, 4], [13, 4], [12, 4], [11, 4], [10, 4], [9, 4], [8, 4], [8, 3], [7, 3], [6, 3], [5, 3], [4, 3], [4, 4], [4, 5], [4, 6], [4, 7], [4, 8], [4, 9], [4, 10], [4, 11], [4, 12], [4, 13], [3, 13], [4, 13], [5, 13], [6, 13], [7, 13], [8, 13], [9, 13], [9, 12], [8, 12], [7, 12], [7, 13], [7, 12], [7, 11], [8, 11], [7, 11], [6, 11], [6, 10], [5, 10], [4, 10], [3, 10], [2, 10], [2, 11], [2, 12], [3, 12], [4, 12], [4, 11], [4, 10], [4, 9], [4, 8], [4, 7], [4, 6], [4, 5], [4, 4], [4, 3], [4, 2], [3, 2]]}
META {"type": "geom", "shape": "line", "group": "offpath", "data": [[14, 8, 18, 8], [14, 6, 14, 8], [11, 8, 10, 8], [11, 3, 10, 3], [11, 7, 11, 8], [27, 4, 27, 5], [27, 5, 27, 4], [20, 4, 20, 5], [20, 5, 20, 4], [24, 2, 24, 12], [24, 12, 23, 12], [24, 5, 25, 5], [6, 8, 6, 6], [6, 7, 6, 8], [6, 6, 7, 6], [16, 10, 16, 8], [16, 2, 16, 3], [16, 8, 16, 10], [16, 3, 16, 2], [23, 12, 23, 6], [23, 6, 21, 6], [7, 7, 6, 7], [7, 6, 7, 7], [18, 10, 19, 10], [18, 2, 18, 3], [18, 8, 18, 10], [18, 3, 18, 2], [2, 7, 4, 7], [15, 2, 19, 2], [15, 4, 15, 2], [17, 6, 17, 5], [17, 5, 17, 6], [25, 2, 24, 2], [25, 6, 25, 2], [25, 5, 24, 5], [4, 9, 5, 9], [4, 7, 2, 7], [28, 2, 28, 8], [28, 8, 28, 2], [21, 6, 25, 6], [13, 10, 13, 6], [13, 2, 13, 4], [13, 4, 15, 4], [13, 6, 14, 6], [5, 9, 4, 9], [10, 8, 10, 7], [10, 3, 11, 3], [10, 7, 11, 7], [19, 10, 13, 10], [19, 11, 19, 9], [19, 9, 19, 11], [19, 2, 13, 2]]}
