XXXXXXXXXXXXXXXX
X--}XXX--------X
X-XXXXX--XX----X
X-XXXXX-XXXXX-XX
X---XX--XXXXX-XX
X-------XXX---XX
XX-XXXX-XXX----X
X--XXXXX-------X
X--XXXXX--XXXX-X
X-------XXXXXX-X
X---X--XXXXXXX-X
XXX-X--XXXXX{--X
XXX-X---XXXXXXXX
X----XXX-XXXXXXX
X-XX-----------X
XXXXXXXXXXXXXXXX
META {"type": "solver", "id": "pysat-rc2", "objective": 0}
META {"type": "geom", "shape": "path", "group": "path", "data": [[11, 12, 11, 13], [11, 13, 11, 14], [11, 14, 10, 14], [10, 14, 9, 14], [9, 14, 8, 14], [8, 14, 7, 14], [7, 14, 6, 14], [6, 14, 6, 13], [6, 13, 5, 13], [5, 13, 4, 13], [4, 13, 3, 13], [3, 13, 2, 13], [2, 13, 1, 13], [1, 13, 1, 12], [1, 12, 1, 11], [1, 11, 1, 10], [1, 10, 1, 9], [1, 9, 1, 8], [1, 8, 1, 7], [1, 7, 2, 7], [2, 7, 3, 7], [3, 7, 4, 7], [4, 7, 4, 6], [4, 6, 5, 6], [5, 6, 5, 5], [5, 5, 5, 4], [5, 4, 5, 3], [5, 3, 4, 3], [4, 3, 4, 2], [4, 2, 4, 1], [4, 1, 3, 1], [3, 1, 2, 1], [2, 1, 1, 1], [1, 1, 1, 2], [1, 2, 1, 3]]}
