XXXXXXXXXXXXXXXX
----------------
--------------}-
-------------XXX
-------------XXX
--------XX------
--------XX--XX--
XXX-XX--XX--XX--
XXX-XX--XX------
------XXXXXX----
------XXXXXX----
--------------XX
----XX--------XX
----XX----XX----
----------XX----
---XXXX------{--
---XXXX-XXXXXXXX
--------XXXXXXXX
----------------
XXXXXXXXXXXXXXXX
META {"type": "solver", "id": "pysat-rc2-boolonly", "objective": 0}
META {"type": "geom", "shape": "path", "group": "path", "data": [[15, 13, 15, 12], [15, 12, 15, 11], [15, 11, 15, 10], [15, 10, 15, 9], [15, 9, 15, 8], [15, 8, 14, 6], [14, 6, 12, 11], [12, 11, 10, 14], [10, 14, 8, 10], [8, 10, 5, 10], [5, 10, 6, 10], [6, 10, 4, 12], [4, 12, 5, 12], [5, 12, 3, 9], [3, 9, 4, 9], [4, 9, 2, 14]]}
META {"type": "geom", "shape": "tile", "group": "path", "data": [[15, 13], [15, 12], [15, 11], [15, 10], [15, 9], [15, 8], [15, 7], [14, 7], [14, 6], [14, 7], [13, 7], [13, 8], [12, 8], [12, 9], [12, 10], [12, 11], [12, 12], [11, 12], [11, 13], [10, 13], [10, 14], [10, 13], [9, 13], [9, 12], [8, 12], [8, 11], [8, 10], [7, 10], [6, 10], [5, 10], [6, 10], [6, 11], [5, 11], [5, 12], [4, 12], [5, 12], [5, 11], [4, 11], [4, 10], [3, 10], [3, 9], [4, 9], [4, 10], [3, 10], [3, 11], [2, 11], [2, 12], [2, 13], [2, 14]]}
META {"type": "geom", "shape": "line", "group": "offpath", "data": [[7, 10, 6, 11], [7, 7, 6, 5], [18, 14, 18, 15], [18, 15, 18, 14], [18, 2, 18, 1], [18, 1, 18, 2], [6, 5, 4, 8], [6, 2, 4, 4], [6, 11, 7, 10], [6, 6, 7, 7], [3, 5, 4, 5], [2, 6, 3, 5], [11, 4, 11, 5], [11, 5, 11, 4], [4, 4, 5, 3], [4, 5, 5, 5], [4, 8, 2, 6], [5, 3, 6, 2], [5, 5, 6, 6], [14, 4, 14, 5], [14, 5, 14, 4]]}
