XXXXXXXXXXXXXXXX
----------------
XXX-----}-------
XXX----XXX------
----XX-XXX----XX
----XX--------XX
XX-------XX-----
XX-------XX--XXX
----XXXXX----XXX
----XXXXX-------
XX--------------
XX----XX--------
------XX--------
------XX--------
------XX----XX--
-{----XX----XX--
XXXXXXXXXXXXXXXX
XXXXXXXXXXXXXXXX
----------------
XXXXXXXXXXXXXXXX
META {"type": "solver", "id": "pysat-rc2", "objective": 0}
META {"type": "geom", "shape": "path", "group": "path", "data": [[15, 1, 15, 2], [15, 2, 15, 3], [15, 3, 15, 4], [15, 4, 15, 5], [15, 5, 11, 5], [11, 5, 12, 5], [12, 5, 9, 1], [9, 1, 7, 5], [7, 5, 7, 4], [7, 4, 5, 1], [5, 1, 3, 5], [3, 5, 1, 8], [1, 8, 2, 8]]}
META {"type": "geom", "shape": "tile", "group": "path", "data": [[15, 1], [15, 2], [15, 3], [15, 4], [15, 5], [14, 5], [13, 5], [12, 5], [11, 5], [12, 5], [12, 4], [11, 4], [11, 3], [10, 3], [10, 2], [9, 2], [9, 1], [9, 2], [8, 2], [8, 3], [7, 3], [7, 4], [7, 5], [7, 4], [7, 3], [6, 3], [6, 2], [5, 2], [5, 1], [5, 2], [4, 2], [4, 3], [3, 3], [3, 4], [3, 5], [3, 6], [2, 6], [2, 7], [1, 7], [1, 8], [2, 8]]}
META {"type": "geom", "shape": "line", "group": "offpath", "data": [[13, 4, 14, 5], [10, 6, 10, 7], [10, 7, 10, 6], [1, 11, 2, 12], [1, 10, 2, 9], [14, 5, 11, 2], [18, 5, 18, 4], [18, 4, 18, 5], [3, 14, 1, 10], [3, 12, 4, 11], [3, 4, 2, 3], [12, 3, 13, 4], [6, 8, 7, 8], [6, 14, 6, 13], [6, 13, 6, 14], [4, 11, 5, 10], [11, 2, 12, 3], [5, 10, 3, 14], [7, 8, 6, 8], [2, 3, 3, 4], [2, 9, 1, 11], [2, 12, 3, 12]]}
