XXXXXXXXXXXXXXXX
----------------
----XX--------}-
-XX-XX------XXXX
-XX---XX----XXXX
------XX--XX----
XXX---XX--XX-XXX
XXX---XX-----XXX
---XXXXXXX------
---XXXXXXX------
--------------XX
--XX----------XX
--XX-----XX-----
XXXXXX---XX-----
XXXXXX--------XX
-------{------XX
XXX---XXXXX-----
XXX---XXXXX-----
----------------
XXXXXXXXXXXXXXXX
META {"type": "solver", "id": "pysat-rc2-boolonly", "objective": 0}
META {"type": "geom", "shape": "path", "group": "path", "data": [[15, 7, 15, 8], [15, 8, 15, 9], [15, 9, 15, 10], [15, 10, 13, 14], [13, 14, 11, 9], [11, 9, 11, 10], [11, 10, 9, 15], [9, 15, 9, 14], [9, 14, 7, 9], [7, 9, 7, 8], [7, 8, 5, 8], [5, 8, 2, 12], [2, 12, 2, 13], [2, 13, 2, 14]]}
META {"type": "geom", "shape": "tile", "group": "path", "data": [[15, 7], [15, 8], [15, 9], [15, 10], [15, 11], [14, 11], [14, 12], [13, 12], [13, 13], [13, 14], [13, 13], [12, 13], [12, 12], [11, 12], [11, 11], [11, 10], [11, 9], [11, 10], [11, 11], [10, 11], [10, 12], [9, 12], [9, 13], [9, 14], [9, 15], [9, 14], [9, 13], [8, 13], [8, 12], [7, 12], [7, 11], [7, 10], [7, 9], [7, 8], [6, 8], [5, 8], [5, 9], [4, 9], [4, 10], [3, 10], [3, 11], [2, 11], [2, 12], [2, 13], [2, 14]]}
META {"type": "geom", "shape": "line", "group": "offpath", "data": [[6, 8, 5, 9], [18, 13, 18, 12], [18, 7, 18, 6], [18, 6, 18, 7], [18, 12, 18, 13], [1, 9, 2, 10], [1, 3, 2, 2], [4, 10, 2, 8], [4, 11, 3, 11], [2, 10, 3, 10], [2, 8, 3, 7], [2, 2, 1, 3], [2, 6, 3, 6], [3, 10, 4, 10], [3, 7, 1, 9], [3, 11, 4, 11], [3, 6, 2, 6], [5, 9, 6, 8]]}
