XXXXXXXXXXXXXXXX
XXXXXXXXXXXXXXXX
XXXX--XXXXXXXXXX
XXXX---XXX}XXXXX
XX--#--XXX-XXXXX
XX-----XXX---XXX
XX##------XX--XX
XX----#----X--XX
XX##-----#----XX
XX---X--------XX
XX--XXXX------XX
XX--XXXX-----XXX
XXX-XXX---#-XXXX
XXX-----#---XXXX
XXX-X-------XXXX
XXXXXXXX-#--XXXX
XXXXXXXX---#--XX
XXXX----------XX
XXXX-#--X-----XX
XXX-----XX-XXXXX
XX--#----X-XXXXX
XX---------XXXXX
XX---##--#----XX
XX-#-------XXXXX
XX-----X--XXXXXX
XX--#--XXXXXXXXX
XX----XXXXXXXXXX
XX##-XXXXXXXXXXX
XX---XXXXX---XXX
XX-{-XXXX-X--XXX
XXXXXXXXXXXXXXXX
XXXXXXXXXXXXXXXX
META {"type": "solver", "id": "pysat-rc2", "objective": 0}
META {"type": "geom", "shape": "path", "group": "path", "data": [[29, 3, 28, 3], [28, 3, 28, 4], [28, 4, 26, 4], [26, 4, 26, 2], [26, 2, 20, 2], [20, 2, 20, 3], [20, 3, 22, 3], [22, 3, 22, 4], [22, 4, 24, 4], [24, 4, 24, 6], [24, 6, 25, 6], [25, 6, 23, 6], [23, 6, 23, 10], [23, 10, 13, 10], [13, 10, 13, 9], [13, 9, 9, 9], [9, 9, 9, 13], [9, 13, 10, 13], [10, 13, 6, 13], [6, 13, 6, 12], [6, 12, 5, 12], [5, 12, 5, 10], [5, 10, 3, 10]]}
META {"type": "geom", "shape": "tile", "group": "path", "data": [[29, 3], [28, 3], [28, 4], [27, 4], [26, 4], [26, 3], [26, 2], [25, 2], [24, 2], [23, 2], [22, 2], [21, 2], [20, 2], [20, 3], [21, 3], [22, 3], [22, 4], [23, 4], [24, 4], [24, 5], [24, 6], [25, 6], [24, 6], [23, 6], [23, 7], [23, 8], [23, 9], [23, 10], [22, 10], [21, 10], [20, 10], [19, 10], [18, 10], [17, 10], [16, 10], [15, 10], [14, 10], [13, 10], [13, 9], [12, 9], [11, 9], [10, 9], [9, 9], [9, 10], [9, 11], [9, 12], [9, 13], [10, 13], [9, 13], [8, 13], [7, 13], [6, 13], [6, 12], [5, 12], [5, 11], [5, 10], [4, 10], [3, 10]]}
META {"type": "geom", "shape": "line", "group": "offpath", "data": [[17, 4, 19, 4], [17, 13, 18, 13], [17, 7, 17, 13], [17, 8, 17, 4], [20, 8, 24, 8], [11, 8, 12, 8], [11, 10, 11, 12], [11, 2, 9, 2], [11, 12, 11, 8], [16, 9, 16, 10], [16, 8, 17, 8], [16, 10, 16, 8], [2, 4, 2, 5], [2, 5, 8, 5], [28, 11, 28, 12], [28, 2, 29, 2], [28, 12, 29, 12], [6, 4, 5, 4], [6, 7, 6, 9], [6, 9, 7, 9], [6, 8, 6, 4], [3, 4, 2, 4], [3, 6, 3, 4], [14, 5, 14, 11], [14, 11, 8, 11], [14, 7, 14, 5], [18, 13, 18, 9], [18, 7, 18, 6], [18, 9, 16, 9], [18, 6, 18, 7], [8, 4, 8, 8], [8, 5, 8, 4], [8, 11, 8, 10], [8, 8, 6, 8], [8, 10, 7, 10], [7, 7, 6, 7], [7, 9, 7, 7], [7, 10, 11, 10], [12, 7, 14, 7], [12, 9, 12, 7], [12, 8, 12, 9], [5, 4, 5, 6], [5, 6, 3, 6], [9, 2, 11, 2], [19, 4, 19, 3], [19, 7, 17, 7], [19, 3, 19, 7], [15, 11, 15, 10], [15, 10, 15, 11], [24, 8, 20, 8], [29, 11, 28, 11], [29, 2, 28, 2], [29, 12, 29, 11]]}
