XXXXXXXXXXXXXXXX
----------------
------}---------
----XXXX--------
----XXXX------XX
XX------XX----XX
XX------XX------
----XXXXXXXXX---
----XXXXXXXXX---
XX--------------
XX--------------
-----XXXXXXXXXXX
-----XXXXXXXXXXX
XXX-------------
XXX-XX----------
----XX----XX----
------XX--XX----
------XX--XX----
---{------XX----
XXXXXXXXXXXXXXXX
META {"type": "solver", "id": "pysat-rc2", "objective": 0}
META {"type": "geom", "shape": "path", "group": "path", "data": [[18, 3, 18, 4], [18, 4, 18, 5], [18, 5, 18, 6], [18, 6, 18, 7], [18, 7, 18, 8], [18, 8, 18, 9], [18, 9, 16, 9], [16, 9, 13, 5], [13, 5, 13, 4], [13, 4, 12, 2], [12, 2, 10, 5], [10, 5, 8, 0], [8, 0, 8, 1], [8, 1, 6, 4], [6, 4, 4, 0], [4, 0, 4, 1], [4, 1, 2, 6]]}
META {"type": "geom", "shape": "tile", "group": "path", "data": [[18, 3], [18, 4], [18, 5], [18, 6], [18, 7], [18, 8], [18, 9], [17, 9], [16, 9], [16, 8], [15, 8], [15, 7], [14, 7], [14, 6], [13, 6], [13, 5], [13, 4], [13, 3], [12, 3], [12, 2], [12, 3], [11, 3], [11, 4], [10, 4], [10, 5], [10, 4], [9, 4], [9, 3], [8, 3], [8, 2], [8, 1], [8, 0], [8, 1], [8, 2], [7, 2], [7, 3], [6, 3], [6, 4], [6, 3], [5, 3], [5, 2], [4, 2], [4, 1], [4, 0], [4, 1], [4, 2], [3, 2], [3, 3], [2, 3], [2, 4], [2, 5], [2, 6]]}
META {"type": "geom", "shape": "line", "group": "offpath", "data": [[17, 12, 16, 14], [17, 14, 18, 13], [16, 12, 15, 13], [16, 14, 17, 14], [3, 9, 4, 9], [3, 14, 1, 11], [18, 13, 18, 12], [18, 0, 18, 1], [18, 1, 18, 0], [18, 12, 17, 12], [2, 10, 3, 9], [2, 14, 3, 14], [15, 6, 14, 6], [15, 13, 16, 12], [15, 7, 13, 10], [13, 10, 14, 11], [13, 8, 14, 7], [14, 10, 13, 8], [14, 6, 15, 7], [14, 7, 15, 6], [14, 11, 14, 10], [4, 9, 2, 14], [1, 11, 2, 10]]}
