XXXXXXXXXXXXXXXX
----------------
-------------XXX
-------------XXX
XX-XX-----XX----
XX-XX--XX-XX--}-
-------XX----XXX
-------XX----XXX
---XXXXXXXX-----
XX-XXXXXXXX-----
XX-----------XXX
-------------XXX
-----XXXXX------
-----XXXXX------
------------XX--
------XX----XX--
------XX--XX----
------XX--XX----
------XX-----{--
XXXXXXXXXXXXXXXX
META {"type": "solver", "id": "pysat-rc2", "objective": 0}
META {"type": "geom", "shape": "path", "group": "path", "data": [[18, 13, 18, 12], [18, 12, 18, 11], [18, 11, 18, 10], [18, 10, 18, 9], [18, 9, 18, 8], [18, 8, 16, 8], [16, 8, 13, 12], [13, 12, 11, 9], [11, 9, 9, 13], [9, 13, 7, 10], [7, 10, 5, 15], [5, 15, 5, 14]]}
META {"type": "geom", "shape": "tile", "group": "path", "data": [[18, 13], [18, 12], [18, 11], [18, 10], [18, 9], [18, 8], [17, 8], [16, 8], [16, 9], [15, 9], [15, 10], [14, 10], [14, 11], [13, 11], [13, 12], [13, 11], [12, 11], [12, 10], [11, 10], [11, 9], [11, 10], [10, 10], [10, 11], [9, 11], [9, 12], [9, 13], [9, 12], [8, 12], [8, 11], [7, 11], [7, 10], [7, 11], [6, 11], [6, 12], [5, 12], [5, 13], [5, 14], [5, 15], [5, 14]]}
META {"type": "geom", "shape": "line", "group": "offpath", "data": [[4, 7, 2, 2], [4, 8, 3, 10], [18, 15, 18, 14], [18, 2, 18, 1], [18, 1, 18, 2], [18, 14, 18, 15], [1, 5, 2, 5], [1, 6, 2, 7], [6, 2, 7, 2], [6, 5, 7, 5], [16, 9, 17, 8], [3, 10, 1, 5], [3, 3, 3, 4], [3, 8, 4, 8], [3, 6, 4, 7], [3, 4, 1, 6], [15, 10, 15, 11], [15, 11, 15, 10], [17, 8, 16, 9], [8, 1, 6, 5], [7, 3, 6, 2], [7, 2, 8, 1], [7, 5, 7, 4], [7, 4, 7, 3], [2, 7, 3, 8], [2, 2, 3, 3], [2, 5, 3, 6]]}
