XXXXXXXXXXXXXXXX
----------------
-------------XXX
XX-------XXX-XXX
XX-------XXX----
-----XX-------}-
-----XX------XXX
XX---XX------XXX
XX-XXXXXXXX-----
---XXXXXXXX-----
--------------XX
--------------XX
----XXXX-XX-----
----XXXX-XX--XX-
XX-----------XX-
XX-XX----XX-----
---XX----XX-----
---------XX-----
-{-------XX-----
XXXXXXXXXXXXXXXX
META {"type": "solver", "id": "pysat-rc2", "objective": 0}
META {"type": "geom", "shape": "path", "group": "path", "data": [[18, 1, 18, 2], [18, 2, 18, 3], [18, 3, 18, 4], [18, 4, 18, 5], [18, 5, 18, 6], [18, 6, 18, 7], [18, 7, 18, 8], [18, 8, 17, 8], [17, 8, 14, 4], [14, 4, 14, 3], [14, 3, 13, 1], [13, 1, 11, 5], [11, 5, 11, 6], [11, 6, 11, 7], [11, 7, 10, 9], [10, 9, 11, 9], [11, 9, 11, 10], [11, 10, 9, 14], [9, 14, 7, 10], [7, 10, 5, 14]]}
META {"type": "geom", "shape": "tile", "group": "path", "data": [[18, 1], [18, 2], [18, 3], [18, 4], [18, 5], [18, 6], [18, 7], [18, 8], [17, 8], [17, 7], [16, 7], [16, 6], [15, 6], [15, 5], [14, 5], [14, 4], [14, 3], [14, 2], [13, 2], [13, 1], [13, 2], [12, 2], [12, 3], [11, 3], [11, 4], [11, 5], [11, 6], [11, 7], [11, 8], [10, 8], [10, 9], [11, 9], [11, 10], [11, 11], [10, 11], [10, 12], [9, 12], [9, 13], [9, 14], [9, 13], [8, 13], [8, 12], [7, 12], [7, 11], [7, 10], [7, 11], [6, 11], [6, 12], [5, 12], [5, 13], [5, 14]]}
META {"type": "geom", "shape": "line", "group": "offpath", "data": [[3, 6, 4, 5], [15, 7, 16, 8], [7, 4, 5, 4], [7, 7, 6, 7], [7, 3, 5, 1], [18, 13, 18, 12], [18, 12, 18, 13], [1, 8, 2, 7], [9, 2, 10, 3], [12, 13, 11, 12], [14, 6, 15, 7], [16, 8, 14, 6], [2, 10, 2, 9], [2, 7, 3, 6], [2, 9, 1, 8], [2, 11, 2, 10], [10, 3, 11, 4], [4, 6, 2, 11], [4, 5, 4, 6], [4, 12, 5, 13], [6, 4, 7, 4], [6, 8, 7, 7], [6, 7, 5, 8], [6, 3, 7, 3], [6, 0, 6, 1], [6, 1, 5, 3], [5, 4, 6, 4], [5, 8, 6, 8], [5, 13, 4, 12], [5, 3, 6, 3], [5, 1, 6, 0], [11, 4, 9, 2], [11, 12, 12, 13]]}
