XXXXXXXXXXXXXXXX
XXXXXXXXXXXXXXXX
XXXX}XXX--XXX-XX
XXXX------XXX-XX
XX------XXXXXXXX
XX---XX--XXXXXXX
XXX--XXX-XXXXXXX
XXX--XXX-XXXXXXX
XXX------XXXXXXX
XXX----X---XXXXX
XX-----XX--XXXXX
XX------X-#---XX
XX--#-#-------XX
XXX-----XX-#--XX
XXX--X---X---XXX
XXXXXX------XXXX
XXXXXXX--X---XXX
XXXX-XX--XX--XXX
XX----X---X--XXX
XX--#--#---#--XX
XXX-----------XX
XXXX-X--XX--X-XX
XXXXXXXXXX-XX-XX
XXXXXXXXXX--X-XX
XXXX----------XX
XX---XX-----X-XX
XX----X----XX-XX
XX-----#-#--X-XX
XX------------XX
XX--{------X--XX
XXXXXXXXXXXXXXXX
XXXXXXXXXXXXXXXX
META {"type": "solver", "id": "pysat-rc2", "objective": 0}
META {"type": "geom", "shape": "path", "group": "path", "data": [[29, 4, 29, 10], [29, 10, 19, 10], [19, 10, 19, 8], [19, 8, 20, 8], [20, 8, 14, 8], [14, 8, 14, 6], [14, 6, 15, 6], [15, 6, 13, 6], [13, 6, 13, 7], [13, 7, 13, 3], [13, 3, 14, 3], [14, 3, 4, 3], [4, 3, 4, 2], [4, 2, 5, 2], [5, 2, 5, 4], [5, 4, 11, 4], [11, 4, 11, 2], [11, 2, 10, 2], [10, 2, 10, 6], [10, 6, 8, 6], [8, 6, 8, 8], [8, 8, 9, 8], [9, 8, 5, 8], [5, 8, 5, 7], [5, 7, 3, 7], [3, 7, 3, 9], [3, 9, 2, 9], [2, 9, 2, 8], [2, 8, 3, 8], [3, 8, 3, 4], [3, 4, 2, 4]]}
META {"type": "geom", "shape": "tile", "group": "path", "data": [[29, 4], [29, 5], [29, 6], [29, 7], [29, 8], [29, 9], [29, 10], [28, 10], [27, 10], [26, 10], [25, 10], [24, 10], [23, 10], [22, 10], [21, 10], [20, 10], [19, 10], [19, 9], [19, 8], [20, 8], [19, 8], [18, 8], [17, 8], [16, 8], [15, 8], [14, 8], [14, 7], [14, 6], [15, 6], [14, 6], [13, 6], [13, 7], [13, 6], [13, 5], [13, 4], [13, 3], [14, 3], [13, 3], [12, 3], [11, 3], [10, 3], [9, 3], [8, 3], [7, 3], [6, 3], [5, 3], [4, 3], [4, 2], [5, 2], [5, 3], [5, 4], [6, 4], [7, 4], [8, 4], [9, 4], [10, 4], [11, 4], [11, 3], [11, 2], [10, 2], [10, 3], [10, 4], [10, 5], [10, 6], [9, 6], [8, 6], [8, 7], [8, 8], [9, 8], [8, 8], [7, 8], [6, 8], [5, 8], [5, 7], [4, 7], [3, 7], [3, 8], [3, 9], [2, 9], [2, 8], [3, 8], [3, 7], [3, 6], [3, 5], [3, 4], [2, 4]]}
META {"type": "geom", "shape": "line", "group": "offpath", "data": [[27, 10, 27, 11], [27, 6, 29, 6], [27, 11, 27, 10], [12, 11, 11, 11], [20, 5, 20, 3], [20, 9, 18, 9], [20, 3, 18, 3], [20, 11, 21, 11], [25, 4, 25, 2], [25, 7, 25, 11], [25, 3, 29, 3], [25, 2, 25, 4], [25, 11, 25, 7], [2, 13, 3, 13], [13, 4, 14, 4], [3, 6, 4, 6], [3, 13, 2, 13], [19, 5, 19, 6], [19, 6, 19, 5], [19, 2, 18, 2], [11, 11, 12, 11], [18, 5, 20, 5], [18, 9, 20, 9], [18, 3, 18, 5], [18, 2, 19, 2], [18, 11, 14, 11], [21, 6, 21, 7], [21, 7, 21, 6], [21, 11, 20, 11], [4, 6, 3, 6], [28, 12, 29, 12], [9, 9, 9, 10], [9, 10, 10, 10], [10, 9, 9, 9], [10, 10, 10, 9], [14, 4, 13, 4], [14, 11, 18, 11], [29, 12, 28, 12], [29, 6, 27, 6], [29, 3, 25, 3], [16, 12, 16, 10], [16, 10, 16, 12], [16, 7, 16, 8], [16, 8, 16, 7]]}
