--------------------------------
--------------------------------
-----------------Q--------------
-------------X------------------
----------X----------------Q----
-----XX----------X--------------
--------------------------------
---------XX----------Q----------
------Q--------XXX--------------
---------XX---------------------
---------------XXX--------------
-------------------------X------
-----<>-----X-----------XX------
-----[]-----XX----XX---XXX------
-{---[]-----XXX--XXX--XXXX----}-
XXXXXXXXXX--XXXXXXXXXXXXXXXXXXXX
META {"type": "solver", "id": "pysat-rc2", "objective": 0}
META {"type": "geom", "shape": "path", "group": "path", "data": [[14, 1, 10, 4], [10, 4, 11, 5], [11, 5, 10, 6], [10, 6, 11, 7], [11, 7, 12, 7], [12, 7, 13, 7], [13, 7, 14, 7], [14, 7, 14, 8], [14, 8, 10, 9], [10, 9, 11, 8], [11, 8, 12, 9], [12, 9, 13, 9], [13, 9, 14, 9], [14, 9, 11, 12], [11, 12, 9, 14], [9, 14, 10, 13], [10, 13, 11, 14], [11, 14, 12, 15], [12, 15, 13, 15], [13, 15, 14, 15], [14, 15, 10, 19], [10, 19, 11, 20], [11, 20, 12, 19], [12, 19, 10, 20], [10, 20, 11, 21], [11, 21, 12, 20], [12, 20, 13, 20], [13, 20, 14, 20], [14, 20, 10, 23], [10, 23, 11, 24], [11, 24, 7, 23], [7, 23, 8, 24], [8, 24, 9, 24], [9, 24, 10, 25], [10, 25, 6, 28], [6, 28, 7, 28], [7, 28, 8, 28], [8, 28, 9, 27], [9, 27, 10, 26], [10, 26, 11, 27], [11, 27, 12, 26], [12, 26, 13, 27], [13, 27, 14, 28], [14, 28, 12, 28], [12, 28, 13, 29], [13, 29, 14, 30]]}
META {"type": "geom", "shape": "tile", "group": "path", "data": [[14, 1], [13, 1], [13, 2], [12, 2], [12, 3], [11, 3], [11, 4], [10, 4], [11, 4], [11, 5], [10, 5], [10, 6], [11, 6], [11, 7], [12, 7], [13, 7], [14, 7], [14, 8], [13, 8], [12, 8], [11, 8], [10, 8], [10, 9], [11, 9], [11, 8], [12, 8], [12, 9], [13, 9], [14, 9], [13, 9], [13, 10], [12, 10], [12, 11], [11, 11], [11, 12], [10, 12], [10, 13], [9, 13], [9, 14], [10, 14], [10, 13], [11, 13], [11, 14], [12, 14], [12, 15], [13, 15], [14, 15], [13, 15], [13, 16], [12, 16], [12, 17], [11, 17], [11, 18], [10, 18], [10, 19], [11, 19], [11, 20], [12, 20], [12, 19], [11, 19], [11, 20], [10, 20], [11, 20], [11, 21], [12, 21], [12, 20], [13, 20], [14, 20], [13, 20], [13, 21], [12, 21], [12, 22], [11, 22], [11, 23], [10, 23], [11, 23], [11, 24], [10, 24], [9, 24], [8, 24], [7, 24], [7, 23], [8, 23], [8, 24], [9, 24], [10, 24], [10, 25], [9, 25], [9, 26], [8, 26], [8, 27], [7, 27], [7, 28], [6, 28], [7, 28], [8, 28], [9, 28], [9, 27], [10, 27], [10, 26], [11, 26], [11, 27], [12, 27], [12, 26], [13, 26], [13, 27], [14, 27], [14, 28], [13, 28], [12, 28], [13, 28], [13, 29], [14, 29], [14, 30]]}
META {"type": "geom", "shape": "line", "group": "offpath", "data": [[3, 8, 4, 7], [3, 27, 0, 25], [3, 14, 4, 14], [3, 7, 4, 6], [3, 18, 4, 17], [3, 4, 4, 5], [3, 20, 4, 20], [3, 15, 4, 16], [3, 9, 4, 8], [7, 16, 7, 17], [7, 6, 3, 9], [7, 15, 3, 15], [7, 17, 3, 20], [12, 30, 13, 30], [12, 2, 13, 3], [12, 3, 13, 2], [12, 13, 11, 13], [12, 1, 13, 0], [10, 3, 11, 2], [10, 31, 11, 31], [14, 2, 11, 0], [14, 3, 10, 3], [14, 31, 10, 31], [14, 0, 12, 2], [1, 25, 2, 26], [1, 8, 2, 7], [1, 14, 2, 13], [1, 6, 2, 5], [1, 15, 2, 14], [1, 17, 0, 16], [5, 16, 6, 15], [5, 8, 6, 7], [5, 21, 6, 21], [5, 10, 6, 10], [5, 13, 6, 14], [5, 9, 6, 9], [13, 30, 14, 31], [13, 2, 14, 2], [13, 3, 14, 3], [13, 0, 14, 0], [6, 14, 7, 15], [6, 21, 3, 18], [6, 10, 3, 7], [6, 7, 7, 6], [6, 15, 7, 16], [6, 9, 4, 9], [11, 2, 12, 3], [11, 31, 12, 30], [11, 13, 12, 13], [11, 0, 12, 1], [4, 16, 5, 16], [4, 8, 5, 9], [4, 5, 0, 9], [4, 14, 5, 13], [4, 7, 5, 8], [4, 6, 1, 6], [4, 20, 5, 21], [4, 9, 5, 10], [4, 17, 1, 14], [2, 5, 3, 4], [2, 14, 3, 14], [2, 7, 3, 8], [2, 13, 0, 15], [2, 26, 3, 27], [0, 16, 1, 17], [0, 25, 1, 25], [0, 15, 1, 15], [0, 9, 1, 8]]}
