--------------------------------
--------------------------------
--------------------------------
---------------X-----XX---------
------------------X-------------
-----X--------------------------
--------------------------------
---------------XQX--X-----------
-----Q--------------------------
--------------------------------
--X---------------Q--XX---------
--------X-----------------------
-------XX----<>----------X------
------XXX----[]---XX--Q--XX-----
-{---XXXX----[]--XXX-----XXX--}-
XXXXXXXXXXXXXXXXXXXX-----XXXXXXX
META {"type": "solver", "id": "pysat-rc2", "objective": 0}
META {"type": "geom", "shape": "path", "group": "path", "data": [[14, 1, 10, 1], [10, 1, 11, 2], [11, 2, 12, 3], [12, 3, 13, 3], [13, 3, 14, 4], [14, 4, 13, 5], [13, 5, 9, 6], [9, 6, 10, 6], [10, 6, 11, 7], [11, 7, 7, 8], [7, 8, 8, 8], [8, 8, 9, 9], [9, 9, 10, 8], [10, 8, 6, 12], [6, 12, 7, 13], [7, 13, 8, 14], [8, 14, 9, 14], [9, 14, 10, 14], [10, 14, 11, 14], [11, 14, 8, 17], [8, 17, 9, 17], [9, 17, 10, 16], [10, 16, 11, 17], [11, 17, 12, 17], [12, 17, 13, 17], [13, 17, 9, 21], [9, 21, 5, 25], [5, 25, 6, 26], [6, 26, 7, 27], [7, 27, 8, 28], [8, 28, 9, 29], [9, 29, 10, 29], [10, 29, 11, 30], [11, 30, 12, 30], [12, 30, 13, 30], [13, 30, 14, 29], [14, 29, 12, 28], [12, 28, 13, 27], [13, 27, 9, 31], [9, 31, 10, 31], [10, 31, 11, 31], [11, 31, 12, 31], [12, 31, 13, 31], [13, 31, 14, 31], [14, 31, 12, 29], [12, 29, 13, 28], [13, 28, 14, 28], [14, 28, 13, 29], [13, 29, 14, 30]]}
META {"type": "geom", "shape": "tile", "group": "path", "data": [[14, 1], [13, 1], [12, 1], [11, 1], [10, 1], [11, 1], [11, 2], [12, 2], [12, 3], [13, 3], [14, 3], [14, 4], [13, 4], [13, 5], [12, 5], [11, 5], [10, 5], [9, 5], [9, 6], [10, 6], [11, 6], [11, 7], [10, 7], [9, 7], [8, 7], [7, 7], [7, 8], [8, 8], [9, 8], [9, 9], [10, 9], [10, 8], [9, 8], [9, 9], [8, 9], [8, 10], [7, 10], [7, 11], [6, 11], [6, 12], [7, 12], [7, 13], [8, 13], [8, 14], [9, 14], [10, 14], [11, 14], [10, 14], [10, 15], [9, 15], [9, 16], [8, 16], [8, 17], [9, 17], [10, 17], [10, 16], [11, 16], [11, 17], [12, 17], [13, 17], [12, 17], [12, 18], [11, 18], [11, 19], [10, 19], [10, 20], [9, 20], [9, 21], [8, 21], [8, 22], [7, 22], [7, 23], [6, 23], [6, 24], [5, 24], [5, 25], [6, 25], [6, 26], [7, 26], [7, 27], [8, 27], [8, 28], [9, 28], [9, 29], [10, 29], [11, 29], [11, 30], [12, 30], [13, 30], [14, 30], [14, 29], [13, 29], [13, 28], [12, 28], [13, 28], [13, 27], [12, 27], [12, 28], [11, 28], [11, 29], [10, 29], [10, 30], [9, 30], [9, 31], [10, 31], [11, 31], [12, 31], [13, 31], [14, 31], [13, 31], [13, 30], [12, 30], [12, 29], [13, 29], [13, 28], [14, 28], [13, 28], [13, 29], [14, 29], [14, 30]]}
META {"type": "geom", "shape": "line", "group": "offpath", "data": [[4, 19, 5, 20], [4, 2, 5, 3], [4, 14, 5, 15], [4, 5, 2, 4], [8, 21, 9, 20], [8, 23, 9, 22], [8, 26, 9, 27], [8, 22, 9, 23], [8, 12, 9, 11], [8, 3, 9, 2], [11, 13, 7, 12], [11, 19, 12, 18], [11, 22, 12, 22], [11, 20, 12, 19], [11, 12, 12, 12], [11, 27, 12, 26], [13, 1, 14, 0], [13, 12, 14, 12], [14, 0, 12, 0], [14, 12, 10, 11], [0, 21, 1, 21], [0, 13, 1, 12], [0, 20, 1, 19], [1, 21, 2, 22], [1, 19, 2, 18], [1, 12, 2, 13], [3, 1, 4, 2], [3, 13, 4, 14], [3, 20, 4, 19], [3, 18, 0, 21], [3, 5, 4, 5], [6, 4, 7, 5], [6, 17, 5, 18], [6, 16, 2, 15], [6, 24, 7, 23], [6, 20, 2, 20], [6, 3, 7, 4], [6, 15, 5, 16], [10, 23, 11, 22], [10, 11, 11, 12], [10, 28, 11, 27], [10, 20, 11, 19], [10, 12, 11, 13], [12, 19, 11, 20], [12, 26, 8, 23], [12, 22, 8, 26], [12, 0, 13, 1], [12, 12, 13, 12], [12, 18, 8, 21], [5, 2, 6, 3], [5, 16, 6, 15], [5, 20, 6, 20], [5, 3, 6, 4], [5, 15, 6, 16], [5, 18, 6, 17], [2, 21, 0, 20], [2, 4, 3, 5], [2, 13, 3, 13], [2, 22, 2, 21], [2, 20, 3, 20], [2, 15, 0, 13], [2, 18, 3, 18], [9, 23, 10, 23], [9, 11, 10, 12], [9, 2, 5, 2], [9, 22, 6, 24], [9, 20, 10, 20], [9, 27, 10, 28], [7, 4, 8, 3], [7, 23, 8, 22], [7, 12, 8, 12], [7, 5, 3, 1]]}
