--------------------------------
--------------------------------
-------X------------------------
--------------------------------
-----------X-----Q--------------
--XXX---X-----X--------------X--
--------------------------------
--------------------------------
----XXX--------XQX------<>------
---------Q--X-----------[]------
------------------------[]------
------------------------[]------
-------X----X------X----[]------
------XX----XX-----XX---[]------
-{---XXX----XXX----XXX--[]----}-
XXXXXXXXXXXXXXXXXXXXXXXXXXXXXXXX
META {"type": "solver", "id": "pysat-rc2", "objective": 0}
META {"type": "geom", "shape": "path", "group": "path", "data": [[14, 1, 10, 2], [10, 2, 11, 1], [11, 1, 12, 0], [12, 0, 13, 1], [13, 1, 14, 0], [14, 0, 10, 1], [10, 1, 11, 2], [11, 2, 12, 1], [12, 1, 13, 2], [13, 2, 14, 3], [14, 3, 10, 7], [10, 7, 11, 7], [11, 7, 7, 8], [7, 8, 8, 9], [8, 9, 4, 13], [4, 13, 5, 13], [5, 13, 6, 14], [6, 14, 7, 15], [7, 15, 7, 16], [7, 16, 3, 17], [3, 17, 0, 20], [0, 20, 1, 21], [1, 21, 2, 21], [2, 21, 3, 21], [3, 21, 4, 21], [4, 21, 5, 22], [5, 22, 6, 23], [6, 23, 7, 24], [7, 24, 5, 24], [5, 24, 6, 24], [6, 24, 7, 25], [7, 25, 4, 28], [4, 28, 5, 27], [5, 27, 6, 28], [6, 28, 7, 28], [7, 28, 8, 28], [8, 28, 9, 27], [9, 27, 10, 26], [10, 26, 11, 26], [11, 26, 12, 27], [12, 27, 13, 26], [13, 26, 14, 26], [14, 26, 12, 26], [12, 26, 13, 27], [13, 27, 14, 27], [14, 27, 10, 31], [10, 31, 11, 30], [11, 30, 12, 30], [12, 30, 13, 29], [13, 29, 14, 28], [14, 28, 11, 28], [11, 28, 12, 28], [12, 28, 13, 28], [13, 28, 14, 29], [14, 29, 11, 31], [11, 31, 12, 31], [12, 31, 13, 31], [13, 31, 14, 31], [14, 31, 10, 28], [10, 28, 11, 29], [11, 29, 12, 29], [12, 29, 13, 30], [13, 30, 14, 30]]}
META {"type": "geom", "shape": "tile", "group": "path", "data": [[14, 1], [13, 1], [12, 1], [11, 1], [10, 1], [10, 2], [11, 2], [11, 1], [12, 1], [12, 0], [13, 0], [13, 1], [14, 1], [14, 0], [13, 0], [12, 0], [11, 0], [10, 0], [10, 1], [11, 1], [11, 2], [12, 2], [12, 1], [13, 1], [13, 2], [14, 2], [14, 3], [13, 3], [13, 4], [12, 4], [12, 5], [11, 5], [11, 6], [10, 6], [10, 7], [11, 7], [10, 7], [9, 7], [8, 7], [7, 7], [7, 8], [8, 8], [8, 9], [7, 9], [7, 10], [6, 10], [6, 11], [5, 11], [5, 12], [4, 12], [4, 13], [5, 13], [6, 13], [6, 14], [7, 14], [7, 15], [7, 16], [6, 16], [5, 16], [4, 16], [3, 16], [3, 17], [2, 17], [2, 18], [1, 18], [1, 19], [0, 19], [0, 20], [1, 20], [1, 21], [2, 21], [3, 21], [4, 21], [5, 21], [5, 22], [6, 22], [6, 23], [7, 23], [7, 24], [6, 24], [5, 24], [6, 24], [7, 24], [7, 25], [6, 25], [6, 26], [5, 26], [5, 27], [4, 27], [4, 28], [5, 28], [5, 27], [6, 27], [6, 28], [7, 28], [8, 28], [9, 28], [9, 27], [10, 27], [10, 26], [11, 26], [12, 26], [12, 27], [13, 27], [13, 26], [14, 26], [13, 26], [12, 26], [13, 26], [13, 27], [14, 27], [13, 27], [13, 28], [12, 28], [12, 29], [11, 29], [11, 30], [10, 30], [10, 31], [11, 31], [11, 30], [12, 30], [13, 30], [13, 29], [14, 29], [14, 28], [13, 28], [12, 28], [11, 28], [12, 28], [13, 28], [14, 28], [14, 29], [13, 29], [13, 30], [12, 30], [12, 31], [11, 31], [12, 31], [13, 31], [14, 31], [13, 31], [13, 30], [12, 30], [12, 29], [11, 29], [11, 28], [10, 28], [11, 28], [11, 29], [12, 29], [13, 29], [13, 30], [14, 30]]}
META {"type": "geom", "shape": "line", "group": "offpath", "data": [[8, 12, 4, 8], [8, 19, 9, 20], [8, 8, 9, 7], [3, 4, 4, 3], [3, 15, 4, 14], [3, 6, 4, 7], [3, 29, 4, 29], [3, 11, 0, 13], [3, 2, 4, 2], [3, 10, 4, 9], [3, 5, 4, 4], [14, 4, 13, 5], [14, 15, 11, 15], [14, 9, 11, 12], [14, 11, 10, 10], [14, 2, 10, 3], [14, 23, 11, 21], [14, 10, 14, 11], [14, 17, 10, 17], [14, 8, 13, 8], [14, 18, 13, 18], [14, 22, 10, 22], [2, 4, 3, 5], [2, 6, 3, 6], [2, 11, 3, 10], [2, 1, 3, 2], [2, 12, 3, 11], [2, 14, 3, 15], [2, 28, 3, 29], [10, 10, 11, 11], [10, 3, 11, 3], [10, 19, 11, 19], [10, 13, 11, 13], [10, 17, 11, 16], [10, 8, 11, 8], [10, 14, 11, 14], [10, 22, 11, 22], [13, 4, 14, 4], [13, 16, 14, 15], [13, 9, 14, 8], [13, 11, 14, 10], [13, 23, 14, 23], [13, 3, 14, 2], [13, 5, 13, 4], [13, 17, 14, 18], [13, 8, 14, 9], [13, 14, 9, 14], [13, 18, 14, 17], [13, 22, 14, 22], [4, 4, 2, 4], [4, 6, 5, 5], [4, 9, 5, 10], [4, 29, 0, 26], [4, 2, 1, 2], [4, 3, 0, 6], [4, 8, 0, 9], [4, 14, 0, 11], [4, 7, 5, 7], [9, 13, 10, 14], [9, 14, 10, 13], [9, 7, 10, 8], [9, 20, 10, 19], [12, 15, 13, 16], [12, 6, 11, 6], [12, 9, 13, 9], [12, 2, 13, 3], [12, 23, 13, 23], [12, 10, 13, 11], [12, 13, 8, 12], [12, 21, 13, 22], [12, 17, 13, 17], [12, 14, 13, 14], [12, 20, 11, 20], [5, 10, 6, 10], [5, 5, 6, 4], [5, 7, 6, 6], [1, 27, 2, 28], [1, 6, 2, 6], [1, 2, 2, 1], [1, 10, 2, 11], [1, 12, 2, 12], [1, 14, 2, 14], [1, 7, 0, 7], [11, 15, 12, 15], [11, 16, 12, 17], [11, 6, 12, 6], [11, 11, 12, 10], [11, 3, 12, 2], [11, 12, 9, 13], [11, 19, 7, 19], [11, 13, 12, 14], [11, 21, 12, 21], [11, 8, 12, 9], [11, 14, 12, 13], [11, 22, 12, 23], [11, 20, 12, 20], [0, 6, 1, 7], [0, 9, 1, 10], [0, 11, 1, 12], [0, 26, 1, 27], [0, 13, 1, 14], [0, 7, 1, 6], [7, 4, 7, 5], [7, 6, 4, 6], [7, 9, 8, 8], [7, 5, 3, 4], [7, 19, 8, 19], [6, 4, 7, 4], [6, 6, 7, 6], [6, 10, 7, 9]]}
