--------------------------------
--------------------------------
--------------------------------
--------------------------------
------Q----------Q--------------
---Q----------------Q--Q----XX--
--------------------------------
------XX-----XX-----------------
--------------------------------
---------------------X---X------
--------------------------------
-------XX-----------------------
------XXX--<>--X----------------
-----XXXX--[]--XX---------------
-{--XXXXX--[]--XXX------------}-
XXXXXXXXXXXXXXXXXXXXXXXXXXXXXXXX
META {"type": "solver", "id": "pysat-rc2", "objective": 0}
META {"type": "geom", "shape": "path", "group": "path", "data": [[14, 1, 10, 4], [10, 4, 11, 3], [11, 3, 12, 3], [12, 3, 13, 4], [13, 4, 9, 7], [9, 7, 10, 7], [10, 7, 6, 3], [6, 3, 7, 4], [7, 4, 8, 4], [8, 4, 9, 4], [9, 4, 10, 3], [10, 3, 11, 4], [11, 4, 12, 5], [12, 5, 8, 8], [8, 8, 9, 8], [9, 8, 10, 8], [10, 8, 6, 7], [6, 7, 3, 9], [3, 9, 4, 8], [4, 8, 5, 7], [5, 7, 6, 6], [6, 6, 2, 3], [2, 3, 3, 4], [3, 4, 4, 3], [4, 3, 1, 5], [1, 5, 2, 6], [2, 6, 3, 6], [3, 6, 0, 9], [0, 9, 1, 10], [1, 10, 2, 10], [2, 10, 3, 10], [3, 10, 4, 11], [4, 11, 5, 12], [5, 12, 6, 13], [6, 13, 5, 13], [5, 13, 6, 14], [6, 14, 2, 18], [2, 18, 3, 19], [3, 19, 4, 19], [4, 19, 5, 19], [5, 19, 6, 20], [6, 20, 7, 20], [7, 20, 8, 21], [8, 21, 4, 20], [4, 20, 3, 21], [3, 21, 4, 21], [4, 21, 5, 22], [5, 22, 6, 23], [6, 23, 7, 22], [7, 22, 8, 23], [8, 23, 9, 23], [9, 23, 10, 22], [10, 22, 11, 23], [11, 23, 12, 22], [12, 22, 13, 23], [13, 23, 14, 22], [14, 22, 10, 26], [10, 26, 11, 26], [11, 26, 12, 25], [12, 25, 13, 26], [13, 26, 14, 26], [14, 26, 11, 29], [11, 29, 12, 30], [12, 30, 13, 29], [13, 29, 14, 30]]}
META {"type": "geom", "shape": "tile", "group": "path", "data": [[14, 1], [13, 1], [13, 2], [12, 2], [12, 3], [11, 3], [11, 4], [10, 4], [11, 4], [11, 3], [12, 3], [13, 3], [13, 4], [12, 4], [12, 5], [11, 5], [11, 6], [10, 6], [10, 7], [9, 7], [10, 7], [9, 7], [9, 6], [8, 6], [8, 5], [7, 5], [7, 4], [6, 4], [6, 3], [7, 3], [7, 4], [8, 4], [9, 4], [10, 4], [10, 3], [11, 3], [11, 4], [12, 4], [12, 5], [11, 5], [11, 6], [10, 6], [10, 7], [9, 7], [9, 8], [8, 8], [9, 8], [10, 8], [9, 8], [8, 8], [7, 8], [6, 8], [6, 7], [5, 7], [5, 8], [4, 8], [4, 9], [3, 9], [4, 9], [4, 8], [5, 8], [5, 7], [6, 7], [6, 6], [5, 6], [5, 5], [4, 5], [4, 4], [3, 4], [3, 3], [2, 3], [3, 3], [3, 4], [4, 4], [4, 3], [3, 3], [3, 4], [2, 4], [2, 5], [1, 5], [2, 5], [2, 6], [3, 6], [2, 6], [2, 7], [1, 7], [1, 8], [0, 8], [0, 9], [1, 9], [1, 10], [2, 10], [3, 10], [4, 10], [4, 11], [5, 11], [5, 12], [6, 12], [6, 13], [5, 13], [6, 13], [6, 14], [5, 14], [5, 15], [4, 15], [4, 16], [3, 16], [3, 17], [2, 17], [2, 18], [3, 18], [3, 19], [4, 19], [5, 19], [6, 19], [6, 20], [7, 20], [8, 20], [8, 21], [7, 21], [6, 21], [5, 21], [4, 21], [4, 20], [3, 20], [3, 21], [4, 21], [5, 21], [5, 22], [6, 22], [6, 23], [7, 23], [7, 22], [8, 22], [8, 23], [9, 23], [10, 23], [10, 22], [11, 22], [11, 23], [12, 23], [12, 22], [13, 22], [13, 23], [14, 23], [14, 22], [13, 22], [13, 23], [12, 23], [12, 24], [11, 24], [11, 25], [10, 25], [10, 26], [11, 26], [12, 26], [12, 25], [13, 25], [13, 26], [14, 26], [13, 26], [13, 27], [12, 27], [12, 28], [11, 28], [11, 29], [12, 29], [12, 30], [13, 30], [13, 29], [14, 29], [14, 30]]}
META {"type": "geom", "shape": "line", "group": "offpath", "data": [[11, 25, 12, 24], [11, 27, 12, 26], [11, 11, 8, 14], [11, 21, 12, 21], [11, 28, 12, 29], [11, 0, 12, 0], [11, 24, 12, 23], [11, 20, 12, 20], [11, 12, 7, 16], [11, 1, 12, 2], [11, 19, 12, 19], [11, 15, 8, 12], [10, 27, 11, 27], [10, 0, 11, 1], [10, 24, 11, 24], [10, 20, 11, 20], [10, 12, 11, 11], [10, 13, 11, 12], [10, 19, 11, 19], [10, 14, 11, 15], [2, 23, 3, 24], [2, 16, 3, 17], [2, 29, 3, 29], [3, 17, 1, 15], [3, 24, 4, 23], [3, 29, 4, 29], [14, 25, 11, 28], [14, 21, 10, 20], [14, 28, 11, 25], [14, 0, 10, 0], [14, 31, 13, 30], [14, 24, 10, 27], [14, 20, 10, 24], [14, 18, 13, 18], [14, 19, 12, 18], [14, 23, 11, 21], [14, 3, 11, 0], [14, 29, 12, 31], [9, 11, 10, 12], [9, 18, 10, 19], [9, 12, 10, 13], [9, 13, 10, 14], [7, 16, 8, 17], [7, 26, 8, 25], [4, 23, 2, 23], [4, 29, 2, 29], [8, 25, 7, 26], [8, 17, 9, 18], [8, 12, 9, 11], [8, 13, 9, 12], [8, 14, 9, 13], [1, 15, 2, 16], [13, 25, 14, 25], [13, 21, 14, 21], [13, 17, 12, 16], [13, 28, 14, 28], [13, 0, 14, 0], [13, 31, 14, 31], [13, 24, 14, 24], [13, 20, 14, 20], [13, 30, 14, 29], [13, 18, 14, 18], [13, 19, 14, 19], [13, 3, 14, 3], [13, 22, 14, 23], [12, 21, 13, 21], [12, 0, 13, 0], [12, 31, 13, 31], [12, 24, 13, 24], [12, 20, 13, 20], [12, 18, 13, 17], [12, 19, 13, 19], [12, 23, 13, 22], [12, 16, 8, 13], [12, 26, 13, 25], [12, 29, 13, 28], [12, 2, 13, 3]]}
