--------------------------------
--------------------------------
------X---XXX-------------------
--------------------------------
--------------------------------
--XQXQQXQX--------------X-------
----------------------------XX--
-----------------XXX------------
----Q---------X-----------------
--------------------------------
--------------------X------X----
--------------------------XX----
------X------<>----------XXX----
------XX-----[]---------XXXX----
-{----XXX----[]--------XXXXX--}-
XXXXXXXXXXXXXXXXXXXXXXXXXXXXXXXX
META {"type": "solver", "id": "pysat-rc2", "objective": 0}
META {"type": "geom", "shape": "path", "group": "path", "data": [[14, 1, 12, 0], [12, 0, 13, 0], [13, 0, 14, 0], [14, 0, 12, 2], [12, 2, 13, 2], [13, 2, 14, 2], [14, 2, 10, 5], [10, 5, 11, 6], [11, 6, 7, 10], [7, 10, 8, 11], [8, 11, 9, 12], [9, 12, 10, 13], [10, 13, 11, 13], [11, 13, 8, 10], [8, 10, 9, 9], [9, 9, 10, 8], [10, 8, 11, 9], [11, 9, 12, 9], [12, 9, 13, 10], [13, 10, 14, 10], [14, 10, 10, 14], [10, 14, 11, 15], [11, 15, 12, 15], [12, 15, 13, 16], [13, 16, 14, 15], [14, 15, 10, 16], [10, 16, 11, 16], [11, 16, 12, 16], [12, 16, 13, 17], [13, 17, 14, 16], [14, 16, 14, 17], [14, 17, 12, 19], [12, 19, 13, 19], [13, 19, 14, 19], [14, 19, 11, 21], [11, 21, 12, 20], [12, 20, 13, 21], [13, 21, 14, 20], [14, 20, 12, 22], [12, 22, 13, 22], [13, 22, 14, 21], [14, 21, 10, 25], [10, 25, 11, 25], [11, 25, 9, 27], [9, 27, 7, 27], [7, 27, 8, 28], [8, 28, 9, 28], [9, 28, 10, 29], [10, 29, 11, 29], [11, 29, 12, 28], [12, 28, 13, 29], [13, 29, 14, 28], [14, 28, 11, 30], [11, 30, 12, 30], [12, 30, 13, 30], [13, 30, 14, 31], [14, 31, 11, 28], [11, 28, 12, 29], [12, 29, 13, 28], [13, 28, 14, 29], [14, 29, 11, 31], [11, 31, 12, 31], [12, 31, 13, 31], [13, 31, 14, 30]]}
META {"type": "geom", "shape": "tile", "group": "path", "data": [[14, 1], [13, 1], [13, 0], [12, 0], [13, 0], [14, 0], [13, 0], [13, 1], [12, 1], [12, 2], [13, 2], [14, 2], [13, 2], [13, 3], [12, 3], [12, 4], [11, 4], [11, 5], [10, 5], [11, 5], [11, 6], [10, 6], [10, 7], [9, 7], [9, 8], [8, 8], [8, 9], [7, 9], [7, 10], [8, 10], [8, 11], [9, 11], [9, 12], [10, 12], [10, 13], [11, 13], [10, 13], [10, 12], [9, 12], [9, 11], [8, 11], [8, 10], [9, 10], [9, 9], [10, 9], [10, 8], [11, 8], [11, 9], [12, 9], [13, 9], [13, 10], [14, 10], [13, 10], [13, 11], [12, 11], [12, 12], [11, 12], [11, 13], [10, 13], [10, 14], [11, 14], [11, 15], [12, 15], [13, 15], [13, 16], [14, 16], [14, 15], [13, 15], [12, 15], [11, 15], [10, 15], [10, 16], [11, 16], [12, 16], [13, 16], [13, 17], [14, 17], [14, 16], [14, 17], [13, 17], [13, 18], [12, 18], [12, 19], [13, 19], [14, 19], [13, 19], [13, 20], [12, 20], [12, 21], [11, 21], [12, 21], [12, 20], [13, 20], [13, 21], [14, 21], [14, 20], [13, 20], [13, 21], [12, 21], [12, 22], [13, 22], [14, 22], [14, 21], [13, 21], [13, 22], [12, 22], [12, 23], [11, 23], [11, 24], [10, 24], [10, 25], [11, 25], [10, 25], [10, 26], [9, 26], [9, 27], [8, 27], [7, 27], [8, 27], [8, 28], [9, 28], [10, 28], [10, 29], [11, 29], [12, 29], [12, 28], [13, 28], [13, 29], [14, 29], [14, 28], [13, 28], [13, 29], [12, 29], [12, 30], [11, 30], [12, 30], [13, 30], [14, 30], [14, 31], [13, 31], [13, 30], [12, 30], [12, 29], [11, 29], [11, 28], [12, 28], [12, 29], [13, 29], [13, 28], [14, 28], [14, 29], [13, 29], [13, 30], [12, 30], [12, 31], [11, 31], [12, 31], [13, 31], [14, 31], [14, 30]]}
META {"type": "geom", "shape": "line", "group": "offpath", "data": [[10, 17, 11, 17], [10, 26, 6, 26], [10, 10, 11, 10], [10, 12, 11, 11], [5, 28, 2, 28], [5, 29, 1, 25], [5, 19, 6, 19], [5, 23, 6, 22], [5, 18, 6, 17], [5, 15, 6, 14], [9, 26, 10, 26], [9, 20, 5, 19], [2, 9, 3, 10], [2, 7, 3, 7], [2, 26, 3, 26], [2, 5, 3, 5], [2, 28, 3, 27], [2, 4, 3, 4], [2, 14, 3, 15], [2, 25, 3, 25], [2, 21, 3, 22], [4, 9, 2, 7], [4, 27, 5, 28], [4, 5, 0, 6], [4, 28, 5, 29], [4, 8, 0, 8], [4, 19, 5, 18], [4, 23, 5, 23], [4, 3, 0, 3], [4, 15, 5, 15], [4, 24, 1, 27], [4, 2, 3, 2], [12, 17, 13, 18], [12, 10, 13, 11], [12, 11, 13, 12], [0, 8, 1, 9], [0, 10, 1, 10], [0, 6, 1, 6], [0, 3, 1, 3], [0, 12, 1, 12], [3, 7, 4, 8], [3, 26, 4, 27], [3, 27, 4, 28], [3, 5, 4, 5], [3, 10, 4, 9], [3, 22, 4, 23], [3, 4, 4, 3], [3, 25, 4, 24], [3, 18, 4, 19], [3, 15, 4, 15], [3, 2, 4, 2], [11, 17, 12, 17], [11, 10, 12, 10], [11, 11, 12, 11], [8, 25, 9, 26], [8, 21, 9, 20], [13, 3, 14, 3], [13, 12, 14, 12], [13, 18, 14, 18], [13, 11, 14, 11], [6, 17, 2, 21], [6, 26, 7, 26], [6, 22, 7, 22], [6, 14, 7, 14], [6, 19, 6, 18], [6, 18, 2, 14], [14, 3, 13, 3], [14, 12, 10, 12], [14, 18, 10, 17], [14, 11, 10, 10], [7, 26, 8, 25], [7, 22, 8, 21], [7, 14, 3, 18], [1, 9, 2, 9], [1, 27, 2, 26], [1, 5, 2, 5], [1, 10, 0, 10], [1, 25, 2, 25], [1, 6, 1, 5], [1, 3, 2, 4], [1, 12, 1, 11], [1, 11, 0, 12]]}
