XXXXXXXXXXXXXXXX
XXX-XXX---X---1X
X0-----------XXX
XXX---------XXXX
XXX---------XXXX
X--X--XXXXXX-XXX
XX-X--XXXXXX-XXX
X--X-X------X--X
XX------XXX----X
X-XXXXXX---XXXXX
X----------XXXXX
XXX---XX-------X
XXX---XX--XXXXXX
XXX-XX--X-XXXXXX
X2--XX--------3X
XXXXXXXXXXXXXXXX
META {"type": "solver", "id": "pysat-rc2", "objective": 0}
META {"type": "geom", "shape": "path", "group": "path", "data": [[2, 1, 2, 2], [2, 2, 2, 3], [2, 3, 2, 4], [2, 4, 2, 5], [2, 5, 2, 6], [2, 6, 2, 7], [2, 7, 2, 8], [2, 8, 2, 9], [2, 9, 2, 10], [2, 10, 2, 11], [2, 11, 1, 11], [1, 11, 1, 12], [1, 12, 1, 13], [1, 13, 1, 14]]}
META {"type": "geom", "shape": "path", "group": "path", "data": [[14, 1, 14, 2], [14, 2, 14, 3], [14, 3, 13, 3], [13, 3, 12, 3], [12, 3, 11, 3], [11, 3, 10, 3], [10, 3, 10, 4], [10, 4, 10, 5], [10, 5, 10, 6], [10, 6, 10, 7], [10, 7, 10, 8], [10, 8, 10, 9], [10, 9, 11, 9], [11, 9, 12, 9], [12, 9, 13, 9], [13, 9, 14, 9], [14, 9, 14, 10], [14, 10, 14, 11], [14, 11, 14, 12], [14, 12, 14, 13], [14, 13, 14, 14]]}
META {"type": "geom", "shape": "tile", "group": "reachable", "data": [[2, 1], [2, 2], [2, 3], [1, 3], [3, 3], [2, 4], [3, 4], [2, 5], [4, 3], [3, 5], [2, 6], [4, 4], [3, 6], [2, 7], [4, 5], [5, 4], [1, 7], [3, 7], [2, 8], [4, 6], [5, 5], [6, 4], [1, 8], [3, 8], [2, 9], [4, 7], [6, 5], [7, 4], [1, 9], [3, 9], [2, 10], [4, 8], [8, 4], [3, 10], [2, 11], [4, 9], [8, 3], [8, 5], [1, 11], [3, 11], [2, 12], [4, 10], [8, 2], [8, 6], [1, 12], [4, 11], [7, 2], [7, 6], [8, 7], [1, 13], [6, 2], [7, 1], [7, 7], [5, 2], [7, 8], [5, 1], [7, 9], [7, 10], [7, 11], [8, 11], [8, 12], [8, 13], [7, 13], [8, 14], [7, 14]]}
