XXXXXXXXXXXXXXXX
X0--XX-X------1X
XXX------XXX-XXX
XXX----XX----XXX
X----XXXXXXXX--X
XX---XXXXXXXX-XX
XX-XX--XX------X
X--XX-------X-XX
XXXXXX-X--X-X-XX
XXXXXXX-----X--X
XXXXXXXX-------X
XXXXXXXX--X----X
XXX-------X--XXX
XXX--X----X--XXX
X2------------3X
XXXXXXXXXXXXXXXX
META {"type": "solver", "id": "pysat-rc2", "objective": 0}
META {"type": "geom", "shape": "path", "group": "path", "data": [[1, 1, 1, 2], [1, 2, 1, 3], [1, 3, 2, 3], [2, 3, 2, 4], [2, 4, 2, 5], [2, 5, 2, 6], [2, 6, 2, 7], [2, 7, 2, 8], [2, 8, 1, 8], [1, 8, 1, 9], [1, 9, 1, 10], [1, 10, 1, 11], [1, 11, 1, 12], [1, 12, 1, 13], [1, 13, 1, 14]]}
META {"type": "geom", "shape": "path", "group": "path", "data": [[14, 1, 14, 2], [14, 2, 14, 3], [14, 3, 14, 4], [14, 4, 14, 5], [14, 5, 14, 6], [14, 6, 14, 7], [14, 7, 14, 8], [14, 8, 14, 9], [14, 9, 14, 10], [14, 10, 14, 11], [14, 11, 14, 12], [14, 12, 14, 13], [14, 13, 14, 14]]}
META {"type": "geom", "shape": "tile", "group": "reachable", "data": [[1, 1], [1, 2], [1, 3], [2, 3], [3, 3], [2, 4], [3, 4], [2, 5], [4, 3], [3, 5], [2, 6], [4, 4], [5, 3], [4, 2], [1, 6], [3, 6], [2, 7], [5, 4], [5, 2], [4, 1], [2, 8], [6, 2], [1, 8], [7, 2], [1, 9], [7, 1], [1, 10], [1, 11], [1, 12], [2, 12], [1, 13], [3, 12], [3, 11], [3, 10], [3, 9]]}
