--------------------------------
--------------------------------
--------------------------------
--------------------------------
---------------XX------X----XX--
--------Q-----------------------
--XXXX-----X--------------------
-----------------------XQX--Q---
--------------X-----------------
--------------------------------
--------------------Q----X------
----<>-----X------------XX------
----[]----XX----X------XXX------
----[]---XXX----XX----XXXX------
-{--[]--XXXX----XXX--XXXXX----}-
XXXXXXXXXXXXXXXXXXXXXXXXXXXXXXXX
META {"type": "solver", "id": "pysat-rc2", "objective": 0}
META {"type": "geom", "shape": "path", "group": "path", "data": [[14, 1, 14, 2], [14, 2, 14, 3], [14, 3, 10, 4], [10, 4, 10, 5], [10, 5, 9, 6], [9, 6, 10, 7], [10, 7, 11, 8], [11, 8, 12, 9], [12, 9, 8, 13], [8, 13, 9, 14], [9, 14, 10, 15], [10, 15, 11, 16], [11, 16, 11, 17], [11, 17, 12, 18], [12, 18, 13, 19], [13, 19, 14, 20], [14, 20, 13, 21], [13, 21, 9, 25], [9, 25, 9, 26], [9, 26, 10, 26], [10, 26, 11, 27], [11, 27, 12, 28], [12, 28, 13, 29], [13, 29, 14, 30]]}
