--------------------------------
--------------------------------
---------------------------X----
--------------XXX---------------
-----------------------X--------
-------------------XX-----X-----
--------------------------------
-----------XQX------------------
--Q-------------XQX---X---<>----
--------Q-----------------[]----
--------------------------[]----
----------------------XX--[]----
-----Q---X-----XX----XXX--[]----
---------XX---------XXXX--[]----
-{-------XXX-------XXXXX--[]--}-
XXXXXXXXXXXXXXXXXXXXXXXXXXXXXXXX
META {"type": "solver", "id": "pysat-rc2", "objective": 0}
META {"type": "geom", "shape": "path", "group": "path", "data": [[14, 1, 14, 2], [14, 2, 14, 3], [14, 3, 14, 4], [14, 4, 14, 5], [14, 5, 14, 6], [14, 6, 11, 9], [11, 9, 11, 10], [11, 10, 12, 11], [12, 11, 13, 12], [13, 12, 14, 13], [14, 13, 14, 14], [14, 14, 14, 15], [14, 15, 14, 16], [14, 16, 14, 17], [14, 17, 14, 18], [14, 18, 10, 22], [10, 22, 10, 23], [10, 23, 7, 26], [7, 26, 7, 27], [7, 27, 7, 28], [7, 28, 8, 28], [8, 28, 9, 28], [9, 28, 10, 28], [10, 28, 11, 28], [11, 28, 12, 28], [12, 28, 13, 29], [13, 29, 14, 30]]}
