--------------------------------
--------------------------------
--------Q--------------Q--------
---XX----------X----------------
---------------------------XX---
-------X------------------------
----------X----------Q--X-------
--X---------------Q-------------
--------------XX------------XX--
---------------------X----------
--------------------XX----------
------X------------XXX--<>------
------------------XXXX--[]------
---------<>------XXXXX--[]------
-{-------[]-----XXXXXX--[]----}-
XXXXX--XXXXXXXXXXXXXXXXXXXXXXXXX
META {"type": "solver", "id": "pysat-rc2", "objective": 0}
META {"type": "geom", "shape": "path", "group": "path", "data": [[14, 1, 14, 2], [14, 2, 14, 3], [14, 3, 12, 5], [12, 5, 13, 6], [13, 6, 14, 7], [14, 7, 12, 9], [12, 9, 12, 10], [12, 10, 12, 11], [12, 11, 13, 12], [13, 12, 14, 13], [14, 13, 14, 14], [14, 14, 14, 15], [14, 15, 12, 17], [12, 17, 8, 21], [8, 21, 8, 22], [8, 22, 9, 23], [9, 23, 10, 24], [10, 24, 10, 25], [10, 25, 10, 26], [10, 26, 11, 27], [11, 27, 12, 28], [12, 28, 13, 29], [13, 29, 14, 30]]}
