--------------------------------
--------------------------------
------XX------------------------
---X---------Q--Q---------------
------XX------------------------
--------------------------------
--XX----------XX----------------
-------------------XX-----------
--------------------------------
------Q----<>--Q----------------
-----------[]------X------------
-----------[]-----XX------------
------XX---[]----XXX----X-------
-----XXX---[]---XXXX---XX-------
-{--XXXX---[]--XXXXX--XXX-----}-
XXXXXXXXXXXXXXXXXXXXXXXXXXXXXXXX
META {"type": "solver", "id": "pysat-rc2-boolonly", "objective": 0}
META {"type": "geom", "shape": "path", "group": "path", "data": [[14, 1, 14, 2], [14, 2, 14, 3], [14, 3, 11, 6], [11, 6, 7, 10], [7, 10, 8, 11], [8, 11, 5, 14], [5, 14, 5, 15], [5, 15, 5, 16], [5, 16, 6, 17], [6, 17, 7, 18], [7, 18, 8, 19], [8, 19, 9, 20], [9, 20, 10, 21], [10, 21, 11, 22], [11, 22, 12, 23], [12, 23, 11, 24], [11, 24, 11, 25], [11, 25, 12, 26], [12, 26, 13, 27], [13, 27, 14, 28], [14, 28, 14, 29], [14, 29, 14, 30]]}
