--------------------------------
--------------------------------
--------------------X--------X--
------------------------XX------
--------------------------------
--------------------X-----------
---------------XX--------Q------
------Q-------------------------
--------------------X--------Q--
---Q-------XX-------------------
----------------XX--------------
-------XX-----------X---<>---Q--
------XXX---------------[]------
-----XXXX-------<>------[]------
-{--XXXXX-------[]------[]----}-
XXXXXXXXXXXX--XXXXXXXXXXXXXXXXXX
META {"type": "solver", "id": "pysat-rc2", "objective": 0}
META {"type": "geom", "shape": "path", "group": "path", "data": [[14, 1, 14, 2], [14, 2, 14, 3], [14, 3, 10, 7], [10, 7, 10, 8], [10, 8, 7, 11], [7, 11, 8, 12], [8, 12, 8, 13], [8, 13, 9, 14], [9, 14, 10, 15], [10, 15, 11, 16], [11, 16, 12, 17], [12, 17, 12, 18], [12, 18, 13, 19], [13, 19, 14, 20], [14, 20, 10, 24], [10, 24, 10, 25], [10, 25, 10, 26], [10, 26, 11, 27], [11, 27, 12, 28], [12, 28, 13, 29], [13, 29, 14, 30]]}
