--------------------------------
--------------------------------
--------------------------------
------------------X----XX-------
--X--XX--X--X--X----------------
--------------------------------
--------------------------------
--------------------------------
--XQX---Q----X-----X------------
--------------------------------
-----------------------<>-------
----------------Q------[]-------
-------X----X----------[]-------
-------XX---XX-----XX--[]-------
-{-----XXX--XXX---XXX--[]-----}-
XXXXXXXXXXXXXXXXXXXXXXXXXXXXXXXX
META {"type": "solver", "id": "pysat-rc2", "objective": 0}
META {"type": "geom", "shape": "path", "group": "path", "data": [[14, 1, 14, 2], [14, 2, 14, 3], [14, 3, 14, 4], [14, 4, 11, 7], [11, 7, 11, 8], [11, 8, 12, 9], [12, 9, 13, 9], [13, 9, 10, 12], [10, 12, 11, 13], [11, 13, 12, 14], [12, 14, 13, 15], [13, 15, 14, 16], [14, 16, 14, 17], [14, 17, 12, 19], [12, 19, 12, 20], [12, 20, 9, 23], [9, 23, 9, 24], [9, 24, 9, 25], [9, 25, 10, 26], [10, 26, 11, 27], [11, 27, 12, 28], [12, 28, 13, 29], [13, 29, 14, 30]]}
