--------------------------------
--------------------------------
--------------------------------
------------------------XXX-----
--------------------------------
------------------------XXX-----
---------------------X----------
--------------------------------
-------------------------X------
---------------XX--XQQX---------
---------X----------------------
------------Q-------------------
-----X---------XQQX--------X----
-----XX--------------<>---XX----
-{---XXX-------------[]--XXX--}-
XXXXXXXXXXXXXXX----XXXXXXXXXXXXX
META {"type": "solver", "id": "pysat-rc2-boolonly", "objective": 0}
META {"type": "geom", "shape": "path", "group": "path", "data": [[14, 1, 14, 2], [14, 2, 11, 5], [11, 5, 11, 6], [11, 6, 12, 7], [12, 7, 13, 8], [13, 8, 14, 9], [14, 9, 14, 10], [14, 10, 14, 11], [14, 11, 14, 12], [14, 12, 11, 15], [11, 15, 11, 16], [11, 16, 11, 17], [11, 17, 11, 18], [11, 18, 10, 19], [10, 19, 11, 20], [11, 20, 12, 21], [12, 21, 12, 22], [12, 22, 12, 23], [12, 23, 13, 23], [13, 23, 14, 24], [14, 24, 11, 27], [11, 27, 11, 28], [11, 28, 12, 28], [12, 28, 13, 29], [13, 29, 14, 30]]}
