--------------------------------
--------------------------------
----------------------XQX-------
--------------------------------
------------X-------------------
-----------------XX--X----------
-----Q--------------------------
--------X-----------------------
--------------------------------
---------------------<>---------
---------------------[]---------
--Q-----X---------X--[]---------
-------XX------------[]---------
------XXX-----XX-----[]---------
-{---XXXX----XXX-----[]-------}-
XXXXXXXXXXXXXXXX--XXXXXXXXXXXXXX
META {"type": "solver", "id": "pysat-rc2", "objective": 0}
META {"type": "geom", "shape": "path", "group": "path", "data": [[14, 1, 14, 2], [14, 2, 14, 3], [14, 3, 14, 4], [14, 4, 10, 8], [10, 8, 10, 9], [10, 9, 11, 9], [11, 9, 12, 10], [12, 10, 13, 11], [13, 11, 14, 12], [14, 12, 13, 13], [13, 13, 9, 17], [9, 17, 10, 18], [10, 18, 7, 21], [7, 21, 8, 22], [8, 22, 8, 23], [8, 23, 9, 24], [9, 24, 10, 25], [10, 25, 11, 26], [11, 26, 12, 27], [12, 27, 13, 28], [13, 28, 14, 29], [14, 29, 14, 30]]}
