XXXXXXXXXXXXXXXX
XXXXXXXXXXXXXXXX
XXXXX---XXX}XXXX
XX------XXX--XXX
XX--XXXX-----XXX
XX--XXXX-#-#-XXX
XXXXXXXX-----XXX
XXXXXX----X--XXX
XXXXXX----XX-XXX
XX------#--X--XX
XX---XX-------XX
XXX---X---#---XX
XXX-----------XX
XXX-----XX-X--XX
XXX##-X-XXXXX-XX
XXX--XX-XXXXX-XX
XX----X-XXXX--XX
XXXX----XXX---XX
XXXX-#--XXX---XX
XXXX--------X-XX
XX--------X-XXXX
XXX--#---XX--XXX
XXX-------X--XXX
XXX---##---X-XXX
XX--#------XXXXX
XX------#---XXXX
XX---#----#-XXXX
XX-X---X----XXXX
XXXXX--XXX---XXX
XXXXXXXXXX-{-XXX
XXXXXXXXXXXXXXXX
XXXXXXXXXXXXXXXX
META {"type": "solver", "id": "pysat-rc2", "objective": 0}
META {"type": "geom", "shape": "path", "group": "path", "data": [[29, 11, 29, 12], [29, 12, 29, 10], [29, 10, 27, 10], [27, 10, 27, 8], [27, 8, 26, 8], [26, 8, 26, 9], [26, 9, 22, 9], [22, 9, 22, 3], [22, 3, 20, 3], [20, 3, 20, 9], [20, 9, 19, 9], [19, 9, 19, 11], [19, 11, 17, 11], [17, 11, 17, 13], [17, 13, 19, 13], [19, 13, 9, 13], [9, 13, 9, 12], [9, 12, 13, 12], [13, 12, 3, 12], [3, 12, 3, 11], [3, 11, 2, 11]]}
META {"type": "geom", "shape": "tile", "group": "path", "data": [[29, 11], [29, 12], [29, 11], [29, 10], [28, 10], [27, 10], [27, 9], [27, 8], [26, 8], [26, 9], [25, 9], [24, 9], [23, 9], [22, 9], [22, 8], [22, 7], [22, 6], [22, 5], [22, 4], [22, 3], [21, 3], [20, 3], [20, 4], [20, 5], [20, 6], [20, 7], [20, 8], [20, 9], [19, 9], [19, 10], [19, 11], [18, 11], [17, 11], [17, 12], [17, 13], [18, 13], [19, 13], [18, 13], [17, 13], [16, 13], [15, 13], [14, 13], [13, 13], [12, 13], [11, 13], [10, 13], [9, 13], [9, 12], [10, 12], [11, 12], [12, 12], [13, 12], [12, 12], [11, 12], [10, 12], [9, 12], [8, 12], [7, 12], [6, 12], [5, 12], [4, 12], [3, 12], [3, 11], [2, 11]]}
META {"type": "geom", "shape": "line", "group": "offpath", "data": [[4, 8, 8, 8], [4, 3, 4, 2], [4, 2, 4, 3], [23, 4, 23, 3], [23, 5, 25, 5], [23, 8, 19, 8], [23, 12, 21, 12], [23, 3, 23, 5], [23, 10, 23, 8], [13, 3, 9, 3], [12, 13, 12, 3], [12, 3, 13, 3], [12, 9, 12, 13], [12, 11, 10, 11], [15, 4, 15, 3], [15, 3, 16, 3], [9, 4, 9, 2], [9, 3, 9, 7], [9, 10, 10, 10], [9, 6, 7, 6], [9, 7, 7, 7], [9, 2, 10, 2], [19, 4, 15, 4], [19, 5, 20, 5], [19, 8, 19, 4], [28, 6, 24, 6], [20, 5, 19, 5], [5, 3, 3, 3], [5, 2, 5, 3], [16, 5, 17, 5], [16, 13, 16, 12], [16, 12, 16, 13], [16, 3, 16, 5], [24, 3, 26, 3], [24, 10, 25, 10], [24, 6, 24, 10], [24, 7, 26, 7], [24, 2, 24, 3], [25, 4, 27, 4], [25, 5, 25, 7], [25, 10, 23, 10], [25, 7, 24, 7], [27, 4, 25, 4], [8, 8, 8, 9], [8, 9, 12, 9], [21, 8, 21, 6], [21, 12, 21, 11], [21, 11, 22, 11], [21, 6, 21, 8], [6, 8, 4, 8], [6, 9, 6, 8], [3, 5, 3, 7], [3, 3, 3, 2], [3, 6, 2, 6], [3, 7, 2, 7], [3, 2, 5, 2], [26, 3, 26, 2], [26, 6, 28, 6], [26, 7, 26, 6], [26, 2, 24, 2], [2, 5, 3, 5], [2, 6, 3, 6], [2, 7, 2, 5], [22, 12, 23, 12], [22, 11, 22, 12], [7, 9, 6, 9], [7, 6, 9, 6], [7, 7, 7, 9], [10, 4, 9, 4], [10, 11, 12, 11], [10, 10, 9, 10], [10, 2, 10, 4], [17, 4, 23, 4], [17, 5, 17, 4]]}
