XXXXXXXXXXXXXXXX
XXXXXXXXXXXXXXXX
XXXXXXXXXXX--XXX
XXXXXX}XXX---XXX
XXXX---XXX---XXX
XXXX---------XXX
XX---X-#---#-XXX
XXX-XX---#---XXX
XXX--X-------XXX
XXXX----#-#--XXX
XXXX---------XXX
XXXX---#-----XXX
XX--#----X----XX
XXX-----XX--X-XX
XXXX-##--X--XXXX
XXXX------#--XXX
XXXX---#-----XXX
XXXX-----#---XXX
XXXX##-----XXXXX
XXXX---#---XXXXX
XXXX-#-----XXXXX
XXX-----X-----XX
XXX-----XX--#-XX
XX----X--X----XX
XX##-XX------XXX
XX----X-XXXXXXXX
XXX-----XXXXXXXX
XXX--XX-XXX-XXXX
XXX---X-----XXXX
XX-X----{--XXXXX
XXXXXXXXXXXXXXXX
XXXXXXXXXXXXXXXX
META {"type": "solver", "id": "pysat-rc2", "objective": 0}
META {"type": "geom", "shape": "path", "group": "path", "data": [[29, 8, 29, 10], [29, 10, 29, 4], [29, 4, 19, 4], [19, 4, 19, 6], [19, 6, 15, 6], [15, 6, 15, 4], [15, 4, 17, 4], [17, 4, 13, 4], [13, 4, 13, 3], [13, 3, 13, 7], [13, 7, 15, 7], [15, 7, 15, 9], [15, 9, 16, 9], [16, 9, 16, 8], [16, 8, 14, 8], [14, 8, 20, 8], [20, 8, 20, 10], [20, 10, 16, 10], [16, 10, 16, 12], [16, 12, 15, 12], [15, 12, 15, 11], [15, 11, 17, 11], [17, 11, 7, 11], [7, 11, 7, 12], [7, 12, 7, 10], [7, 10, 3, 10], [3, 10, 3, 12], [3, 12, 2, 12], [2, 12, 12, 12], [12, 12, 12, 10], [12, 10, 10, 10], [10, 10, 10, 4], [10, 4, 8, 4], [8, 4, 8, 3], [8, 3, 6, 3], [6, 3, 6, 2], [6, 2, 6, 4], [6, 4, 4, 4], [4, 4, 4, 6], [4, 6, 3, 6]]}
META {"type": "geom", "shape": "tile", "group": "path", "data": [[29, 8], [29, 9], [29, 10], [29, 9], [29, 8], [29, 7], [29, 6], [29, 5], [29, 4], [28, 4], [27, 4], [26, 4], [25, 4], [24, 4], [23, 4], [22, 4], [21, 4], [20, 4], [19, 4], [19, 5], [19, 6], [18, 6], [17, 6], [16, 6], [15, 6], [15, 5], [15, 4], [16, 4], [17, 4], [16, 4], [15, 4], [14, 4], [13, 4], [13, 3], [13, 4], [13, 5], [13, 6], [13, 7], [14, 7], [15, 7], [15, 8], [15, 9], [16, 9], [16, 8], [15, 8], [14, 8], [15, 8], [16, 8], [17, 8], [18, 8], [19, 8], [20, 8], [20, 9], [20, 10], [19, 10], [18, 10], [17, 10], [16, 10], [16, 11], [16, 12], [15, 12], [15, 11], [16, 11], [17, 11], [16, 11], [15, 11], [14, 11], [13, 11], [12, 11], [11, 11], [10, 11], [9, 11], [8, 11], [7, 11], [7, 12], [7, 11], [7, 10], [6, 10], [5, 10], [4, 10], [3, 10], [3, 11], [3, 12], [2, 12], [3, 12], [4, 12], [5, 12], [6, 12], [7, 12], [8, 12], [9, 12], [10, 12], [11, 12], [12, 12], [12, 11], [12, 10], [11, 10], [10, 10], [10, 9], [10, 8], [10, 7], [10, 6], [10, 5], [10, 4], [9, 4], [8, 4], [8, 3], [7, 3], [6, 3], [6, 2], [6, 3], [6, 4], [5, 4], [4, 4], [4, 5], [4, 6], [3, 6]]}
META {"type": "geom", "shape": "line", "group": "offpath", "data": [[24, 12, 23, 12], [24, 10, 24, 12], [13, 11, 13, 10], [13, 10, 13, 11], [11, 4, 11, 6], [11, 6, 11, 4], [12, 8, 10, 8], [6, 8, 6, 10], [6, 9, 5, 9], [6, 10, 6, 8], [20, 7, 20, 6], [20, 6, 22, 6], [28, 3, 28, 5], [28, 5, 28, 3], [23, 3, 23, 5], [23, 13, 21, 13], [23, 5, 21, 5], [23, 12, 23, 10], [23, 10, 24, 10], [10, 8, 12, 8], [21, 3, 23, 3], [21, 13, 23, 13], [21, 5, 21, 7], [21, 7, 20, 7], [5, 5, 4, 5], [5, 9, 6, 9], [22, 3, 21, 3], [22, 7, 22, 3], [22, 6, 22, 7], [26, 3, 26, 7], [26, 7, 26, 3], [4, 5, 5, 5]]}
