XXXXXXXXXXXXXXXX
X{------X--X---X
XXX--X-X----b-XX
XXX--X----X--X-X
X--X-X------X--X
X--------XXX---X
X---X-XXX------X
X--X-X---------X
XX----X--------X
X----X-X-------X
X----X--X---X--X
X----X-X------XX
XXBXX-X------XXX
X------XXX---XXX
X-------------}X
XXXXXXXXXXXXXXXX
META {"type": "solver", "id": "pysat-rc2", "objective": 0}
META {"type": "geom", "shape": "path", "group": "path", "data": [[1, 1, 1, 2], [1, 2, 1, 3], [1, 3, 1, 4], [1, 4, 1, 5], [1, 5, 1, 6], [1, 6, 2, 6], [2, 6, 3, 6], [3, 6, 3, 7], [3, 7, 3, 8], [3, 8, 2, 8], [2, 8, 2, 9], [2, 9, 2, 10], [2, 10, 2, 11], [2, 11, 2, 12]]}
META {"type": "geom", "shape": "path", "group": "path", "data": [[2, 12, 2, 11], [2, 11, 2, 10], [2, 10, 2, 9], [2, 9, 2, 8], [2, 8, 3, 8], [3, 8, 3, 7], [3, 7, 3, 6], [3, 6, 4, 6], [4, 6, 5, 6], [5, 6, 5, 5], [5, 5, 5, 4], [5, 4, 5, 3], [5, 3, 5, 2], [5, 2, 6, 2], [6, 2, 7, 2], [7, 2, 8, 2], [8, 2, 9, 2], [9, 2, 10, 2], [10, 2, 11, 2], [11, 2, 12, 2]]}
META {"type": "geom", "shape": "path", "group": "path", "data": [[12, 2, 13, 2], [13, 2, 13, 3], [13, 3, 13, 4], [13, 4, 13, 5], [13, 5, 13, 6], [13, 6, 14, 6], [14, 6, 14, 7], [14, 7, 14, 8], [14, 8, 14, 9], [14, 9, 14, 10], [14, 10, 14, 11], [14, 11, 14, 12], [14, 12, 14, 13], [14, 13, 14, 14]]}
META {"type": "geom", "shape": "tile", "group": "reachable", "data": [[1, 1], [1, 2], [1, 3], [2, 3], [1, 4], [2, 4], [1, 5], [3, 3], [1, 6], [3, 4], [2, 6], [1, 7], [4, 4], [3, 6], [5, 4], [4, 6], [3, 7], [5, 3], [5, 5], [4, 7], [3, 8], [5, 6], [6, 3], [5, 2], [6, 5], [2, 8], [4, 8], [3, 9], [5, 7], [4, 2], [6, 2], [5, 1], [2, 9], [4, 9], [5, 8], [4, 1], [6, 1], [7, 2], [1, 9], [2, 10], [4, 10], [7, 1], [8, 2], [1, 10], [2, 11], [4, 11], [9, 2], [8, 3], [3, 11], [9, 3], [8, 4], [10, 2], [9, 1], [3, 12], [7, 4], [9, 4], [8, 5], [10, 3], [10, 1], [11, 2], [10, 4], [11, 3], [11, 1], [11, 4]]}
META {"type": "geom", "shape": "tile", "group": "reachable", "data": [[2, 12], [1, 12], [3, 12], [2, 11], [2, 13], [1, 13], [3, 11], [2, 10], [1, 14], [1, 10], [2, 9], [4, 11], [1, 9], [3, 9], [2, 8], [4, 10], [3, 8], [4, 9], [4, 8], [3, 7], [4, 7], [3, 6], [5, 8], [2, 6], [4, 6], [5, 7], [1, 6], [5, 6], [1, 5], [1, 7], [5, 5], [1, 4], [6, 5], [5, 4], [2, 4], [1, 3], [4, 4], [5, 3], [2, 3], [1, 2], [3, 4], [6, 3], [5, 2], [3, 3], [4, 2], [6, 2], [5, 1], [4, 1], [6, 1], [7, 2], [7, 1], [8, 2], [9, 2], [8, 3], [9, 3], [8, 4], [10, 2], [9, 1], [7, 4], [9, 4], [8, 5], [10, 3], [10, 1], [11, 2], [10, 4], [11, 3], [11, 1], [11, 4]]}
