XXXXXXXXXXXXXXXXXXXXXXXXXXXXXXXX
X--}XXX-----XX-XX-----XX--X--X-X
X-XXXXX---X------X-X----XX-XX--X
X-XXXXX--X-----XXXXXXXXXXXXXXX-X
X--------X-X---XXXXXXXXXXXXXXXXX
X--X-----X--XX----------XXXXXXXX
XX-X---XX---XX------XXXX---XXX-X
X--X---XX-----XXXX-X-------XXX-X
X--------XXXX-XXXX-X--XXXXX----X
XX------XXXXX-XXXX-X--XXXXXXXXXX
XX----X-XXXXXXXXXX-X--XXXXXXXXXX
XXXXXXXXXXXXXXXXXX-----XXXX{---X
XXXXXXXXXXXX--XX--------XXXXX-XX
X--------XX-------------XXXXX--X
X-----XX-----------------------X
XXXXXXXXXXXXXXXXXXXXXXXXXXXXXXXX
META {"type": "solver", "id": "pysat-rc2", "objective": 0}
META {"type": "geom", "shape": "path", "group": "path", "data": [[11, 27, 11, 28], [11, 28, 11, 29], [11, 29, 12, 29], [12, 29, 13, 29], [13, 29, 14, 29], [14, 29, 14, 28], [14, 28, 14, 27], [14, 27, 14, 26], [14, 26, 14, 25], [14, 25, 14, 24], [14, 24, 14, 23], [14, 23, 14, 22], [14, 22, 14, 21], [14, 21, 14, 20], [14, 20, 13, 20], [13, 20, 13, 19], [13, 19, 12, 19], [12, 19, 12, 20], [12, 20, 11, 20], [11, 20, 11, 19], [11, 19, 11, 18], [11, 18, 10, 18], [10, 18, 9, 18], [9, 18, 8, 18], [8, 18, 7, 18], [7, 18, 6, 18], [6, 18, 6, 17], [6, 17, 5, 17], [5, 17, 5, 16], [5, 16, 6, 16], [6, 16, 6, 15], [6, 15, 6, 14], [6, 14, 5, 14], [5, 14, 4, 14], [4, 14, 4, 13], [4, 13, 3, 13], [3, 13, 2, 13], [2, 13, 2, 12], [2, 12, 2, 11], [2, 11, 1, 11], [1, 11, 1, 10], [1, 10, 1, 9], [1, 9, 1, 8], [1, 8, 2, 8], [2, 8, 2, 7], [2, 7, 3, 7], [3, 7, 4, 7], [4, 7, 4, 6], [4, 6, 5, 6], [5, 6, 5, 5], [5, 5, 5, 4], [5, 4, 4, 4], [4, 4, 4, 3], [4, 3, 4, 2], [4, 2, 4, 1], [4, 1, 3, 1], [3, 1, 2, 1], [2, 1, 1, 1], [1, 1, 1, 2], [1, 2, 1, 3]]}
META {"type": "geom", "shape": "tile", "group": "path", "data": [[11, 27], [11, 28], [11, 29], [12, 29], [13, 29], [14, 29], [14, 28], [14, 27], [14, 26], [14, 25], [14, 24], [14, 23], [14, 22], [14, 21], [14, 20], [13, 20], [13, 19], [12, 19], [12, 20], [11, 20], [11, 19], [11, 18], [10, 18], [9, 18], [8, 18], [7, 18], [6, 18], [6, 17], [5, 17], [5, 16], [6, 16], [6, 15], [6, 14], [5, 14], [4, 14], [4, 13], [3, 13], [2, 13], [2, 12], [2, 11], [1, 11], [1, 10], [1, 9], [1, 8], [2, 8], [2, 7], [3, 7], [4, 7], [4, 6], [5, 6], [5, 5], [5, 4], [4, 4], [4, 3], [4, 2], [4, 1], [3, 1], [2, 1], [1, 1], [1, 2], [1, 3]]}
META {"type": "geom", "shape": "line", "group": "offpath", "data": [[12, 18, 12, 17], [12, 23, 13, 23], [12, 17, 12, 18], [8, 6, 7, 6], [8, 5, 8, 4], [8, 7, 8, 6], [8, 3, 9, 3], [8, 20, 8, 21], [8, 4, 8, 3], [8, 21, 9, 21], [5, 18, 5, 19], [5, 8, 5, 7], [5, 22, 5, 23], [5, 23, 5, 22], [5, 7, 5, 8], [5, 11, 6, 11], [5, 20, 5, 21], [5, 19, 5, 18], [5, 21, 5, 20], [3, 12, 3, 11], [3, 11, 3, 12], [3, 10, 4, 10], [6, 6, 6, 5], [6, 5, 6, 4], [6, 9, 6, 10], [6, 11, 5, 11], [6, 4, 7, 4], [6, 10, 6, 9], [6, 26, 6, 25], [6, 25, 6, 26], [4, 10, 3, 10], [7, 6, 6, 6], [7, 5, 8, 5], [7, 2, 7, 1], [7, 20, 7, 21], [7, 4, 7, 5], [7, 1, 7, 2], [7, 21, 7, 20], [11, 21, 10, 21], [10, 5, 9, 5], [10, 3, 10, 4], [10, 4, 10, 5], [10, 21, 11, 21], [13, 18, 14, 18], [13, 5, 14, 5], [13, 2, 13, 3], [13, 23, 12, 23], [13, 14, 13, 15], [13, 11, 14, 11], [13, 3, 13, 4], [13, 13, 14, 13], [13, 15, 14, 15], [13, 4, 13, 5], [13, 1, 13, 2], [13, 17, 13, 18], [9, 6, 9, 7], [9, 5, 9, 6], [9, 7, 8, 7], [9, 3, 10, 3], [9, 20, 8, 20], [9, 21, 9, 20], [14, 18, 14, 17], [14, 5, 14, 4], [14, 2, 14, 1], [14, 14, 13, 14], [14, 11, 13, 11], [14, 3, 14, 2], [14, 13, 13, 13], [14, 15, 14, 14], [14, 4, 14, 3], [14, 1, 13, 1], [14, 17, 13, 17], [2, 14, 2, 15], [2, 15, 2, 14]]}
