XXXXXXXXXXXXXXXXXXXXXXXXXXXXXXXX
X---}XXXX-X---X-XX-XX-XX-XX-XX-X
X--XXXXXXX-XXX-------X--------XX
X--XXXXXXXXXXX-------X---XX-XX-X
X------XXXXXXXX------X--XXXXXXXX
XX----XXXX-XXXX-XXXXX-XXXXXXXXXX
X----XXXXXXXXX--------XXXXX-XXXX
XX-XXXXXXXXXXXXXXX-------------X
XX-XXXXX---XXXXXXX---XX--XX--X-X
X--XXXX--XX----------XX-XXXXXXXX
X---XX--XXXXXX----X-----XXXXXXXX
XX----X-XXXXXX--XX-XXXX-XXX{---X
X-----X---------XX-----XXXXXX-XX
X-----X--------X--X--X-XXXXXX-XX
X-------XX-XX------------------X
XXXXXXXXXXXXXXXXXXXXXXXXXXXXXXXX
META {"type": "solver", "id": "pysat-rc2-boolonly", "objective": 0}
META {"type": "geom", "shape": "path", "group": "path", "data": [[11, 27, 11, 28], [11, 28, 11, 29], [11, 29, 12, 29], [12, 29, 13, 29], [13, 29, 14, 29], [14, 29, 14, 28], [14, 28, 14, 27], [14, 27, 14, 26], [14, 26, 14, 25], [14, 25, 14, 24], [14, 24, 14, 23], [14, 23, 14, 22], [14, 22, 14, 21], [14, 21, 14, 20], [14, 20, 14, 19], [14, 19, 14, 18], [14, 18, 14, 17], [14, 17, 13, 17], [13, 17, 13, 16], [13, 16, 14, 16], [14, 16, 14, 15], [14, 15, 14, 14], [14, 14, 14, 13], [14, 13, 13, 13], [13, 13, 13, 12], [13, 12, 13, 11], [13, 11, 13, 10], [13, 10, 13, 9], [13, 9, 13, 8], [13, 8, 13, 7], [13, 7, 14, 7], [14, 7, 14, 6], [14, 6, 14, 5], [14, 5, 14, 4], [14, 4, 14, 3], [14, 3, 13, 3], [13, 3, 13, 4], [13, 4, 12, 4], [12, 4, 12, 3], [12, 3, 12, 2], [12, 2, 11, 2], [11, 2, 11, 3], [11, 3, 10, 3], [10, 3, 10, 2], [10, 2, 9, 2], [9, 2, 8, 2], [8, 2, 7, 2], [7, 2, 6, 2], [6, 2, 6, 3], [6, 3, 5, 3], [5, 3, 5, 2], [5, 2, 4, 2], [4, 2, 4, 1], [4, 1, 3, 1], [3, 1, 2, 1], [2, 1, 1, 1], [1, 1, 1, 2], [1, 2, 1, 3], [1, 3, 1, 4]]}
META {"type": "geom", "shape": "tile", "group": "path", "data": [[11, 27], [11, 28], [11, 29], [12, 29], [13, 29], [14, 29], [14, 28], [14, 27], [14, 26], [14, 25], [14, 24], [14, 23], [14, 22], [14, 21], [14, 20], [14, 19], [14, 18], [14, 17], [13, 17], [13, 16], [14, 16], [14, 15], [14, 14], [14, 13], [13, 13], [13, 12], [13, 11], [13, 10], [13, 9], [13, 8], [13, 7], [14, 7], [14, 6], [14, 5], [14, 4], [14, 3], [13, 3], [13, 4], [12, 4], [12, 3], [12, 2], [11, 2], [11, 3], [10, 3], [10, 2], [9, 2], [8, 2], [7, 2], [6, 2], [6, 3], [5, 3], [5, 2], [4, 2], [4, 1], [3, 1], [2, 1], [1, 1], [1, 2], [1, 3], [1, 4]]}
META {"type": "geom", "shape": "line", "group": "offpath", "data": [[13, 19, 13, 20], [13, 14, 12, 14], [13, 20, 13, 19], [13, 1, 12, 1], [11, 5, 12, 5], [11, 15, 10, 15], [11, 7, 12, 7], [5, 4, 6, 4], [10, 15, 11, 15], [10, 7, 9, 7], [14, 2, 14, 1], [14, 1, 14, 2], [9, 7, 10, 7], [4, 19, 4, 18], [4, 5, 4, 4], [4, 18, 3, 18], [4, 15, 3, 15], [4, 20, 4, 19], [4, 4, 4, 5], [2, 19, 3, 19], [2, 16, 2, 17], [2, 18, 2, 19], [2, 17, 2, 18], [6, 4, 5, 4], [3, 19, 3, 20], [3, 16, 2, 16], [3, 18, 3, 17], [3, 15, 4, 15], [3, 20, 4, 20], [3, 17, 3, 16], [12, 19, 12, 18], [12, 21, 12, 20], [12, 5, 11, 5], [12, 18, 12, 19], [12, 14, 13, 14], [12, 20, 12, 21], [12, 1, 13, 1], [12, 7, 11, 7]]}
