XXXXXXXXXXXXXXXX
XXXXXXXXXXXXXXXX
XXXX----XXX}XXXX
XX---XX-XXX-XXXX
XX----X-----XXXX
XX-#--XXX----XXX
XX----XXXX---XXX
XX--#-XXXXX---XX
XXX---XXXXX-X-XX
XXXX--XXXX--XXXX
XXXXX-----#--XXX
XXXXX--X-----XXX
XXXXX--XXX---XXX
XXX----XXX##--XX
XXXXXX------#-XX
XXXXXX---X----XX
XXXXXX--XX---XXX
XXXX--#--XX-XXXX
XXX------XX-XXXX
XX--XX-#--X-XXXX
XX---X------XXXX
XXX-----XX-X--XX
XXXX-XXXXXXXX-XX
XXXX-XXXXXXXX-XX
XX---XXX-XXX--XX
XX------------XX
XX-{------XX--XX
XXXXX----XXX--XX
XXXXX---XXXX--XX
XXXXXXXXXXXXXXXX
XXXXXXXXXXXXXXXX
XXXXXXXXXXXXXXXX
META {"type": "solver", "id": "pysat-rc2", "objective": 0}
META {"type": "geom", "shape": "path", "group": "path", "data": [[26, 3, 24, 3], [24, 3, 24, 2], [24, 2, 24, 4], [24, 4, 20, 4], [20, 4, 20, 2], [20, 2, 19, 2], [19, 2, 19, 3], [19, 3, 21, 3], [21, 3, 21, 7], [21, 7, 20, 7], [20, 7, 20, 6], [20, 6, 18, 6], [18, 6, 18, 8], [18, 8, 17, 8], [17, 8, 17, 7], [17, 7, 18, 7], [18, 7, 14, 7], [14, 7, 14, 6], [14, 6, 16, 6], [16, 6, 10, 6], [10, 6, 10, 5], [10, 5, 10, 9], [10, 9, 11, 9], [11, 9, 11, 8], [11, 8, 11, 12], [11, 12, 10, 12], [10, 12, 10, 11], [10, 11, 12, 11], [12, 11, 2, 11]]}
META {"type": "geom", "shape": "tile", "group": "path", "data": [[26, 3], [25, 3], [24, 3], [24, 2], [24, 3], [24, 4], [23, 4], [22, 4], [21, 4], [20, 4], [20, 3], [20, 2], [19, 2], [19, 3], [20, 3], [21, 3], [21, 4], [21, 5], [21, 6], [21, 7], [20, 7], [20, 6], [19, 6], [18, 6], [18, 7], [18, 8], [17, 8], [17, 7], [18, 7], [17, 7], [16, 7], [15, 7], [14, 7], [14, 6], [15, 6], [16, 6], [15, 6], [14, 6], [13, 6], [12, 6], [11, 6], [10, 6], [10, 5], [10, 6], [10, 7], [10, 8], [10, 9], [11, 9], [11, 8], [11, 9], [11, 10], [11, 11], [11, 12], [10, 12], [10, 11], [11, 11], [12, 11], [11, 11], [10, 11], [9, 11], [8, 11], [7, 11], [6, 11], [5, 11], [4, 11], [3, 11], [2, 11]]}
META {"type": "geom", "shape": "line", "group": "offpath", "data": [[19, 9, 20, 9], [13, 12, 13, 13], [13, 13, 13, 12], [16, 10, 16, 12], [16, 12, 15, 12], [5, 4, 5, 5], [5, 12, 7, 12], [5, 5, 5, 4], [2, 4, 6, 4], [26, 12, 26, 13], [26, 13, 26, 12], [7, 2, 3, 2], [7, 12, 5, 12], [7, 13, 8, 13], [9, 4, 8, 4], [11, 10, 12, 10], [8, 4, 9, 4], [8, 13, 7, 13], [6, 4, 6, 2], [6, 10, 4, 10], [6, 2, 7, 2], [18, 4, 17, 4], [15, 10, 16, 10], [15, 12, 15, 10], [15, 6, 15, 8], [15, 8, 15, 6], [17, 4, 18, 4], [20, 9, 19, 9], [3, 4, 2, 4], [3, 2, 3, 4], [28, 12, 28, 13], [28, 13, 28, 12], [12, 10, 11, 10], [12, 6, 12, 5], [12, 5, 12, 6], [4, 11, 4, 7], [4, 7, 4, 11], [4, 10, 6, 10]]}
