XXXXXXXXXXXXXXXX
XXXXXXXXXXXXXXXX
XXXX}XXXXXXXXXXX
XX---XXXXXXXXXXX
XX--X---XXX--XXX
XX-XX---XXX---XX
XX--X--#----#-XX
XX---#----#---XX
XX-#----X-----XX
XX----XXXX----XX
XX----XXXX--#-XX
XX-----XXX----XX
XXX--#-XXX-#--XX
XXX----XXX----XX
XXX---X-----#-XX
XXX-XXX---#---XX
XXX-XXX-#-----XX
XXX-XXX-----XXXX
XX-----------XXX
XX##-#--XXX--XXX
XX------XXXXXXXX
XX-##---XXXXXXXX
XX------XXXXXXXX
XXX-------XXXXXX
XXX----XX-XXXXXX
XXX-X---XX----XX
XXXXX---XXX--XXX
XXXXXX--XXX-XXXX
XXXXXX-------XXX
XXXXXX-{-X-X-XXX
XXXXXXXXXXXXXXXX
XXXXXXXXXXXXXXXX
META {"type": "solver", "id": "pysat-rc2", "objective": 0}
META {"type": "geom", "shape": "path", "group": "path", "data": [[29, 7, 29, 6], [29, 6, 29, 8], [29, 8, 28, 8], [28, 8, 28, 6], [28, 6, 18, 6], [18, 6, 18, 2], [18, 2, 18, 12], [18, 12, 19, 12], [19, 12, 19, 11], [19, 11, 13, 11], [13, 11, 13, 10], [13, 10, 14, 10], [14, 10, 8, 10], [8, 10, 8, 9], [8, 9, 6, 9], [6, 9, 6, 8], [6, 8, 7, 8], [7, 8, 7, 6], [7, 6, 8, 6], [8, 6, 8, 4], [8, 4, 14, 4], [14, 4, 14, 3], [14, 3, 14, 5], [14, 5, 13, 5], [13, 5, 13, 3], [13, 3, 9, 3], [9, 3, 9, 2], [9, 2, 3, 2], [3, 2, 3, 4], [3, 4, 2, 4]]}
META {"type": "geom", "shape": "tile", "group": "path", "data": [[29, 7], [29, 6], [29, 7], [29, 8], [28, 8], [28, 7], [28, 6], [27, 6], [26, 6], [25, 6], [24, 6], [23, 6], [22, 6], [21, 6], [20, 6], [19, 6], [18, 6], [18, 5], [18, 4], [18, 3], [18, 2], [18, 3], [18, 4], [18, 5], [18, 6], [18, 7], [18, 8], [18, 9], [18, 10], [18, 11], [18, 12], [19, 12], [19, 11], [18, 11], [17, 11], [16, 11], [15, 11], [14, 11], [13, 11], [13, 10], [14, 10], [13, 10], [12, 10], [11, 10], [10, 10], [9, 10], [8, 10], [8, 9], [7, 9], [6, 9], [6, 8], [7, 8], [7, 7], [7, 6], [8, 6], [8, 5], [8, 4], [9, 4], [10, 4], [11, 4], [12, 4], [13, 4], [14, 4], [14, 3], [14, 4], [14, 5], [13, 5], [13, 4], [13, 3], [12, 3], [11, 3], [10, 3], [9, 3], [9, 2], [8, 2], [7, 2], [6, 2], [5, 2], [4, 2], [3, 2], [3, 3], [3, 4], [2, 4]]}
META {"type": "geom", "shape": "line", "group": "offpath", "data": [[12, 4, 12, 3], [12, 3, 12, 4], [16, 12, 15, 12], [16, 10, 18, 10], [5, 12, 4, 12], [5, 11, 11, 11], [5, 13, 5, 11], [26, 5, 20, 5], [9, 12, 7, 12], [11, 12, 13, 12], [11, 6, 13, 6], [11, 11, 11, 13], [11, 13, 5, 13], [18, 10, 16, 10], [22, 7, 23, 7], [22, 3, 22, 7], [15, 12, 16, 12], [15, 8, 14, 8], [19, 7, 19, 6], [19, 6, 19, 7], [23, 7, 23, 9], [23, 9, 23, 3], [23, 3, 22, 3], [4, 12, 5, 12], [4, 5, 6, 5], [4, 7, 4, 5], [4, 6, 4, 7], [20, 5, 26, 5], [6, 5, 6, 6], [6, 2, 6, 3], [6, 6, 4, 6], [6, 3, 6, 2], [13, 12, 11, 12], [13, 6, 11, 6], [25, 5, 25, 7], [25, 7, 25, 5], [14, 7, 14, 11], [14, 8, 15, 8], [14, 11, 14, 7], [7, 12, 9, 12]]}
