XXXXXXXXXXXXXXXX
XXXXXXXXXXXXXXXX
XXXX}XXX--XXXXXX
XX---XXX--XXX-XX
XXX-#---------XX
XXX------####-XX
XXX---#-------XX
XXXX----------XX
XXXX##----XXX-XX
XX-----##-XXX-XX
XX---X--------XX
XXXXXXX-------XX
XXXXXXX-#-----XX
XXX-XXX-------XX
XXX-------XX--XX
XXX---XXX-XX--XX
XX-XX-XXX--X--XX
XX--X-XXXX--XXXX
XXX---XXXX--XXXX
XXXX--XXXXX-XXXX
XXXXX--XXXXX--XX
XXXXX--XXXXX--XX
XXXXXX--XXX---XX
XXXXXX--XXX---XX
XXXXXX--XXXXX-XX
XXX---#-XXXXX-XX
XX------XXXX--XX
XX##----XXX---XX
XX------XXX--XXX
XXX-{---XXXXXXXX
XXXXXXXXXXXXXXXX
XXXXXXXXXXXXXXXX
META {"type": "solver", "id": "pysat-rc2", "objective": 0}
META {"type": "geom", "shape": "path", "group": "path", "data": [[29, 4, 25, 4], [25, 4, 25, 3], [25, 3, 25, 5], [25, 5, 29, 5], [29, 5, 29, 7], [29, 7, 29, 3], [29, 3, 28, 3], [28, 3, 28, 7], [28, 7, 22, 7], [22, 7, 22, 6], [22, 6, 20, 6], [20, 6, 20, 5], [20, 5, 14, 5], [14, 5, 14, 3], [14, 3, 14, 9], [14, 9, 16, 9], [16, 9, 6, 9], [6, 9, 6, 7], [6, 7, 8, 7], [8, 7, 8, 6], [8, 6, 7, 6], [7, 6, 7, 4], [7, 4, 5, 4], [5, 4, 5, 3], [5, 3, 3, 3], [3, 3, 3, 4], [3, 4, 2, 4]]}
META {"type": "geom", "shape": "tile", "group": "path", "data": [[29, 4], [28, 4], [27, 4], [26, 4], [25, 4], [25, 3], [25, 4], [25, 5], [26, 5], [27, 5], [28, 5], [29, 5], [29, 6], [29, 7], [29, 6], [29, 5], [29, 4], [29, 3], [28, 3], [28, 4], [28, 5], [28, 6], [28, 7], [27, 7], [26, 7], [25, 7], [24, 7], [23, 7], [22, 7], [22, 6], [21, 6], [20, 6], [20, 5], [19, 5], [18, 5], [17, 5], [16, 5], [15, 5], [14, 5], [14, 4], [14, 3], [14, 4], [14, 5], [14, 6], [14, 7], [14, 8], [14, 9], [15, 9], [16, 9], [15, 9], [14, 9], [13, 9], [12, 9], [11, 9], [10, 9], [9, 9], [8, 9], [7, 9], [6, 9], [6, 8], [6, 7], [7, 7], [8, 7], [8, 6], [7, 6], [7, 5], [7, 4], [6, 4], [5, 4], [5, 3], [4, 3], [3, 3], [3, 4], [2, 4]]}
META {"type": "geom", "shape": "line", "group": "offpath", "data": [[22, 11, 23, 11], [2, 8, 8, 8], [23, 11, 22, 11], [28, 12, 26, 12], [28, 11, 28, 12], [16, 10, 18, 10], [16, 12, 10, 12], [16, 13, 16, 12], [14, 8, 13, 8], [14, 12, 14, 13], [14, 13, 14, 12], [15, 3, 15, 5], [15, 5, 15, 3], [15, 12, 15, 13], [15, 13, 15, 12], [27, 13, 27, 11], [27, 11, 28, 11], [19, 4, 18, 4], [19, 11, 17, 11], [24, 6, 24, 7], [24, 7, 24, 6], [8, 8, 2, 8], [9, 3, 10, 3], [9, 4, 9, 6], [9, 2, 10, 2], [9, 6, 9, 2], [10, 8, 11, 8], [10, 3, 9, 3], [10, 4, 9, 4], [10, 12, 10, 13], [10, 13, 16, 13], [10, 2, 10, 4], [26, 12, 26, 13], [26, 13, 27, 13], [20, 12, 20, 13], [20, 13, 20, 12], [7, 10, 6, 10], [7, 11, 6, 11], [17, 11, 19, 11], [21, 12, 21, 13], [21, 13, 21, 12], [18, 10, 16, 10], [18, 4, 19, 4], [11, 8, 10, 8], [3, 8, 3, 9], [3, 9, 3, 8], [12, 13, 12, 9], [12, 9, 12, 13], [13, 8, 14, 8], [13, 13, 13, 7], [13, 7, 13, 13], [6, 10, 7, 10], [6, 11, 7, 11]]}
