XXXXXXXXXXXXXXXX
X-XXXXX-XX-XX--X
X--}XXXX--X--X-X
X-XXXXXX-X---X-X
X-XXXXX----X-X-X
X------XX---X--X
X--X-XXXXX--X--X
X--X-XXXXXX-X--X
XX-X---XXXX----X
X-------XXXXXXXX
XX------XXXXXXXX
XX----XXXXX{---X
X-XXX-XXXXXXXX-X
XX------XXXXXX-X
X-XX-XX--------X
XXXXXXXXXXXXXXXX
META {"type": "solver", "id": "pysat-rc2", "objective": 0}
META {"type": "geom", "shape": "path", "group": "path", "data": [[11, 11, 11, 12], [11, 12, 11, 13], [11, 13, 11, 14], [11, 14, 12, 14], [12, 14, 13, 14], [13, 14, 14, 14], [14, 14, 14, 13], [14, 13, 14, 12], [14, 12, 14, 11], [14, 11, 14, 10], [14, 10, 14, 9], [14, 9, 14, 8], [14, 8, 14, 7], [14, 7, 13, 7], [13, 7, 13, 6], [13, 6, 13, 5], [13, 5, 12, 5], [12, 5, 11, 5], [11, 5, 10, 5], [10, 5, 10, 4], [10, 4, 9, 4], [9, 4, 8, 4], [8, 4, 7, 4], [7, 4, 6, 4], [6, 4, 5, 4], [5, 4, 5, 3], [5, 3, 5, 2], [5, 2, 6, 2], [6, 2, 7, 2], [7, 2, 7, 1], [7, 1, 6, 1], [6, 1, 5, 1], [5, 1, 4, 1], [4, 1, 3, 1], [3, 1, 2, 1], [2, 1, 2, 2], [2, 2, 2, 3]]}
META {"type": "geom", "shape": "tile", "group": "path", "data": [[11, 11], [11, 12], [11, 13], [11, 14], [12, 14], [13, 14], [14, 14], [14, 13], [14, 12], [14, 11], [14, 10], [14, 9], [14, 8], [14, 7], [13, 7], [13, 6], [13, 5], [12, 5], [11, 5], [10, 5], [10, 4], [9, 4], [8, 4], [7, 4], [6, 4], [5, 4], [5, 3], [5, 2], [6, 2], [7, 2], [7, 1], [6, 1], [5, 1], [4, 1], [3, 1], [2, 1], [2, 2], [2, 3]]}
META {"type": "geom", "shape": "line", "group": "offpath", "data": [[10, 2, 10, 3], [10, 3, 10, 2], [9, 6, 9, 5], [9, 5, 8, 5], [4, 10, 4, 9], [4, 9, 4, 10], [7, 13, 8, 13], [8, 6, 9, 6], [8, 13, 7, 13], [8, 5, 8, 6], [11, 2, 11, 3], [11, 3, 11, 2]]}
