XXXXXXXXXXXXXXXX
X--}XXX--------X
X-XXXXX-------XX
X-XXXXX-X------X
X-----------XX-X
XX------XXX-XX-X
XX-XX---------XX
X--XX-XXX-----XX
X-----XXX-XX---X
XXXX-X---XXXXX-X
XXXX-X--XXXXXX-X
X----X-XXXXX{--X
XX-X---XXXXXXXXX
XX--XXX--XXXXXXX
X-XX---XX------X
XXXXXXXXXXXXXXXX
META {"type": "solver", "id": "pysat-rc2", "objective": 0}
META {"type": "geom", "shape": "path", "group": "path", "data": [[11, 12, 11, 13], [11, 13, 11, 14], [11, 14, 10, 14], [10, 14, 9, 14], [9, 14, 8, 14], [8, 14, 8, 13], [8, 13, 8, 12], [8, 12, 7, 12], [7, 12, 7, 11], [7, 11, 6, 11], [6, 11, 5, 11], [5, 11, 4, 11], [4, 11, 3, 11], [3, 11, 3, 12], [3, 12, 2, 12], [2, 12, 2, 13], [2, 13, 1, 13], [1, 13, 1, 12], [1, 12, 1, 11], [1, 11, 1, 10], [1, 10, 1, 9], [1, 9, 1, 8], [1, 8, 1, 7], [1, 7, 2, 7], [2, 7, 3, 7], [3, 7, 4, 7], [4, 7, 5, 7], [5, 7, 5, 6], [5, 6, 6, 6], [6, 6, 6, 5], [6, 5, 5, 5], [5, 5, 5, 4], [5, 4, 5, 3], [5, 3, 5, 2], [5, 2, 4, 2], [4, 2, 4, 1], [4, 1, 3, 1], [3, 1, 2, 1], [2, 1, 1, 1], [1, 1, 1, 2], [1, 2, 1, 3]]}
META {"type": "geom", "shape": "tile", "group": "path", "data": [[11, 12], [11, 13], [11, 14], [10, 14], [9, 14], [8, 14], [8, 13], [8, 12], [7, 12], [7, 11], [6, 11], [5, 11], [4, 11], [3, 11], [3, 12], [2, 12], [2, 13], [1, 13], [1, 12], [1, 11], [1, 10], [1, 9], [1, 8], [1, 7], [2, 7], [3, 7], [4, 7], [5, 7], [5, 6], [6, 6], [6, 5], [5, 5], [5, 4], [5, 3], [5, 2], [4, 2], [4, 1], [3, 1], [2, 1], [1, 1], [1, 2], [1, 3]]}
META {"type": "geom", "shape": "line", "group": "offpath", "data": [[7, 10, 7, 9], [7, 9, 7, 10], [6, 12, 6, 13], [6, 13, 6, 12], [12, 2, 13, 2], [2, 10, 2, 9], [2, 9, 2, 10], [14, 10, 14, 9], [14, 14, 14, 13], [14, 12, 14, 11], [14, 6, 14, 5], [14, 11, 14, 12], [14, 5, 14, 6], [14, 9, 14, 10], [14, 13, 14, 14], [11, 1, 11, 2], [11, 2, 11, 1], [3, 10, 3, 9], [3, 14, 4, 14], [3, 9, 3, 10], [4, 4, 4, 3], [4, 14, 3, 14], [4, 6, 4, 5], [4, 5, 4, 6], [4, 9, 4, 8], [4, 3, 4, 4], [4, 8, 4, 9], [13, 2, 12, 2]]}
