XXXXXXXXXXXXXXXXXXXXXXXXXXXXXXXX
X-XXXXX-----X---XXX---X---X-X--X
X-XXXXXX--------XXXX----------XX
X--}XXXX---X---XXXXXXXXXX------X
X-XXXXX----X-X-XXXXXXXXXX------X
X-XXXXX--X-X----XXXX-----------X
X--------X------XXX--XX-XX----XX
X--------X-XX-------XXXXXXX----X
X-----X--X-XX---XXX-XXXXXXX----X
XX----X-------X---------XXXXX-XX
X-----X--XX-XX-XXXXXX-XXXXXXX-XX
XXXX-X---XX-XX-XXXXXX-XXXXX{--XX
XXXXXXXXX-------------XXXXXXX-XX
XXXXXXXXX--XXXXXXXX--X--XXXXX--X
X--------XX--------XX-XX-------X
XXXXXXXXXXXXXXXXXXXXXXXXXXXXXXXX
META {"type": "solver", "id": "pysat-rc2", "objective": 0}
META {"type": "geom", "shape": "path", "group": "path", "data": [[11, 27, 11, 28], [11, 28, 11, 29], [11, 29, 10, 29], [10, 29, 9, 29], [9, 29, 8, 29], [8, 29, 8, 28], [8, 28, 8, 27], [8, 27, 7, 27], [7, 27, 7, 28], [7, 28, 6, 28], [6, 28, 6, 27], [6, 27, 5, 27], [5, 27, 5, 26], [5, 26, 5, 25], [5, 25, 5, 24], [5, 24, 5, 23], [5, 23, 5, 22], [5, 22, 5, 21], [5, 21, 5, 20], [5, 20, 6, 20], [6, 20, 6, 19], [6, 19, 7, 19], [7, 19, 7, 18], [7, 18, 7, 17], [7, 17, 7, 16], [7, 16, 7, 15], [7, 15, 6, 15], [6, 15, 5, 15], [5, 15, 5, 14], [5, 14, 6, 14], [6, 14, 6, 13], [6, 13, 7, 13], [7, 13, 8, 13], [8, 13, 9, 13], [9, 13, 9, 12], [9, 12, 9, 11], [9, 11, 9, 10], [9, 10, 9, 9], [9, 9, 9, 8], [9, 8, 9, 7], [9, 7, 8, 7], [8, 7, 7, 7], [7, 7, 7, 6], [7, 6, 7, 5], [7, 5, 7, 4], [7, 4, 7, 3], [7, 3, 6, 3], [6, 3, 6, 2], [6, 2, 7, 2], [7, 2, 8, 2], [8, 2, 8, 1], [8, 1, 7, 1], [7, 1, 6, 1], [6, 1, 5, 1], [5, 1, 4, 1], [4, 1, 3, 1], [3, 1, 3, 2], [3, 2, 3, 3]]}
META {"type": "geom", "shape": "tile", "group": "path", "data": [[11, 27], [11, 28], [11, 29], [10, 29], [9, 29], [8, 29], [8, 28], [8, 27], [7, 27], [7, 28], [6, 28], [6, 27], [5, 27], [5, 26], [5, 25], [5, 24], [5, 23], [5, 22], [5, 21], [5, 20], [6, 20], [6, 19], [7, 19], [7, 18], [7, 17], [7, 16], [7, 15], [6, 15], [5, 15], [5, 14], [6, 14], [6, 13], [7, 13], [8, 13], [9, 13], [9, 12], [9, 11], [9, 10], [9, 9], [9, 8], [9, 7], [8, 7], [7, 7], [7, 6], [7, 5], [7, 4], [7, 3], [6, 3], [6, 2], [7, 2], [8, 2], [8, 1], [7, 1], [6, 1], [5, 1], [4, 1], [3, 1], [3, 2], [3, 3]]}
META {"type": "geom", "shape": "line", "group": "offpath", "data": [[6, 8, 7, 8], [6, 6, 6, 5], [6, 5, 6, 6], [5, 28, 5, 29], [5, 29, 5, 28], [5, 12, 5, 13], [5, 13, 5, 12], [7, 8, 6, 8], [3, 27, 3, 26], [3, 10, 2, 10], [3, 14, 3, 13], [3, 26, 3, 27], [3, 13, 3, 14], [2, 10, 3, 10], [2, 11, 2, 12], [2, 12, 2, 11], [2, 13, 1, 13], [10, 8, 11, 8], [10, 3, 9, 3], [10, 5, 9, 5], [10, 4, 9, 4], [9, 3, 10, 3], [9, 5, 10, 5], [9, 4, 10, 4], [8, 14, 8, 15], [8, 15, 8, 14], [11, 8, 10, 8], [11, 6, 11, 7], [11, 7, 11, 6], [4, 28, 4, 27], [4, 27, 4, 28], [4, 30, 4, 29], [4, 29, 4, 30], [14, 27, 14, 26], [14, 5, 14, 4], [14, 30, 14, 29], [14, 29, 14, 30], [14, 26, 14, 27], [14, 4, 14, 5], [1, 13, 2, 13]]}
