XXXXXXXXXXXXXXXXXXXXXXXXXXXXXXXX
X--}XXX-XX-XX-----XX--XX-X----XX
X-XXXXX------XXXX--------------X
X-XXXXXX--X------XXXX---X------X
X---XXXXX-X-XXX--XXXXXX-X-XX--XX
X----XXXX-X----X-XXXXXX-X-XX-X-X
X---------X-X--X--XXX---------XX
XX----XXX---X--X---------XXXX--X
X-XXX-------X---XXX------XXXX--X
X----XXX-XX--------X-XXXXXXXX--X
XXX--XXX-XX----XXXX--XXXXXXXX--X
XXX-----X-----XXXXX-XXXXXXX{---X
XXX---XXXXX-X-XXXXX-XXXXXXXXXXXX
XXX---XXXXX--------X----XXXXXXXX
X----------XX----XX-XX---------X
XXXXXXXXXXXXXXXXXXXXXXXXXXXXXXXX
META {"type": "solver", "id": "pysat-rc2-boolonly", "objective": 0}
META {"type": "geom", "shape": "path", "group": "path", "data": [[11, 27, 11, 28], [11, 28, 11, 29], [11, 29, 11, 30], [11, 30, 10, 30], [10, 30, 10, 29], [10, 29, 9, 29], [9, 29, 9, 30], [9, 30, 8, 30], [8, 30, 8, 29], [8, 29, 7, 29], [7, 29, 6, 29], [6, 29, 6, 28], [6, 28, 6, 27], [6, 27, 6, 26], [6, 26, 6, 25], [6, 25, 6, 24], [6, 24, 7, 24], [7, 24, 8, 24], [8, 24, 8, 23], [8, 23, 8, 22], [8, 22, 8, 21], [8, 21, 8, 20], [8, 20, 8, 19], [8, 19, 7, 19], [7, 19, 7, 18], [7, 18, 7, 17], [7, 17, 6, 17], [6, 17, 6, 16], [6, 16, 5, 16], [5, 16, 4, 16], [4, 16, 3, 16], [3, 16, 3, 15], [3, 15, 3, 14], [3, 14, 3, 13], [3, 13, 3, 12], [3, 12, 3, 11], [3, 11, 4, 11], [4, 11, 5, 11], [5, 11, 5, 12], [5, 12, 5, 13], [5, 13, 5, 14], [5, 14, 6, 14], [6, 14, 7, 14], [7, 14, 7, 13], [7, 13, 8, 13], [8, 13, 9, 13], [9, 13, 9, 12], [9, 12, 9, 11], [9, 11, 8, 11], [8, 11, 7, 11], [7, 11, 7, 10], [7, 10, 7, 9], [7, 9, 8, 9], [8, 9, 8, 8], [8, 8, 8, 7], [8, 7, 8, 6], [8, 6, 8, 5], [8, 5, 7, 5], [7, 5, 7, 4], [7, 4, 7, 3], [7, 3, 7, 2], [7, 2, 6, 2], [6, 2, 6, 1], [6, 1, 5, 1], [5, 1, 4, 1], [4, 1, 3, 1], [3, 1, 2, 1], [2, 1, 1, 1], [1, 1, 1, 2], [1, 2, 1, 3]]}
META {"type": "geom", "shape": "tile", "group": "path", "data": [[11, 27], [11, 28], [11, 29], [11, 30], [10, 30], [10, 29], [9, 29], [9, 30], [8, 30], [8, 29], [7, 29], [6, 29], [6, 28], [6, 27], [6, 26], [6, 25], [6, 24], [7, 24], [8, 24], [8, 23], [8, 22], [8, 21], [8, 20], [8, 19], [7, 19], [7, 18], [7, 17], [6, 17], [6, 16], [5, 16], [4, 16], [3, 16], [3, 15], [3, 14], [3, 13], [3, 12], [3, 11], [4, 11], [5, 11], [5, 12], [5, 13], [5, 14], [6, 14], [7, 14], [7, 13], [8, 13], [9, 13], [9, 12], [9, 11], [8, 11], [7, 11], [7, 10], [7, 9], [8, 9], [8, 8], [8, 7], [8, 6], [8, 5], [7, 5], [7, 4], [7, 3], [7, 2], [6, 2], [6, 1], [5, 1], [4, 1], [3, 1], [2, 1], [1, 1], [1, 2], [1, 3]]}
META {"type": "geom", "shape": "line", "group": "offpath", "data": [[6, 6, 6, 7], [6, 7, 6, 6], [6, 23, 5, 23], [7, 21, 7, 22], [7, 22, 7, 21], [3, 30, 2, 30], [3, 9, 2, 9], [3, 27, 3, 26], [3, 26, 3, 27], [3, 23, 4, 23], [5, 3, 5, 2], [5, 2, 5, 3], [5, 28, 4, 28], [5, 25, 4, 25], [5, 23, 6, 23], [1, 29, 2, 29], [1, 28, 2, 28], [1, 27, 1, 26], [1, 26, 1, 27], [2, 24, 2, 25], [2, 30, 3, 30], [2, 29, 1, 29], [2, 28, 1, 28], [2, 9, 3, 9], [2, 25, 2, 24], [2, 22, 2, 23], [2, 23, 2, 22], [11, 3, 12, 3], [11, 6, 11, 5], [11, 5, 11, 6], [11, 13, 10, 13], [11, 12, 10, 12], [11, 11, 11, 12], [4, 28, 5, 28], [4, 25, 5, 25], [4, 23, 3, 23], [13, 4, 14, 4], [13, 5, 12, 5], [13, 13, 12, 13], [9, 14, 9, 15], [9, 15, 9, 14], [9, 17, 9, 18], [9, 4, 10, 4], [9, 18, 9, 17], [10, 4, 9, 4], [10, 13, 11, 13], [10, 12, 10, 11], [10, 11, 11, 11], [10, 20, 10, 19], [10, 19, 10, 20], [14, 14, 14, 13], [14, 6, 14, 7], [14, 7, 14, 6], [14, 4, 14, 5], [14, 5, 13, 5], [14, 28, 14, 27], [14, 13, 14, 14], [14, 27, 14, 28], [12, 3, 11, 3], [12, 4, 13, 4], [12, 5, 12, 4], [12, 13, 13, 13]]}
