XXXXXXXXXXXXXXXXXXXXXXXXXXXXXXXX
X-XXXXXXXXXXXXX--X--X-XX-------X
X--}XXXXXXXXXX----XX-X----XXX-XX
X-XXXXX---XXX----XXXX-----XXX--X
X-XXXXX---XXX----XXXX----------X
X---------XXX-XXX-------XXXXXX-X
X-------X----------------------X
X-------X-XXXXX---X------------X
XXXXX---X-XXXXX-X-X------XXXXX-X
XXXXX-----------X-X-XXXX-XXXXX-X
X------X---XXX--X-X-XXXXXXXXXX-X
X--XXXXXXXX-----X-X-XXXXXXXX{--X
XX-XXXXXXXX-----------XX-XXXXXXX
X-X------------------X---XXXXXXX
X----------XX---XX-XX-XX-------X
XXXXXXXXXXXXXXXXXXXXXXXXXXXXXXXX
META {"type": "solver", "id": "pysat-rc2", "objective": 0}
META {"type": "geom", "shape": "path", "group": "path", "data": [[11, 28, 11, 29], [11, 29, 11, 30], [11, 30, 10, 30], [10, 30, 9, 30], [9, 30, 8, 30], [8, 30, 7, 30], [7, 30, 7, 29], [7, 29, 6, 29], [6, 29, 6, 30], [6, 30, 5, 30], [5, 30, 4, 30], [4, 30, 3, 30], [3, 30, 3, 29], [3, 29, 2, 29], [2, 29, 1, 29], [1, 29, 1, 28], [1, 28, 1, 27], [1, 27, 1, 26], [1, 26, 1, 25], [1, 25, 1, 24], [1, 24, 2, 24], [2, 24, 2, 23], [2, 23, 3, 23], [3, 23, 3, 22], [3, 22, 4, 22], [4, 22, 5, 22], [5, 22, 5, 21], [5, 21, 5, 20], [5, 20, 5, 19], [5, 19, 5, 18], [5, 18, 5, 17], [5, 17, 6, 17], [6, 17, 6, 16], [6, 16, 6, 15], [6, 15, 6, 14], [6, 14, 6, 13], [6, 13, 6, 12], [6, 12, 6, 11], [6, 11, 6, 10], [6, 10, 6, 9], [6, 9, 7, 9], [7, 9, 8, 9], [8, 9, 9, 9], [9, 9, 9, 8], [9, 8, 9, 7], [9, 7, 8, 7], [8, 7, 8, 6], [8, 6, 7, 6], [7, 6, 7, 5], [7, 5, 7, 4], [7, 4, 7, 3], [7, 3, 7, 2], [7, 2, 6, 2], [6, 2, 5, 2], [5, 2, 5, 1], [5, 1, 4, 1], [4, 1, 3, 1], [3, 1, 2, 1], [2, 1, 2, 2], [2, 2, 2, 3]]}
META {"type": "geom", "shape": "tile", "group": "path", "data": [[11, 28], [11, 29], [11, 30], [10, 30], [9, 30], [8, 30], [7, 30], [7, 29], [6, 29], [6, 30], [5, 30], [4, 30], [3, 30], [3, 29], [2, 29], [1, 29], [1, 28], [1, 27], [1, 26], [1, 25], [1, 24], [2, 24], [2, 23], [3, 23], [3, 22], [4, 22], [5, 22], [5, 21], [5, 20], [5, 19], [5, 18], [5, 17], [6, 17], [6, 16], [6, 15], [6, 14], [6, 13], [6, 12], [6, 11], [6, 10], [6, 9], [7, 9], [8, 9], [9, 9], [9, 8], [9, 7], [8, 7], [8, 6], [7, 6], [7, 5], [7, 4], [7, 3], [7, 2], [6, 2], [5, 2], [5, 1], [4, 1], [3, 1], [2, 1], [2, 2], [2, 3]]}
META {"type": "geom", "shape": "line", "group": "offpath", "data": [[9, 5, 8, 5], [1, 19, 1, 18], [1, 18, 1, 19], [14, 30, 14, 29], [14, 27, 14, 28], [14, 28, 14, 27], [14, 29, 14, 30], [6, 4, 5, 4], [6, 5, 5, 5], [4, 14, 4, 15], [4, 15, 4, 14], [4, 13, 5, 13], [7, 22, 7, 23], [7, 23, 7, 22], [10, 4, 10, 3], [10, 3, 10, 4], [3, 15, 2, 15], [2, 15, 3, 15], [8, 22, 8, 21], [8, 21, 8, 22], [8, 5, 9, 5], [13, 9, 13, 8], [13, 10, 13, 11], [13, 15, 13, 16], [13, 11, 13, 10], [13, 16, 13, 15], [13, 8, 13, 9], [5, 4, 6, 4], [5, 13, 4, 13], [5, 7, 5, 6], [5, 5, 6, 5], [5, 6, 5, 7]]}
