XXXXXXXXXXXXXXXXXXXXXXXXXXXXXXXX
XX-XXXXXX-XX-X-XXXXXX-XX-XX-XX-X
XXXXXXXXX---X-X---XXXX-----X---X
XXXXXXXX------X---XXXX-----X-X-X
X--}XXX-XXX---X----XX-X--X-X-X-X
X-XXXXX-------X-XXX------X-X-X-X
X-XXXXX--X---X-------XX--X-X-X-X
X---XXXXXXXXXXXXXXXXXXXX---X--XX
X---XXXXXXXXXXXXXXXXXXXX-XX----X
X--X-XX-----------------XXXXX--X
X----------------XX-XX--XXXXX--X
X---XXX-XX-XX--XXXXXXXXXXXX{---X
X-X----XXXXXXX-XXXXXXXXXXXXXXX-X
XX--X--XXXXXXX---XX-----XXXXXX-X
X------------------------------X
XXXXXXXXXXXXXXXXXXXXXXXXXXXXXXXX
META {"type": "solver", "id": "pysat-rc2-boolonly", "objective": 0}
META {"type": "geom", "shape": "path", "group": "path", "data": [[11, 27, 11, 28], [11, 28, 11, 29], [11, 29, 10, 29], [10, 29, 10, 30], [10, 30, 11, 30], [11, 30, 12, 30], [12, 30, 13, 30], [13, 30, 14, 30], [14, 30, 14, 29], [14, 29, 14, 28], [14, 28, 14, 27], [14, 27, 14, 26], [14, 26, 14, 25], [14, 25, 14, 24], [14, 24, 14, 23], [14, 23, 13, 23], [13, 23, 13, 22], [13, 22, 14, 22], [14, 22, 14, 21], [14, 21, 13, 21], [13, 21, 13, 20], [13, 20, 13, 19], [13, 19, 14, 19], [14, 19, 14, 18], [14, 18, 14, 17], [14, 17, 14, 16], [14, 16, 14, 15], [14, 15, 13, 15], [13, 15, 13, 14], [13, 14, 12, 14], [12, 14, 11, 14], [11, 14, 11, 13], [11, 13, 10, 13], [10, 13, 10, 12], [10, 12, 9, 12], [9, 12, 9, 11], [9, 11, 9, 10], [9, 10, 10, 10], [10, 10, 10, 9], [10, 9, 9, 9], [9, 9, 9, 8], [9, 8, 10, 8], [10, 8, 10, 7], [10, 7, 10, 6], [10, 6, 10, 5], [10, 5, 10, 4], [10, 4, 10, 3], [10, 3, 11, 3], [11, 3, 11, 2], [11, 2, 11, 1], [11, 1, 10, 1], [10, 1, 9, 1], [9, 1, 9, 2], [9, 2, 8, 2], [8, 2, 8, 3], [8, 3, 7, 3], [7, 3, 7, 2], [7, 2, 7, 1], [7, 1, 6, 1], [6, 1, 5, 1], [5, 1, 4, 1], [4, 1, 4, 2], [4, 2, 4, 3]]}
META {"type": "geom", "shape": "tile", "group": "path", "data": [[11, 27], [11, 28], [11, 29], [10, 29], [10, 30], [11, 30], [12, 30], [13, 30], [14, 30], [14, 29], [14, 28], [14, 27], [14, 26], [14, 25], [14, 24], [14, 23], [13, 23], [13, 22], [14, 22], [14, 21], [13, 21], [13, 20], [13, 19], [14, 19], [14, 18], [14, 17], [14, 16], [14, 15], [13, 15], [13, 14], [12, 14], [11, 14], [11, 13], [10, 13], [10, 12], [9, 12], [9, 11], [9, 10], [10, 10], [10, 9], [9, 9], [9, 8], [10, 8], [10, 7], [10, 6], [10, 5], [10, 4], [10, 3], [11, 3], [11, 2], [11, 1], [10, 1], [9, 1], [9, 2], [8, 2], [8, 3], [7, 3], [7, 2], [7, 1], [6, 1], [5, 1], [4, 1], [4, 2], [4, 3]]}
META {"type": "geom", "shape": "line", "group": "offpath", "data": [[10, 16, 9, 16], [10, 14, 10, 15], [10, 15, 10, 14], [10, 23, 9, 23], [10, 22, 10, 23], [12, 4, 12, 3], [12, 6, 13, 6], [12, 3, 12, 4], [13, 6, 12, 6], [14, 14, 14, 13], [14, 4, 14, 5], [14, 13, 14, 14], [14, 5, 14, 4], [14, 7, 14, 8], [14, 9, 14, 10], [14, 10, 14, 9], [14, 8, 14, 7], [9, 16, 10, 16], [9, 14, 9, 13], [9, 19, 9, 20], [9, 13, 9, 14], [9, 20, 9, 19], [9, 23, 9, 22], [9, 22, 10, 22]]}
