--------------------------------
--------------------------------
------Q-------------------------
--------------------------------
--------------------------------
--------------------------------
----------X------------XXXX--X--
----------------X---Q-----------
--X-----------------------------
---------<>---------------------
---------[]----------Q---XX-----
---------[]---------------------
------X--[]---Q-----------------
-----XX--[]-------XX---XX-------
-{--XXX--[]------XXX--XXX-----}-
XXXXXXXXXXXXXXXXXXXXXXXXXXXXXXXX
META {"type": "solver", "id": "pysat-rc2", "objective": 0}
META {"type": "geom", "shape": "path", "group": "path", "data": [[14, 1, 14, 2], [14, 2, 14, 3], [14, 3, 12, 5], [12, 5, 8, 9], [8, 9, 8, 10], [8, 10, 8, 11], [8, 11, 9, 12], [9, 12, 10, 13], [10, 13, 11, 14], [11, 14, 11, 15], [11, 15, 12, 16], [12, 16, 13, 17], [13, 17, 12, 18], [12, 18, 12, 19], [12, 19, 12, 20], [12, 20, 13, 20], [13, 20, 14, 21], [14, 21, 12, 23], [12, 23, 12, 24], [12, 24, 12, 25], [12, 25, 13, 26], [13, 26, 14, 27], [14, 27, 14, 28], [14, 28, 14, 29], [14, 29, 14, 30]]}
