XXXXXXXXXXXXXXXX
XXXXXXXXXXXXXXXX
XXXXX--XXX}XXXXX
XXXX-#-----XXXXX
XXXX------#--XXX
XXXX----------XX
XX-----XX--X--XX
XX------X-XX--XX
XX----#----X--XX
XXX-#-------X-XX
XXX----XX---XXXX
XXXX-#--X-X--XXX
XXXX------XX-XXX
XXXX-------X--XX
XXX--XX-XX----XX
XXX---X-XXX--XXX
XX------XXX-XXXX
XX##----XXX-XXXX
XX-----#-----XXX
XXX-X----##--XXX
XXXXXX-------XXX
XXXXXX-----#--XX
XXXXX----#----XX
XX----X-----XXXX
XX---XXX-----XXX
XX---XXX--#--XXX
XXX-----------XX
XXX---XX-{-X--XX
XXX---XXXXXX--XX
XXX--XXXXXXXXXXX
XXXXXXXXXXXXXXXX
XXXXXXXXXXXXXXXX
META {"type": "solver", "id": "pysat-rc2", "objective": 0}
META {"type": "geom", "shape": "path", "group": "path", "data": [[27, 9, 23, 9], [23, 9, 23, 7], [23, 7, 19, 7], [19, 7, 19, 5], [19, 5, 15, 5], [15, 5, 15, 3], [15, 3, 14, 3], [14, 3, 14, 4], [14, 4, 10, 4], [10, 4, 10, 3], [10, 3, 6, 3], [6, 3, 6, 2], [6, 2, 6, 6], [6, 6, 7, 6], [7, 6, 7, 7], [7, 7, 9, 7], [9, 7, 9, 11], [9, 11, 11, 11], [11, 11, 11, 12], [11, 12, 15, 12], [15, 12, 15, 11], [15, 11, 14, 11], [14, 11, 20, 11], [20, 11, 20, 12], [20, 12, 20, 6], [20, 6, 16, 6], [16, 6, 16, 7], [16, 7, 17, 7], [17, 7, 11, 7], [11, 7, 11, 6], [11, 6, 9, 6], [9, 6, 9, 5], [9, 5, 10, 5], [10, 5, 4, 5], [4, 5, 4, 9], [4, 9, 3, 9], [3, 9, 3, 10], [3, 10, 2, 10]]}
META {"type": "geom", "shape": "tile", "group": "path", "data": [[27, 9], [26, 9], [25, 9], [24, 9], [23, 9], [23, 8], [23, 7], [22, 7], [21, 7], [20, 7], [19, 7], [19, 6], [19, 5], [18, 5], [17, 5], [16, 5], [15, 5], [15, 4], [15, 3], [14, 3], [14, 4], [13, 4], [12, 4], [11, 4], [10, 4], [10, 3], [9, 3], [8, 3], [7, 3], [6, 3], [6, 2], [6, 3], [6, 4], [6, 5], [6, 6], [7, 6], [7, 7], [8, 7], [9, 7], [9, 8], [9, 9], [9, 10], [9, 11], [10, 11], [11, 11], [11, 12], [12, 12], [13, 12], [14, 12], [15, 12], [15, 11], [14, 11], [15, 11], [16, 11], [17, 11], [18, 11], [19, 11], [20, 11], [20, 12], [20, 11], [20, 10], [20, 9], [20, 8], [20, 7], [20, 6], [19, 6], [18, 6], [17, 6], [16, 6], [16, 7], [17, 7], [16, 7], [15, 7], [14, 7], [13, 7], [12, 7], [11, 7], [11, 6], [10, 6], [9, 6], [9, 5], [10, 5], [9, 5], [8, 5], [7, 5], [6, 5], [5, 5], [4, 5], [4, 6], [4, 7], [4, 8], [4, 9], [3, 9], [3, 10], [2, 10]]}
META {"type": "geom", "shape": "line", "group": "offpath", "data": [[8, 10, 10, 10], [8, 8, 9, 8], [22, 12, 22, 10], [22, 10, 20, 10], [22, 13, 21, 13], [3, 7, 5, 7], [3, 8, 5, 8], [21, 13, 22, 13], [6, 10, 6, 9], [6, 9, 6, 10], [2, 6, 2, 5], [2, 5, 2, 6], [4, 11, 5, 11], [20, 10, 24, 10], [10, 10, 8, 10], [18, 12, 22, 12], [18, 8, 18, 12], [18, 3, 19, 3], [23, 2, 25, 2], [23, 3, 23, 2], [23, 4, 29, 4], [24, 12, 24, 8], [24, 10, 24, 12], [24, 2, 24, 4], [24, 8, 18, 8], [24, 4, 24, 2], [5, 7, 3, 7], [5, 11, 4, 11], [5, 8, 3, 8], [13, 12, 13, 13], [13, 10, 13, 4], [13, 13, 13, 12], [13, 8, 12, 8], [13, 4, 13, 10], [29, 3, 23, 3], [29, 4, 29, 3], [25, 2, 25, 4], [25, 4, 23, 4], [19, 3, 18, 3], [27, 12, 27, 13], [27, 13, 27, 12], [12, 8, 13, 8], [28, 5, 28, 3], [28, 3, 28, 5], [9, 8, 8, 8]]}
