XXXXXXXXXXXXXXXX
XXXXXXXXXXXXXXXX
XXXX-----XXX}XXX
XX---XXX-----XXX
XXX--XXX-----XXX
XXXX-XXX--XX--XX
XXXX-XXX---X--XX
XXX-----X----XXX
XXX----XX---XXXX
XX---#--X-X--XXX
XX-#-----XXX-XXX
XX----XX-XXX--XX
XX-----X-XXX--XX
XX-XX--XX-----XX
XX--X---X--#--XX
XX--XX--XX----XX
XX---X---XX---XX
XX--------XXXXXX
XX---X--#--XXXXX
XX-XXXX----XXXXX
XXXXXXX--#-XXXXX
XXXXXXX----XXXXX
XXXXXX----#---XX
XXXXXX--------XX
XXX-----XX-X--XX
XXX-#--XXXXXX-XX
XXX-----XXXXX-XX
XX-{----XXX---XX
XXXXXX--------XX
XXXXXXXX--X---XX
XXXXXXXXXXXXXXXX
XXXXXXXXXXXXXXXX
META {"type": "solver", "id": "pysat-rc2", "objective": 0}
META {"type": "geom", "shape": "path", "group": "path", "data": [[27, 3, 27, 7], [27, 7, 26, 7], [26, 7, 26, 3], [26, 3, 24, 3], [24, 3, 24, 7], [24, 7, 14, 7], [14, 7, 14, 5], [14, 5, 10, 5], [10, 5, 10, 4], [10, 4, 12, 4], [12, 4, 2, 4], [2, 4, 2, 8], [2, 8, 6, 8], [6, 8, 6, 10], [6, 10, 8, 10], [8, 10, 8, 9], [8, 9, 8, 11], [8, 11, 9, 11], [9, 11, 7, 11], [7, 11, 7, 9], [7, 9, 3, 9], [3, 9, 3, 8], [3, 8, 3, 12], [3, 12, 2, 12]]}
META {"type": "geom", "shape": "tile", "group": "path", "data": [[27, 3], [27, 4], [27, 5], [27, 6], [27, 7], [26, 7], [26, 6], [26, 5], [26, 4], [26, 3], [25, 3], [24, 3], [24, 4], [24, 5], [24, 6], [24, 7], [23, 7], [22, 7], [21, 7], [20, 7], [19, 7], [18, 7], [17, 7], [16, 7], [15, 7], [14, 7], [14, 6], [14, 5], [13, 5], [12, 5], [11, 5], [10, 5], [10, 4], [11, 4], [12, 4], [11, 4], [10, 4], [9, 4], [8, 4], [7, 4], [6, 4], [5, 4], [4, 4], [3, 4], [2, 4], [2, 5], [2, 6], [2, 7], [2, 8], [3, 8], [4, 8], [5, 8], [6, 8], [6, 9], [6, 10], [7, 10], [8, 10], [8, 9], [8, 10], [8, 11], [9, 11], [8, 11], [7, 11], [7, 10], [7, 9], [6, 9], [5, 9], [4, 9], [3, 9], [3, 8], [3, 9], [3, 10], [3, 11], [3, 12], [2, 12]]}
META {"type": "geom", "shape": "line", "group": "offpath", "data": [[18, 2, 18, 4], [18, 10, 18, 9], [18, 9, 17, 9], [18, 4, 18, 2], [16, 11, 15, 11], [16, 13, 16, 11], [16, 8, 16, 6], [16, 6, 16, 8], [14, 3, 14, 2], [14, 2, 14, 3], [14, 13, 14, 12], [14, 9, 13, 9], [14, 12, 14, 13], [28, 9, 29, 9], [28, 8, 29, 8], [28, 6, 22, 6], [17, 9, 19, 9], [23, 11, 22, 11], [23, 10, 24, 10], [23, 9, 21, 9], [7, 3, 7, 7], [7, 5, 8, 5], [7, 7, 7, 3], [13, 9, 14, 9], [8, 5, 7, 5], [12, 13, 12, 12], [12, 12, 12, 13], [9, 2, 19, 2], [9, 7, 10, 7], [4, 3, 4, 4], [4, 12, 4, 8], [4, 8, 4, 12], [4, 4, 4, 3], [24, 10, 23, 10], [24, 13, 24, 12], [24, 12, 24, 13], [27, 11, 27, 13], [27, 13, 27, 11], [27, 12, 29, 12], [10, 7, 9, 7], [21, 9, 23, 9], [19, 2, 9, 2], [19, 10, 18, 10], [19, 9, 19, 10], [15, 11, 15, 13], [15, 13, 16, 13], [25, 5, 25, 6], [25, 6, 25, 5], [22, 11, 23, 11], [22, 6, 28, 6], [29, 11, 29, 13], [29, 13, 29, 11], [29, 9, 28, 9], [29, 12, 27, 12], [29, 8, 28, 8]]}
