XXXXXXXXXXXXXXXX
----------------
XXXX--XX-----XXX
XXXX--XX-----XXX
----------XX----
-------XX-XX--}-
-------XX----XXX
XXX----XX----XXX
XXX-XXXXXXX-----
----XXXXXXX-----
-------------XXX
-------------XXX
---------XX-----
XX-------XX-----
XX-{----------XX
--XXXX--------XX
--XXXX---XX-----
---------XX-----
---------XX-----
XXXXXXXXXXXXXXXX
META {"type": "solver", "id": "pysat-rc2", "objective": 0}
META {"type": "geom", "shape": "path", "group": "path", "data": [[14, 3, 14, 4], [14, 4, 14, 5], [14, 5, 12, 8], [12, 8, 13, 8], [13, 8, 14, 9], [14, 9, 15, 10], [15, 10, 13, 15], [13, 15, 13, 14], [13, 14, 11, 10], [11, 10, 9, 13], [9, 13, 7, 9], [7, 9, 5, 9], [5, 9, 6, 10], [6, 10, 7, 10], [7, 10, 5, 13], [5, 13, 5, 14]]}
META {"type": "geom", "shape": "tile", "group": "path", "data": [[14, 3], [14, 4], [14, 5], [14, 6], [13, 6], [13, 7], [12, 7], [12, 8], [13, 8], [14, 8], [14, 9], [15, 9], [15, 10], [15, 11], [14, 11], [14, 12], [13, 12], [13, 13], [13, 14], [13, 15], [13, 14], [13, 13], [12, 13], [12, 12], [11, 12], [11, 11], [11, 10], [11, 11], [10, 11], [10, 12], [9, 12], [9, 13], [9, 12], [8, 12], [8, 11], [7, 11], [7, 10], [7, 9], [6, 9], [5, 9], [6, 9], [6, 10], [7, 10], [7, 11], [6, 11], [6, 12], [5, 12], [5, 13], [5, 14]]}
META {"type": "geom", "shape": "line", "group": "offpath", "data": [[1, 5, 2, 4], [1, 6, 1, 5], [1, 1, 1, 2], [1, 2, 1, 1], [2, 12, 3, 11], [2, 4, 3, 5], [4, 4, 5, 4], [4, 8, 2, 12], [4, 7, 4, 8], [18, 12, 18, 11], [18, 5, 18, 4], [18, 11, 18, 12], [18, 14, 18, 15], [18, 4, 18, 5], [18, 6, 18, 7], [18, 1, 18, 2], [18, 15, 18, 14], [18, 2, 18, 1], [18, 8, 16, 8], [18, 7, 18, 8], [11, 2, 12, 1], [16, 8, 17, 7], [6, 3, 7, 4], [6, 5, 7, 5], [6, 6, 5, 5], [6, 1, 6, 2], [6, 2, 4, 7], [7, 5, 7, 6], [7, 4, 5, 0], [7, 6, 6, 6], [3, 5, 4, 4], [3, 11, 3, 10], [3, 10, 1, 6], [17, 7, 18, 6], [12, 1, 11, 2], [5, 5, 6, 5], [5, 4, 6, 3], [5, 0, 6, 1]]}
