XXXXXXXXXXXXXXXX
----------------
-------------XXX
-------------XXX
XX--XX----XX----
XX--XX-XX-XX--}-
-------XX----XXX
-------XX----XXX
XXXXXXXXXXX-----
XXXXXXXXXXX-----
--------------XX
----------XX--XX
----------XX----
----XX----------
----XX----------
-XX------XX-----
-XX--XXX-XX-----
-XX--XXX--------
-XX--------{----
XXXXXXXXXXXXXXXX
META {"type": "solver", "id": "pysat-rc2-boolonly", "objective": 0}
META {"type": "geom", "shape": "path", "group": "path", "data": [[18, 11, 18, 10], [18, 10, 18, 9], [18, 9, 18, 8], [18, 8, 18, 7], [18, 7, 18, 6], [18, 6, 18, 5], [18, 5, 18, 4], [18, 4, 18, 3], [18, 3, 15, 3], [15, 3, 16, 3], [16, 3, 15, 5], [15, 5, 15, 6], [15, 6, 15, 7], [15, 7, 13, 9], [13, 9, 14, 9], [14, 9, 12, 4], [12, 4, 12, 5], [12, 5, 10, 10], [10, 10, 10, 11], [10, 11, 8, 13], [8, 13, 9, 14], [9, 14, 7, 9], [7, 9, 7, 10], [7, 10, 5, 13], [5, 13, 5, 14]]}
META {"type": "geom", "shape": "tile", "group": "path", "data": [[18, 11], [18, 10], [18, 9], [18, 8], [18, 7], [18, 6], [18, 5], [18, 4], [18, 3], [17, 3], [16, 3], [15, 3], [16, 3], [16, 4], [15, 4], [15, 5], [15, 6], [15, 7], [15, 8], [14, 8], [14, 9], [13, 9], [14, 9], [14, 8], [13, 8], [13, 7], [12, 7], [12, 6], [12, 5], [12, 4], [12, 5], [12, 6], [11, 6], [11, 7], [10, 7], [10, 8], [10, 9], [10, 10], [10, 11], [10, 12], [9, 12], [9, 13], [8, 13], [9, 13], [9, 14], [9, 13], [8, 13], [8, 12], [7, 12], [7, 11], [7, 10], [7, 9], [7, 10], [7, 11], [6, 11], [6, 12], [5, 12], [5, 13], [5, 14]]}
META {"type": "geom", "shape": "line", "group": "offpath", "data": [[13, 11, 14, 10], [13, 3, 14, 2], [18, 12, 18, 13], [18, 13, 18, 12], [2, 12, 3, 11], [2, 7, 3, 8], [2, 2, 3, 1], [2, 5, 3, 4], [1, 8, 2, 7], [1, 6, 2, 5], [4, 7, 2, 2], [4, 8, 2, 12], [3, 8, 4, 8], [3, 1, 1, 6], [3, 5, 3, 6], [3, 6, 4, 7], [3, 10, 1, 8], [3, 11, 3, 10], [3, 4, 3, 5], [14, 2, 13, 3], [14, 10, 13, 11]]}
