XXXXXXXXXXXXXXXX
----------------
------------XXXX
------------XXXX
--XX--XXXX------
--XX--XXXX----}-
--XX--------XXXX
--XX--------XXXX
XXXXXXX-XX------
XXXXXXX-XX------
-------------XXX
-------------XXX
------XXXX------
------XXXX------
-XXX----------XX
-XXX----XX----XX
--------XX------
--------XX------
--------XX-{----
XXXXXXXXXXXXXXXX
META {"type": "solver", "id": "pysat-rc2", "objective": 0}
META {"type": "geom", "shape": "path", "group": "path", "data": [[18, 11, 18, 10], [18, 10, 15, 10], [15, 10, 16, 10], [16, 10, 13, 14], [13, 14, 11, 12], [11, 12, 12, 11], [12, 11, 13, 10], [13, 10, 14, 9], [14, 9, 14, 8], [14, 8, 14, 7], [14, 7, 15, 6], [15, 6, 16, 5], [16, 5, 17, 4], [17, 4, 18, 3], [18, 3, 18, 4], [18, 4, 18, 5], [18, 5, 18, 6], [18, 6, 18, 7], [18, 7, 15, 7], [15, 7, 16, 7], [16, 7, 13, 3], [13, 3, 11, 8], [11, 8, 11, 9], [11, 9, 9, 13], [9, 13, 7, 9], [7, 9, 5, 13], [5, 13, 5, 14]]}
META {"type": "geom", "shape": "tile", "group": "path", "data": [[18, 11], [18, 10], [17, 10], [16, 10], [15, 10], [16, 10], [16, 11], [15, 11], [15, 12], [14, 12], [14, 13], [13, 13], [13, 14], [13, 13], [12, 13], [12, 12], [11, 12], [12, 12], [12, 11], [13, 11], [13, 10], [14, 10], [14, 9], [14, 8], [14, 7], [15, 7], [15, 6], [16, 6], [16, 5], [17, 5], [17, 4], [18, 4], [18, 3], [18, 4], [18, 5], [18, 6], [18, 7], [17, 7], [16, 7], [15, 7], [16, 7], [16, 6], [15, 6], [15, 5], [14, 5], [14, 4], [13, 4], [13, 3], [13, 4], [12, 4], [12, 5], [11, 5], [11, 6], [11, 7], [11, 8], [11, 9], [11, 10], [10, 10], [10, 11], [9, 11], [9, 12], [9, 13], [9, 12], [8, 12], [8, 11], [7, 11], [7, 10], [7, 9], [7, 10], [6, 10], [6, 11], [5, 11], [5, 12], [5, 13], [5, 14]]}
META {"type": "geom", "shape": "line", "group": "offpath", "data": [[5, 12, 3, 8], [4, 11, 5, 12], [2, 10, 3, 11], [2, 9, 3, 9], [2, 1, 3, 2], [2, 3, 3, 3], [6, 6, 7, 6], [6, 7, 7, 8], [17, 7, 15, 5], [1, 8, 2, 9], [1, 0, 2, 1], [1, 12, 1, 13], [1, 13, 1, 12], [1, 3, 2, 3], [13, 2, 13, 1], [13, 1, 13, 2], [11, 6, 11, 7], [11, 7, 11, 6], [18, 12, 18, 13], [18, 13, 18, 12], [3, 6, 1, 3], [3, 8, 3, 7], [3, 9, 2, 10], [3, 2, 1, 0], [3, 7, 3, 6], [3, 3, 1, 8], [3, 11, 4, 11], [16, 6, 17, 7], [15, 5, 16, 6], [7, 6, 6, 7], [7, 8, 6, 6]]}
