XXXXXXXXXXXXXXXX
X0----X-----XXXX
XXX--------X--1X
XXX---X----X-XXX
X--XXX-XXX-X-XXX
XXXXXX-XXX---XXX
XXXXXX-XXXXXXXXX
X-XXXX-XXXXXXXXX
XX-------------X
X-----XX-XXXX-XX
XX--X-XX-------X
X-XX-X--XXXXX--X
XXXXX--------XXX
XXXXX--XX----XXX
X2-----XX-----3X
XXXXXXXXXXXXXXXX
META {"type": "solver", "id": "pysat-rc2", "objective": 0}
META {"type": "geom", "shape": "path", "group": "path", "data": [[1, 1, 1, 2], [1, 2, 1, 3], [1, 3, 1, 4], [1, 4, 1, 5], [1, 5, 2, 5], [2, 5, 2, 6], [2, 6, 2, 7], [2, 7, 2, 8], [2, 8, 2, 9], [2, 9, 2, 10], [2, 10, 3, 10], [3, 10, 4, 10], [4, 10, 5, 10], [5, 10, 5, 11], [5, 11, 5, 12], [5, 12, 4, 12], [4, 12, 3, 12], [3, 12, 2, 12], [2, 12, 2, 13], [2, 13, 2, 14]]}
META {"type": "geom", "shape": "path", "group": "path", "data": [[14, 1, 14, 2], [14, 2, 14, 3], [14, 3, 14, 4], [14, 4, 14, 5], [14, 5, 13, 5], [13, 5, 12, 5], [12, 5, 12, 6], [12, 6, 12, 7], [12, 7, 12, 8], [12, 8, 12, 9], [12, 9, 12, 10], [12, 10, 12, 11], [12, 11, 12, 12], [12, 12, 13, 12], [13, 12, 14, 12], [14, 12, 14, 13], [14, 13, 14, 14]]}
META {"type": "geom", "shape": "tile", "group": "reachable", "data": [[1, 1], [1, 2], [1, 3], [2, 3], [1, 4], [2, 4], [1, 5], [3, 3], [2, 5], [3, 4], [3, 5], [2, 6], [2, 7], [1, 7], [3, 7], [2, 8], [1, 8], [3, 8], [2, 9], [1, 9], [3, 9], [2, 10], [1, 10], [3, 10], [1, 11], [4, 10], [5, 10], [5, 11], [5, 12], [4, 12], [3, 12], [2, 12], [2, 13]]}
