XXXXXXXXXXXXXXXX
X0------X-X-XXXX
XXX--XX-------1X
XXX--XX-----XXXX
X---X-------XXXX
XX--X-XXX------X
XX--X----------X
X-XX-X-------XXX
XXXXX-X---X--XXX
XXXXX--XXX----XX
X-XXXXX----XXX-X
XXXXXXXXXXX---XX
XXXXXXXXXXX--XXX
XXXXXXX------XXX
X2--------XX--3X
XXXXXXXXXXXXXXXX
META {"type": "solver", "id": "pysat-rc2", "objective": 0}
META {"type": "geom", "shape": "path", "group": "path", "data": [[1, 1, 1, 2], [1, 2, 1, 3], [1, 3, 1, 4], [1, 4, 1, 5], [1, 5, 1, 6], [1, 6, 1, 7], [1, 7, 2, 7], [2, 7, 2, 8], [2, 8, 2, 9], [2, 9, 2, 10], [2, 10, 2, 11], [2, 11, 2, 12], [2, 12, 2, 13], [2, 13, 2, 14]]}
META {"type": "geom", "shape": "path", "group": "path", "data": [[14, 1, 14, 2], [14, 2, 14, 3], [14, 3, 14, 4], [14, 4, 14, 5], [14, 5, 14, 6], [14, 6, 14, 7], [14, 7, 13, 7], [13, 7, 13, 8], [13, 8, 13, 9], [13, 9, 13, 10], [13, 10, 13, 11], [13, 11, 13, 12], [13, 12, 14, 12], [14, 12, 14, 13], [14, 13, 14, 14]]}
META {"type": "geom", "shape": "tile", "group": "reachable", "data": [[1, 1], [1, 2], [1, 3], [2, 3], [1, 4], [2, 4], [1, 5], [3, 3], [1, 6], [3, 4], [4, 3], [1, 7], [5, 3], [4, 2], [2, 7], [5, 2], [4, 1], [6, 3], [3, 7], [2, 8], [6, 2], [3, 8], [2, 9], [4, 7], [1, 9], [3, 9], [2, 10], [4, 8], [4, 6], [3, 10], [2, 11], [4, 9], [4, 5], [1, 11], [3, 11], [2, 12], [4, 10], [5, 9], [5, 5], [2, 13], [4, 11], [5, 10], [6, 9], [6, 5], [5, 11], [6, 10], [7, 9], [6, 8], [6, 6], [6, 11], [5, 12], [7, 10], [7, 8], [6, 7], [8, 9], [7, 6], [6, 12], [5, 13], [7, 11], [7, 7], [8, 8], [6, 13], [5, 14], [7, 12], [8, 11], [8, 7], [6, 14], [8, 12], [9, 11], [9, 12], [9, 10], [9, 13], [10, 10], [10, 9], [10, 8], [10, 7]]}
