XXXXXXXXXXXXXXXX
XXXX-XX----X--1X
XXXX----XXX--XXX
XX0---------XXXX
XXXXXX-X-XX-XXXX
XXXXXXXXXXXX---X
X--XXXXXXXXX-XXX
X-X-----XX---XXX
X--X---XXXX----X
XX-X---XXXX---XX
XX-X----XX----XX
X---X-X--------X
XXXX---------XXX
XXXX---------XXX
X2------XX----3X
XXXXXXXXXXXXXXXX
META {"type": "solver", "id": "pysat-rc2", "objective": 0}
META {"type": "geom", "shape": "path", "group": "path", "data": [[3, 2, 3, 3], [3, 3, 3, 4], [3, 4, 3, 5], [3, 5, 3, 6], [3, 6, 3, 7], [3, 7, 3, 8], [3, 8, 3, 9], [3, 9, 3, 10], [3, 10, 3, 11], [3, 11, 2, 11], [2, 11, 2, 12], [2, 12, 1, 12], [1, 12, 1, 13], [1, 13, 1, 14]]}
META {"type": "geom", "shape": "path", "group": "path", "data": [[14, 1, 14, 2], [14, 2, 14, 3], [14, 3, 14, 4], [14, 4, 13, 4], [13, 4, 13, 5], [13, 5, 13, 6], [13, 6, 13, 7], [13, 7, 13, 8], [13, 8, 13, 9], [13, 9, 13, 10], [13, 10, 13, 11], [13, 11, 13, 12], [13, 12, 14, 12], [14, 12, 14, 13], [14, 13, 14, 14]]}
META {"type": "geom", "shape": "tile", "group": "reachable", "data": [[3, 2], [3, 3], [3, 4], [2, 4], [3, 5], [1, 4], [2, 5], [3, 6], [2, 6], [4, 6], [3, 7], [2, 7], [3, 8], [1, 7], [4, 8], [3, 9], [1, 8], [3, 10], [1, 9], [3, 11], [1, 10], [2, 11], [4, 11], [2, 12], [1, 12], [1, 13]]}
