XXXXXXXXXXXXXXXX
XX--}XXX--XX---X
X--XXXXX-----X-X
X--XXXXX-------X
X---------XXX-XX
XX-XXX-XXX----XX
X------XXXX----X
XX-X-XXXXXXXX-XX
XX---XXXXXXXX--X
X---X---XXXXX--X
X-X-X---XXXXX--X
X---X---XXX{---X
XX--X--XXXXXXX-X
XX-----XXXXXXX-X
X-XX-XX--------X
XXXXXXXXXXXXXXXX
META {"type": "solver", "id": "pysat-rc2", "objective": 0}
META {"type": "geom", "shape": "path", "group": "path", "data": [[11, 11, 11, 12], [11, 12, 11, 13], [11, 13, 11, 14], [11, 14, 10, 14], [10, 14, 9, 14], [9, 14, 8, 14], [8, 14, 8, 13], [8, 13, 7, 13], [7, 13, 6, 13], [6, 13, 6, 12], [6, 12, 6, 11], [6, 11, 5, 11], [5, 11, 5, 12], [5, 12, 5, 13], [5, 13, 4, 13], [4, 13, 3, 13], [3, 13, 3, 12], [3, 12, 3, 11], [3, 11, 3, 10], [3, 10, 3, 9], [3, 9, 4, 9], [4, 9, 4, 8], [4, 8, 4, 7], [4, 7, 4, 6], [4, 6, 4, 5], [4, 5, 4, 4], [4, 4, 4, 3], [4, 3, 4, 2], [4, 2, 3, 2], [3, 2, 2, 2], [2, 2, 1, 2], [1, 2, 1, 3], [1, 3, 1, 4]]}
META {"type": "geom", "shape": "tile", "group": "path", "data": [[11, 11], [11, 12], [11, 13], [11, 14], [10, 14], [9, 14], [8, 14], [8, 13], [7, 13], [6, 13], [6, 12], [6, 11], [5, 11], [5, 12], [5, 13], [4, 13], [3, 13], [3, 12], [3, 11], [3, 10], [3, 9], [4, 9], [4, 8], [4, 7], [4, 6], [4, 5], [4, 4], [4, 3], [4, 2], [3, 2], [2, 2], [1, 2], [1, 3], [1, 4]]}
META {"type": "geom", "shape": "line", "group": "offpath", "data": [[10, 5, 11, 5], [5, 6, 6, 6], [6, 6, 5, 6], [14, 12, 14, 13], [14, 10, 14, 9], [14, 9, 14, 10], [14, 13, 14, 12], [1, 12, 1, 13], [1, 9, 1, 8], [1, 13, 1, 12], [1, 8, 1, 9], [9, 1, 9, 2], [9, 2, 9, 1], [11, 1, 11, 2], [11, 2, 11, 1], [11, 5, 10, 5], [2, 11, 2, 12], [2, 12, 2, 11], [2, 10, 2, 9], [2, 9, 2, 10]]}
