XXXXXXXXXXXXXXXX
XX--XXX-----XX-X
XX-XXXXXX------X
X--XXXXXX--XXX-X
X---}XXXX-X----X
X--XXXXXX--XXX-X
X--XXXXXX------X
X-----XX---XXX-X
X--------XX----X
X-X--X--XXXXX--X
X-X-----XXXXX-XX
X-X-XXX-XXX{--XX
X-X-----XXXXX-XX
X-X-XXX-XXXXX--X
X--------------X
XXXXXXXXXXXXXXXX
META {"type": "solver", "id": "clingo-be", "objective": 0}
META {"type": "geom", "shape": "path", "group": "path", "data": [[11, 11, 11, 12], [11, 12, 11, 13], [11, 13, 12, 13], [12, 13, 13, 13], [13, 13, 13, 14], [13, 14, 14, 14], [14, 14, 14, 13], [14, 13, 14, 12], [14, 12, 14, 11], [14, 11, 14, 10], [14, 10, 14, 9], [14, 9, 14, 8], [14, 8, 14, 7], [14, 7, 14, 6], [14, 6, 14, 5], [14, 5, 14, 4], [14, 4, 14, 3], [14, 3, 14, 2], [14, 2, 14, 1], [14, 1, 13, 1], [13, 1, 12, 1], [12, 1, 11, 1], [11, 1, 10, 1], [10, 1, 9, 1], [9, 1, 8, 1], [8, 1, 7, 1], [7, 1, 6, 1], [6, 1, 6, 2], [6, 2, 5, 2], [5, 2, 4, 2], [4, 2, 4, 3], [4, 3, 4, 4]]}
META {"type": "geom", "shape": "tile", "group": "path", "data": [[11, 11], [11, 12], [11, 13], [12, 13], [13, 13], [13, 14], [14, 14], [14, 13], [14, 12], [14, 11], [14, 10], [14, 9], [14, 8], [14, 7], [14, 6], [14, 5], [14, 4], [14, 3], [14, 2], [14, 1], [13, 1], [12, 1], [11, 1], [10, 1], [9, 1], [8, 1], [7, 1], [6, 1], [6, 2], [5, 2], [4, 2], [4, 3], [4, 4]]}
META {"type": "geom", "shape": "line", "group": "offpath", "data": [[10, 4, 10, 3], [10, 3, 10, 4], [10, 7, 11, 7], [10, 5, 10, 6], [10, 6, 10, 5], [12, 4, 12, 3], [12, 3, 12, 4], [12, 7, 12, 6], [12, 6, 12, 7], [1, 14, 2, 14], [1, 8, 1, 7], [1, 10, 1, 11], [1, 2, 1, 3], [1, 11, 1, 10], [1, 3, 1, 2], [1, 7, 1, 8], [6, 14, 7, 14], [6, 9, 7, 9], [6, 12, 6, 13], [6, 10, 5, 10], [6, 13, 6, 12], [5, 14, 4, 14], [5, 9, 4, 9], [5, 10, 6, 10], [3, 1, 4, 1], [3, 10, 2, 10], [3, 2, 2, 2], [9, 14, 9, 13], [9, 4, 8, 4], [9, 13, 9, 14], [4, 14, 5, 14], [4, 9, 5, 9], [4, 12, 4, 13], [4, 1, 3, 1], [4, 13, 4, 12], [2, 14, 1, 14], [2, 12, 2, 13], [2, 10, 3, 10], [2, 2, 3, 2], [2, 13, 2, 12], [11, 7, 10, 7], [7, 14, 6, 14], [7, 4, 7, 5], [7, 9, 6, 9], [7, 8, 8, 8], [7, 2, 7, 3], [7, 3, 7, 2], [7, 5, 7, 4], [8, 4, 9, 4], [8, 12, 8, 13], [8, 8, 7, 8], [8, 2, 8, 3], [8, 13, 8, 12], [8, 3, 8, 2], [8, 7, 8, 6], [8, 6, 8, 7]]}
