XXXXXXXXXXXXXXXX
----------------
-}-------XX-----
XXXX-----XX-XXXX
XXXX-XX--XX-XXXX
-----XX--XX-----
-XX------XX-----
-XX------XX-----
----XX-XXXXXXX--
----XX-XXXXXXX--
XX--------------
XX--------------
----XXX---------
----XXX---------
XX--------------
XX-XXX--{-------
---XXX-XXXXXXXXX
-------XXXXXXXXX
----------------
XXXXXXXXXXXXXXXX
META {"type": "solver", "id": "pysat-rc2-boolonly", "objective": 0}
META {"type": "geom", "shape": "path", "group": "path", "data": [[15, 8, 15, 7], [15, 7, 14, 5], [14, 5, 14, 4], [14, 4, 14, 3], [14, 3, 13, 1], [13, 1, 11, 6], [11, 6, 11, 5], [11, 5, 11, 4], [11, 4, 9, 0], [9, 0, 9, 1], [9, 1, 7, 4], [7, 4, 7, 5], [7, 5, 6, 6], [6, 6, 7, 7], [7, 7, 7, 8], [7, 8, 3, 8], [3, 8, 1, 5], [1, 5, 2, 5], [2, 5, 3, 5], [3, 5, 1, 2], [1, 2, 2, 3], [2, 3, 2, 2], [2, 2, 2, 1]]}
META {"type": "geom", "shape": "tile", "group": "path", "data": [[15, 8], [15, 7], [15, 6], [14, 6], [14, 5], [14, 4], [14, 3], [14, 2], [13, 2], [13, 1], [13, 2], [12, 2], [12, 3], [11, 3], [11, 4], [11, 5], [11, 6], [11, 5], [11, 4], [11, 3], [10, 3], [10, 2], [9, 2], [9, 1], [9, 0], [9, 1], [9, 2], [8, 2], [8, 3], [7, 3], [7, 4], [7, 5], [7, 6], [6, 6], [7, 6], [7, 7], [7, 8], [6, 8], [5, 8], [4, 8], [3, 8], [3, 7], [2, 7], [2, 6], [1, 6], [1, 5], [2, 5], [3, 5], [3, 4], [2, 4], [2, 3], [1, 3], [1, 2], [2, 2], [2, 3], [2, 2], [2, 1]]}
META {"type": "geom", "shape": "line", "group": "offpath", "data": [[7, 13, 7, 12], [7, 11, 6, 11], [7, 12, 7, 13], [18, 3, 18, 2], [18, 2, 18, 3], [18, 4, 18, 5], [18, 11, 18, 12], [18, 5, 18, 4], [18, 12, 18, 11], [15, 9, 15, 10], [15, 10, 15, 9], [2, 7, 3, 7], [2, 12, 1, 11], [3, 7, 4, 8], [3, 6, 1, 8], [6, 11, 7, 11], [5, 8, 4, 7], [4, 7, 5, 8], [4, 8, 3, 6], [1, 11, 2, 12], [1, 8, 2, 7]]}
