XXXXXXXXXXXXXXXX
----------------
--------------}-
-----XX-----XXXX
-XX--XX--XX-XXXX
-XX--XX--XX-----
-----XX---------
-----XX---------
XX---XX---------
XX-XXXXXXX----XX
---XXXXXXX----XX
----------XX----
------XX--XX----
------XX------XX
--------------XX
--{-------XX----
-XXXXXXXX-XX----
-XXXXXXXX-------
----------------
XXXXXXXXXXXXXXXX
META {"type": "solver", "id": "pysat-rc2-boolonly", "objective": 0}
META {"type": "geom", "shape": "path", "group": "path", "data": [[15, 2, 15, 3], [15, 3, 15, 4], [15, 4, 15, 5], [15, 5, 15, 6], [15, 6, 15, 7], [15, 7, 15, 8], [15, 8, 14, 10], [14, 10, 14, 11], [14, 11, 12, 15], [12, 15, 12, 14], [12, 14, 10, 11], [10, 11, 8, 14], [8, 14, 6, 9], [6, 9, 7, 9], [7, 9, 8, 8], [8, 8, 8, 7], [8, 7, 3, 7], [3, 7, 4, 7], [4, 7, 1, 10], [1, 10, 2, 10], [2, 10, 3, 10], [3, 10, 2, 12], [2, 12, 2, 13], [2, 13, 2, 14]]}
META {"type": "geom", "shape": "tile", "group": "path", "data": [[15, 2], [15, 3], [15, 4], [15, 5], [15, 6], [15, 7], [15, 8], [15, 9], [14, 9], [14, 10], [14, 11], [14, 12], [13, 12], [13, 13], [12, 13], [12, 14], [12, 15], [12, 14], [12, 13], [11, 13], [11, 12], [10, 12], [10, 11], [10, 12], [9, 12], [9, 13], [8, 13], [8, 14], [8, 13], [7, 13], [7, 12], [6, 12], [6, 11], [6, 10], [6, 9], [7, 9], [8, 9], [8, 8], [8, 7], [7, 7], [6, 7], [5, 7], [4, 7], [3, 7], [4, 7], [4, 8], [3, 8], [3, 9], [2, 9], [2, 10], [1, 10], [2, 10], [3, 10], [3, 11], [2, 11], [2, 12], [2, 13], [2, 14]]}
META {"type": "geom", "shape": "line", "group": "offpath", "data": [[4, 3, 5, 3], [4, 4, 3, 2], [1, 7, 2, 6], [3, 4, 4, 4], [3, 9, 2, 8], [3, 1, 2, 0], [3, 2, 1, 7], [6, 7, 5, 8], [6, 2, 7, 1], [2, 0, 3, 1], [2, 4, 3, 4], [2, 8, 3, 9], [2, 6, 2, 5], [2, 5, 2, 4], [18, 3, 18, 4], [18, 7, 18, 6], [18, 4, 18, 3], [18, 8, 18, 9], [18, 6, 18, 7], [18, 9, 18, 8], [18, 1, 18, 2], [18, 2, 18, 1], [5, 3, 6, 2], [5, 4, 4, 3], [5, 8, 6, 7], [7, 1, 5, 4], [8, 3, 8, 4], [8, 4, 8, 3]]}
