XXXXXXXXXXXXXXXX
----------------
------}---------
-----XXX------XX
XX---XXX--XXX-XX
XX--------XXX---
----XXX-------XX
----XXX-------XX
XXXX------XX----
XXXX------XX----
--------------XX
-----------XX-XX
-----------XX---
XX----XX-XX-----
XX----XX-XX-----
---{--XX--------
XXXXXXXXXXXX----
XXXXXXXXXXXX----
----------------
XXXXXXXXXXXXXXXX
META {"type": "solver", "id": "pysat-rc2-boolonly", "objective": 0}
META {"type": "geom", "shape": "path", "group": "path", "data": [[15, 3, 15, 4], [15, 4, 15, 5], [15, 5, 14, 5], [14, 5, 11, 1], [11, 1, 12, 1], [12, 1, 10, 4], [10, 4, 11, 5], [11, 5, 12, 6], [12, 6, 12, 7], [12, 7, 10, 12], [10, 12, 8, 15], [8, 15, 9, 14], [9, 14, 7, 10], [7, 10, 5, 5], [5, 5, 5, 4], [5, 4, 3, 1], [3, 1, 1, 5], [1, 5, 2, 6]]}
META {"type": "geom", "shape": "tile", "group": "path", "data": [[15, 3], [15, 4], [15, 5], [14, 5], [14, 4], [13, 4], [13, 3], [12, 3], [12, 2], [11, 2], [11, 1], [12, 1], [12, 2], [11, 2], [11, 3], [10, 3], [10, 4], [11, 4], [11, 5], [12, 5], [12, 6], [12, 7], [12, 8], [11, 8], [11, 9], [10, 9], [10, 10], [10, 11], [10, 12], [10, 13], [9, 13], [9, 14], [8, 14], [8, 15], [9, 15], [9, 14], [9, 13], [8, 13], [8, 12], [7, 12], [7, 11], [7, 10], [7, 9], [6, 9], [6, 8], [5, 8], [5, 7], [5, 6], [5, 5], [5, 4], [5, 3], [4, 3], [4, 2], [3, 2], [3, 1], [3, 2], [2, 2], [2, 3], [1, 3], [1, 4], [1, 5], [2, 5], [2, 6]]}
META {"type": "geom", "shape": "line", "group": "offpath", "data": [[2, 5, 1, 4], [2, 7, 1, 9], [2, 10, 3, 11], [1, 6, 2, 7], [1, 9, 2, 10], [1, 4, 2, 5], [18, 14, 18, 13], [18, 13, 18, 14], [18, 0, 18, 1], [18, 3, 18, 4], [18, 4, 18, 3], [18, 1, 18, 0], [14, 12, 15, 11], [15, 11, 14, 12], [12, 9, 12, 10], [12, 10, 12, 9], [3, 11, 3, 10], [3, 10, 1, 6]]}
