XXXXXXXXXXXXXXXX
----------------
---XX---------}-
---XX-------XXXX
---XX-------XXXX
-XXXXXXXX-------
-XXXXXXXX-------
-----------XX---
XX---------XX---
XX---XXX--------
-----XXX--------
-XX---------XXXX
-XX------XX-XXXX
------XX-XX-----
------XX--------
XX----------{---
XX--------XXXXXX
----XX-XX-XXXXXX
----XX-XX-------
XXXXXXXXXXXXXXXX
META {"type": "solver", "id": "pysat-rc2", "objective": 0}
META {"type": "geom", "shape": "path", "group": "path", "data": [[15, 12, 15, 11], [15, 11, 15, 10], [15, 10, 14, 8], [14, 8, 15, 7], [15, 7, 16, 7], [16, 7, 14, 3], [14, 3, 15, 4], [15, 4, 16, 4], [16, 4, 14, 0], [14, 0, 14, 1], [14, 1, 12, 6], [12, 6, 10, 1], [10, 1, 10, 2], [10, 2, 8, 7], [8, 7, 6, 11], [6, 11, 4, 6], [4, 6, 4, 5], [4, 5, 3, 5], [3, 5, 1, 8], [1, 8, 2, 8], [2, 8, 3, 8], [3, 8, 4, 8], [4, 8, 2, 12], [2, 12, 2, 13], [2, 13, 2, 14]]}
META {"type": "geom", "shape": "tile", "group": "path", "data": [[15, 12], [15, 11], [15, 10], [15, 9], [14, 9], [14, 8], [15, 8], [15, 7], [16, 7], [16, 6], [15, 6], [15, 5], [14, 5], [14, 4], [14, 3], [15, 3], [15, 4], [16, 4], [16, 3], [15, 3], [15, 2], [14, 2], [14, 1], [14, 0], [14, 1], [14, 2], [13, 2], [13, 3], [12, 3], [12, 4], [12, 5], [12, 6], [12, 5], [11, 5], [11, 4], [10, 4], [10, 3], [10, 2], [10, 1], [10, 2], [10, 3], [9, 3], [9, 4], [8, 4], [8, 5], [8, 6], [8, 7], [8, 8], [7, 8], [7, 9], [6, 9], [6, 10], [6, 11], [6, 10], [5, 10], [5, 9], [4, 9], [4, 8], [4, 7], [4, 6], [4, 5], [3, 5], [3, 6], [2, 6], [2, 7], [1, 7], [1, 8], [2, 8], [3, 8], [4, 8], [4, 9], [3, 9], [3, 10], [2, 10], [2, 11], [2, 12], [2, 13], [2, 14]]}
META {"type": "geom", "shape": "line", "group": "offpath", "data": [[12, 7, 10, 9], [10, 11, 11, 10], [10, 12, 9, 10], [10, 9, 11, 8], [16, 8, 15, 9], [15, 14, 15, 15], [15, 15, 15, 14], [15, 9, 16, 8], [11, 10, 9, 12], [11, 8, 12, 7], [9, 12, 10, 12], [9, 10, 10, 11], [8, 5, 7, 4], [7, 4, 8, 5]]}
