XXXXXXXXXXXXXXXX
----------------
-}--------------
XXX----------XX-
XXX----------XX-
-----XX--XXXXXXX
-----XX--XXXXXXX
XX--------------
XX--------------
----XXXXXXXXXXXX
----XXXXXXXXXXXX
XX--------------
XX-XX-----------
---XX-------XX--
---------XX-XX--
-{-------XX-----
XXXXX-----------
XXXXX-----------
----------------
XXXXXXXXXXXXXXXX
META {"type": "solver", "id": "pysat-rc2", "objective": 0}
META {"type": "geom", "shape": "path", "group": "path", "data": [[15, 1, 15, 2], [15, 2, 15, 3], [15, 3, 15, 4], [15, 4, 13, 9], [13, 9, 11, 4], [11, 4, 11, 3], [11, 3, 9, 1], [9, 1, 10, 0], [10, 0, 10, 1], [10, 1, 8, 6], [8, 6, 8, 5], [8, 5, 8, 4], [8, 4, 6, 0], [6, 0, 6, 1], [6, 1, 4, 5], [4, 5, 2, 0], [2, 0, 2, 1]]}
META {"type": "geom", "shape": "tile", "group": "path", "data": [[15, 1], [15, 2], [15, 3], [15, 4], [15, 5], [14, 5], [14, 6], [13, 6], [13, 7], [13, 8], [13, 9], [13, 8], [12, 8], [12, 7], [11, 7], [11, 6], [11, 5], [11, 4], [11, 3], [11, 2], [10, 2], [10, 1], [9, 1], [10, 1], [10, 0], [10, 1], [10, 2], [9, 2], [9, 3], [8, 3], [8, 4], [8, 5], [8, 6], [8, 5], [8, 4], [8, 3], [7, 3], [7, 2], [6, 2], [6, 1], [6, 0], [6, 1], [6, 2], [5, 2], [5, 3], [4, 3], [4, 4], [4, 5], [4, 4], [3, 4], [3, 3], [2, 3], [2, 2], [2, 1], [2, 0], [2, 1]]}
META {"type": "geom", "shape": "line", "group": "offpath", "data": [[13, 10, 11, 12], [2, 2, 1, 3], [2, 11, 3, 12], [3, 7, 4, 6], [3, 12, 4, 12], [12, 13, 11, 14], [12, 12, 11, 11], [12, 11, 13, 10], [4, 9, 3, 7], [4, 12, 4, 11], [4, 6, 2, 11], [4, 10, 4, 9], [4, 11, 4, 10], [1, 3, 2, 2], [11, 14, 12, 13], [11, 12, 12, 12], [11, 11, 12, 11], [18, 13, 18, 12], [18, 5, 18, 6], [18, 12, 18, 13], [18, 6, 18, 5]]}
