XXXXXXXXXXXXXXXX
----------------
--------------}-
XXX----------XXX
XXX-XX-XX----XXX
----XX-XX-------
-------XX-------
XX---XXXXXXX----
XX---XXXXXXX----
--XX----------XX
--XX-------XX-XX
-----XX----XX---
-----XX--XX-----
-----XX--XX---XX
-----XX-------XX
--XXXXXXX--{----
--XXXXXXX-XXXXXX
----------XXXXXX
----------------
XXXXXXXXXXXXXXXX
META {"type": "solver", "id": "pysat-rc2-boolonly", "objective": 0}
META {"type": "geom", "shape": "path", "group": "path", "data": [[15, 11, 15, 10], [15, 10, 14, 8], [14, 8, 14, 7], [14, 7, 12, 7], [12, 7, 9, 11], [9, 11, 9, 12], [9, 12, 7, 14], [7, 14, 8, 14], [8, 14, 6, 9], [6, 9, 5, 9], [5, 9, 2, 13], [2, 13, 2, 14]]}
META {"type": "geom", "shape": "tile", "group": "path", "data": [[15, 11], [15, 10], [15, 9], [14, 9], [14, 8], [14, 7], [13, 7], [12, 7], [12, 8], [11, 8], [11, 9], [10, 9], [10, 10], [9, 10], [9, 11], [9, 12], [9, 13], [8, 13], [8, 14], [7, 14], [8, 14], [8, 13], [7, 13], [7, 12], [6, 12], [6, 11], [6, 10], [6, 9], [5, 9], [5, 10], [4, 10], [4, 11], [3, 11], [3, 12], [2, 12], [2, 13], [2, 14]]}
META {"type": "geom", "shape": "line", "group": "offpath", "data": [[9, 8, 10, 8], [9, 5, 10, 6], [8, 3, 7, 4], [12, 3, 13, 4], [7, 4, 8, 3], [2, 4, 3, 4], [2, 2, 1, 3], [10, 8, 11, 9], [10, 6, 9, 8], [18, 13, 18, 12], [18, 12, 18, 13], [1, 3, 2, 4], [6, 11, 6, 10], [6, 5, 6, 6], [6, 6, 6, 5], [6, 10, 6, 11], [3, 8, 3, 7], [3, 7, 3, 8], [3, 4, 2, 2], [11, 9, 9, 5], [13, 4, 12, 3]]}
