--------------------------------
--------------------------------
--------------------------------
--------------------------------
--------------------------XXXX--
----------------Q--Q--Q---------
--------------------------------
--------------------------------
--------X----------X------------
------------------XX-----X--X---
-----------------XXX------------
----------------XXXX------------
------<>-------XXXXX-----XX-----
------[]------XXXXXX------------
-{----[]-----XXXXXXX----------}-
XXXXXXXXXXXXXXXXXXXXXXXX--XXXXXX
META {"type": "solver", "id": "pysat-rc2-boolonly", "objective": 0}
META {"type": "geom", "shape": "path", "group": "path", "data": [[14, 1, 14, 2], [14, 2, 14, 3], [14, 3, 10, 7], [10, 7, 11, 7], [11, 7, 7, 8], [7, 8, 4, 10], [4, 10, 5, 11], [5, 11, 6, 11], [6, 11, 7, 10], [7, 10, 8, 11], [8, 11, 9, 11], [9, 11, 10, 12], [10, 12, 11, 12], [11, 12, 12, 13], [12, 13, 13, 12], [13, 12, 14, 11], [14, 11, 13, 11], [13, 11, 14, 10], [14, 10, 10, 13], [10, 13, 11, 13], [11, 13, 12, 12], [12, 12, 13, 13], [13, 13, 10, 16], [10, 16, 8, 16], [8, 16, 9, 17], [9, 17, 5, 14], [5, 14, 6, 15], [6, 15, 7, 16], [7, 16, 8, 15], [8, 15, 9, 14], [9, 14, 10, 14], [10, 14, 11, 14], [11, 14, 12, 14], [12, 14, 8, 18], [8, 18, 4, 22], [4, 22, 0, 26], [0, 26, 1, 25], [1, 25, 2, 25], [2, 25, 3, 25], [3, 25, 4, 25], [4, 25, 5, 26], [5, 26, 6, 27], [6, 27, 7, 26], [7, 26, 8, 25], [8, 25, 6, 26], [6, 26, 7, 27], [7, 27, 8, 26], [8, 26, 9, 26], [9, 26, 10, 26], [10, 26, 11, 25], [11, 25, 7, 21], [7, 21, 8, 21], [8, 21, 9, 20], [9, 20, 10, 21], [10, 21, 11, 22], [11, 22, 12, 21], [12, 21, 13, 20], [13, 20, 14, 20], [14, 20, 10, 23], [10, 23, 11, 23], [11, 23, 12, 24], [12, 24, 13, 25], [13, 25, 14, 26], [14, 26, 11, 29], [11, 29, 12, 30], [12, 30, 13, 30], [13, 30, 14, 30]]}
META {"type": "geom", "shape": "tile", "group": "path", "data": [[14, 1], [14, 2], [14, 3], [13, 3], [13, 4], [12, 4], [12, 5], [11, 5], [11, 6], [10, 6], [10, 7], [11, 7], [10, 7], [9, 7], [8, 7], [7, 7], [7, 8], [6, 8], [6, 9], [5, 9], [5, 10], [4, 10], [5, 10], [5, 11], [6, 11], [7, 11], [7, 10], [8, 10], [8, 11], [9, 11], [10, 11], [10, 12], [11, 12], [12, 12], [12, 13], [13, 13], [13, 12], [14, 12], [14, 11], [13, 11], [14, 11], [14, 10], [13, 10], [13, 11], [12, 11], [12, 12], [11, 12], [11, 13], [10, 13], [11, 13], [12, 13], [12, 12], [13, 12], [13, 13], [12, 13], [12, 14], [11, 14], [11, 15], [10, 15], [10, 16], [9, 16], [8, 16], [9, 16], [9, 17], [8, 17], [8, 16], [7, 16], [7, 15], [6, 15], [6, 14], [5, 14], [6, 14], [6, 15], [7, 15], [7, 16], [8, 16], [8, 15], [9, 15], [9, 14], [10, 14], [11, 14], [12, 14], [11, 14], [11, 15], [10, 15], [10, 16], [9, 16], [9, 17], [8, 17], [8, 18], [7, 18], [7, 19], [6, 19], [6, 20], [5, 20], [5, 21], [4, 21], [4, 22], [3, 22], [3, 23], [2, 23], [2, 24], [1, 24], [1, 25], [0, 25], [0, 26], [1, 26], [1, 25], [2, 25], [3, 25], [4, 25], [5, 25], [5, 26], [6, 26], [6, 27], [7, 27], [7, 26], [8, 26], [8, 25], [7, 25], [7, 26], [6, 26], [7, 26], [7, 27], [8, 27], [8, 26], [9, 26], [10, 26], [11, 26], [11, 25], [10, 25], [10, 24], [9, 24], [9, 23], [8, 23], [8, 22], [7, 22], [7, 21], [8, 21], [9, 21], [9, 20], [10, 20], [10, 21], [11, 21], [11, 22], [12, 22], [12, 21], [13, 21], [13, 20], [14, 20], [13, 20], [13, 21], [12, 21], [12, 22], [11, 22], [11, 23], [10, 23], [11, 23], [12, 23], [12, 24], [13, 24], [13, 25], [14, 25], [14, 26], [13, 26], [13, 27], [12, 27], [12, 28], [11, 28], [11, 29], [12, 29], [12, 30], [13, 30], [14, 30]]}
META {"type": "geom", "shape": "line", "group": "offpath", "data": [[3, 22, 4, 21], [3, 29, 3, 28], [3, 28, 1, 28], [3, 16, 4, 16], [3, 19, 4, 19], [3, 26, 0, 28], [14, 31, 10, 28], [14, 27, 13, 27], [14, 29, 10, 29], [14, 28, 13, 29], [14, 23, 13, 23], [10, 25, 11, 26], [10, 29, 11, 30], [10, 28, 11, 28], [13, 31, 14, 31], [13, 27, 14, 27], [13, 29, 14, 28], [13, 28, 14, 29], [13, 23, 14, 23], [5, 20, 6, 20], [6, 20, 7, 19], [2, 27, 3, 26], [2, 28, 3, 29], [2, 20, 3, 19], [2, 23, 3, 22], [1, 24, 2, 23], [1, 21, 2, 20], [1, 27, 2, 28], [1, 28, 2, 27], [0, 28, 1, 27], [0, 20, 1, 21], [0, 23, 1, 24], [4, 21, 5, 20], [4, 16, 0, 20], [4, 19, 0, 23], [11, 30, 12, 31], [11, 28, 12, 27], [11, 26, 10, 25], [7, 19, 3, 16], [12, 31, 13, 31], [12, 27, 13, 28]]}
