XXXXXXXXXXXXXXXX
XXXXXXXXXXXXXXXX
XXXXXXXXX---XXXX
XX}XXXXX--#-XXXX
XX-XXXXX-----XXX
XX-----------XXX
XXXX--X-XX--XXXX
XXXX-XX--X-XXXXX
XX----XX---XXXXX
XX-X--XXX--XXXXX
XX-XX-XXX----XXX
XX--X-XXX--X-XXX
XX--XX--XX-XXXXX
XX---X---X-XXXXX
XX-#-------XXXXX
XX-----X------XX
XX----XX---X--XX
XX-----X---XX-XX
XX-X-----X--X-XX
XXXX-----XX-XXXX
XXXXX-----X--XXX
XXX-XXXX-----XXX
XXX-XXXX--##--XX
XXX-XXX-------XX
XXX-XXX##-----XX
XXX-------##--XX
XXX-----------XX
XXX---#--X--#-XX
XXX##---XXX---XX
XXX--{--XXX--XXX
XXXXXXXXXXXXXXXX
XXXXXXXXXXXXXXXX
META {"type": "solver", "id": "pysat-rc2-boolonly", "objective": 0}
META {"type": "geom", "shape": "path", "group": "path", "data": [[29, 5, 29, 7], [29, 7, 25, 7], [25, 7, 25, 3], [25, 3, 27, 3], [27, 3, 27, 5], [27, 5, 25, 5], [25, 5, 25, 9], [25, 9, 26, 9], [26, 9, 20, 9], [20, 9, 20, 5], [20, 5, 14, 5], [14, 5, 14, 4], [14, 4, 14, 10], [14, 10, 4, 10], [4, 10, 4, 12], [4, 12, 4, 8], [4, 8, 3, 8], [3, 8, 5, 8], [5, 8, 5, 12], [5, 12, 5, 2], [5, 2, 3, 2]]}
META {"type": "geom", "shape": "tile", "group": "path", "data": [[29, 5], [29, 6], [29, 7], [28, 7], [27, 7], [26, 7], [25, 7], [25, 6], [25, 5], [25, 4], [25, 3], [26, 3], [27, 3], [27, 4], [27, 5], [26, 5], [25, 5], [25, 6], [25, 7], [25, 8], [25, 9], [26, 9], [25, 9], [24, 9], [23, 9], [22, 9], [21, 9], [20, 9], [20, 8], [20, 7], [20, 6], [20, 5], [19, 5], [18, 5], [17, 5], [16, 5], [15, 5], [14, 5], [14, 4], [14, 5], [14, 6], [14, 7], [14, 8], [14, 9], [14, 10], [13, 10], [12, 10], [11, 10], [10, 10], [9, 10], [8, 10], [7, 10], [6, 10], [5, 10], [4, 10], [4, 11], [4, 12], [4, 11], [4, 10], [4, 9], [4, 8], [3, 8], [4, 8], [5, 8], [5, 9], [5, 10], [5, 11], [5, 12], [5, 11], [5, 10], [5, 9], [5, 8], [5, 7], [5, 6], [5, 5], [5, 4], [5, 3], [5, 2], [4, 2], [3, 2]]}
META {"type": "geom", "shape": "line", "group": "offpath", "data": [[18, 10, 18, 11], [18, 4, 18, 8], [18, 8, 18, 4], [18, 11, 18, 10], [18, 2, 8, 2], [25, 4, 27, 4], [25, 12, 25, 13], [25, 13, 25, 12], [6, 5, 5, 5], [16, 10, 16, 8], [16, 12, 15, 12], [16, 8, 16, 10], [17, 6, 17, 2], [17, 2, 17, 6], [13, 4, 13, 2], [13, 8, 23, 8], [13, 2, 13, 4], [23, 10, 24, 10], [23, 8, 13, 8], [23, 11, 24, 11], [11, 10, 11, 9], [11, 9, 11, 10], [5, 5, 6, 5], [12, 3, 12, 2], [12, 2, 12, 3], [20, 12, 20, 11], [20, 11, 20, 12], [7, 8, 7, 7], [7, 7, 7, 8], [8, 2, 18, 2], [27, 4, 25, 4], [15, 12, 16, 12], [15, 6, 15, 2], [15, 2, 15, 6], [28, 12, 28, 13], [28, 13, 28, 11], [28, 11, 29, 11], [21, 12, 21, 8], [21, 8, 21, 12], [19, 4, 19, 8], [19, 8, 19, 4], [29, 12, 28, 12], [29, 11, 29, 12], [24, 10, 23, 10], [24, 9, 24, 13], [24, 13, 24, 9], [24, 11, 23, 11], [22, 9, 22, 8], [22, 12, 26, 12], [22, 8, 22, 9], [22, 13, 22, 12], [9, 4, 9, 5], [9, 5, 9, 4], [26, 12, 26, 13], [26, 13, 22, 13]]}
