XXXXXXXXXXXXXXXX
XXXXXXXXXXXXXXXX
XX}XXXXXX-----XX
XX-XXXXX--#---XX
XX-XXX------XXXX
XX----------XXXX
XX----X--#---XXX
XXX---XX-----XXX
XXX##--X---X--XX
XXX------#-XX-XX
XX--#-------X-XX
XX----#-------XX
XX------###---XX
XX--XX-------XXX
XX---X-X----XXXX
XX---XXX-#---XXX
XX---XXX-----XXX
XX---XXX------XX
XX--#------XX-XX
XX-----XX---X-XX
XX---#--X-----XX
XX-#-------XXXXX
XX-----##--XXXXX
XX--XX-----XXXXX
XX--XXX------XXX
XX--XXX----#--XX
XX--XXX-#-----XX
XX--XXX---{-XXXX
XX-------XXXXXXX
XX---X-X-XXXXXXX
XXXXXXXXXXXXXXXX
XXXXXXXXXXXXXXXX
META {"type": "solver", "id": "pysat-rc2", "objective": 0}
META {"type": "geom", "shape": "path", "group": "path", "data": [[27, 10, 27, 11], [27, 11, 26, 11], [26, 11, 26, 9], [26, 9, 16, 9], [16, 9, 16, 8], [16, 8, 16, 12], [16, 12, 17, 12], [17, 12, 17, 8], [17, 8, 13, 8], [13, 8, 13, 12], [13, 12, 11, 12], [11, 12, 11, 13], [11, 13, 12, 13], [12, 13, 12, 11], [12, 11, 10, 11], [10, 11, 10, 5], [10, 5, 12, 5], [12, 5, 12, 7], [12, 7, 13, 7], [13, 7, 9, 7], [9, 7, 9, 8], [9, 8, 3, 8], [3, 8, 3, 9], [3, 9, 2, 9], [2, 9, 2, 13], [2, 13, 3, 13], [3, 13, 3, 11], [3, 11, 7, 11], [7, 11, 7, 12], [7, 12, 8, 12], [8, 12, 6, 12], [6, 12, 6, 10], [6, 10, 4, 10], [4, 10, 4, 6], [4, 6, 5, 6], [5, 6, 5, 2], [5, 2, 6, 2], [6, 2, 2, 2]]}
META {"type": "geom", "shape": "tile", "group": "path", "data": [[27, 10], [27, 11], [26, 11], [26, 10], [26, 9], [25, 9], [24, 9], [23, 9], [22, 9], [21, 9], [20, 9], [19, 9], [18, 9], [17, 9], [16, 9], [16, 8], [16, 9], [16, 10], [16, 11], [16, 12], [17, 12], [17, 11], [17, 10], [17, 9], [17, 8], [16, 8], [15, 8], [14, 8], [13, 8], [13, 9], [13, 10], [13, 11], [13, 12], [12, 12], [11, 12], [11, 13], [12, 13], [12, 12], [12, 11], [11, 11], [10, 11], [10, 10], [10, 9], [10, 8], [10, 7], [10, 6], [10, 5], [11, 5], [12, 5], [12, 6], [12, 7], [13, 7], [12, 7], [11, 7], [10, 7], [9, 7], [9, 8], [8, 8], [7, 8], [6, 8], [5, 8], [4, 8], [3, 8], [3, 9], [2, 9], [2, 10], [2, 11], [2, 12], [2, 13], [3, 13], [3, 12], [3, 11], [4, 11], [5, 11], [6, 11], [7, 11], [7, 12], [8, 12], [7, 12], [6, 12], [6, 11], [6, 10], [5, 10], [4, 10], [4, 9], [4, 8], [4, 7], [4, 6], [5, 6], [5, 5], [5, 4], [5, 3], [5, 2], [6, 2], [5, 2], [4, 2], [3, 2], [2, 2]]}
META {"type": "geom", "shape": "line", "group": "offpath", "data": [[4, 7, 6, 7], [28, 8, 27, 8], [28, 4, 28, 8], [6, 7, 4, 7], [11, 9, 10, 9], [2, 12, 3, 12], [12, 2, 10, 2], [12, 6, 12, 2], [10, 3, 20, 3], [10, 9, 11, 9], [10, 2, 10, 3], [20, 11, 19, 11], [20, 13, 20, 9], [20, 4, 19, 4], [20, 3, 20, 2], [20, 9, 20, 13], [20, 2, 20, 4], [21, 10, 21, 4], [21, 4, 21, 10], [3, 12, 2, 12], [22, 10, 22, 9], [22, 9, 22, 10], [7, 5, 7, 3], [7, 3, 7, 5], [7, 9, 8, 9], [29, 4, 28, 4], [29, 2, 29, 4], [27, 8, 27, 7], [27, 7, 23, 7], [19, 5, 18, 5], [19, 11, 20, 11], [19, 4, 19, 2], [19, 2, 29, 2], [18, 5, 19, 5], [18, 3, 18, 2], [18, 2, 18, 3], [26, 13, 25, 13], [24, 3, 24, 2], [24, 2, 24, 3], [8, 5, 8, 6], [8, 9, 7, 9], [8, 6, 8, 5], [13, 10, 13, 6], [13, 6, 12, 6], [23, 10, 13, 10], [23, 3, 23, 2], [23, 7, 23, 6], [23, 2, 23, 3], [23, 6, 23, 10], [25, 13, 26, 13]]}
