XXXXXXXXXXXXXXXX
XXXXXXXXXXXXXXXX
XXX}XXXXXX---XXX
XXX-XXXX------XX
XX--XXXX---XX-XX
XX------#---X-XX
XXX--##-------XX
XXX-------##--XX
XXX-X--XX----XXX
XX-XXX--X---XXXX
XX-XXX------XXXX
XX------#-XXXXXX
XXX-------XXXXXX
XXX-##----XXXXXX
XXX----XXX----XX
XXX----XXX--#-XX
XX-#-XXXXX----XX
XX---XXXXX##--XX
XXX--XXXXX--#-XX
XXXX-XXX--X---XX
XXXX---XXXX--XXX
XXX--#-XXXX-XXXX
XXX----XXX--XXXX
XXX-#--XXX--XXXX
XX-----XXX----XX
XX--------XX--XX
XX---------X--XX
XX--XXXX-----XXX
XXX--XXX----XXXX
XXXX-XXX-{--XXXX
XXXXXXXXXXXXXXXX
XXXXXXXXXXXXXXXX
META {"type": "solver", "id": "pysat-rc2", "objective": 0}
META {"type": "geom", "shape": "path", "group": "path", "data": [[29, 9, 29, 11], [29, 11, 27, 11], [27, 11, 27, 12], [27, 12, 27, 8], [27, 8, 29, 8], [29, 8, 25, 8], [25, 8, 25, 2], [25, 2, 24, 2], [24, 2, 24, 6], [24, 6, 20, 6], [20, 6, 20, 4], [20, 4, 14, 4], [14, 4, 14, 3], [14, 3, 15, 3], [15, 3, 11, 3], [11, 3, 11, 7], [11, 7, 9, 7], [9, 7, 13, 7], [13, 7, 13, 9], [13, 9, 3, 9], [3, 9, 3, 8], [3, 8, 4, 8], [4, 8, 4, 10], [4, 10, 6, 10], [6, 10, 2, 10], [2, 10, 2, 12], [2, 12, 3, 12], [3, 12, 3, 13], [3, 13, 7, 13], [7, 13, 7, 12], [7, 12, 6, 12], [6, 12, 6, 13], [6, 13, 6, 7], [6, 7, 7, 7], [7, 7, 7, 3], [7, 3, 8, 3], [8, 3, 2, 3]]}
META {"type": "geom", "shape": "tile", "group": "path", "data": [[29, 9], [29, 10], [29, 11], [28, 11], [27, 11], [27, 12], [27, 11], [27, 10], [27, 9], [27, 8], [28, 8], [29, 8], [28, 8], [27, 8], [26, 8], [25, 8], [25, 7], [25, 6], [25, 5], [25, 4], [25, 3], [25, 2], [24, 2], [24, 3], [24, 4], [24, 5], [24, 6], [23, 6], [22, 6], [21, 6], [20, 6], [20, 5], [20, 4], [19, 4], [18, 4], [17, 4], [16, 4], [15, 4], [14, 4], [14, 3], [15, 3], [14, 3], [13, 3], [12, 3], [11, 3], [11, 4], [11, 5], [11, 6], [11, 7], [10, 7], [9, 7], [10, 7], [11, 7], [12, 7], [13, 7], [13, 8], [13, 9], [12, 9], [11, 9], [10, 9], [9, 9], [8, 9], [7, 9], [6, 9], [5, 9], [4, 9], [3, 9], [3, 8], [4, 8], [4, 9], [4, 10], [5, 10], [6, 10], [5, 10], [4, 10], [3, 10], [2, 10], [2, 11], [2, 12], [3, 12], [3, 13], [4, 13], [5, 13], [6, 13], [7, 13], [7, 12], [6, 12], [6, 13], [6, 12], [6, 11], [6, 10], [6, 9], [6, 8], [6, 7], [7, 7], [7, 6], [7, 5], [7, 4], [7, 3], [8, 3], [7, 3], [6, 3], [5, 3], [4, 3], [3, 3], [2, 3]]}
META {"type": "geom", "shape": "line", "group": "offpath", "data": [[13, 8, 12, 8], [4, 2, 5, 2], [12, 4, 11, 4], [12, 3, 12, 9], [12, 9, 12, 3], [12, 8, 13, 8], [27, 3, 21, 3], [27, 2, 27, 3], [7, 4, 5, 4], [10, 10, 8, 10], [10, 11, 8, 11], [14, 5, 15, 5], [24, 10, 22, 10], [24, 11, 24, 13], [24, 12, 24, 10], [24, 13, 26, 13], [20, 11, 20, 12], [20, 12, 20, 11], [21, 4, 22, 4], [21, 3, 21, 4], [11, 4, 12, 4], [17, 3, 18, 3], [17, 12, 17, 13], [17, 13, 17, 12], [19, 9, 19, 8], [19, 8, 19, 9], [8, 10, 10, 10], [8, 11, 10, 11], [26, 2, 27, 2], [26, 12, 24, 12], [26, 6, 26, 2], [26, 13, 26, 12], [18, 3, 17, 3], [18, 11, 24, 11], [28, 4, 29, 4], [22, 4, 22, 6], [22, 10, 22, 11], [22, 11, 18, 11], [22, 6, 26, 6], [5, 4, 7, 4], [5, 2, 4, 2], [29, 4, 28, 4], [15, 5, 14, 5]]}
