XXXXXXXXXXXXXXXX
XXXXXXXXXXXXXXXX
XXXX}XXXX----XXX
XX---XXXX-XX-XXX
XX---------X-XXX
XX-X---X-----XXX
XXXX--XX--XX--XX
XXXX---X---X--XX
XXX--X--XX----XX
XXX--XX--XXX--XX
XXX---X---XX--XX
XXX-#------X--XX
XX----##-----XXX
XX-X-----XXXXXXX
XXXX-----XXXXXXX
XXXX-##--XXXXXXX
XXX-----------XX
XX--X--------XXX
XX--XXX--#-XXXXX
XX--XXX----XXXXX
XX--XXXXX---XXXX
XX##--XXXXX-XXXX
XX--#--XXXX--XXX
XXX----XXX-#-XXX
XXX----------XXX
XXX---#--X--XXXX
XX-#----XX-XXXXX
XX---X---X-XXXXX
XX---XXX---XXXXX
XX-{-XXX-X-XXXXX
XXXXXXXXXXXXXXXX
XXXXXXXXXXXXXXXX
META {"type": "solver", "id": "pysat-rc2-boolonly", "objective": 0}
META {"type": "geom", "shape": "path", "group": "path", "data": [[29, 3, 27, 3], [27, 3, 27, 4], [27, 4, 27, 2], [27, 2, 29, 2], [29, 2, 29, 4], [29, 4, 23, 4], [23, 4, 23, 6], [23, 6, 24, 6], [24, 6, 24, 12], [24, 12, 22, 12], [22, 12, 22, 11], [22, 11, 20, 11], [20, 11, 20, 9], [20, 9, 19, 9], [19, 9, 19, 7], [19, 7, 13, 7], [13, 7, 13, 8], [13, 8, 13, 4], [13, 4, 12, 4], [12, 4, 12, 5], [12, 5, 10, 5], [10, 5, 10, 3], [10, 3, 8, 3], [8, 3, 8, 4], [8, 4, 2, 4]]}
META {"type": "geom", "shape": "tile", "group": "path", "data": [[29, 3], [28, 3], [27, 3], [27, 4], [27, 3], [27, 2], [28, 2], [29, 2], [29, 3], [29, 4], [28, 4], [27, 4], [26, 4], [25, 4], [24, 4], [23, 4], [23, 5], [23, 6], [24, 6], [24, 7], [24, 8], [24, 9], [24, 10], [24, 11], [24, 12], [23, 12], [22, 12], [22, 11], [21, 11], [20, 11], [20, 10], [20, 9], [19, 9], [19, 8], [19, 7], [18, 7], [17, 7], [16, 7], [15, 7], [14, 7], [13, 7], [13, 8], [13, 7], [13, 6], [13, 5], [13, 4], [12, 4], [12, 5], [11, 5], [10, 5], [10, 4], [10, 3], [9, 3], [8, 3], [8, 4], [7, 4], [6, 4], [5, 4], [4, 4], [3, 4], [2, 4]]}
META {"type": "geom", "shape": "line", "group": "offpath", "data": [[17, 11, 16, 11], [17, 6, 16, 6], [17, 3, 17, 2], [17, 2, 17, 3], [16, 11, 17, 11], [16, 6, 17, 6], [16, 3, 16, 13], [16, 13, 16, 3], [20, 3, 20, 2], [20, 2, 20, 3], [19, 8, 9, 8], [7, 8, 7, 10], [7, 10, 7, 8], [8, 6, 8, 7], [8, 7, 8, 6], [21, 4, 21, 5], [21, 5, 21, 4], [12, 10, 11, 10], [9, 4, 9, 3], [9, 3, 9, 4], [9, 12, 9, 13], [9, 13, 9, 12], [9, 8, 19, 8], [24, 3, 25, 3], [24, 8, 25, 8], [24, 7, 24, 3], [18, 3, 18, 2], [18, 2, 18, 3], [3, 3, 4, 3], [29, 8, 27, 8], [6, 9, 6, 8], [6, 12, 6, 13], [6, 13, 6, 12], [6, 8, 6, 9], [5, 12, 5, 8], [5, 8, 4, 8], [5, 10, 5, 12], [4, 3, 3, 3], [4, 8, 4, 10], [4, 10, 5, 10], [28, 8, 28, 10], [28, 10, 28, 8], [15, 8, 15, 7], [15, 7, 15, 8], [25, 11, 25, 10], [25, 3, 25, 5], [25, 5, 26, 5], [25, 8, 24, 8], [25, 10, 25, 11], [11, 10, 12, 10], [26, 5, 26, 7], [26, 7, 24, 7], [27, 8, 29, 8]]}
