XXXXXXXXXXXXXXXX
XXXXXXXXXXXXXXXX
XXX}XXXXXXXX-XXX
XXX--XXXXXXX--XX
XX---XXXX-----XX
XX---XXX---XX-XX
XX--#-------X-XX
XX-------XX---XX
XX---XXX-XX--XXX
XX---XXX--X-XXXX
XX----------XXXX
XXXXX--X-----XXX
XXXXXX-XX-X--XXX
XXX-XX--X-XX--XX
XXX--X-----X--XX
XXX-----------XX
XX-XX--#----X-XX
XX--X------XX-XX
XX-------X--X-XX
XX##---XXXX-XXXX
XX-----XXXX--XXX
XXX----XXXX--XXX
XXX-----------XX
XXX--X-----XX-XX
XX---XXXXX--X-XX
XX---XXXXX----XX
XX---XXX------XX
XX---XXX--#--XXX
XX-{-XXXX---XXXX
XXXXXXXXXX-XXXXX
XXXXXXXXXXXXXXXX
XXXXXXXXXXXXXXXX
META {"type": "solver", "id": "pysat-rc2-boolonly", "objective": 0}
META {"type": "geom", "shape": "path", "group": "path", "data": [[28, 3, 28, 2], [28, 2, 24, 2], [24, 2, 24, 4], [24, 4, 18, 4], [18, 4, 18, 8], [18, 8, 14, 8], [14, 8, 14, 6], [14, 6, 14, 10], [14, 10, 18, 10], [18, 10, 18, 11], [18, 11, 22, 11], [22, 11, 22, 13], [22, 13, 22, 3], [22, 3, 20, 3], [20, 3, 20, 2], [20, 2, 20, 6], [20, 6, 10, 6], [10, 6, 10, 2], [10, 2, 4, 2], [4, 2, 4, 4], [4, 4, 5, 4], [5, 4, 3, 4], [3, 4, 3, 3], [3, 3, 2, 3]]}
META {"type": "geom", "shape": "tile", "group": "path", "data": [[28, 3], [28, 2], [27, 2], [26, 2], [25, 2], [24, 2], [24, 3], [24, 4], [23, 4], [22, 4], [21, 4], [20, 4], [19, 4], [18, 4], [18, 5], [18, 6], [18, 7], [18, 8], [17, 8], [16, 8], [15, 8], [14, 8], [14, 7], [14, 6], [14, 7], [14, 8], [14, 9], [14, 10], [15, 10], [16, 10], [17, 10], [18, 10], [18, 11], [19, 11], [20, 11], [21, 11], [22, 11], [22, 12], [22, 13], [22, 12], [22, 11], [22, 10], [22, 9], [22, 8], [22, 7], [22, 6], [22, 5], [22, 4], [22, 3], [21, 3], [20, 3], [20, 2], [20, 3], [20, 4], [20, 5], [20, 6], [19, 6], [18, 6], [17, 6], [16, 6], [15, 6], [14, 6], [13, 6], [12, 6], [11, 6], [10, 6], [10, 5], [10, 4], [10, 3], [10, 2], [9, 2], [8, 2], [7, 2], [6, 2], [5, 2], [4, 2], [4, 3], [4, 4], [5, 4], [4, 4], [3, 4], [3, 3], [2, 3]]}
META {"type": "geom", "shape": "line", "group": "offpath", "data": [[18, 2, 16, 2], [18, 7, 17, 7], [24, 10, 22, 10], [24, 11, 24, 10], [6, 2, 6, 3], [6, 7, 7, 7], [6, 3, 6, 2], [6, 11, 12, 11], [26, 10, 26, 8], [26, 2, 26, 4], [26, 8, 27, 8], [26, 4, 26, 2], [11, 10, 10, 10], [11, 8, 5, 8], [11, 12, 11, 8], [5, 10, 4, 10], [5, 8, 5, 10], [19, 6, 19, 4], [19, 4, 19, 6], [14, 13, 14, 12], [14, 12, 14, 13], [14, 4, 15, 4], [8, 2, 8, 4], [8, 4, 8, 2], [22, 10, 26, 10], [22, 8, 23, 8], [22, 12, 20, 12], [2, 12, 4, 12], [27, 8, 27, 9], [27, 12, 27, 11], [27, 9, 28, 9], [27, 11, 27, 12], [21, 12, 21, 11], [21, 11, 21, 12], [9, 2, 9, 4], [9, 4, 9, 2], [17, 7, 18, 7], [10, 10, 11, 10], [4, 10, 4, 9], [4, 13, 3, 13], [4, 12, 2, 12], [4, 9, 4, 13], [13, 13, 13, 12], [13, 12, 15, 12], [13, 3, 15, 3], [20, 12, 22, 12], [3, 13, 7, 13], [15, 13, 13, 13], [15, 12, 15, 13], [15, 3, 13, 3], [15, 4, 14, 4], [28, 9, 28, 11], [28, 11, 24, 11], [16, 2, 18, 2], [16, 6, 16, 5], [16, 5, 16, 6], [23, 10, 23, 6], [23, 8, 22, 8], [23, 6, 23, 10], [23, 3, 23, 4], [23, 4, 23, 3], [12, 12, 11, 12], [12, 11, 12, 12], [7, 13, 7, 11], [7, 7, 6, 7], [7, 11, 6, 11]]}
