XXXXXXXXXXXXXXXX
X--}XXX--------X
X-XXXXX--X-----X
X-XXXXX--------X
X---XX---------X
XX-------------X
X-XXX----XXX---X
XX---X---------X
X-X----XXXXXXX-X
X-X-XX-XXXXXXX-X
X-X-XX-XXXXXXX-X
X-X---X-XXXX{--X
X-----X-XXXXXXXX
XX----X--XXXXXXX
X--XX--XX------X
XXXXXXXXXXXXXXXX
META {"type": "solver", "id": "pysat-rc2-boolonly", "objective": 0}
META {"type": "geom", "shape": "path", "group": "path", "data": [[11, 12, 11, 13], [11, 13, 11, 14], [11, 14, 10, 14], [10, 14, 9, 14], [9, 14, 8, 14], [8, 14, 7, 14], [7, 14, 6, 14], [6, 14, 6, 13], [6, 13, 5, 13], [5, 13, 5, 14], [5, 14, 4, 14], [4, 14, 4, 13], [4, 13, 3, 13], [3, 13, 3, 14], [3, 14, 2, 14], [2, 14, 2, 13], [2, 13, 1, 13], [1, 13, 1, 12], [1, 12, 2, 12], [2, 12, 2, 11], [2, 11, 2, 10], [2, 10, 3, 10], [3, 10, 4, 10], [4, 10, 4, 9], [4, 9, 3, 9], [3, 9, 3, 8], [3, 8, 4, 8], [4, 8, 4, 7], [4, 7, 5, 7], [5, 7, 5, 8], [5, 8, 6, 8], [6, 8, 7, 8], [7, 8, 7, 7], [7, 7, 6, 7], [6, 7, 6, 6], [6, 6, 6, 5], [6, 5, 5, 5], [5, 5, 5, 4], [5, 4, 5, 3], [5, 3, 4, 3], [4, 3, 4, 2], [4, 2, 4, 1], [4, 1, 3, 1], [3, 1, 2, 1], [2, 1, 1, 1], [1, 1, 1, 2], [1, 2, 1, 3]]}
META {"type": "geom", "shape": "tile", "group": "path", "data": [[11, 12], [11, 13], [11, 14], [10, 14], [9, 14], [8, 14], [7, 14], [6, 14], [6, 13], [5, 13], [5, 14], [4, 14], [4, 13], [3, 13], [3, 14], [2, 14], [2, 13], [1, 13], [1, 12], [2, 12], [2, 11], [2, 10], [3, 10], [4, 10], [4, 9], [3, 9], [3, 8], [4, 8], [4, 7], [5, 7], [5, 8], [6, 8], [7, 8], [7, 7], [6, 7], [6, 6], [6, 5], [5, 5], [5, 4], [5, 3], [4, 3], [4, 2], [4, 1], [3, 1], [2, 1], [1, 1], [1, 2], [1, 3]]}
META {"type": "geom", "shape": "line", "group": "offpath", "data": [[2, 7, 2, 8], [2, 8, 2, 7], [6, 12, 5, 12], [8, 5, 8, 4], [8, 4, 8, 5], [8, 6, 7, 6], [4, 11, 5, 11], [7, 9, 7, 10], [7, 3, 7, 4], [7, 10, 7, 9], [7, 4, 7, 3], [7, 6, 8, 6], [3, 12, 3, 11], [3, 11, 3, 12], [5, 12, 6, 12], [5, 11, 4, 11], [14, 13, 14, 12], [14, 12, 14, 13], [14, 11, 14, 10], [14, 10, 14, 11]]}
