XXXXXXXXXXXXXXXX
XXXXXXXXXXXXXXXX
XXX}XXXXX--XXXXX
XXX-XXX-XXXXXXXX
XXX-----XXXXXXXX
XXX-#-#-XXXXXXXX
XX--------XXXXXX
XX---#-----XXXXX
XXX------X-XXXXX
XXXXX-#-XX-XXXXX
XXXXX----X----XX
XXXXX-------X-XX
XX----#-----XXXX
XX--------#--XXX
XX--#--##----XXX
XXX--------#-XXX
XXX--XX--#---XXX
XXXX--X------XXX
XXXX------##-XXX
XX-----##----XXX
XX--#-------XXXX
XX---------XXXXX
XX---XX-#---XXXX
XXX---X---X-XXXX
XXX-X----XX-XXXX
XXX-XXXX--X-XXXX
XX--XXXX----XXXX
XX--XXX--X----XX
XXX------XXXX-XX
XXX-X--{-XXXX-XX
XXXXXXXXXXXXXXXX
XXXXXXXXXXXXXXXX
META {"type": "solver", "id": "pysat-rc2", "objective": 0}
META {"type": "geom", "shape": "path", "group": "path", "data": [[29, 7, 29, 5], [29, 5, 28, 5], [28, 5, 28, 3], [28, 3, 29, 3], [29, 3, 19, 3], [19, 3, 19, 2], [19, 2, 19, 6], [19, 6, 21, 6], [21, 6, 21, 10], [21, 10, 19, 10], [19, 10, 19, 9], [19, 9, 23, 9], [23, 9, 23, 7], [23, 7, 24, 7], [24, 7, 20, 7], [20, 7, 20, 5], [20, 5, 20, 11], [20, 11, 19, 11], [19, 11, 19, 12], [19, 12, 13, 12], [13, 12, 13, 11], [13, 11, 14, 11], [14, 11, 14, 9], [14, 9, 15, 9], [15, 9, 11, 9], [11, 9, 11, 5], [11, 5, 15, 5], [15, 5, 15, 3], [15, 3, 16, 3], [16, 3, 12, 3], [12, 3, 12, 5], [12, 5, 8, 5], [8, 5, 8, 3], [8, 3, 2, 3]]}
META {"type": "geom", "shape": "tile", "group": "path", "data": [[29, 7], [29, 6], [29, 5], [28, 5], [28, 4], [28, 3], [29, 3], [28, 3], [27, 3], [26, 3], [25, 3], [24, 3], [23, 3], [22, 3], [21, 3], [20, 3], [19, 3], [19, 2], [19, 3], [19, 4], [19, 5], [19, 6], [20, 6], [21, 6], [21, 7], [21, 8], [21, 9], [21, 10], [20, 10], [19, 10], [19, 9], [20, 9], [21, 9], [22, 9], [23, 9], [23, 8], [23, 7], [24, 7], [23, 7], [22, 7], [21, 7], [20, 7], [20, 6], [20, 5], [20, 6], [20, 7], [20, 8], [20, 9], [20, 10], [20, 11], [19, 11], [19, 12], [18, 12], [17, 12], [16, 12], [15, 12], [14, 12], [13, 12], [13, 11], [14, 11], [14, 10], [14, 9], [15, 9], [14, 9], [13, 9], [12, 9], [11, 9], [11, 8], [11, 7], [11, 6], [11, 5], [12, 5], [13, 5], [14, 5], [15, 5], [15, 4], [15, 3], [16, 3], [15, 3], [14, 3], [13, 3], [12, 3], [12, 4], [12, 5], [11, 5], [10, 5], [9, 5], [8, 5], [8, 4], [8, 3], [7, 3], [6, 3], [5, 3], [4, 3], [3, 3], [2, 3]]}
META {"type": "geom", "shape": "line", "group": "offpath", "data": [[29, 6, 28, 6], [29, 13, 27, 13], [18, 9, 17, 9], [18, 7, 18, 9], [22, 4, 23, 4], [22, 2, 22, 4], [16, 7, 16, 8], [16, 8, 16, 7], [10, 6, 11, 6], [10, 10, 12, 10], [10, 11, 10, 10], [11, 6, 10, 6], [17, 9, 17, 7], [17, 7, 18, 7], [27, 13, 29, 13], [2, 9, 2, 10], [2, 10, 2, 9], [6, 9, 7, 9], [6, 5, 4, 5], [6, 8, 6, 9], [24, 5, 23, 5], [14, 6, 14, 5], [14, 2, 12, 2], [14, 5, 14, 6], [21, 4, 21, 2], [21, 2, 22, 2], [21, 8, 20, 8], [23, 4, 21, 4], [23, 5, 24, 5], [4, 7, 4, 3], [4, 5, 6, 5], [4, 3, 4, 7], [20, 2, 20, 3], [20, 8, 21, 8], [20, 3, 20, 2], [3, 7, 13, 7], [7, 9, 7, 10], [7, 6, 8, 6], [7, 10, 7, 6], [28, 6, 29, 6], [8, 6, 8, 8], [8, 8, 6, 8], [12, 10, 12, 11], [12, 2, 14, 2], [12, 11, 10, 11], [13, 7, 3, 7]]}
