XXXXXXXXXXXXXXXX
XXXXXXXXXXXXXXXX
XXX-------XXX}XX
XX----#-------XX
XX##----XX----XX
XX---#---X-##-XX
XX-#---#------XX
XX-------#----XX
XX--XXX-----X-XX
XX--XXX-#---XXXX
XXX-------#--XXX
XXX---X------XXX
XXXX-XX-##---XXX
XXXX--X----X--XX
XX--------XX--XX
XX---##----XX-XX
XXX-----XX-XXXXX
XXX-----XX-XXXXX
XXX------X-XXXXX
XX--##-----XXXXX
XX-----X---XXXXX
XX-#---XX----XXX
XX---#--X-X---XX
XX--------XX--XX
XX--#-#-#--X--XX
XX-----------XXX
XX-{-X---XXXXXXX
XXXXXX-#-XXXXXXX
XXXXXX---XXX-XXX
XXXX-----XXX-XXX
XXXXXXXXXXXXXXXX
XXXXXXXXXXXXXXXX
META {"type": "solver", "id": "pysat-rc2", "objective": 0}
META {"type": "geom", "shape": "path", "group": "path", "data": [[26, 3, 22, 3], [22, 3, 22, 2], [22, 2, 22, 4], [22, 4, 20, 4], [20, 4, 20, 6], [20, 6, 20, 2], [20, 2, 19, 2], [19, 2, 19, 3], [19, 3, 20, 3], [20, 3, 14, 3], [14, 3, 14, 9], [14, 9, 15, 9], [15, 9, 13, 9], [13, 9, 13, 10], [13, 10, 11, 10], [11, 10, 11, 12], [11, 12, 10, 12], [10, 12, 10, 11], [10, 11, 6, 11], [6, 11, 6, 13], [6, 13, 2, 13]]}
META {"type": "geom", "shape": "tile", "group": "path", "data": [[26, 3], [25, 3], [24, 3], [23, 3], [22, 3], [22, 2], [22, 3], [22, 4], [21, 4], [20, 4], [20, 5], [20, 6], [20, 5], [20, 4], [20, 3], [20, 2], [19, 2], [19, 3], [20, 3], [19, 3], [18, 3], [17, 3], [16, 3], [15, 3], [14, 3], [14, 4], [14, 5], [14, 6], [14, 7], [14, 8], [14, 9], [15, 9], [14, 9], [13, 9], [13, 10], [12, 10], [11, 10], [11, 11], [11, 12], [10, 12], [10, 11], [9, 11], [8, 11], [7, 11], [6, 11], [6, 12], [6, 13], [5, 13], [4, 13], [3, 13], [2, 13]]}
META {"type": "geom", "shape": "line", "group": "offpath", "data": [[2, 3, 3, 3], [2, 5, 2, 3], [2, 8, 3, 8], [20, 5, 21, 5], [20, 8, 18, 8], [25, 6, 29, 6], [25, 12, 25, 2], [25, 9, 19, 9], [25, 8, 29, 8], [25, 2, 25, 12], [25, 4, 26, 4], [26, 6, 26, 8], [26, 7, 22, 7], [26, 8, 26, 6], [26, 4, 25, 4], [18, 8, 20, 8], [6, 5, 7, 5], [7, 6, 7, 2], [7, 5, 6, 5], [7, 8, 5, 8], [7, 2, 9, 2], [7, 4, 7, 8], [9, 2, 5, 2], [12, 10, 12, 12], [12, 12, 12, 10], [11, 3, 11, 5], [11, 5, 10, 5], [11, 8, 10, 8], [28, 12, 29, 12], [22, 7, 26, 7], [22, 11, 22, 13], [22, 13, 22, 11], [13, 8, 15, 8], [29, 6, 25, 6], [29, 12, 28, 12], [29, 8, 25, 8], [19, 9, 25, 9], [5, 6, 7, 6], [5, 8, 5, 6], [5, 2, 5, 4], [5, 4, 7, 4], [4, 11, 3, 11], [4, 5, 2, 5], [4, 12, 3, 12], [15, 10, 21, 10], [15, 8, 13, 8], [15, 2, 15, 4], [15, 4, 15, 2], [21, 10, 15, 10], [21, 5, 20, 5], [3, 3, 3, 5], [3, 11, 4, 11], [3, 5, 4, 5], [3, 12, 4, 12], [3, 8, 2, 8], [10, 3, 11, 3], [10, 5, 10, 9], [10, 9, 10, 3], [10, 8, 11, 8], [8, 3, 8, 2], [8, 7, 8, 11], [8, 11, 8, 7], [8, 2, 8, 3], [17, 3, 17, 7], [17, 7, 17, 3]]}
