XXXXXXXXXXXXXXXX
XXXXXXXXXXXXXXXX
XX}XXXXX------XX
XX-XXX----#---XX
XX-XXX-XX---#-XX
XX-----XXX----XX
XX-----XXX##--XX
XXX----------XXX
XXX-XXX----XXXXX
XXX-XXX----XXXXX
XXX--------XXXXX
XX---X-XX----XXX
XX--XX--XXX--XXX
XX---X---XX---XX
XXXX---X--X---XX
XXXX--XXX-XX--XX
XXXX--XXX--XXXXX
XXXX-------XXXXX
XXX--X---#-XXXXX
XXXXXX-----XXXXX
XXXXXX--------XX
XXXX-----XXXX-XX
XXXX-XX--XXXX-XX
XX-XXXX--XXXX-XX
XX-XXXX-------XX
XX-XXXX---#---XX
XXXXXXX-----XXXX
XXXXX----X---XXX
XXXXX--XXX---XXX
XX-----XXX-{-XXX
XXXXXXXXXXXXXXXX
XXXXXXXXXXXXXXXX
META {"type": "solver", "id": "pysat-rc2", "objective": 0}
META {"type": "geom", "shape": "path", "group": "path", "data": [[29, 11, 29, 12], [29, 12, 27, 12], [27, 12, 27, 10], [27, 10, 26, 10], [26, 10, 26, 11], [26, 11, 26, 7], [26, 7, 27, 7], [27, 7, 27, 8], [27, 8, 17, 8], [17, 8, 17, 10], [17, 10, 16, 10], [16, 10, 20, 10], [20, 10, 20, 6], [20, 6, 21, 6], [21, 6, 17, 6], [17, 6, 17, 4], [17, 4, 13, 4], [13, 4, 13, 2], [13, 2, 11, 2], [11, 2, 11, 4], [11, 4, 10, 4], [10, 4, 10, 10], [10, 10, 11, 10], [11, 10, 11, 9], [11, 9, 7, 9], [7, 9, 7, 3], [7, 3, 5, 3], [5, 3, 5, 2], [5, 2, 6, 2], [6, 2, 2, 2]]}
META {"type": "geom", "shape": "tile", "group": "path", "data": [[29, 11], [29, 12], [28, 12], [27, 12], [27, 11], [27, 10], [26, 10], [26, 11], [26, 10], [26, 9], [26, 8], [26, 7], [27, 7], [27, 8], [26, 8], [25, 8], [24, 8], [23, 8], [22, 8], [21, 8], [20, 8], [19, 8], [18, 8], [17, 8], [17, 9], [17, 10], [16, 10], [17, 10], [18, 10], [19, 10], [20, 10], [20, 9], [20, 8], [20, 7], [20, 6], [21, 6], [20, 6], [19, 6], [18, 6], [17, 6], [17, 5], [17, 4], [16, 4], [15, 4], [14, 4], [13, 4], [13, 3], [13, 2], [12, 2], [11, 2], [11, 3], [11, 4], [10, 4], [10, 5], [10, 6], [10, 7], [10, 8], [10, 9], [10, 10], [11, 10], [11, 9], [10, 9], [9, 9], [8, 9], [7, 9], [7, 8], [7, 7], [7, 6], [7, 5], [7, 4], [7, 3], [6, 3], [5, 3], [5, 2], [6, 2], [5, 2], [4, 2], [3, 2], [2, 2]]}
META {"type": "geom", "shape": "line", "group": "offpath", "data": [[24, 12, 25, 12], [24, 13, 25, 13], [24, 11, 24, 7], [24, 7, 24, 13], [13, 13, 13, 11], [13, 11, 11, 11], [18, 4, 18, 3], [18, 3, 18, 4], [15, 12, 15, 13], [15, 13, 13, 13], [7, 4, 5, 4], [2, 9, 2, 13], [2, 13, 6, 13], [27, 5, 29, 5], [27, 6, 27, 5], [28, 12, 28, 10], [28, 10, 28, 12], [23, 8, 23, 7], [23, 7, 23, 8], [14, 4, 14, 6], [14, 6, 14, 4], [22, 8, 22, 7], [22, 7, 22, 8], [19, 10, 19, 6], [19, 6, 19, 10], [29, 5, 29, 6], [29, 6, 27, 6], [21, 4, 21, 8], [21, 8, 21, 4], [25, 12, 24, 12], [25, 13, 25, 11], [25, 11, 24, 11], [12, 7, 12, 6], [12, 6, 12, 7], [6, 12, 5, 12], [6, 13, 6, 12], [4, 9, 2, 9], [4, 10, 4, 9], [5, 12, 5, 10], [5, 4, 7, 4], [5, 10, 4, 10], [11, 12, 15, 12], [11, 11, 11, 12]]}
