XXXXXXXXXXXXXXXX
XXXXXXXXXXXXXXXX
XXXXXX--XXX}XXXX
XXX-----XXX-XXXX
XX-#--------XXXX
XX----X---X--XXX
XXX-X-XXX-XX-XXX
XXXXX-XXX--X-XXX
XXXXX-XXX-----XX
XXXXX------#--XX
XXXXX--#------XX
XXXX-#---#----XX
XXXX--------#-XX
XX-----#------XX
XX---#--------XX
XX-----------XXX
XXXX---XX--XXXXX
XXXXXX--X--XXXXX
XXXXXX----XXXXXX
XXX----#-XXXXXXX
XXX-------XXXXXX
XX---#----XXX-XX
XX--------XXX-XX
XX--X--#-----XXX
XX--XX----X-XXXX
XX---X--XXX-XXXX
XX##-XX-XXX--XXX
XX----X------XXX
XX---------XXXXX
XX-{---X---XXXXX
XXXXXXXXXXXXXXXX
XXXXXXXXXXXXXXXX
META {"type": "solver", "id": "pysat-rc2", "objective": 0}
META {"type": "geom", "shape": "path", "group": "path", "data": [[29, 3, 27, 3], [27, 3, 27, 5], [27, 5, 29, 5], [29, 5, 29, 6], [29, 6, 28, 6], [28, 6, 28, 10], [28, 10, 29, 10], [29, 10, 29, 8], [29, 8, 27, 8], [27, 8, 27, 12], [27, 12, 26, 12], [26, 12, 26, 11], [26, 11, 27, 11], [27, 11, 23, 11], [23, 11, 23, 12], [23, 12, 23, 8], [23, 8, 24, 8], [24, 8, 18, 8], [18, 8, 18, 9], [18, 9, 12, 9], [12, 9, 12, 11], [12, 11, 10, 11], [10, 11, 10, 13], [10, 13, 8, 13], [8, 13, 8, 9], [8, 9, 10, 9], [10, 9, 4, 9], [4, 9, 4, 11], [4, 11, 2, 11]]}
META {"type": "geom", "shape": "tile", "group": "path", "data": [[29, 3], [28, 3], [27, 3], [27, 4], [27, 5], [28, 5], [29, 5], [29, 6], [28, 6], [28, 7], [28, 8], [28, 9], [28, 10], [29, 10], [29, 9], [29, 8], [28, 8], [27, 8], [27, 9], [27, 10], [27, 11], [27, 12], [26, 12], [26, 11], [27, 11], [26, 11], [25, 11], [24, 11], [23, 11], [23, 12], [23, 11], [23, 10], [23, 9], [23, 8], [24, 8], [23, 8], [22, 8], [21, 8], [20, 8], [19, 8], [18, 8], [18, 9], [17, 9], [16, 9], [15, 9], [14, 9], [13, 9], [12, 9], [12, 10], [12, 11], [11, 11], [10, 11], [10, 12], [10, 13], [9, 13], [8, 13], [8, 12], [8, 11], [8, 10], [8, 9], [9, 9], [10, 9], [9, 9], [8, 9], [7, 9], [6, 9], [5, 9], [4, 9], [4, 10], [4, 11], [3, 11], [2, 11]]}
META {"type": "geom", "shape": "line", "group": "offpath", "data": [[11, 8, 11, 6], [11, 6, 11, 8], [7, 10, 17, 10], [19, 3, 25, 3], [19, 4, 19, 6], [19, 6, 25, 6], [24, 3, 24, 2], [24, 2, 24, 3], [24, 9, 20, 9], [24, 7, 24, 9], [22, 7, 20, 7], [22, 5, 23, 5], [21, 4, 19, 4], [21, 2, 21, 4], [6, 3, 5, 3], [25, 3, 25, 4], [25, 4, 25, 2], [25, 2, 21, 2], [25, 7, 24, 7], [25, 6, 25, 7], [13, 12, 13, 8], [13, 3, 15, 3], [13, 8, 15, 8], [13, 2, 13, 6], [13, 6, 13, 2], [27, 2, 29, 2], [3, 3, 3, 7], [3, 4, 5, 4], [3, 7, 2, 7], [3, 5, 3, 3], [20, 3, 19, 3], [20, 9, 20, 3], [20, 7, 22, 7], [15, 12, 13, 12], [15, 3, 13, 3], [15, 8, 15, 2], [15, 2, 15, 12], [15, 5, 16, 5], [23, 3, 23, 2], [23, 2, 23, 3], [23, 5, 22, 5], [4, 4, 3, 4], [4, 2, 5, 2], [4, 6, 4, 4], [17, 10, 7, 10], [2, 7, 2, 6], [2, 6, 4, 6], [29, 2, 27, 2], [5, 12, 5, 11], [5, 3, 6, 3], [5, 4, 5, 5], [5, 2, 4, 2], [5, 5, 3, 5], [5, 11, 5, 12], [16, 4, 16, 6], [16, 5, 15, 5], [16, 6, 16, 4]]}
