XXXXXXXXXXXXXXXX
X---}XXX-XX-X-XX
X-XXXXXX-----XXX
X-XXXXXX-----XXX
X----XXX--XXX--X
XX-----------X-X
X----XXX-XXX-X-X
XX-----------X-X
X----X--XXX--X-X
X--XX-X-XXXXX-XX
X-XXXX--XXXXX--X
X-XXXX--XXX{--XX
X-----XXXXXXX-XX
X-----XXXXXXX--X
X--XX----------X
XXXXXXXXXXXXXXXX
META {"type": "solver", "id": "pysat-rc2", "objective": 0}
META {"type": "geom", "shape": "path", "group": "path", "data": [[11, 11, 11, 12], [11, 12, 11, 13], [11, 13, 12, 13], [12, 13, 13, 13], [13, 13, 14, 13], [14, 13, 14, 12], [14, 12, 14, 11], [14, 11, 14, 10], [14, 10, 14, 9], [14, 9, 14, 8], [14, 8, 14, 7], [14, 7, 14, 6], [14, 6, 14, 5], [14, 5, 13, 5], [13, 5, 12, 5], [12, 5, 12, 4], [12, 4, 12, 3], [12, 3, 12, 2], [12, 2, 12, 1], [12, 1, 11, 1], [11, 1, 10, 1], [10, 1, 9, 1], [9, 1, 8, 1], [8, 1, 8, 2], [8, 2, 7, 2], [7, 2, 6, 2], [6, 2, 5, 2], [5, 2, 4, 2], [4, 2, 4, 1], [4, 1, 3, 1], [3, 1, 2, 1], [2, 1, 1, 1], [1, 1, 1, 2], [1, 2, 1, 3], [1, 3, 1, 4]]}
