XXXXXXXXXXXXXXXX
XXXXXXXXXXXXXXXX
XX}XXX-------XXX
XX-XXX----#---XX
XX------------XX
XXX--XXXXX--XXXX
XXX--XXXXX---XXX
XXX--XXX-----XXX
XXX-X------#-XXX
XXX-XX-#-----XXX
XXX--X----#---XX
XXX-----------XX
XX-----XX-----XX
XX------X--XX-XX
XX-#-----#-XXXXX
XX-----#---XXXXX
XX--#------XXXXX
XX-------#---XXX
XX-----#------XX
XXXXX-------X-XX
XXXXX----##-XXXX
XXXXX-X-----XXXX
XXXXXXXXX---XXXX
XXXXXXXXX----XXX
XXXXXX---#---XXX
XX-----#---X--XX
XXXXXX-----XX-XX
XXXXXX---#--X-XX
XXX--XXX------XX
XX---XXX---{-XXX
XXXXXXXXXXXXXXXX
XXXXXXXXXXXXXXXX
META {"type": "solver", "id": "pysat-rc2", "objective": 0}
META {"type": "geom", "shape": "path", "group": "path", "data": [[29, 11, 27, 11], [27, 11, 27, 10], [27, 10, 21, 10], [21, 10, 21, 11], [21, 11, 17, 11], [17, 11, 17, 12], [17, 12, 17, 10], [17, 10, 19, 10], [19, 10, 19, 11], [19, 11, 19, 5], [19, 5, 21, 5], [21, 5, 11, 5], [11, 5, 11, 3], [11, 3, 13, 3], [13, 3, 13, 2], [13, 2, 12, 2], [12, 2, 18, 2], [18, 2, 18, 6], [18, 6, 20, 6], [20, 6, 20, 8], [20, 8, 14, 8], [14, 8, 14, 4], [14, 4, 10, 4], [10, 4, 10, 3], [10, 3, 4, 3], [4, 3, 4, 13], [4, 13, 3, 13], [3, 13, 3, 11], [3, 11, 2, 11], [2, 11, 2, 12], [2, 12, 2, 6], [2, 6, 4, 6], [4, 6, 4, 2], [4, 2, 2, 2]]}
META {"type": "geom", "shape": "tile", "group": "path", "data": [[29, 11], [28, 11], [27, 11], [27, 10], [26, 10], [25, 10], [24, 10], [23, 10], [22, 10], [21, 10], [21, 11], [20, 11], [19, 11], [18, 11], [17, 11], [17, 12], [17, 11], [17, 10], [18, 10], [19, 10], [19, 11], [19, 10], [19, 9], [19, 8], [19, 7], [19, 6], [19, 5], [20, 5], [21, 5], [20, 5], [19, 5], [18, 5], [17, 5], [16, 5], [15, 5], [14, 5], [13, 5], [12, 5], [11, 5], [11, 4], [11, 3], [12, 3], [13, 3], [13, 2], [12, 2], [13, 2], [14, 2], [15, 2], [16, 2], [17, 2], [18, 2], [18, 3], [18, 4], [18, 5], [18, 6], [19, 6], [20, 6], [20, 7], [20, 8], [19, 8], [18, 8], [17, 8], [16, 8], [15, 8], [14, 8], [14, 7], [14, 6], [14, 5], [14, 4], [13, 4], [12, 4], [11, 4], [10, 4], [10, 3], [9, 3], [8, 3], [7, 3], [6, 3], [5, 3], [4, 3], [4, 4], [4, 5], [4, 6], [4, 7], [4, 8], [4, 9], [4, 10], [4, 11], [4, 12], [4, 13], [3, 13], [3, 12], [3, 11], [2, 11], [2, 12], [2, 11], [2, 10], [2, 9], [2, 8], [2, 7], [2, 6], [3, 6], [4, 6], [4, 5], [4, 4], [4, 3], [4, 2], [3, 2], [2, 2]]}
META {"type": "geom", "shape": "line", "group": "offpath", "data": [[6, 12, 12, 12], [7, 8, 7, 12], [7, 12, 6, 12], [10, 11, 9, 11], [10, 13, 10, 11], [12, 12, 12, 13], [12, 13, 10, 13], [9, 8, 11, 8], [9, 11, 9, 12], [9, 12, 9, 8], [24, 8, 24, 6], [24, 6, 24, 8], [24, 10, 24, 12], [24, 12, 24, 10], [27, 8, 27, 6], [27, 6, 27, 8], [13, 7, 14, 7], [13, 9, 13, 10], [13, 10, 13, 9], [19, 7, 21, 7], [19, 9, 18, 9], [15, 8, 15, 10], [15, 2, 15, 6], [15, 6, 15, 2], [15, 9, 16, 9], [15, 10, 15, 8], [17, 4, 18, 4], [28, 8, 29, 8], [28, 3, 29, 3], [28, 4, 28, 3], [28, 12, 28, 8], [14, 7, 13, 7], [26, 6, 26, 10], [26, 10, 26, 6], [21, 7, 19, 7], [18, 9, 19, 9], [18, 4, 17, 4], [16, 2, 16, 3], [16, 3, 16, 2], [16, 9, 15, 9], [29, 8, 29, 12], [29, 3, 29, 4], [29, 4, 28, 4], [29, 12, 28, 12], [11, 8, 7, 8]]}
