XXXXXXXXXXXXXXXX
XXXXXXXXXXXXXXXX
XXXXXX-XXXXXX}XX
XXXXXX-XXXXXX-XX
XXXXX--XXXX---XX
XX-----XXXX---XX
XXX--X------XXXX
XXX-XX--X--XXXXX
XXX--X--XXXXXXXX
XX----#-XXXXXXXX
XX##----XXXXXXXX
XX---#-#-----XXX
XXX--------#--XX
XXXXX---------XX
XXXXX----XX---XX
XXXX--##-XXXX-XX
XX--#----XXXX-XX
XX-------XXX--XX
XX---#---XXX--XX
XXX-----------XX
XXX---#------XXX
XXX##---XXXXXXXX
XXX-----XXXXXXXX
XX-----XXXX-XXXX
XX---XXXXXX--XXX
XX-#--XXXXX--XXX
XX----XXXXX---XX
XX----XXX-----XX
XXXXX---------XX
XXXXX--X-{-XXXXX
XXXXXXXXXXXXXXXX
XXXXXXXXXXXXXXXX
META {"type": "solver", "id": "pysat-rc2", "objective": 0}
META {"type": "geom", "shape": "path", "group": "path", "data": [[29, 9, 27, 9], [27, 9, 27, 13], [27, 13, 26, 13], [26, 13, 26, 11], [26, 11, 28, 11], [28, 11, 28, 5], [28, 5, 29, 5], [29, 5, 25, 5], [25, 5, 25, 4], [25, 4, 27, 4], [27, 4, 27, 2], [27, 2, 23, 2], [23, 2, 23, 6], [23, 6, 21, 6], [21, 6, 21, 5], [21, 5, 21, 7], [21, 7, 22, 7], [22, 7, 16, 7], [16, 7, 16, 5], [16, 5, 12, 5], [12, 5, 12, 3], [12, 3, 11, 3], [11, 3, 11, 2], [11, 2, 11, 4], [11, 4, 12, 4], [12, 4, 8, 4], [8, 4, 8, 3], [8, 3, 9, 3], [9, 3, 9, 5], [9, 5, 10, 5], [10, 5, 10, 7], [10, 7, 6, 7], [6, 7, 6, 11], [6, 11, 4, 11], [4, 11, 4, 13], [4, 13, 2, 13]]}
META {"type": "geom", "shape": "tile", "group": "path", "data": [[29, 9], [28, 9], [27, 9], [27, 10], [27, 11], [27, 12], [27, 13], [26, 13], [26, 12], [26, 11], [27, 11], [28, 11], [28, 10], [28, 9], [28, 8], [28, 7], [28, 6], [28, 5], [29, 5], [28, 5], [27, 5], [26, 5], [25, 5], [25, 4], [26, 4], [27, 4], [27, 3], [27, 2], [26, 2], [25, 2], [24, 2], [23, 2], [23, 3], [23, 4], [23, 5], [23, 6], [22, 6], [21, 6], [21, 5], [21, 6], [21, 7], [22, 7], [21, 7], [20, 7], [19, 7], [18, 7], [17, 7], [16, 7], [16, 6], [16, 5], [15, 5], [14, 5], [13, 5], [12, 5], [12, 4], [12, 3], [11, 3], [11, 2], [11, 3], [11, 4], [12, 4], [11, 4], [10, 4], [9, 4], [8, 4], [8, 3], [9, 3], [9, 4], [9, 5], [10, 5], [10, 6], [10, 7], [9, 7], [8, 7], [7, 7], [6, 7], [6, 8], [6, 9], [6, 10], [6, 11], [5, 11], [4, 11], [4, 12], [4, 13], [3, 13], [2, 13]]}
META {"type": "geom", "shape": "line", "group": "offpath", "data": [[20, 3, 16, 3], [20, 5, 20, 3], [20, 4, 20, 5], [18, 13, 18, 12], [18, 12, 18, 13], [18, 2, 18, 4], [18, 4, 20, 4], [6, 4, 5, 4], [8, 6, 2, 6], [7, 10, 7, 9], [7, 9, 7, 10], [11, 10, 13, 10], [11, 9, 13, 9], [22, 3, 24, 3], [22, 4, 22, 3], [24, 12, 28, 12], [24, 3, 24, 4], [24, 4, 22, 4], [14, 13, 14, 11], [14, 12, 14, 13], [14, 11, 13, 11], [14, 7, 12, 7], [12, 13, 12, 12], [12, 12, 14, 12], [12, 7, 14, 7], [19, 13, 19, 3], [19, 3, 19, 13], [17, 8, 17, 2], [17, 2, 17, 8], [28, 6, 29, 6], [28, 12, 24, 12], [2, 6, 8, 6], [13, 13, 12, 13], [13, 11, 13, 13], [13, 10, 11, 10], [13, 9, 11, 9], [4, 5, 5, 5], [29, 6, 28, 6], [5, 13, 5, 11], [5, 6, 5, 2], [5, 11, 5, 13], [5, 5, 4, 5], [5, 2, 5, 6], [5, 4, 6, 4], [16, 3, 16, 2], [16, 2, 18, 2]]}
