XXXXXXXXXXXXXXXX
XXXXXXXXXXXXXXXX
XXXXX---XXX}XXXX
XXXX----XXX-XXXX
XXXX----------XX
XXXXXXX-###-XXXX
XXXXXXX-----XXXX
XXXXXXXX-----XXX
XXXXX-XXXX---XXX
XXXX--XXXX---XXX
XX-XX--XXX---XXX
XX--X--XXXX--XXX
XXX-XXXXXXX---XX
XXX--XXXX---#-XX
XXX--XXXX-----XX
XXX--XXX-XXX--XX
XX-#-XXX-XXX--XX
XX---XXX-XXX--XX
XX--#-------#-XX
XX-----#------XX
XXX-----------XX
XXX-----------XX
XXX-X----X----XX
XX--XXXXXXXXXXXX
XX--XXXXXXXXXXXX
XX--XXXXXXXXXXXX
XX-#---------XXX
XX---#---{-X-XXX
XXX-----XXXXXXXX
XXXXX-XXXXXXXXXX
XXXXXXXXXXXXXXXX
XXXXXXXXXXXXXXXX
META {"type": "solver", "id": "pysat-rc2-boolonly", "objective": 0}
META {"type": "geom", "shape": "path", "group": "path", "data": [[27, 9, 27, 10], [27, 10, 27, 6], [27, 6, 28, 6], [28, 6, 28, 7], [28, 7, 28, 3], [28, 3, 27, 3], [27, 3, 27, 2], [27, 2, 23, 2], [23, 2, 23, 3], [23, 3, 17, 3], [17, 3, 17, 4], [17, 4, 17, 2], [17, 2, 19, 2], [19, 2, 19, 6], [19, 6, 18, 6], [18, 6, 22, 6], [22, 6, 22, 5], [22, 5, 18, 5], [18, 5, 18, 11], [18, 11, 22, 11], [22, 11, 22, 13], [22, 13, 12, 13], [12, 13, 12, 11], [12, 11, 2, 11]]}
META {"type": "geom", "shape": "tile", "group": "path", "data": [[27, 9], [27, 10], [27, 9], [27, 8], [27, 7], [27, 6], [28, 6], [28, 7], [28, 6], [28, 5], [28, 4], [28, 3], [27, 3], [27, 2], [26, 2], [25, 2], [24, 2], [23, 2], [23, 3], [22, 3], [21, 3], [20, 3], [19, 3], [18, 3], [17, 3], [17, 4], [17, 3], [17, 2], [18, 2], [19, 2], [19, 3], [19, 4], [19, 5], [19, 6], [18, 6], [19, 6], [20, 6], [21, 6], [22, 6], [22, 5], [21, 5], [20, 5], [19, 5], [18, 5], [18, 6], [18, 7], [18, 8], [18, 9], [18, 10], [18, 11], [19, 11], [20, 11], [21, 11], [22, 11], [22, 12], [22, 13], [21, 13], [20, 13], [19, 13], [18, 13], [17, 13], [16, 13], [15, 13], [14, 13], [13, 13], [12, 13], [12, 12], [12, 11], [11, 11], [10, 11], [9, 11], [8, 11], [7, 11], [6, 11], [5, 11], [4, 11], [3, 11], [2, 11]]}
META {"type": "geom", "shape": "line", "group": "offpath", "data": [[18, 3, 18, 2], [18, 2, 18, 3], [18, 10, 22, 10], [2, 5, 2, 7], [2, 7, 2, 5], [13, 3, 13, 4], [13, 4, 13, 3], [22, 10, 18, 10]]}
