XXXXXXXXXXXXXXXX
XXXXXXXXXXXXXXXX
XXX}XXX-XXX-XXXX
XXX---------XXXX
XXX--X-----#--XX
XXX-XXXXX-----XX
XXX--XXXX---#-XX
XX---XXXX##---XX
XX##--XXX--#--XX
XX--#-XXX-----XX
XX----XXX##---XX
XX-X--XXX-----XX
XXXX-----#-XXXXX
XXXX--XX---XXXXX
XXXX---X---XXXXX
XXX--#--------XX
XXX-----X--#--XX
XX--X--XX-----XX
XX-XX---X-#---XX
XX--X-#------XXX
XX------XX--XXXX
XX-XXX---XXXXXXX
XX-XXX##--XXXXXX
XX--------XXXXXX
XX-----XX--XXXXX
XX-XXX--X--XXXXX
XX-XXXX--X-XXXXX
XX--XXX--XX--XXX
XXX-XXXX--X---XX
XXXXXXXXX---{-XX
XXXXXXXXXXXXXXXX
XXXXXXXXXXXXXXXX
META {"type": "solver", "id": "pysat-rc2", "objective": 0}
META {"type": "geom", "shape": "path", "group": "path", "data": [[29, 12, 29, 13], [29, 13, 29, 9], [29, 9, 28, 9], [28, 9, 28, 8], [28, 8, 26, 8], [26, 8, 26, 7], [26, 7, 25, 7], [25, 7, 25, 6], [25, 6, 23, 6], [23, 6, 23, 2], [23, 2, 17, 2], [17, 2, 17, 3], [17, 3, 15, 3], [15, 3, 15, 4], [15, 4, 16, 4], [16, 4, 10, 4], [10, 4, 10, 2], [10, 2, 11, 2], [11, 2, 9, 2], [9, 2, 9, 3], [9, 3, 10, 3], [10, 3, 10, 5], [10, 5, 8, 5], [8, 5, 8, 4], [8, 4, 6, 4], [6, 4, 6, 3], [6, 3, 2, 3]]}
META {"type": "geom", "shape": "tile", "group": "path", "data": [[29, 12], [29, 13], [29, 12], [29, 11], [29, 10], [29, 9], [28, 9], [28, 8], [27, 8], [26, 8], [26, 7], [25, 7], [25, 6], [24, 6], [23, 6], [23, 5], [23, 4], [23, 3], [23, 2], [22, 2], [21, 2], [20, 2], [19, 2], [18, 2], [17, 2], [17, 3], [16, 3], [15, 3], [15, 4], [16, 4], [15, 4], [14, 4], [13, 4], [12, 4], [11, 4], [10, 4], [10, 3], [10, 2], [11, 2], [10, 2], [9, 2], [9, 3], [10, 3], [10, 4], [10, 5], [9, 5], [8, 5], [8, 4], [7, 4], [6, 4], [6, 3], [5, 3], [4, 3], [3, 3], [2, 3]]}
META {"type": "geom", "shape": "line", "group": "offpath", "data": [[20, 10, 19, 10], [20, 3, 19, 3], [26, 10, 24, 10], [19, 10, 20, 10], [19, 9, 13, 9], [19, 3, 20, 3], [23, 9, 25, 9], [23, 8, 23, 9], [23, 5, 24, 5], [18, 11, 17, 11], [18, 7, 18, 5], [18, 13, 18, 11], [18, 6, 18, 7], [18, 5, 16, 5], [27, 2, 27, 3], [27, 3, 27, 2], [17, 11, 17, 13], [17, 13, 18, 13], [16, 7, 15, 7], [16, 5, 16, 3], [16, 3, 16, 7], [8, 10, 8, 9], [8, 9, 8, 10], [7, 2, 7, 4], [7, 11, 7, 13], [7, 4, 7, 2], [7, 13, 7, 11], [15, 7, 15, 6], [15, 6, 14, 6], [2, 11, 3, 11], [25, 10, 26, 10], [25, 9, 25, 10], [13, 10, 13, 8], [13, 9, 19, 9], [13, 8, 13, 10], [4, 12, 4, 13], [4, 10, 4, 6], [4, 13, 4, 12], [4, 6, 4, 10], [11, 9, 11, 13], [11, 13, 11, 9], [6, 11, 5, 11], [6, 9, 6, 11], [22, 9, 22, 8], [22, 8, 21, 8], [3, 11, 2, 11], [14, 10, 14, 8], [14, 8, 14, 10], [14, 6, 18, 6], [5, 11, 5, 9], [5, 9, 6, 9], [24, 2, 24, 6], [24, 10, 24, 9], [24, 9, 22, 9], [24, 6, 24, 2], [24, 5, 23, 5], [21, 8, 23, 8]]}
