--------------------------------
--------------------------------
--------------------------------
--------------------------------
--------------------------------
--------------------------------
---XQXQX----Q-------------------
--------------------------------
---------------XX-----XX--XX----
--------------------------------
--X--------XX-------------------
-----------------X--------<>----
--------X-------XX-----X--[]----
--------XX-----XXX--------[]----
-{------XXX---XXXX--------[]--}-
XXXXXX--XXXXXXXXXXXXXXXXXXXXXXXX
META {"type": "solver", "id": "pysat-rc2", "objective": 0}
META {"type": "geom", "shape": "path", "group": "path", "data": [[14, 1, 10, 1], [10, 1, 11, 2], [11, 2, 12, 3], [12, 3, 13, 3], [13, 3, 14, 2], [14, 2, 10, 5], [10, 5, 11, 5], [11, 5, 12, 4], [12, 4, 13, 4], [13, 4, 14, 5], [14, 5, 10, 8], [10, 8, 11, 9], [11, 9, 12, 10], [12, 10, 13, 10], [13, 10, 12, 9], [12, 9, 8, 10], [8, 10, 9, 11], [9, 11, 5, 15], [5, 15, 6, 14], [6, 14, 7, 15], [7, 15, 3, 14], [3, 14, 4, 15], [4, 15, 5, 16], [5, 16, 6, 15], [6, 15, 7, 16], [7, 16, 3, 12], [3, 12, 4, 11], [4, 11, 5, 12], [5, 12, 1, 16], [1, 16, 2, 17], [2, 17, 3, 16], [3, 16, 4, 17], [4, 17, 5, 18], [5, 18, 6, 19], [6, 19, 7, 19], [7, 19, 8, 19], [8, 19, 9, 18], [9, 18, 10, 17], [10, 17, 6, 21], [6, 21, 7, 22], [7, 22, 3, 22], [3, 22, 4, 22], [4, 22, 5, 21], [5, 21, 6, 20], [6, 20, 7, 21], [7, 21, 8, 21], [8, 21, 9, 20], [9, 20, 10, 20], [10, 20, 11, 19], [11, 19, 12, 18], [12, 18, 13, 18], [13, 18, 14, 18], [14, 18, 14, 19], [14, 19, 13, 19], [13, 19, 14, 20], [14, 20, 14, 21], [14, 21, 10, 21], [10, 21, 11, 21], [11, 21, 12, 22], [12, 22, 13, 22], [13, 22, 14, 23], [14, 23, 13, 23], [13, 23, 14, 24], [14, 24, 10, 24], [10, 24, 11, 23], [11, 23, 9, 24], [9, 24, 10, 25], [10, 25, 11, 24], [11, 24, 12, 24], [12, 24, 13, 24], [13, 24, 14, 25], [14, 25, 10, 26], [10, 26, 9, 27], [9, 27, 10, 27], [10, 27, 8, 28], [8, 28, 9, 28], [9, 28, 10, 29], [10, 29, 11, 29], [11, 29, 12, 28], [12, 28, 13, 28], [13, 28, 14, 28], [14, 28, 10, 31], [10, 31, 11, 30], [11, 30, 12, 30], [12, 30, 13, 29], [13, 29, 14, 30]]}
META {"type": "geom", "shape": "tile", "group": "path", "data": [[14, 1], [13, 1], [12, 1], [11, 1], [10, 1], [11, 1], [11, 2], [12, 2], [12, 3], [13, 3], [14, 3], [14, 2], [13, 2], [13, 3], [12, 3], [12, 4], [11, 4], [11, 5], [10, 5], [11, 5], [12, 5], [12, 4], [13, 4], [14, 4], [14, 5], [13, 5], [13, 6], [12, 6], [12, 7], [11, 7], [11, 8], [10, 8], [11, 8], [11, 9], [12, 9], [12, 10], [13, 10], [12, 10], [12, 9], [11, 9], [10, 9], [9, 9], [8, 9], [8, 10], [9, 10], [9, 11], [8, 11], [8, 12], [7, 12], [7, 13], [6, 13], [6, 14], [5, 14], [5, 15], [6, 15], [6, 14], [7, 14], [7, 15], [6, 15], [5, 15], [4, 15], [3, 15], [3, 14], [4, 14], [4, 15], [5, 15], [5, 16], [6, 16], [6, 15], [7, 15], [7, 16], [6, 16], [6, 15], [5, 15], [5, 14], [4, 14], [4, 13], [3, 13], [3, 12], [4, 12], [4, 11], [5, 11], [5, 12], [4, 12], [4, 13], [3, 13], [3, 14], [2, 14], [2, 15], [1, 15], [1, 16], [2, 16], [2, 17], [3, 17], [3, 16], [4, 16], [4, 17], [5, 17], [5, 18], [6, 18], [6, 19], [7, 19], [8, 19], [9, 19], [9, 18], [10, 18], [10, 17], [9, 17], [9, 18], [8, 18], [8, 19], [7, 19], [7, 20], [6, 20], [6, 21], [7, 21], [7, 22], [6, 22], [5, 22], [4, 22], [3, 22], [4, 22], [5, 22], [5, 21], [6, 21], [6, 20], [7, 20], [7, 21], [8, 21], [9, 21], [9, 20], [10, 20], [11, 20], [11, 19], [12, 19], [12, 18], [13, 18], [14, 18], [14, 19], [13, 19], [14, 19], [14, 20], [14, 21], [13, 21], [12, 21], [11, 21], [10, 21], [11, 21], [12, 21], [12, 22], [13, 22], [14, 22], [14, 23], [13, 23], [14, 23], [14, 24], [13, 24], [12, 24], [11, 24], [10, 24], [11, 24], [11, 23], [10, 23], [10, 24], [9, 24], [10, 24], [10, 25], [11, 25], [11, 24], [12, 24], [13, 24], [14, 24], [14, 25], [13, 25], [12, 25], [11, 25], [10, 25], [10, 26], [9, 26], [9, 27], [10, 27], [9, 27], [9, 28], [8, 28], [9, 28], [10, 28], [10, 29], [11, 29], [12, 29], [12, 28], [13, 28], [14, 28], [13, 28], [13, 29], [12, 29], [12, 30], [11, 30], [11, 31], [10, 31], [11, 31], [11, 30], [12, 30], [13, 30], [13, 29], [14, 29], [14, 30]]}
META {"type": "geom", "shape": "line", "group": "offpath", "data": [[12, 13, 13, 13], [12, 29, 13, 30], [6, 9, 7, 10], [6, 27, 7, 27], [6, 26, 7, 26], [10, 9, 11, 8], [10, 14, 11, 13], [7, 27, 3, 26], [7, 10, 8, 9], [7, 4, 8, 3], [7, 26, 6, 27], [8, 9, 9, 10], [8, 3, 9, 2], [1, 4, 2, 5], [1, 3, 2, 4], [11, 13, 12, 13], [11, 8, 7, 4], [14, 11, 10, 14], [14, 12, 13, 11], [14, 31, 12, 29], [5, 8, 6, 9], [5, 6, 1, 3], [5, 7, 1, 4], [5, 4, 5, 5], [5, 3, 3, 3], [5, 5, 3, 4], [5, 26, 6, 26], [3, 6, 4, 7], [3, 4, 4, 5], [3, 3, 4, 4], [3, 5, 4, 6], [3, 26, 4, 25], [4, 25, 5, 26], [4, 6, 5, 7], [4, 7, 5, 8], [4, 4, 5, 4], [4, 5, 5, 6], [13, 13, 14, 12], [13, 11, 14, 11], [13, 30, 14, 31], [2, 4, 3, 5], [2, 5, 3, 6], [9, 10, 10, 9], [9, 2, 5, 3]]}
