XXXXXXXXXXXXXXXX
XX--}XXX-------X
X--XXXXXX-X---XX
X--XXXXXX----XXX
XX---XXXX-X--XXX
XX-X--XX--X--XXX
X---------X----X
X-----XXX-----XX
X-XXX----XXX---X
X-------XXXXXX-X
XXXXX---XXXXXX-X
XXXXX---XXXX{--X
X--------XXXXX-X
X--------XXXXX-X
X--------------X
XXXXXXXXXXXXXXXX
META {"type": "solver", "id": "pysat-rc2-boolonly", "objective": 0}
META {"type": "geom", "shape": "path", "group": "path", "data": [[11, 12, 11, 13], [11, 13, 11, 14], [11, 14, 12, 14], [12, 14, 13, 14], [13, 14, 14, 14], [14, 14, 14, 13], [14, 13, 14, 12], [14, 12, 14, 11], [14, 11, 14, 10], [14, 10, 14, 9], [14, 9, 14, 8], [14, 8, 14, 7], [14, 7, 13, 7], [13, 7, 13, 6], [13, 6, 12, 6], [12, 6, 11, 6], [11, 6, 10, 6], [10, 6, 10, 7], [10, 7, 9, 7], [9, 7, 9, 6], [9, 6, 9, 5], [9, 5, 8, 5], [8, 5, 7, 5], [7, 5, 6, 5], [6, 5, 5, 5], [5, 5, 5, 4], [5, 4, 4, 4], [4, 4, 4, 3], [4, 3, 4, 2], [4, 2, 3, 2], [3, 2, 2, 2], [2, 2, 1, 2], [1, 2, 1, 3], [1, 3, 1, 4]]}
META {"type": "geom", "shape": "tile", "group": "path", "data": [[11, 12], [11, 13], [11, 14], [12, 14], [13, 14], [14, 14], [14, 13], [14, 12], [14, 11], [14, 10], [14, 9], [14, 8], [14, 7], [13, 7], [13, 6], [12, 6], [11, 6], [10, 6], [10, 7], [9, 7], [9, 6], [9, 5], [8, 5], [7, 5], [6, 5], [5, 5], [5, 4], [4, 4], [4, 3], [4, 2], [3, 2], [2, 2], [1, 2], [1, 3], [1, 4]]}
META {"type": "geom", "shape": "line", "group": "offpath", "data": [[8, 1, 7, 1], [8, 14, 8, 13], [8, 13, 8, 14], [12, 2, 13, 2], [12, 1, 12, 2], [12, 4, 12, 3], [12, 3, 12, 4], [13, 2, 13, 3], [13, 1, 12, 1], [13, 5, 14, 5], [13, 4, 13, 5], [13, 3, 14, 3], [2, 9, 1, 9], [2, 12, 3, 12], [2, 13, 1, 13], [10, 5, 11, 5], [1, 9, 1, 10], [1, 12, 2, 12], [1, 13, 2, 13], [1, 10, 1, 11], [1, 11, 1, 12], [6, 2, 7, 2], [6, 9, 5, 9], [6, 14, 6, 13], [6, 8, 5, 8], [6, 12, 7, 12], [6, 13, 6, 14], [6, 4, 6, 3], [6, 3, 6, 2], [14, 2, 14, 1], [14, 1, 13, 1], [14, 5, 14, 4], [14, 4, 13, 4], [14, 3, 14, 2], [7, 2, 7, 3], [7, 1, 8, 1], [7, 12, 6, 12], [7, 4, 6, 4], [7, 3, 7, 4], [11, 5, 10, 5], [9, 2, 9, 1], [9, 1, 9, 2], [3, 9, 2, 9], [3, 12, 3, 11], [3, 10, 3, 9], [3, 11, 3, 10], [5, 9, 6, 9], [5, 8, 6, 8], [5, 12, 5, 11], [5, 11, 5, 12]]}
