XXXXXXXXXXXXXXXX
XXXXXXXXXXXXXXXX
XXXXX----XXX}XXX
XXX-----------XX
XX---##-------XX
XX--------X---XX
XX-X---XXXXX--XX
XX-XX--XXXXX--XX
XX--X---XXXX--XX
XXX---#-XXXX--XX
XXX-----XXX---XX
XXXX----------XX
XXXX-###-XXX--XX
XXXX-----XXX-XXX
XX-------XXXXXXX
XX-----#-XXXXXXX
XX-XX----XXXXXXX
XX--X-------XXXX
XX-----#--X--XXX
XXX------XXX-XXX
XXX-XX---XXX--XX
XXX--X--------XX
XXXX----#---#-XX
XXXX------#---XX
XXXX--##------XX
XX-------X-X--XX
XXX------XXX--XX
XXX----#-XXX--XX
XXXXX----XXX--XX
XXXXX-X-----{-XX
XXXXXXXXXXXXXXXX
XXXXXXXXXXXXXXXX
META {"type": "solver", "id": "pysat-rc2", "objective": 0}
META {"type": "geom", "shape": "path", "group": "path", "data": [[29, 12, 23, 12], [23, 12, 23, 13], [23, 13, 29, 13], [29, 13, 29, 7], [29, 7, 28, 7], [28, 7, 28, 5], [28, 5, 22, 5], [22, 5, 22, 7], [22, 7, 23, 7], [23, 7, 19, 7], [19, 7, 19, 8], [19, 8, 21, 8], [21, 8, 21, 6], [21, 6, 23, 6], [23, 6, 13, 6], [13, 6, 13, 4], [13, 4, 15, 4], [15, 4, 9, 4], [9, 4, 9, 5], [9, 5, 5, 5], [5, 5, 5, 9], [5, 9, 3, 9], [3, 9, 3, 13], [3, 13, 3, 3], [3, 3, 5, 3], [5, 3, 5, 2], [5, 2, 4, 2], [4, 2, 8, 2], [8, 2, 8, 3], [8, 3, 10, 3], [10, 3, 10, 7], [10, 7, 11, 7], [11, 7, 11, 13], [11, 13, 12, 13], [12, 13, 12, 12], [12, 12, 2, 12]]}
META {"type": "geom", "shape": "tile", "group": "path", "data": [[29, 12], [28, 12], [27, 12], [26, 12], [25, 12], [24, 12], [23, 12], [23, 13], [24, 13], [25, 13], [26, 13], [27, 13], [28, 13], [29, 13], [29, 12], [29, 11], [29, 10], [29, 9], [29, 8], [29, 7], [28, 7], [28, 6], [28, 5], [27, 5], [26, 5], [25, 5], [24, 5], [23, 5], [22, 5], [22, 6], [22, 7], [23, 7], [22, 7], [21, 7], [20, 7], [19, 7], [19, 8], [20, 8], [21, 8], [21, 7], [21, 6], [22, 6], [23, 6], [22, 6], [21, 6], [20, 6], [19, 6], [18, 6], [17, 6], [16, 6], [15, 6], [14, 6], [13, 6], [13, 5], [13, 4], [14, 4], [15, 4], [14, 4], [13, 4], [12, 4], [11, 4], [10, 4], [9, 4], [9, 5], [8, 5], [7, 5], [6, 5], [5, 5], [5, 6], [5, 7], [5, 8], [5, 9], [4, 9], [3, 9], [3, 10], [3, 11], [3, 12], [3, 13], [3, 12], [3, 11], [3, 10], [3, 9], [3, 8], [3, 7], [3, 6], [3, 5], [3, 4], [3, 3], [4, 3], [5, 3], [5, 2], [4, 2], [5, 2], [6, 2], [7, 2], [8, 2], [8, 3], [9, 3], [10, 3], [10, 4], [10, 5], [10, 6], [10, 7], [11, 7], [11, 8], [11, 9], [11, 10], [11, 11], [11, 12], [11, 13], [12, 13], [12, 12], [11, 12], [10, 12], [9, 12], [8, 12], [7, 12], [6, 12], [5, 12], [4, 12], [3, 12], [2, 12]]}
META {"type": "geom", "shape": "line", "group": "offpath", "data": [[5, 11, 3, 11], [23, 9, 24, 9], [23, 8, 23, 9], [4, 7, 4, 13], [4, 13, 4, 7], [7, 6, 7, 5], [7, 5, 7, 6], [20, 12, 18, 12], [20, 13, 20, 12], [26, 7, 25, 7], [17, 9, 18, 9], [17, 3, 21, 3], [17, 5, 13, 5], [17, 11, 17, 5], [10, 13, 10, 11], [10, 11, 10, 13], [27, 4, 27, 3], [27, 3, 25, 3], [18, 2, 14, 2], [18, 12, 18, 11], [18, 9, 17, 9], [18, 11, 17, 11], [6, 12, 6, 13], [6, 13, 6, 12], [28, 12, 28, 13], [28, 13, 28, 12], [13, 7, 14, 7], [13, 5, 19, 5], [22, 10, 21, 10], [19, 3, 17, 3], [19, 5, 19, 3], [2, 5, 3, 5], [3, 5, 2, 5], [3, 11, 5, 11], [21, 10, 22, 10], [21, 4, 27, 4], [21, 3, 21, 4], [14, 7, 13, 7], [14, 2, 18, 2], [25, 7, 26, 7], [25, 2, 25, 8], [25, 8, 23, 8], [25, 3, 25, 2], [24, 9, 24, 13], [24, 13, 20, 13]]}
