XXXXXXXXXXXXXXXX
XXXXXXXXXXXXXXXX
XX}XXXXX-----XXX
XX-XXX----XX-XXX
XX--------XX--XX
XXX----##--X--XX
XXX##-------#-XX
XXX------##---XX
XX---XX-------XX
XX-XXXX-------XX
XXXXXXX-#-----XX
XXXXXX-----X--XX
XXXXXX----XXXXXX
XXXXXX##--XXXXXX
XXXX------XXXXXX
XXXXX-----XXX-XX
XXXXX-#---XXX-XX
XXXXX---##---XXX
XXXXX-------XXXX
XXX----#-----XXX
XXX##------#-XXX
XXX---#--#---XXX
XXX-----------XX
XX--##----X---XX
XX------XXX--XXX
XX----#-XXX-XXXX
XX-#----XXX--XXX
XX---#-------XXX
XX-------XXX--XX
XX--X-{--XXX--XX
XXXXXXXXXXXXXXXX
XXXXXXXXXXXXXXXX
META {"type": "solver", "id": "pysat-rc2", "objective": 0}
META {"type": "geom", "shape": "path", "group": "path", "data": [[29, 6, 29, 8], [29, 8, 27, 8], [27, 8, 27, 6], [27, 6, 27, 12], [27, 12, 29, 12], [29, 12, 29, 13], [29, 13, 28, 13], [28, 13, 28, 12], [28, 12, 26, 12], [26, 12, 26, 11], [26, 11, 27, 11], [27, 11, 21, 11], [21, 11, 21, 10], [21, 10, 21, 12], [21, 12, 19, 12], [19, 12, 19, 8], [19, 8, 23, 8], [23, 8, 23, 9], [23, 9, 22, 9], [22, 9, 22, 3], [22, 3, 21, 3], [21, 3, 25, 3], [25, 3, 25, 5], [25, 5, 26, 5], [26, 5, 24, 5], [24, 5, 24, 7], [24, 7, 20, 7], [20, 7, 20, 5], [20, 5, 14, 5], [14, 5, 14, 9], [14, 9, 8, 9], [8, 9, 8, 7], [8, 7, 8, 13], [8, 13, 4, 13], [4, 13, 4, 12], [4, 12, 2, 12], [2, 12, 2, 8], [2, 8, 4, 8], [4, 8, 4, 2], [4, 2, 2, 2]]}
META {"type": "geom", "shape": "tile", "group": "path", "data": [[29, 6], [29, 7], [29, 8], [28, 8], [27, 8], [27, 7], [27, 6], [27, 7], [27, 8], [27, 9], [27, 10], [27, 11], [27, 12], [28, 12], [29, 12], [29, 13], [28, 13], [28, 12], [27, 12], [26, 12], [26, 11], [27, 11], [26, 11], [25, 11], [24, 11], [23, 11], [22, 11], [21, 11], [21, 10], [21, 11], [21, 12], [20, 12], [19, 12], [19, 11], [19, 10], [19, 9], [19, 8], [20, 8], [21, 8], [22, 8], [23, 8], [23, 9], [22, 9], [22, 8], [22, 7], [22, 6], [22, 5], [22, 4], [22, 3], [21, 3], [22, 3], [23, 3], [24, 3], [25, 3], [25, 4], [25, 5], [26, 5], [25, 5], [24, 5], [24, 6], [24, 7], [23, 7], [22, 7], [21, 7], [20, 7], [20, 6], [20, 5], [19, 5], [18, 5], [17, 5], [16, 5], [15, 5], [14, 5], [14, 6], [14, 7], [14, 8], [14, 9], [13, 9], [12, 9], [11, 9], [10, 9], [9, 9], [8, 9], [8, 8], [8, 7], [8, 8], [8, 9], [8, 10], [8, 11], [8, 12], [8, 13], [7, 13], [6, 13], [5, 13], [4, 13], [4, 12], [3, 12], [2, 12], [2, 11], [2, 10], [2, 9], [2, 8], [3, 8], [4, 8], [4, 7], [4, 6], [4, 5], [4, 4], [4, 3], [4, 2], [3, 2], [2, 2]]}
META {"type": "geom", "shape": "line", "group": "offpath", "data": [[28, 8, 28, 2], [28, 2, 28, 8], [28, 4, 24, 4], [29, 2, 29, 3], [29, 3, 27, 3], [19, 11, 17, 11], [4, 9, 6, 9], [4, 4, 5, 4], [4, 5, 4, 9], [4, 3, 5, 3], [23, 13, 22, 13], [23, 2, 29, 2], [11, 6, 12, 6], [11, 13, 11, 12], [11, 12, 7, 12], [22, 13, 23, 13], [27, 2, 27, 4], [27, 4, 28, 4], [27, 3, 27, 2], [24, 11, 24, 12], [24, 2, 23, 2], [24, 12, 24, 11], [24, 4, 24, 2], [16, 9, 16, 7], [16, 7, 16, 9], [10, 13, 11, 13], [10, 9, 10, 13], [10, 11, 10, 9], [15, 9, 15, 5], [15, 5, 15, 9], [17, 11, 19, 11], [17, 5, 17, 7], [17, 7, 17, 5], [18, 11, 18, 5], [18, 5, 18, 11], [6, 9, 6, 5], [6, 11, 10, 11], [6, 5, 4, 5], [12, 6, 11, 6], [7, 13, 7, 11], [7, 11, 6, 11], [7, 12, 7, 13], [21, 8, 21, 7], [21, 7, 21, 8], [5, 4, 4, 4], [5, 3, 4, 3]]}
