XXXXXXXXXXXXXXXX
XXXXXXXXXXXXXXXX
XXX-XXX}XXXX--XX
XX--XXX-XXX---XX
XX------XXX---XX
XX----#-------XX
XX-#----#---#-XX
XX---X----#---XX
XX---XXX------XX
XXX--XXX##--X-XX
XXX-------XXX-XX
XXX---X---XXX-XX
XXX-XXX-X-XXX-XX
XXX-XXX-XXXXXXXX
XXX-XXX-XXXXXXXX
XX------XXXXXXXX
XX---#-----XXXXX
XXX--------XXXXX
XXX-X--X---XXXXX
XXX-XX-XXXXXXXXX
XXX--X-XXXXXXXXX
XX-----XXXXXXXXX
XX##-----XXX-XXX
XX---#-------XXX
XXX-----X----XXX
XXX---#-XXX---XX
XXXX----XXX##-XX
XX-XXX--------XX
XX-XXX--------XX
XX-XXXXX---{-XXX
XXXXXXXXXXXXXXXX
XXXXXXXXXXXXXXXX
META {"type": "solver", "id": "pysat-rc2", "objective": 0}
META {"type": "geom", "shape": "path", "group": "path", "data": [[29, 11, 29, 12], [29, 12, 29, 8], [29, 8, 27, 8], [27, 8, 27, 6], [27, 6, 28, 6], [28, 6, 26, 6], [26, 6, 26, 4], [26, 4, 20, 4], [20, 4, 20, 3], [20, 3, 21, 3], [21, 3, 21, 2], [21, 2, 21, 6], [21, 6, 15, 6], [15, 6, 15, 2], [15, 2, 16, 2], [16, 2, 16, 4], [16, 4, 15, 4], [15, 4, 17, 4], [17, 4, 17, 3], [17, 3, 7, 3], [7, 3, 7, 4], [7, 4, 7, 2], [7, 2, 3, 2], [3, 2, 3, 3], [3, 3, 5, 3], [5, 3, 5, 5], [5, 5, 4, 5], [4, 5, 4, 7], [4, 7, 2, 7]]}
META {"type": "geom", "shape": "tile", "group": "path", "data": [[29, 11], [29, 12], [29, 11], [29, 10], [29, 9], [29, 8], [28, 8], [27, 8], [27, 7], [27, 6], [28, 6], [27, 6], [26, 6], [26, 5], [26, 4], [25, 4], [24, 4], [23, 4], [22, 4], [21, 4], [20, 4], [20, 3], [21, 3], [21, 2], [21, 3], [21, 4], [21, 5], [21, 6], [20, 6], [19, 6], [18, 6], [17, 6], [16, 6], [15, 6], [15, 5], [15, 4], [15, 3], [15, 2], [16, 2], [16, 3], [16, 4], [15, 4], [16, 4], [17, 4], [17, 3], [16, 3], [15, 3], [14, 3], [13, 3], [12, 3], [11, 3], [10, 3], [9, 3], [8, 3], [7, 3], [7, 4], [7, 3], [7, 2], [6, 2], [5, 2], [4, 2], [3, 2], [3, 3], [4, 3], [5, 3], [5, 4], [5, 5], [4, 5], [4, 6], [4, 7], [3, 7], [2, 7]]}
META {"type": "geom", "shape": "line", "group": "offpath", "data": [[22, 8, 23, 8], [22, 7, 22, 8], [18, 8, 18, 10], [18, 10, 18, 8], [3, 13, 3, 11], [3, 11, 3, 13], [24, 3, 23, 3], [24, 10, 23, 10], [24, 6, 24, 7], [24, 5, 24, 3], [24, 7, 28, 7], [29, 2, 27, 2], [29, 10, 27, 10], [6, 9, 6, 11], [6, 10, 5, 10], [6, 6, 7, 6], [6, 11, 6, 9], [25, 3, 25, 5], [25, 5, 24, 5], [25, 13, 25, 11], [25, 11, 25, 13], [7, 8, 8, 8], [7, 9, 5, 9], [7, 6, 6, 6], [7, 12, 8, 12], [7, 7, 7, 9], [28, 7, 22, 7], [2, 13, 12, 13], [10, 3, 10, 9], [10, 9, 10, 3], [23, 8, 23, 12], [23, 3, 25, 3], [23, 10, 24, 10], [23, 6, 24, 6], [23, 12, 23, 6], [9, 3, 9, 4], [9, 4, 9, 3], [9, 10, 8, 10], [27, 2, 29, 2], [27, 10, 29, 10], [11, 3, 11, 5], [11, 5, 11, 3], [5, 9, 5, 7], [5, 10, 6, 10], [5, 7, 7, 7], [12, 13, 2, 13], [8, 2, 8, 4], [8, 8, 7, 8], [8, 4, 8, 2], [8, 10, 9, 10], [8, 12, 7, 12]]}
