XXXXXXXXXXXXXXXX
XXXXXXXXXXXXXXXX
XX}XXXXXXXXXXXXX
XX-XXXXX-XXX-XXX
XX-XXXXX-XXX-XXX
XX--XXX-X-----XX
XX--XXX-XX-XX-XX
XXX-XXX--X--X-XX
XXX----#-XX---XX
XXX-------X---XX
XX---#------#-XX
XX##---XX-----XX
XX--#--XXXX---XX
XX----XXXXX---XX
XX---XXXXX----XX
XX-#-XXXXX-#--XX
XX---XXXXX----XX
XX-----------XXX
XX--###-XXXXXXXX
XXX-----XXXXXXXX
XXX-----XXX--XXX
XXX-XX-----X--XX
XX--XXX-XXXXX-XX
XX--XXX--XXXX-XX
XXX-XXX--XXX--XX
XXX-XXX-------XX
XXX--------X--XX
XXX-{-X--#-XXXXX
XXXXXXXX---XXXXX
XXXXXXXX--XXXXXX
XXXXXXXXXXXXXXXX
XXXXXXXXXXXXXXXX
META {"type": "solver", "id": "pysat-rc2", "objective": 0}
META {"type": "geom", "shape": "path", "group": "path", "data": [[27, 4, 27, 5], [27, 5, 26, 5], [26, 5, 26, 3], [26, 3, 16, 3], [16, 3, 16, 2], [16, 2, 16, 4], [16, 4, 17, 4], [17, 4, 17, 2], [17, 2, 17, 12], [17, 12, 11, 12], [11, 12, 11, 13], [11, 13, 11, 9], [11, 9, 9, 9], [9, 9, 9, 3], [9, 3, 5, 3], [5, 3, 5, 2], [5, 2, 6, 2], [6, 2, 2, 2]]}
META {"type": "geom", "shape": "tile", "group": "path", "data": [[27, 4], [27, 5], [26, 5], [26, 4], [26, 3], [25, 3], [24, 3], [23, 3], [22, 3], [21, 3], [20, 3], [19, 3], [18, 3], [17, 3], [16, 3], [16, 2], [16, 3], [16, 4], [17, 4], [17, 3], [17, 2], [17, 3], [17, 4], [17, 5], [17, 6], [17, 7], [17, 8], [17, 9], [17, 10], [17, 11], [17, 12], [16, 12], [15, 12], [14, 12], [13, 12], [12, 12], [11, 12], [11, 13], [11, 12], [11, 11], [11, 10], [11, 9], [10, 9], [9, 9], [9, 8], [9, 7], [9, 6], [9, 5], [9, 4], [9, 3], [8, 3], [7, 3], [6, 3], [5, 3], [5, 2], [6, 2], [5, 2], [4, 2], [3, 2], [2, 2]]}
META {"type": "geom", "shape": "line", "group": "offpath", "data": [[7, 7, 5, 7], [7, 11, 7, 10], [7, 10, 7, 11], [5, 7, 7, 7], [3, 8, 4, 8], [12, 3, 14, 3], [12, 13, 12, 11], [12, 2, 12, 3], [12, 11, 12, 13], [18, 2, 12, 2], [19, 4, 20, 4], [19, 5, 20, 5], [11, 10, 10, 10], [27, 7, 27, 8], [27, 8, 29, 8], [10, 7, 9, 7], [10, 3, 10, 2], [10, 4, 8, 4], [10, 2, 10, 4], [10, 10, 11, 10], [23, 7, 27, 7], [23, 2, 22, 2], [23, 8, 23, 7], [20, 4, 19, 4], [20, 5, 19, 5], [28, 9, 29, 9], [28, 8, 28, 10], [28, 10, 28, 8], [9, 7, 10, 7], [9, 13, 9, 11], [9, 11, 9, 13], [24, 12, 24, 13], [24, 13, 26, 13], [22, 2, 23, 2], [26, 12, 24, 12], [26, 13, 26, 12], [29, 9, 28, 9], [29, 8, 23, 8], [4, 8, 3, 8], [14, 3, 14, 4], [14, 4, 14, 2], [14, 2, 18, 2], [8, 3, 10, 3], [8, 4, 8, 3]]}
