XXXXXXXXXXXXXXXX
XXXXXXXXXXXXXXXX
XXXXX-----XXX}XX
XXX----XX-----XX
XX--#---X-----XX
XXX--------#--XX
XXXX----------XX
XXXX##-#----XXXX
XXXX------#--XXX
XX-----------XXX
XX-----XXX---XXX
XXXXX--XXX##-XXX
XXXXX--XXX---XXX
XXX-XXXXXXX--XXX
XX---XXXXXX---XX
XX-#-XXXX-----XX
XX----XXX--X-XXX
XX----XXXX-XXXXX
XX-----XXX-XXXXX
XX--XX-XXX--XXXX
XX---X------XXXX
XX##--------XXXX
XX---##---#--XXX
XX##---------XXX
XX------#-----XX
XXX--X-----#--XX
XXX--XXX------XX
XXX--XXX-##---XX
XXX-----------XX
XXX-----X--{-XXX
XXXXXXXXXXXXXXXX
XXXXXXXXXXXXXXXX
META {"type": "solver", "id": "pysat-rc2", "objective": 0}
META {"type": "geom", "shape": "path", "group": "path", "data": [[29, 11, 29, 9], [29, 9, 28, 9], [28, 9, 28, 13], [28, 13, 24, 13], [24, 13, 24, 9], [24, 9, 26, 9], [26, 9, 20, 9], [20, 9, 20, 11], [20, 11, 19, 11], [19, 11, 19, 10], [19, 10, 15, 10], [15, 10, 15, 9], [15, 9, 15, 13], [15, 13, 14, 13], [14, 13, 14, 11], [14, 11, 12, 11], [12, 11, 12, 10], [12, 10, 12, 12], [12, 12, 8, 12], [8, 12, 8, 11], [8, 11, 6, 11], [6, 11, 6, 13], [6, 13, 2, 13]]}
META {"type": "geom", "shape": "tile", "group": "path", "data": [[29, 11], [29, 10], [29, 9], [28, 9], [28, 10], [28, 11], [28, 12], [28, 13], [27, 13], [26, 13], [25, 13], [24, 13], [24, 12], [24, 11], [24, 10], [24, 9], [25, 9], [26, 9], [25, 9], [24, 9], [23, 9], [22, 9], [21, 9], [20, 9], [20, 10], [20, 11], [19, 11], [19, 10], [18, 10], [17, 10], [16, 10], [15, 10], [15, 9], [15, 10], [15, 11], [15, 12], [15, 13], [14, 13], [14, 12], [14, 11], [13, 11], [12, 11], [12, 10], [12, 11], [12, 12], [11, 12], [10, 12], [9, 12], [8, 12], [8, 11], [7, 11], [6, 11], [6, 12], [6, 13], [5, 13], [4, 13], [3, 13], [2, 13]]}
META {"type": "geom", "shape": "line", "group": "offpath", "data": [[3, 11, 4, 11], [3, 3, 5, 3], [3, 10, 7, 10], [24, 7, 25, 7], [24, 5, 23, 5], [24, 3, 24, 7], [23, 5, 24, 5], [23, 4, 29, 4], [23, 10, 23, 4], [8, 5, 12, 5], [8, 4, 10, 4], [5, 3, 3, 3], [5, 8, 9, 8], [5, 4, 5, 10], [5, 10, 3, 10], [9, 2, 10, 2], [9, 8, 9, 2], [14, 2, 14, 4], [14, 3, 13, 3], [14, 4, 18, 4], [13, 11, 13, 12], [13, 12, 13, 11], [13, 3, 14, 3], [10, 2, 10, 6], [10, 6, 12, 6], [10, 4, 8, 4], [18, 2, 20, 2], [18, 6, 18, 2], [18, 4, 18, 6], [2, 6, 2, 5], [2, 5, 6, 5], [29, 7, 28, 7], [29, 3, 29, 7], [29, 4, 29, 3], [6, 5, 6, 4], [6, 4, 5, 4], [20, 2, 14, 2], [25, 7, 25, 6], [25, 6, 25, 10], [25, 10, 23, 10], [7, 8, 5, 8], [7, 10, 7, 8], [19, 2, 19, 3], [19, 3, 19, 2], [4, 7, 4, 5], [4, 11, 3, 11], [4, 5, 4, 7], [12, 6, 2, 6], [12, 5, 8, 5], [22, 7, 22, 9], [22, 9, 22, 7], [28, 7, 28, 3], [28, 3, 24, 3], [11, 6, 11, 5], [11, 5, 11, 6]]}
