XXXXXXXXXXXXXXXX
XXXXXXXXXXXXXXXX
XX}XXXXX-----XXX
XX-XXX---#----XX
XX----##---XX-XX
XX-X--------XXXX
XX-XXX---##-XXXX
XX-XXX-------XXX
XX---------#-XXX
XX----XXX----XXX
XX---XXXX----XXX
XXX-XXXXX----XXX
XXX--XXXX--#--XX
XXX--XXX-#----XX
XX---XXX----X-XX
XXXXX------XXXXX
XXXXX-------XXXX
XXXX---XX-#-XXXX
XXXX-X--X---XXXX
XX--XXX-------XX
XX--XXX-XX--XXXX
XX--XXX--X--XXXX
XXXXXXX-----XXXX
XXXXXXX-------XX
XXXXXX-###---XXX
XX-XXX------XXXX
XX-----------XXX
XX----#-##---XXX
XX##-------XXXXX
XX--XX-{--XXXXXX
XXXXXXXXXXXXXXXX
XXXXXXXXXXXXXXXX
META {"type": "solver", "id": "pysat-rc2", "objective": 0}
META {"type": "geom", "shape": "path", "group": "path", "data": [[29, 7, 29, 6], [29, 6, 28, 6], [28, 6, 28, 10], [28, 10, 18, 10], [18, 10, 18, 9], [18, 9, 14, 9], [14, 9, 14, 11], [14, 11, 13, 11], [13, 11, 13, 10], [13, 10, 7, 10], [7, 10, 7, 6], [7, 6, 5, 6], [5, 6, 5, 4], [5, 4, 4, 4], [4, 4, 4, 2], [4, 2, 10, 2], [10, 2, 10, 4], [10, 4, 8, 4], [8, 4, 8, 2], [8, 2, 2, 2]]}
META {"type": "geom", "shape": "tile", "group": "path", "data": [[29, 7], [29, 6], [28, 6], [28, 7], [28, 8], [28, 9], [28, 10], [27, 10], [26, 10], [25, 10], [24, 10], [23, 10], [22, 10], [21, 10], [20, 10], [19, 10], [18, 10], [18, 9], [17, 9], [16, 9], [15, 9], [14, 9], [14, 10], [14, 11], [13, 11], [13, 10], [12, 10], [11, 10], [10, 10], [9, 10], [8, 10], [7, 10], [7, 9], [7, 8], [7, 7], [7, 6], [6, 6], [5, 6], [5, 5], [5, 4], [4, 4], [4, 3], [4, 2], [5, 2], [6, 2], [7, 2], [8, 2], [9, 2], [10, 2], [10, 3], [10, 4], [9, 4], [8, 4], [8, 3], [8, 2], [7, 2], [6, 2], [5, 2], [4, 2], [3, 2], [2, 2]]}
META {"type": "geom", "shape": "line", "group": "offpath", "data": [[29, 2, 29, 3], [29, 3, 29, 2], [17, 6, 15, 6], [17, 4, 17, 6], [17, 5, 17, 4], [2, 10, 2, 8], [2, 8, 2, 12], [2, 12, 3, 12], [12, 13, 14, 13], [21, 2, 21, 3], [21, 3, 19, 3], [21, 8, 23, 8], [16, 11, 16, 5], [16, 10, 16, 11], [16, 5, 15, 5], [26, 3, 27, 3], [26, 8, 25, 8], [26, 9, 25, 9], [4, 10, 4, 8], [4, 8, 4, 10], [15, 6, 15, 10], [15, 10, 16, 10], [15, 5, 17, 5], [19, 2, 21, 2], [19, 3, 19, 2], [19, 7, 19, 13], [19, 13, 19, 7], [23, 8, 21, 8], [23, 7, 23, 13], [23, 13, 23, 7], [20, 11, 20, 10], [20, 10, 20, 11], [3, 10, 2, 10], [3, 12, 3, 10], [14, 13, 12, 13], [6, 6, 6, 8], [6, 8, 6, 6], [18, 6, 18, 7], [18, 7, 18, 6], [24, 10, 24, 12], [24, 12, 24, 10], [25, 8, 26, 8], [25, 9, 26, 9], [27, 3, 26, 3]]}
