XXXXXXXXXXXXXXXX
XXXXXXXXXXXXXXXX
XXXXXX---XXX}XXX
XXX---##------XX
XX-##---------XX
XX------#-XX--XX
XX----#----X--XX
XX--#----#--XXXX
XX-----#----XXXX
XX---X----#--XXX
XX--XX--X----XXX
XXX--X-XX-----XX
XXXX----X---#-XX
XXXX--#-------XX
XXXX-------#--XX
XXXX----------XX
XX-----XX-#---XX
XX-##---X-----XX
XX----#-----XXXX
XX-------X---XXX
XX---X--XX-#-XXX
XXX-XX---X---XXX
XXX--X----#---XX
XXX----#------XX
XX---#-----##-XX
XX------------XX
XX----X-{-----XX
XX---XXXXXXX--XX
XX--XXXXXXXX--XX
XXXXXXXXXXX--XXX
XXXXXXXXXXXXXXXX
XXXXXXXXXXXXXXXX
META {"type": "solver", "id": "pysat-rc2", "objective": 0}
META {"type": "geom", "shape": "path", "group": "path", "data": [[26, 8, 26, 7], [26, 7, 24, 7], [24, 7, 24, 6], [24, 6, 24, 10], [24, 10, 23, 10], [23, 10, 23, 8], [23, 8, 21, 8], [21, 8, 21, 6], [21, 6, 25, 6], [25, 6, 19, 6], [19, 6, 19, 2], [19, 2, 20, 2], [20, 2, 16, 2], [16, 2, 16, 6], [16, 6, 14, 6], [14, 6, 14, 10], [14, 10, 10, 10], [10, 10, 10, 12], [10, 12, 9, 12], [9, 12, 9, 11], [9, 11, 7, 11], [7, 11, 13, 11], [13, 11, 13, 13], [13, 13, 17, 13], [17, 13, 17, 9], [17, 9, 18, 9], [18, 9, 18, 11], [18, 11, 19, 11], [19, 11, 19, 10], [19, 10, 19, 12], [19, 12, 23, 12], [23, 12, 23, 13], [23, 13, 22, 13], [22, 13, 28, 13], [28, 13, 28, 12], [28, 12, 29, 12], [29, 12, 25, 12], [25, 12, 25, 2], [25, 2, 24, 2], [24, 2, 28, 2], [28, 2, 28, 3], [28, 3, 18, 3], [18, 3, 18, 5], [18, 5, 12, 5], [12, 5, 12, 4], [12, 4, 11, 4], [11, 4, 11, 3], [11, 3, 5, 3], [5, 3, 5, 7], [5, 7, 4, 7], [4, 7, 4, 13], [4, 13, 6, 13], [6, 13, 6, 12], [6, 12, 2, 12]]}
META {"type": "geom", "shape": "tile", "group": "path", "data": [[26, 8], [26, 7], [25, 7], [24, 7], [24, 6], [24, 7], [24, 8], [24, 9], [24, 10], [23, 10], [23, 9], [23, 8], [22, 8], [21, 8], [21, 7], [21, 6], [22, 6], [23, 6], [24, 6], [25, 6], [24, 6], [23, 6], [22, 6], [21, 6], [20, 6], [19, 6], [19, 5], [19, 4], [19, 3], [19, 2], [20, 2], [19, 2], [18, 2], [17, 2], [16, 2], [16, 3], [16, 4], [16, 5], [16, 6], [15, 6], [14, 6], [14, 7], [14, 8], [14, 9], [14, 10], [13, 10], [12, 10], [11, 10], [10, 10], [10, 11], [10, 12], [9, 12], [9, 11], [8, 11], [7, 11], [8, 11], [9, 11], [10, 11], [11, 11], [12, 11], [13, 11], [13, 12], [13, 13], [14, 13], [15, 13], [16, 13], [17, 13], [17, 12], [17, 11], [17, 10], [17, 9], [18, 9], [18, 10], [18, 11], [19, 11], [19, 10], [19, 11], [19, 12], [20, 12], [21, 12], [22, 12], [23, 12], [23, 13], [22, 13], [23, 13], [24, 13], [25, 13], [26, 13], [27, 13], [28, 13], [28, 12], [29, 12], [28, 12], [27, 12], [26, 12], [25, 12], [25, 11], [25, 10], [25, 9], [25, 8], [25, 7], [25, 6], [25, 5], [25, 4], [25, 3], [25, 2], [24, 2], [25, 2], [26, 2], [27, 2], [28, 2], [28, 3], [27, 3], [26, 3], [25, 3], [24, 3], [23, 3], [22, 3], [21, 3], [20, 3], [19, 3], [18, 3], [18, 4], [18, 5], [17, 5], [16, 5], [15, 5], [14, 5], [13, 5], [12, 5], [12, 4], [11, 4], [11, 3], [10, 3], [9, 3], [8, 3], [7, 3], [6, 3], [5, 3], [5, 4], [5, 5], [5, 6], [5, 7], [4, 7], [4, 8], [4, 9], [4, 10], [4, 11], [4, 12], [4, 13], [5, 13], [6, 13], [6, 12], [5, 12], [4, 12], [3, 12], [2, 12]]}
META {"type": "geom", "shape": "line", "group": "offpath", "data": [[21, 10, 17, 10], [14, 13, 14, 12], [14, 12, 14, 13], [3, 3, 3, 5], [3, 11, 4, 11], [3, 5, 3, 3], [7, 6, 7, 5], [7, 5, 8, 5], [18, 8, 19, 8], [17, 12, 13, 12], [17, 10, 21, 10], [20, 7, 20, 6], [20, 6, 20, 7], [6, 10, 8, 10], [6, 4, 5, 4], [6, 8, 6, 10], [8, 6, 7, 6], [8, 10, 8, 8], [8, 8, 6, 8], [8, 5, 8, 6], [19, 8, 18, 8], [13, 12, 17, 12], [4, 6, 5, 6], [4, 2, 10, 2], [4, 11, 3, 11], [10, 2, 4, 2], [5, 6, 4, 6], [5, 4, 6, 4]]}
