XXXXXXXXXXXXXXXX
----------------
XX----------XXXX
XX----------XXXX
-------XX-XX----
-XXX---XX-XX--}-
-XXX---------XXX
-------------XXX
XXXXX-XXXXX-----
XXXXX-XXXXX-----
-------------XX-
-------------XX-
--------XX-XXXXX
-----XX-XX-XXXXX
-XX--XX---------
-XX----XX-------
-------XX-------
-------XX-------
--{----XX-------
XXXXXXXXXXXXXXXX
META {"type": "solver", "id": "pysat-rc2", "objective": 0}
META {"type": "geom", "shape": "path", "group": "path", "data": [[18, 2, 18, 3], [18, 3, 18, 4], [18, 4, 18, 5], [18, 5, 18, 6], [18, 6, 15, 6], [15, 6, 16, 6], [16, 6, 13, 2], [13, 2, 11, 5], [11, 5, 12, 6], [12, 6, 10, 8], [10, 8, 11, 8], [11, 8, 11, 9], [11, 9, 9, 14], [9, 14, 9, 13], [9, 13, 7, 10], [7, 10, 5, 14]]}
META {"type": "geom", "shape": "tile", "group": "path", "data": [[18, 2], [18, 3], [18, 4], [18, 5], [18, 6], [17, 6], [16, 6], [15, 6], [16, 6], [16, 5], [15, 5], [15, 4], [14, 4], [14, 3], [13, 3], [13, 2], [13, 3], [12, 3], [12, 4], [11, 4], [11, 5], [12, 5], [12, 6], [12, 7], [11, 7], [11, 8], [10, 8], [11, 8], [11, 9], [11, 10], [10, 10], [10, 11], [9, 11], [9, 12], [9, 13], [9, 14], [9, 13], [9, 12], [8, 12], [8, 11], [7, 11], [7, 10], [7, 11], [6, 11], [6, 12], [5, 12], [5, 13], [5, 14]]}
META {"type": "geom", "shape": "line", "group": "offpath", "data": [[14, 3, 15, 4], [2, 6, 3, 7], [2, 8, 3, 8], [2, 11, 3, 11], [2, 3, 3, 4], [1, 4, 2, 3], [1, 11, 2, 11], [1, 5, 2, 6], [7, 6, 5, 4], [7, 4, 5, 6], [7, 7, 7, 6], [7, 3, 7, 4], [10, 3, 11, 4], [10, 10, 11, 11], [12, 5, 10, 3], [5, 6, 6, 7], [5, 4, 6, 4], [5, 13, 4, 12], [4, 1, 4, 2], [4, 2, 4, 1], [4, 12, 5, 13], [4, 3, 2, 8], [15, 4, 16, 5], [18, 9, 18, 10], [18, 10, 18, 9], [11, 4, 12, 5], [11, 11, 10, 10], [3, 8, 1, 11], [3, 4, 4, 3], [3, 11, 3, 10], [3, 7, 1, 4], [3, 10, 1, 5], [16, 5, 17, 6], [6, 4, 7, 3], [6, 7, 7, 7], [17, 6, 14, 3]]}
