XXXXXXXXXXXXXXXX
----------------
-}--------------
XXXXXXX-XX------
XXXXXXX-XX------
-------------XXX
-------------XXX
---XX----XX-----
---XX----XX-XXXX
---XX-------XXXX
XXXXXXXX--------
XXXXXXXX--------
----------XX--XX
XXX----XX-XX--XX
XXX----XX-------
---XX----XX-----
---XX----XX-----
---------XX-----
-{-------XX-----
XXXXXXXXXXXXXXXX
META {"type": "solver", "id": "pysat-rc2", "objective": 0}
META {"type": "geom", "shape": "path", "group": "path", "data": [[18, 1, 18, 2], [18, 2, 18, 3], [18, 3, 18, 4], [18, 4, 18, 5], [18, 5, 18, 6], [18, 6, 18, 7], [18, 7, 18, 8], [18, 8, 16, 8], [16, 8, 13, 5], [13, 5, 14, 4], [14, 4, 12, 8], [12, 8, 10, 11], [10, 11, 11, 11], [11, 11, 11, 10], [11, 10, 9, 7], [9, 7, 9, 6], [9, 6, 9, 5], [9, 5, 7, 5], [7, 5, 8, 5], [8, 5, 5, 9], [5, 9, 6, 9], [6, 9, 6, 10], [6, 10, 4, 13], [4, 13, 2, 9], [2, 9, 2, 8], [2, 8, 1, 6], [1, 6, 2, 5], [2, 5, 2, 4], [2, 4, 2, 3], [2, 3, 2, 2], [2, 2, 2, 1]]}
META {"type": "geom", "shape": "tile", "group": "path", "data": [[18, 1], [18, 2], [18, 3], [18, 4], [18, 5], [18, 6], [18, 7], [18, 8], [17, 8], [16, 8], [16, 7], [15, 7], [15, 6], [14, 6], [14, 5], [13, 5], [14, 5], [14, 4], [14, 5], [13, 5], [13, 6], [12, 6], [12, 7], [12, 8], [12, 9], [11, 9], [11, 10], [10, 10], [10, 11], [11, 11], [11, 10], [11, 9], [10, 9], [10, 8], [9, 8], [9, 7], [9, 6], [9, 5], [8, 5], [7, 5], [8, 5], [8, 6], [7, 6], [7, 7], [6, 7], [6, 8], [5, 8], [5, 9], [6, 9], [6, 10], [6, 11], [5, 11], [5, 12], [4, 12], [4, 13], [4, 12], [3, 12], [3, 11], [2, 11], [2, 10], [2, 9], [2, 8], [2, 7], [1, 7], [1, 6], [2, 6], [2, 5], [2, 4], [2, 3], [2, 2], [2, 1]]}
META {"type": "geom", "shape": "line", "group": "offpath", "data": [[1, 7, 2, 6], [14, 10, 14, 9], [14, 3, 13, 3], [14, 9, 13, 9], [18, 11, 18, 12], [18, 12, 18, 11], [13, 3, 14, 3], [13, 9, 14, 10], [6, 4, 6, 3], [6, 3, 6, 4], [2, 6, 1, 7], [12, 2, 12, 1], [12, 1, 12, 2]]}
