XXXXXXXXXXXXXXXX
XXXXXXXXXXXXXXXX
XXXXXXX---XXX}XX
XXXXXX--#-----XX
XXXXXX-----X--XX
XXXX---#---XXXXX
XXXX##-----XXXXX
XXXX----X--XXXXX
XX---XXXX-----XX
XX---XXXX--XX-XX
XXX--XXX-X--X-XX
XXX##---XX----XX
XXX---X--X--#-XX
XX---XX-------XX
XX----X-------XX
XXXX---#--X-#-XX
XXXX-----XX---XX
XXXX-#----X---XX
XXXX---##-----XX
XX--#---------XX
XX----X-------XX
XX---XXXX-XX--XX
XX---XXXX--X-XXX
XX---XXX----XXXX
XX##--------XXXX
XX-------#---XXX
XX-#-X-------XXX
XX---XX---X---XX
XXX---X-XXX---XX
XXX-X---XXX-{-XX
XXXXXXXXXXXXXXXX
XXXXXXXXXXXXXXXX
META {"type": "solver", "id": "pysat-rc2", "objective": 0}
META {"type": "geom", "shape": "path", "group": "path", "data": [[29, 12, 25, 12], [25, 12, 25, 10], [25, 10, 26, 10], [26, 10, 26, 12], [26, 12, 26, 6], [26, 6, 24, 6], [24, 6, 24, 4], [24, 4, 20, 4], [20, 4, 20, 5], [20, 5, 18, 5], [18, 5, 18, 4], [18, 4, 12, 4], [12, 4, 12, 3], [12, 3, 14, 3], [14, 3, 14, 5], [14, 5, 16, 5], [16, 5, 16, 4], [16, 4, 16, 8], [16, 8, 12, 8], [12, 8, 12, 7], [12, 7, 14, 7], [14, 7, 14, 13], [14, 13, 8, 13], [8, 13, 8, 9], [8, 9, 2, 9], [2, 9, 2, 7], [2, 7, 4, 7], [4, 7, 4, 6], [4, 6, 4, 10], [4, 10, 3, 10], [3, 10, 3, 9], [3, 9, 3, 13], [3, 13, 2, 13]]}
META {"type": "geom", "shape": "tile", "group": "path", "data": [[29, 12], [28, 12], [27, 12], [26, 12], [25, 12], [25, 11], [25, 10], [26, 10], [26, 11], [26, 12], [26, 11], [26, 10], [26, 9], [26, 8], [26, 7], [26, 6], [25, 6], [24, 6], [24, 5], [24, 4], [23, 4], [22, 4], [21, 4], [20, 4], [20, 5], [19, 5], [18, 5], [18, 4], [17, 4], [16, 4], [15, 4], [14, 4], [13, 4], [12, 4], [12, 3], [13, 3], [14, 3], [14, 4], [14, 5], [15, 5], [16, 5], [16, 4], [16, 5], [16, 6], [16, 7], [16, 8], [15, 8], [14, 8], [13, 8], [12, 8], [12, 7], [13, 7], [14, 7], [14, 8], [14, 9], [14, 10], [14, 11], [14, 12], [14, 13], [13, 13], [12, 13], [11, 13], [10, 13], [9, 13], [8, 13], [8, 12], [8, 11], [8, 10], [8, 9], [7, 9], [6, 9], [5, 9], [4, 9], [3, 9], [2, 9], [2, 8], [2, 7], [3, 7], [4, 7], [4, 6], [4, 7], [4, 8], [4, 9], [4, 10], [3, 10], [3, 9], [3, 10], [3, 11], [3, 12], [3, 13], [2, 13]]}
META {"type": "geom", "shape": "line", "group": "offpath", "data": [[5, 10, 5, 8], [5, 6, 5, 4], [5, 4, 5, 6], [5, 8, 5, 10], [19, 7, 20, 7], [7, 9, 7, 10], [7, 10, 7, 9], [8, 2, 9, 2], [6, 10, 6, 6], [6, 6, 6, 10], [4, 12, 4, 13], [4, 13, 4, 12], [25, 2, 25, 8], [25, 8, 23, 8], [27, 3, 27, 2], [27, 9, 27, 7], [27, 2, 25, 2], [27, 7, 29, 7], [27, 11, 29, 11], [27, 13, 27, 11], [27, 8, 27, 9], [17, 11, 17, 13], [17, 13, 17, 11], [16, 12, 16, 13], [16, 11, 10, 11], [16, 13, 16, 11], [10, 3, 10, 4], [10, 11, 20, 11], [10, 4, 10, 3], [20, 7, 19, 7], [20, 11, 20, 13], [20, 13, 21, 13], [28, 3, 27, 3], [28, 5, 28, 3], [9, 9, 9, 10], [9, 2, 8, 2], [9, 10, 9, 9], [23, 2, 23, 4], [23, 4, 23, 2], [23, 8, 27, 8], [3, 7, 3, 6], [3, 6, 3, 7], [29, 7, 29, 5], [29, 11, 29, 13], [29, 13, 27, 13], [29, 5, 28, 5], [22, 9, 22, 10], [22, 2, 22, 4], [22, 10, 22, 9], [22, 12, 16, 12], [22, 4, 22, 2], [15, 9, 13, 9], [21, 2, 21, 4], [21, 12, 22, 12], [21, 13, 21, 12], [21, 4, 21, 2], [13, 9, 15, 9], [13, 7, 13, 13], [13, 13, 13, 7]]}
