XXXXXXXXXXXXXXXX
XXXXXXXXXXXXXXXX
XXXX}XXX-----XXX
XXXX-------#--XX
XXXX----------XX
XXX---##--X---XX
XXX-------XXX-XX
XX--##--XXXXX-XX
XXX-----XXXXX-XX
XXX---#-XXXXX-XX
XXXX-----XXXX-XX
XXXX##-#-XXXX-XX
XX-------XXXX-XX
XX--XX---XXX--XX
XX---X-#-----XXX
XX##--------XXXX
XX--#-#--X--XXXX
XX-------XXXXXXX
XX##-----XXXXXXX
XX-------XXXXXXX
XX----XX-XXX-XXX
XX--#--X-----XXX
XX-----XXXX--XXX
XXX--#--XXX--XXX
XXX-----XXX--XXX
XXX---X-------XX
XXXX-XX--X-X--XX
XXXX--X-XX-XXXXX
XXXX-----X--XXXX
XXX-{--X--X-XXXX
XXXXXXXXXXXXXXXX
XXXXXXXXXXXXXXXX
META {"type": "solver", "id": "pysat-rc2", "objective": 0}
META {"type": "geom", "shape": "path", "group": "path", "data": [[29, 4, 29, 6], [29, 6, 28, 6], [28, 6, 28, 8], [28, 8, 28, 4], [28, 4, 22, 4], [22, 4, 22, 2], [22, 2, 22, 6], [22, 6, 24, 6], [24, 6, 24, 7], [24, 7, 24, 3], [24, 3, 25, 3], [25, 3, 19, 3], [19, 3, 19, 2], [19, 2, 19, 8], [19, 8, 21, 8], [21, 8, 21, 12], [21, 12, 20, 12], [20, 12, 26, 12], [26, 12, 26, 13], [26, 13, 25, 13], [25, 13, 25, 7], [25, 7, 23, 7], [23, 7, 23, 6], [23, 6, 21, 6], [21, 6, 21, 5], [21, 5, 15, 5], [15, 5, 15, 11], [15, 11, 14, 11], [14, 11, 14, 12], [14, 12, 13, 12], [13, 12, 13, 13], [13, 13, 3, 13], [3, 13, 3, 12], [3, 12, 2, 12], [2, 12, 2, 8], [2, 8, 6, 8], [6, 8, 6, 9], [6, 9, 6, 3], [6, 3, 5, 3], [5, 3, 5, 5], [5, 5, 3, 5], [3, 5, 3, 4], [3, 4, 3, 10], [3, 10, 4, 10], [4, 10, 4, 4], [4, 4, 2, 4]]}
META {"type": "geom", "shape": "tile", "group": "path", "data": [[29, 4], [29, 5], [29, 6], [28, 6], [28, 7], [28, 8], [28, 7], [28, 6], [28, 5], [28, 4], [27, 4], [26, 4], [25, 4], [24, 4], [23, 4], [22, 4], [22, 3], [22, 2], [22, 3], [22, 4], [22, 5], [22, 6], [23, 6], [24, 6], [24, 7], [24, 6], [24, 5], [24, 4], [24, 3], [25, 3], [24, 3], [23, 3], [22, 3], [21, 3], [20, 3], [19, 3], [19, 2], [19, 3], [19, 4], [19, 5], [19, 6], [19, 7], [19, 8], [20, 8], [21, 8], [21, 9], [21, 10], [21, 11], [21, 12], [20, 12], [21, 12], [22, 12], [23, 12], [24, 12], [25, 12], [26, 12], [26, 13], [25, 13], [25, 12], [25, 11], [25, 10], [25, 9], [25, 8], [25, 7], [24, 7], [23, 7], [23, 6], [22, 6], [21, 6], [21, 5], [20, 5], [19, 5], [18, 5], [17, 5], [16, 5], [15, 5], [15, 6], [15, 7], [15, 8], [15, 9], [15, 10], [15, 11], [14, 11], [14, 12], [13, 12], [13, 13], [12, 13], [11, 13], [10, 13], [9, 13], [8, 13], [7, 13], [6, 13], [5, 13], [4, 13], [3, 13], [3, 12], [2, 12], [2, 11], [2, 10], [2, 9], [2, 8], [3, 8], [4, 8], [5, 8], [6, 8], [6, 9], [6, 8], [6, 7], [6, 6], [6, 5], [6, 4], [6, 3], [5, 3], [5, 4], [5, 5], [4, 5], [3, 5], [3, 4], [3, 5], [3, 6], [3, 7], [3, 8], [3, 9], [3, 10], [4, 10], [4, 9], [4, 8], [4, 7], [4, 6], [4, 5], [4, 4], [3, 4], [2, 4]]}
META {"type": "geom", "shape": "line", "group": "offpath", "data": [[14, 3, 12, 3], [3, 7, 4, 7], [3, 6, 4, 6], [8, 5, 8, 3], [8, 3, 9, 3], [8, 6, 6, 6], [26, 7, 26, 8], [26, 8, 26, 7], [4, 7, 3, 7], [4, 6, 3, 6], [27, 5, 27, 4], [27, 4, 27, 5], [9, 5, 10, 5], [9, 3, 9, 5], [7, 3, 7, 2], [7, 2, 7, 3], [6, 6, 8, 6], [12, 3, 14, 3], [19, 6, 17, 6], [16, 3, 17, 3], [24, 11, 24, 12], [24, 12, 24, 11], [25, 11, 21, 11], [28, 11, 28, 10], [28, 10, 28, 11], [10, 5, 8, 5], [10, 8, 10, 4], [10, 4, 10, 8], [5, 8, 5, 9], [5, 9, 5, 8], [17, 3, 16, 3], [17, 6, 19, 6], [23, 11, 23, 12], [23, 3, 23, 4], [23, 4, 23, 3], [23, 12, 23, 11], [21, 11, 25, 11]]}
