XXXXXXXXXXXXXXXX
X0------X--XXXXX
XXX-XXX-------1X
XXXX---XXXXXXXXX
XXXX---XXXXXXXXX
XX--XX---------X
X--XXXX-X---X--X
X--XXXXX--X-X--X
XX-XXXXX----X--X
X-X-XX---------X
X-------XX-----X
X-------XX-XX--X
XXX---XXXXXXXXXX
XXX---XXXXXXXXXX
X2---------XX-3X
XXXXXXXXXXXXXXXX
META {"type": "solver", "id": "pysat-rc2", "objective": 0}
META {"type": "geom", "shape": "path", "group": "path", "data": [[1, 1, 1, 2], [1, 2, 1, 3], [1, 3, 1, 4], [1, 4, 1, 5], [1, 5, 1, 6], [1, 6, 1, 7], [1, 7, 2, 7], [2, 7, 2, 8], [2, 8, 2, 9], [2, 9, 2, 10], [2, 10, 2, 11], [2, 11, 2, 12], [2, 12, 2, 13], [2, 13, 2, 14]]}
META {"type": "geom", "shape": "tile", "group": "path", "data": [[1, 1], [1, 2], [1, 3], [1, 4], [1, 5], [1, 6], [1, 7], [2, 7], [2, 8], [2, 9], [2, 10], [2, 11], [2, 12], [2, 13], [2, 14]]}
META {"type": "geom", "shape": "line", "group": "offpath", "data": [[4, 4, 3, 4], [4, 5, 3, 5], [4, 6, 4, 5], [1, 9, 1, 10], [1, 10, 1, 9], [14, 4, 13, 4], [14, 5, 14, 4], [14, 7, 14, 8], [14, 8, 14, 7], [10, 2, 11, 2], [10, 11, 9, 11], [10, 13, 10, 14], [10, 12, 9, 12], [10, 10, 10, 11], [10, 1, 9, 1], [10, 4, 10, 5], [10, 14, 11, 14], [10, 5, 11, 5], [10, 7, 9, 7], [10, 6, 11, 6], [6, 2, 6, 1], [6, 9, 6, 10], [6, 13, 6, 14], [6, 10, 6, 9], [6, 1, 6, 2], [6, 14, 5, 14], [9, 9, 9, 8], [9, 11, 9, 10], [9, 13, 8, 13], [9, 12, 10, 12], [9, 10, 10, 10], [9, 1, 10, 1], [9, 14, 9, 13], [9, 7, 9, 6], [9, 6, 10, 6], [9, 8, 9, 9], [3, 4, 4, 4], [3, 5, 3, 6], [3, 6, 4, 6], [13, 4, 12, 4], [13, 5, 14, 5], [8, 11, 8, 10], [8, 13, 7, 13], [8, 10, 8, 11], [8, 14, 9, 14], [12, 3, 11, 3], [12, 4, 12, 3], [12, 5, 13, 5], [11, 2, 10, 2], [11, 3, 11, 4], [11, 13, 10, 13], [11, 4, 10, 4], [11, 14, 11, 13], [11, 5, 12, 5], [11, 7, 10, 7], [11, 6, 11, 7], [5, 2, 5, 3], [5, 3, 5, 2], [5, 9, 5, 8], [5, 13, 6, 13], [5, 14, 5, 13], [5, 7, 5, 6], [5, 6, 5, 7], [5, 8, 5, 9], [7, 9, 7, 8], [7, 13, 7, 14], [7, 14, 8, 14], [7, 8, 7, 9]]}
