XXXXXXXXXXXXXXXX
X0--XX-XX---1XXX
XXX----XX--XXXXX
XXX----XX--XXXXX
X-----------XXXX
X-----X-X-X----X
X-XX--X-X-X----X
X-XX--X-X-X----X
XXXXX-X------X-X
XXXXX--XXXXX--XX
XXX------------X
X--XXX--X--XX-XX
XXX---XXXXXXXXXX
XXX---XXXXXXXXXX
X2---------XX-3X
XXXXXXXXXXXXXXXX
META {"type": "solver", "id": "pysat-rc2", "objective": 0}
META {"type": "geom", "shape": "path", "group": "path", "data": [[1, 1, 1, 2], [1, 2, 1, 3], [1, 3, 2, 3], [2, 3, 3, 3], [3, 3, 3, 4], [3, 4, 3, 5], [3, 5, 4, 5], [4, 5, 5, 5], [5, 5, 5, 4], [5, 4, 6, 4], [6, 4, 7, 4], [7, 4, 7, 5], [7, 5, 8, 5], [8, 5, 9, 5], [9, 5, 9, 6], [9, 6, 10, 6], [10, 6, 10, 7], [10, 7, 10, 8], [10, 8, 10, 9], [10, 9, 11, 9], [11, 9, 11, 10], [11, 10, 10, 10], [10, 10, 10, 11], [10, 11, 10, 12], [10, 12, 9, 12], [9, 12, 8, 12], [8, 12, 7, 12], [7, 12, 7, 13], [7, 13, 7, 14], [7, 14, 6, 14], [6, 14, 5, 14], [5, 14, 5, 13], [5, 13, 5, 12], [5, 12, 5, 11], [5, 11, 4, 11], [4, 11, 4, 10], [4, 10, 3, 10], [3, 10, 2, 10], [2, 10, 1, 10], [1, 10, 1, 11], [1, 11, 1, 12]]}
META {"type": "geom", "shape": "tile", "group": "path", "data": [[1, 1], [1, 2], [1, 3], [2, 3], [3, 3], [3, 4], [3, 5], [4, 5], [5, 5], [5, 4], [6, 4], [7, 4], [7, 5], [8, 5], [9, 5], [9, 6], [10, 6], [10, 7], [10, 8], [10, 9], [11, 9], [11, 10], [10, 10], [10, 11], [10, 12], [9, 12], [8, 12], [7, 12], [7, 13], [7, 14], [6, 14], [5, 14], [5, 13], [5, 12], [5, 11], [4, 11], [4, 10], [3, 10], [2, 10], [1, 10], [1, 11], [1, 12]]}
META {"type": "geom", "shape": "line", "group": "offpath", "data": [[5, 9, 6, 9], [5, 3, 5, 2], [5, 2, 4, 2], [5, 1, 6, 1], [4, 6, 4, 7], [4, 3, 5, 3], [4, 7, 4, 6], [4, 2, 4, 3], [8, 9, 8, 10], [8, 8, 8, 7], [8, 10, 8, 9], [8, 7, 8, 8], [10, 5, 10, 4], [10, 13, 11, 13], [10, 4, 10, 5], [11, 13, 10, 13], [6, 9, 5, 9], [6, 7, 7, 7], [6, 13, 6, 12], [6, 12, 6, 13], [6, 1, 5, 1], [7, 7, 6, 7], [2, 5, 2, 6], [2, 6, 2, 5]]}
