XXXXXXXXXXXXXXXX
X0------X-----1X
XXX-XXX---XX-XXX
XXXX------XX-XXX
XXXX-XX-XXXXX--X
X---XXXXXXXXX--X
XX--XXXXXXXX---X
X-XXXXX-XX----XX
X-XXXXX--------X
X-XXXX-X---X---X
X-XXX--X-X-X--XX
X----X-X---X---X
XXX----------XXX
XXX-XX--XX-X-XXX
X2--XX--XX----3X
XXXXXXXXXXXXXXXX
META {"type": "solver", "id": "pysat-rc2-boolonly", "objective": 0}
META {"type": "geom", "shape": "path", "group": "path", "data": [[1, 1, 1, 2], [1, 2, 1, 3], [1, 3, 1, 4], [1, 4, 1, 5], [1, 5, 1, 6], [1, 6, 1, 7], [1, 7, 2, 7], [2, 7, 2, 8], [2, 8, 2, 9], [2, 9, 1, 9], [1, 9, 1, 10], [1, 10, 1, 11], [1, 11, 1, 12], [1, 12, 1, 13], [1, 13, 1, 14]]}
META {"type": "geom", "shape": "path", "group": "path", "data": [[14, 1, 14, 2], [14, 2, 14, 3], [14, 3, 13, 3], [13, 3, 12, 3], [12, 3, 12, 4], [12, 4, 12, 5], [12, 5, 12, 6], [12, 6, 12, 7], [12, 7, 12, 8], [12, 8, 12, 9], [12, 9, 12, 10], [12, 10, 12, 11], [12, 11, 12, 12], [12, 12, 13, 12], [13, 12, 14, 12], [14, 12, 14, 13], [14, 13, 14, 14]]}
META {"type": "geom", "shape": "tile", "group": "reachable", "data": [[1, 1], [1, 2], [1, 3], [2, 3], [1, 4], [1, 5], [1, 6], [1, 7], [2, 7], [3, 7], [2, 8], [3, 8], [2, 9], [4, 7], [3, 6], [1, 9], [3, 9], [3, 5], [1, 10], [3, 4], [1, 11], [4, 4], [1, 12], [2, 12], [1, 13], [3, 12]]}
