XXXXXXXXXXXXXXXX
X0---------X-XXX
XXXXX----X----1X
XXXXX----X---XXX
XXXXXX-X-X-XXXXX
XXXXXX-X---XXXXX
XXXXXX-X----XX-X
X-XX----X------X
XXXXXXXX-X-XX--X
XXXXXXXX---XX-XX
X----------XX--X
X-X-X--X---XX--X
XXXXXXX-XXX--XXX
XXXXXXX------XXX
X2------------3X
XXXXXXXXXXXXXXXX
META {"type": "solver", "id": "pysat-rc2-boolonly", "objective": 0}
META {"type": "geom", "shape": "path", "group": "path", "data": [[1, 1, 1, 2], [1, 2, 1, 3], [1, 3, 1, 4], [1, 4, 1, 5], [1, 5, 1, 6], [1, 6, 1, 7], [1, 7, 1, 8], [1, 8, 1, 9], [1, 9, 1, 10], [1, 10, 2, 10], [2, 10, 2, 11], [2, 11, 2, 12], [2, 12, 2, 13], [2, 13, 2, 14]]}
META {"type": "geom", "shape": "path", "group": "path", "data": [[14, 1, 14, 2], [14, 2, 14, 3], [14, 3, 14, 4], [14, 4, 14, 5], [14, 5, 14, 6], [14, 6, 14, 7], [14, 7, 14, 8], [14, 8, 14, 9], [14, 9, 14, 10], [14, 10, 14, 11], [14, 11, 14, 12], [14, 12, 14, 13], [14, 13, 14, 14]]}
META {"type": "geom", "shape": "tile", "group": "reachable", "data": [[1, 1], [1, 2], [1, 3], [1, 4], [1, 5], [2, 5], [1, 6], [2, 6], [1, 7], [3, 5], [2, 7], [1, 8], [3, 6], [2, 8], [1, 9], [3, 7], [4, 6], [1, 10], [3, 8], [5, 6], [2, 10], [4, 8], [6, 6], [3, 10], [2, 11], [5, 8], [7, 6], [3, 11], [2, 12], [4, 10], [6, 8], [5, 9], [7, 5], [7, 7], [1, 12], [3, 12], [2, 13], [5, 10], [6, 9], [7, 4], [6, 10], [7, 9], [7, 10], [6, 11], [7, 11], [8, 10], [7, 12], [9, 10], [7, 13], [10, 10], [9, 9], [8, 13], [7, 14], [10, 9], [9, 8], [11, 10], [6, 14], [8, 14], [9, 13], [8, 8], [10, 8], [11, 9], [10, 13], [11, 8], [10, 7], [11, 13], [10, 14], [10, 6], [11, 14], [11, 6], [10, 5], [11, 5], [10, 4], [10, 3], [11, 3], [10, 2], [10, 1], [11, 1]]}
