XXXXXXXXXXXXXXXX
XXXXX-XX-X-X--1X
X0----XX--X--XXX
XXX-------X--XXX
XXX-------X----X
XXX----XXX----XX
XXX-----------XX
XXX---X---XX---X
XXXXXX-XX-XX---X
XXXXXX-XX-XX--XX
X------XX-XX---X
X-X------X--XXXX
XXXXXX------XXXX
XXXXXX-X-XX-XXXX
X2-------XX---3X
XXXXXXXXXXXXXXXX
META {"type": "solver", "id": "pysat-rc2", "objective": 0}
META {"type": "geom", "shape": "path", "group": "path", "data": [[2, 1, 2, 2], [2, 2, 2, 3], [2, 3, 2, 4], [2, 4, 2, 5], [2, 5, 3, 5], [3, 5, 3, 6], [3, 6, 4, 6], [4, 6, 5, 6], [5, 6, 6, 6], [6, 6, 6, 7], [6, 7, 6, 8], [6, 8, 6, 9], [6, 9, 6, 10], [6, 10, 5, 10], [5, 10, 5, 11], [5, 11, 4, 11], [4, 11, 3, 11], [3, 11, 2, 11], [2, 11, 2, 12], [2, 12, 1, 12], [1, 12, 1, 13], [1, 13, 1, 14]]}
META {"type": "geom", "shape": "path", "group": "path", "data": [[14, 1, 14, 2], [14, 2, 14, 3], [14, 3, 14, 4], [14, 4, 14, 5], [14, 5, 14, 6], [14, 6, 13, 6], [13, 6, 12, 6], [12, 6, 12, 7], [12, 7, 12, 8], [12, 8, 12, 9], [12, 9, 12, 10], [12, 10, 12, 11], [12, 11, 13, 11], [13, 11, 14, 11], [14, 11, 14, 12], [14, 12, 14, 13], [14, 13, 14, 14]]}
META {"type": "geom", "shape": "tile", "group": "reachable", "data": [[2, 1], [2, 2], [2, 3], [3, 3], [2, 4], [3, 4], [2, 5], [4, 3], [1, 5], [3, 5], [4, 4], [5, 3], [4, 5], [3, 6], [5, 4], [6, 3], [4, 6], [3, 7], [5, 5], [6, 4], [7, 3], [4, 7], [3, 8], [5, 6], [6, 5], [7, 4], [2, 8], [4, 8], [3, 9], [6, 6], [7, 5], [1, 8], [2, 9], [4, 9], [6, 7], [7, 7], [6, 8], [7, 8], [6, 9], [7, 9], [6, 10], [5, 10], [6, 11], [8, 9], [5, 11], [6, 12], [9, 9], [4, 11], [5, 12], [7, 12], [6, 13], [10, 9], [3, 11], [4, 12], [5, 13], [7, 13], [8, 12], [2, 11], [3, 12], [4, 13], [8, 13], [7, 14], [9, 12], [2, 12], [4, 14], [8, 14], [9, 13], [10, 12], [1, 12], [10, 13], [1, 13], [10, 14]]}
