--------------------------------
--------------------------------
--------X-----------------------
-----------XX--X----------------
-----X--------------------------
--X-----X--XX-------------------
--------------------------------
-----Q----------Q---------------
--------X---X----------XX--Q----
--------------------------------
--------------------------------
----------X----------------X----
---------XX--Q----------X-------
--------XXX-------<>---XX-------
-{-----XXXX-------[]--XXX-----}-
XXXXXXXXXXXXXX--XXXXXXXXXXXXXXXX
META {"type": "solver", "id": "pysat-rc2", "objective": 0}
META {"type": "geom", "shape": "path", "group": "path", "data": [[14, 1, 10, 1], [10, 1, 11, 1], [11, 1, 12, 2], [12, 2, 13, 2], [13, 2, 14, 2], [14, 2, 10, 3], [10, 3, 11, 2], [11, 2, 12, 3], [12, 3, 13, 4], [13, 4, 14, 4], [14, 4, 12, 6], [12, 6, 13, 5], [13, 5, 14, 5], [14, 5, 12, 7], [12, 7, 13, 7], [13, 7, 9, 4], [9, 4, 10, 5], [10, 5, 11, 4], [11, 4, 12, 5], [12, 5, 13, 6], [13, 6, 14, 6], [14, 6, 11, 9], [11, 9, 7, 8], [7, 8, 5, 6], [5, 6, 6, 5], [6, 5, 3, 8], [3, 8, 4, 8], [4, 8, 2, 10], [2, 10, 3, 9], [3, 9, 4, 10], [4, 10, 5, 10], [5, 10, 6, 9], [6, 9, 7, 10], [7, 10, 8, 10], [8, 10, 9, 11], [9, 11, 10, 10], [10, 10, 6, 11], [6, 11, 7, 11], [7, 11, 8, 11], [8, 11, 9, 12], [9, 12, 10, 12], [10, 12, 11, 13], [11, 13, 7, 13], [7, 13, 8, 13], [8, 13, 9, 14], [9, 14, 10, 15], [10, 15, 11, 14], [11, 14, 12, 14], [12, 14, 13, 15], [13, 15, 14, 16], [14, 16, 10, 20], [10, 20, 11, 20], [11, 20, 12, 21], [12, 21, 13, 20], [13, 20, 14, 21], [14, 21, 10, 25], [10, 25, 11, 26], [11, 26, 12, 26], [12, 26, 13, 27], [13, 27, 14, 26], [14, 26, 13, 26], [13, 26, 14, 27], [14, 27, 12, 28], [12, 28, 13, 28], [13, 28, 14, 28], [14, 28, 11, 31], [11, 31, 12, 31], [12, 31, 13, 31], [13, 31, 14, 31], [14, 31, 13, 30], [13, 30, 14, 29], [14, 29, 10, 29], [10, 29, 11, 28], [11, 28, 12, 29], [12, 29, 13, 29], [13, 29, 14, 30]]}
META {"type": "geom", "shape": "tile", "group": "path", "data": [[14, 1], [13, 1], [12, 1], [11, 1], [10, 1], [11, 1], [12, 1], [12, 2], [13, 2], [14, 2], [13, 2], [12, 2], [11, 2], [10, 2], [10, 3], [11, 3], [11, 2], [12, 2], [12, 3], [13, 3], [13, 4], [14, 4], [13, 4], [13, 5], [12, 5], [12, 6], [13, 6], [13, 5], [14, 5], [13, 5], [13, 6], [12, 6], [12, 7], [13, 7], [12, 7], [12, 6], [11, 6], [11, 5], [10, 5], [10, 4], [9, 4], [10, 4], [10, 5], [11, 5], [11, 4], [12, 4], [12, 5], [13, 5], [13, 6], [14, 6], [13, 6], [13, 7], [12, 7], [12, 8], [11, 8], [11, 9], [10, 9], [9, 9], [8, 9], [7, 9], [7, 8], [6, 8], [6, 7], [5, 7], [5, 6], [6, 6], [6, 5], [5, 5], [5, 6], [4, 6], [4, 7], [3, 7], [3, 8], [4, 8], [3, 8], [3, 9], [2, 9], [2, 10], [3, 10], [3, 9], [4, 9], [4, 10], [5, 10], [6, 10], [6, 9], [7, 9], [7, 10], [8, 10], [9, 10], [9, 11], [10, 11], [10, 10], [9, 10], [8, 10], [7, 10], [6, 10], [6, 11], [7, 11], [8, 11], [9, 11], [9, 12], [10, 12], [11, 12], [11, 13], [10, 13], [9, 13], [8, 13], [7, 13], [8, 13], [9, 13], [9, 14], [10, 14], [10, 15], [11, 15], [11, 14], [12, 14], [13, 14], [13, 15], [14, 15], [14, 16], [13, 16], [13, 17], [12, 17], [12, 18], [11, 18], [11, 19], [10, 19], [10, 20], [11, 20], [12, 20], [12, 21], [13, 21], [13, 20], [14, 20], [14, 21], [13, 21], [13, 22], [12, 22], [12, 23], [11, 23], [11, 24], [10, 24], [10, 25], [11, 25], [11, 26], [12, 26], [13, 26], [13, 27], [14, 27], [14, 26], [13, 26], [14, 26], [14, 27], [13, 27], [13, 28], [12, 28], [13, 28], [14, 28], [13, 28], [13, 29], [12, 29], [12, 30], [11, 30], [11, 31], [12, 31], [13, 31], [14, 31], [13, 31], [13, 30], [14, 30], [14, 29], [13, 29], [12, 29], [11, 29], [10, 29], [11, 29], [11, 28], [12, 28], [12, 29], [13, 29], [14, 29], [14, 30]]}
META {"type": "geom", "shape": "line", "group": "offpath", "data": [[3, 14, 4, 13], [3, 1, 4, 2], [3, 5, 2, 5], [3, 21, 4, 20], [11, 25, 12, 25], [11, 15, 12, 15], [11, 12, 12, 12], [11, 23, 12, 23], [11, 0, 12, 1], [11, 18, 12, 18], [11, 3, 12, 4], [11, 19, 12, 20], [11, 16, 12, 16], [11, 21, 12, 22], [1, 12, 2, 13], [1, 16, 2, 15], [1, 8, 0, 8], [8, 26, 9, 25], [8, 19, 9, 18], [8, 16, 9, 15], [6, 12, 7, 12], [6, 23, 7, 23], [6, 18, 7, 17], [6, 28, 7, 27], [6, 16, 2, 12], [2, 13, 3, 14], [2, 15, 0, 17], [2, 12, 0, 12], [2, 5, 3, 5], [14, 25, 10, 24], [14, 13, 11, 15], [14, 12, 11, 12], [14, 0, 11, 0], [14, 3, 10, 2], [14, 20, 10, 21], [14, 17, 10, 17], [0, 12, 1, 12], [0, 8, 1, 8], [0, 17, 1, 16], [12, 25, 13, 25], [12, 22, 13, 22], [12, 15, 13, 14], [12, 12, 13, 12], [12, 23, 8, 26], [12, 18, 8, 19], [12, 16, 13, 17], [12, 4, 13, 3], [12, 1, 13, 0], [12, 20, 13, 21], [7, 12, 4, 15], [7, 23, 5, 23], [7, 24, 3, 21], [7, 27, 5, 28], [7, 17, 8, 16], [9, 25, 10, 26], [9, 26, 10, 27], [9, 15, 10, 16], [9, 18, 10, 18], [5, 13, 6, 12], [5, 23, 6, 23], [5, 19, 6, 18], [5, 28, 6, 28], [5, 16, 6, 16], [4, 13, 5, 13], [4, 15, 5, 16], [4, 2, 3, 1], [4, 20, 5, 19], [10, 26, 11, 25], [10, 18, 11, 19], [10, 2, 11, 3], [10, 24, 11, 23], [10, 16, 11, 16], [10, 27, 7, 24], [10, 21, 11, 21], [10, 17, 11, 18], [13, 25, 14, 25], [13, 14, 14, 13], [13, 22, 9, 26], [13, 12, 14, 12], [13, 0, 14, 0], [13, 3, 14, 3], [13, 21, 14, 20], [13, 17, 14, 17]]}
