--------------------------------
--------------------------------
---------XXX--------------------
------Q---------------------X---
--------------------------------
---------X----------------------
-----------------------------Q--
--------------------------------
---------X---X----XXX-----------
------X-------------------------
--------------------------------
------------------------XX------
------------------Q----XXX------
------XX----<>--------XXXX------
-{---XXX----[]-------XXXXX----}-
XXXXXXXX--XXXXXXXXXXXXXXXXXXXXXX
META {"type": "solver", "id": "pysat-rc2", "objective": 0}
META {"type": "geom", "shape": "path", "group": "path", "data": [[14, 1, 10, 0], [10, 0, 11, 0], [11, 0, 12, 0], [12, 0, 13, 0], [13, 0, 14, 0], [14, 0, 10, 1], [10, 1, 11, 1], [11, 1, 12, 2], [12, 2, 13, 1], [13, 1, 14, 2], [14, 2, 12, 4], [12, 4, 13, 4], [13, 4, 14, 3], [14, 3, 10, 7], [10, 7, 11, 8], [11, 8, 12, 7], [12, 7, 8, 6], [8, 6, 4, 7], [4, 7, 5, 8], [5, 8, 6, 9], [6, 9, 7, 9], [7, 9, 3, 13], [3, 13, 4, 14], [4, 14, 5, 15], [5, 15, 6, 14], [6, 14, 7, 13], [7, 13, 3, 9], [3, 9, 4, 9], [4, 9, 0, 5], [0, 5, 1, 5], [1, 5, 2, 6], [2, 6, 0, 4], [0, 4, 1, 3], [1, 3, 2, 3], [2, 3, 3, 4], [3, 4, 4, 3], [4, 3, 5, 2], [5, 2, 6, 3], [6, 3, 7, 4], [7, 4, 8, 5], [8, 5, 9, 5], [9, 5, 10, 4], [10, 4, 11, 4], [11, 4, 12, 5], [12, 5, 13, 5], [13, 5, 10, 8], [10, 8, 11, 9], [11, 9, 12, 9], [12, 9, 13, 9], [13, 9, 14, 10], [14, 10, 10, 14], [10, 14, 11, 14], [11, 14, 12, 13], [12, 13, 10, 15], [10, 15, 11, 16], [11, 16, 12, 15], [12, 15, 13, 14], [13, 14, 14, 15], [14, 15, 10, 19], [10, 19, 11, 19], [11, 19, 12, 19], [12, 19, 13, 20], [13, 20, 14, 20], [14, 20, 11, 23], [11, 23, 7, 27], [7, 27, 8, 28], [8, 28, 9, 29], [9, 29, 10, 30], [10, 30, 11, 30], [11, 30, 12, 29], [12, 29, 13, 30], [13, 30, 14, 29], [14, 29, 10, 25], [10, 25, 6, 25], [6, 25, 7, 26], [7, 26, 8, 26], [8, 26, 9, 27], [9, 27, 10, 28], [10, 28, 11, 28], [11, 28, 12, 28], [12, 28, 13, 29], [13, 29, 14, 30]]}
META {"type": "geom", "shape": "tile", "group": "path", "data": [[14, 1], [13, 1], [12, 1], [11, 1], [10, 1], [10, 0], [11, 0], [12, 0], [13, 0], [14, 0], [13, 0], [12, 0], [11, 0], [10, 0], [10, 1], [11, 1], [12, 1], [12, 2], [13, 2], [13, 1], [14, 1], [14, 2], [13, 2], [13, 3], [12, 3], [12, 4], [13, 4], [14, 4], [14, 3], [13, 3], [13, 4], [12, 4], [12, 5], [11, 5], [11, 6], [10, 6], [10, 7], [11, 7], [11, 8], [12, 8], [12, 7], [11, 7], [10, 7], [9, 7], [8, 7], [8, 6], [7, 6], [6, 6], [5, 6], [4, 6], [4, 7], [5, 7], [5, 8], [6, 8], [6, 9], [7, 9], [6, 9], [6, 10], [5, 10], [5, 11], [4, 11], [4, 12], [3, 12], [3, 13], [4, 13], [4, 14], [5, 14], [5, 15], [6, 15], [6, 14], [7, 14], [7, 13], [6, 13], [6, 12], [5, 12], [5, 11], [4, 11], [4, 10], [3, 10], [3, 9], [4, 9], [3, 9], [3, 8], [2, 8], [2, 7], [1, 7], [1, 6], [0, 6], [0, 5], [1, 5], [2, 5], [2, 6], [1, 6], [1, 5], [0, 5], [0, 4], [1, 4], [1, 3], [2, 3], [3, 3], [3, 4], [4, 4], [4, 3], [5, 3], [5, 2], [6, 2], [6, 3], [7, 3], [7, 4], [8, 4], [8, 5], [9, 5], [10, 5], [10, 4], [11, 4], [12, 4], [12, 5], [13, 5], [12, 5], [12, 6], [11, 6], [11, 7], [10, 7], [10, 8], [11, 8], [11, 9], [12, 9], [13, 9], [14, 9], [14, 10], [13, 10], [13, 11], [12, 11], [12, 12], [11, 12], [11, 13], [10, 13], [10, 14], [11, 14], [12, 14], [12, 13], [11, 13], [11, 14], [10, 14], [10, 15], [11, 15], [11, 16], [12, 16], [12, 15], [13, 15], [13, 14], [14, 14], [14, 15], [13, 15], [13, 16], [12, 16], [12, 17], [11, 17], [11, 18], [10, 18], [10, 19], [11, 19], [12, 19], [13, 19], [13, 20], [14, 20], [13, 20], [13, 21], [12, 21], [12, 22], [11, 22], [11, 23], [10, 23], [10, 24], [9, 24], [9, 25], [8, 25], [8, 26], [7, 26], [7, 27], [8, 27], [8, 28], [9, 28], [9, 29], [10, 29], [10, 30], [11, 30], [12, 30], [12, 29], [13, 29], [13, 30], [14, 30], [14, 29], [13, 29], [13, 28], [12, 28], [12, 27], [11, 27], [11, 26], [10, 26], [10, 25], [9, 25], [8, 25], [7, 25], [6, 25], [7, 25], [7, 26], [8, 26], [9, 26], [9, 27], [10, 27], [10, 28], [11, 28], [12, 28], [13, 28], [13, 29], [14, 29], [14, 30]]}
META {"type": "geom", "shape": "line", "group": "offpath", "data": [[7, 20, 3, 23], [7, 18, 3, 17], [7, 19, 5, 21], [0, 12, 1, 11], [0, 29, 1, 30], [6, 20, 7, 19], [6, 21, 7, 20], [6, 18, 7, 18], [4, 17, 5, 17], [4, 23, 5, 22], [4, 30, 5, 29], [1, 11, 0, 12], [1, 30, 2, 30], [1, 29, 2, 28], [3, 17, 4, 17], [3, 23, 4, 23], [3, 30, 4, 30], [13, 17, 14, 18], [13, 21, 12, 21], [13, 28, 14, 28], [13, 15, 14, 14], [13, 27, 14, 27], [13, 18, 14, 17], [13, 10, 14, 11], [13, 19, 14, 19], [12, 22, 9, 22], [12, 20, 13, 19], [12, 21, 13, 21], [12, 12, 11, 11], [12, 16, 13, 17], [12, 14, 13, 15], [12, 10, 13, 10], [5, 17, 6, 18], [5, 22, 6, 21], [5, 21, 6, 20], [5, 29, 1, 29], [11, 13, 12, 14], [11, 22, 12, 22], [11, 20, 12, 20], [11, 12, 12, 12], [11, 15, 12, 16], [11, 11, 12, 10], [11, 18, 9, 16], [9, 22, 10, 21], [9, 16, 10, 16], [2, 28, 0, 29], [2, 30, 3, 30], [10, 17, 11, 18], [10, 22, 11, 22], [10, 21, 11, 20], [10, 12, 11, 13], [10, 11, 11, 12], [10, 16, 11, 15], [14, 17, 14, 16], [14, 28, 13, 28], [14, 11, 10, 11], [14, 27, 13, 27], [14, 16, 10, 12], [14, 18, 13, 18], [14, 14, 10, 17], [14, 19, 10, 22]]}
