--------------------------------
--------------------------------
--------------------------------
-------Q-----X------------------
--------------------------------
--------------------------------
-------X------------------------
------------Q--Q--Q-------XXX---
-----------------------Q--------
-----X--------------------------
--------------------------------
------------XX------------------
----X------XXX----XX-----<>-----
----XX----XXXX---XXX-----[]-----
-{--XXX--XXXXX--XXXX-----[]---}-
XXXXXXXXXXXXXXXXXXXXXXXXXXXXXXXX
META {"type": "solver", "id": "pysat-rc2", "objective": 0}
META {"type": "geom", "shape": "path", "group": "path", "data": [[14, 1, 11, 4], [11, 4, 7, 5], [7, 5, 8, 5], [8, 5, 5, 3], [5, 3, 6, 3], [6, 3, 7, 3], [7, 3, 8, 4], [8, 4, 9, 4], [9, 4, 10, 4], [10, 4, 11, 5], [11, 5, 12, 5], [12, 5, 8, 9], [8, 9, 9, 8], [9, 8, 10, 7], [10, 7, 11, 6], [11, 6, 12, 6], [12, 6, 13, 7], [13, 7, 14, 7], [14, 7, 14, 8], [14, 8, 10, 9], [10, 9, 11, 9], [11, 9, 12, 10], [12, 10, 8, 14], [8, 14, 9, 14], [9, 14, 10, 14], [10, 14, 11, 14], [11, 14, 12, 15], [12, 15, 13, 14], [13, 14, 14, 15], [14, 15, 11, 18], [11, 18, 9, 16], [9, 16, 10, 16], [10, 16, 11, 17], [11, 17, 12, 17], [12, 17, 8, 16], [8, 16, 9, 15], [9, 15, 10, 15], [10, 15, 11, 15], [11, 15, 12, 16], [12, 16, 13, 16], [13, 16, 10, 19], [10, 19, 11, 19], [11, 19, 7, 23], [7, 23, 3, 27], [3, 27, 4, 26], [4, 26, 5, 27], [5, 27, 6, 28], [6, 28, 4, 29], [4, 29, 5, 29], [5, 29, 6, 29], [6, 29, 7, 30], [7, 30, 8, 29], [8, 29, 9, 29], [9, 29, 10, 28], [10, 28, 11, 28], [11, 28, 12, 28], [12, 28, 13, 29], [13, 29, 14, 28], [14, 28, 10, 29], [10, 29, 11, 30], [11, 30, 12, 30], [12, 30, 13, 31], [13, 31, 14, 31], [14, 31, 10, 27], [10, 27, 11, 27], [11, 27, 12, 27], [12, 27, 13, 27], [13, 27, 14, 27], [14, 27, 13, 28], [13, 28, 14, 29], [14, 29, 10, 30], [10, 30, 11, 31], [11, 31, 12, 31], [12, 31, 13, 30], [13, 30, 14, 30]]}
META {"type": "geom", "shape": "tile", "group": "path", "data": [[14, 1], [13, 1], [13, 2], [12, 2], [12, 3], [11, 3], [11, 4], [10, 4], [9, 4], [8, 4], [7, 4], [7, 5], [8, 5], [7, 5], [7, 4], [6, 4], [6, 3], [5, 3], [6, 3], [7, 3], [8, 3], [8, 4], [9, 4], [10, 4], [11, 4], [11, 5], [12, 5], [11, 5], [11, 6], [10, 6], [10, 7], [9, 7], [9, 8], [8, 8], [8, 9], [9, 9], [9, 8], [10, 8], [10, 7], [11, 7], [11, 6], [12, 6], [13, 6], [13, 7], [14, 7], [14, 8], [13, 8], [12, 8], [11, 8], [10, 8], [10, 9], [11, 9], [12, 9], [12, 10], [11, 10], [11, 11], [10, 11], [10, 12], [9, 12], [9, 13], [8, 13], [8, 14], [9, 14], [10, 14], [11, 14], [12, 14], [12, 15], [13, 15], [13, 14], [14, 14], [14, 15], [13, 15], [13, 16], [12, 16], [12, 17], [11, 17], [11, 18], [10, 18], [10, 17], [9, 17], [9, 16], [10, 16], [11, 16], [11, 17], [12, 17], [11, 17], [10, 17], [9, 17], [8, 17], [8, 16], [9, 16], [9, 15], [10, 15], [11, 15], [12, 15], [12, 16], [13, 16], [12, 16], [12, 17], [11, 17], [11, 18], [10, 18], [10, 19], [11, 19], [10, 19], [10, 20], [9, 20], [9, 21], [8, 21], [8, 22], [7, 22], [7, 23], [6, 23], [6, 24], [5, 24], [5, 25], [4, 25], [4, 26], [3, 26], [3, 27], [4, 27], [4, 26], [5, 26], [5, 27], [6, 27], [6, 28], [5, 28], [5, 29], [4, 29], [5, 29], [6, 29], [7, 29], [7, 30], [8, 30], [8, 29], [9, 29], [10, 29], [10, 28], [11, 28], [12, 28], [13, 28], [13, 29], [14, 29], [14, 28], [13, 28], [12, 28], [11, 28], [10, 28], [10, 29], [11, 29], [11, 30], [12, 30], [13, 30], [13, 31], [14, 31], [13, 31], [13, 30], [12, 30], [12, 29], [11, 29], [11, 28], [10, 28], [10, 27], [11, 27], [12, 27], [13, 27], [14, 27], [13, 27], [13, 28], [14, 28], [14, 29], [13, 29], [12, 29], [11, 29], [10, 29], [10, 30], [11, 30], [11, 31], [12, 31], [13, 31], [13, 30], [14, 30]]}
META {"type": "geom", "shape": "line", "group": "offpath", "data": [[6, 18, 2, 21], [6, 12, 3, 14], [6, 27, 2, 24], [6, 26, 2, 22], [6, 15, 2, 19], [14, 2, 10, 1], [14, 3, 10, 0], [14, 22, 10, 26], [5, 18, 6, 18], [5, 7, 2, 4], [5, 25, 6, 26], [5, 13, 6, 12], [5, 26, 6, 27], [5, 16, 6, 15], [9, 10, 10, 10], [2, 19, 3, 18], [2, 21, 3, 20], [2, 24, 3, 25], [2, 7, 1, 6], [2, 13, 0, 14], [2, 22, 3, 23], [2, 4, 3, 5], [0, 14, 1, 14], [10, 10, 11, 11], [10, 0, 11, 1], [10, 1, 11, 2], [10, 26, 11, 25], [1, 14, 2, 13], [1, 6, 2, 7], [11, 2, 12, 3], [11, 24, 12, 23], [11, 11, 9, 10], [11, 25, 11, 24], [11, 1, 12, 1], [12, 3, 13, 3], [12, 23, 13, 22], [12, 1, 13, 2], [13, 2, 14, 3], [13, 3, 14, 2], [13, 22, 14, 22], [3, 18, 4, 17], [3, 20, 4, 19], [3, 5, 4, 6], [3, 23, 4, 24], [3, 25, 4, 25], [3, 14, 4, 14], [4, 19, 5, 18], [4, 24, 5, 25], [4, 25, 5, 26], [4, 14, 5, 13], [4, 17, 5, 16], [4, 6, 5, 7]]}
