--------------------------------
--------------------------------
-----------X--------------------
--------------------------------
-------Q------------------------
-----------Q--------------------
--------------X--XX--XXXXX--X---
--------------------------------
--------XXXX--------------------
---------------------X----------
--------------------------------
----Q---------------------------
---------X----X-----X--Q--------
---------XX---XX----------<>----
-{-------XXX--XXX---------[]--}-
XXXXXXXXXXXXXXXXXXXXXX--XXXXXXXX
META {"type": "solver", "id": "pysat-rc2-boolonly", "objective": 0}
META {"type": "geom", "shape": "path", "group": "path", "data": [[14, 1, 14, 0], [14, 0, 10, 4], [10, 4, 6, 7], [6, 7, 7, 8], [7, 8, 5, 9], [5, 9, 6, 9], [6, 9, 7, 10], [7, 10, 6, 10], [6, 10, 7, 11], [7, 11, 4, 13], [4, 13, 5, 14], [5, 14, 1, 17], [1, 17, 2, 18], [2, 18, 3, 17], [3, 17, 4, 17], [4, 17, 5, 16], [5, 16, 6, 16], [6, 16, 7, 17], [7, 17, 8, 18], [8, 18, 9, 18], [9, 18, 10, 17], [10, 17, 11, 17], [11, 17, 12, 16], [12, 16, 13, 16], [13, 16, 11, 18], [11, 18, 12, 19], [12, 19, 13, 20], [13, 20, 14, 21], [14, 21, 12, 22], [12, 22, 13, 23], [13, 23, 14, 24], [14, 24, 11, 26], [11, 26, 12, 26], [12, 26, 11, 27], [11, 27, 12, 28], [12, 28, 13, 29], [13, 29, 14, 30]]}
META {"type": "geom", "shape": "tile", "group": "path", "data": [[14, 1], [14, 0], [13, 0], [13, 1], [12, 1], [12, 2], [11, 2], [11, 3], [10, 3], [10, 4], [9, 4], [9, 5], [8, 5], [8, 6], [7, 6], [7, 7], [6, 7], [7, 7], [7, 8], [6, 8], [6, 9], [5, 9], [6, 9], [7, 9], [7, 10], [6, 10], [7, 10], [7, 11], [6, 11], [6, 12], [5, 12], [5, 13], [4, 13], [5, 13], [5, 14], [4, 14], [4, 15], [3, 15], [3, 16], [2, 16], [2, 17], [1, 17], [2, 17], [2, 18], [3, 18], [3, 17], [4, 17], [5, 17], [5, 16], [6, 16], [7, 16], [7, 17], [8, 17], [8, 18], [9, 18], [10, 18], [10, 17], [11, 17], [12, 17], [12, 16], [13, 16], [12, 16], [12, 17], [11, 17], [11, 18], [12, 18], [12, 19], [13, 19], [13, 20], [14, 20], [14, 21], [13, 21], [13, 22], [12, 22], [13, 22], [13, 23], [14, 23], [14, 24], [13, 24], [13, 25], [12, 25], [12, 26], [11, 26], [12, 26], [11, 26], [11, 27], [12, 27], [12, 28], [13, 28], [13, 29], [14, 29], [14, 30]]}
META {"type": "geom", "shape": "line", "group": "offpath", "data": [[6, 8, 7, 9], [7, 9, 6, 8], [7, 5, 8, 6], [4, 25, 5, 24], [13, 6, 14, 5], [13, 5, 14, 4], [5, 24, 3, 26], [5, 23, 5, 22], [5, 22, 5, 23], [8, 6, 9, 6], [12, 6, 13, 6], [9, 6, 10, 7], [11, 9, 7, 5], [11, 7, 12, 6], [14, 18, 14, 19], [14, 19, 14, 18], [14, 4, 13, 5], [14, 6, 11, 9], [14, 5, 14, 6], [10, 7, 11, 7], [3, 26, 4, 25]]}
