--------------------------------
--------------------------------
-------------------------XXXXX--
--------------------------------
--Q-----------------------------
------X-----------X----------X--
------------X-------------------
--X-----------------------------
-----------------X--XX---Q------
-------Q------------------------
----X---------------------------
-----------<>--------X----X-----
-------XX--[]------------XX-----
------XXX--[]-----------XXX-----
-{---XXXX--[]----------XXXX---}-
XXXXXXXXXXXXXXXXX--XXXXXXXXXXXXX
META {"type": "solver", "id": "pysat-rc2", "objective": 0}
META {"type": "geom", "shape": "path", "group": "path", "data": [[14, 1, 12, 3], [12, 3, 13, 3], [13, 3, 14, 3], [14, 3, 14, 4], [14, 4, 13, 5], [13, 5, 9, 1], [9, 1, 10, 0], [10, 0, 11, 0], [11, 0, 12, 0], [12, 0, 13, 1], [13, 1, 14, 2], [14, 2, 10, 6], [10, 6, 11, 7], [11, 7, 7, 4], [7, 4, 8, 3], [8, 3, 9, 4], [9, 4, 5, 3], [5, 3, 6, 2], [6, 2, 3, 4], [3, 4, 4, 5], [4, 5, 5, 5], [5, 5, 6, 6], [6, 6, 7, 7], [7, 7, 8, 7], [8, 7, 4, 6], [4, 6, 0, 10], [0, 10, 1, 10], [1, 10, 2, 11], [2, 11, 3, 11], [3, 11, 4, 12], [4, 12, 5, 11], [5, 11, 6, 10], [6, 10, 7, 11], [7, 11, 8, 12], [8, 12, 9, 12], [9, 12, 10, 13], [10, 13, 11, 14], [11, 14, 12, 15], [12, 15, 13, 15], [13, 15, 14, 14], [14, 14, 12, 16], [12, 16, 13, 17], [13, 17, 14, 16], [14, 16, 10, 20], [10, 20, 11, 19], [11, 19, 12, 20], [12, 20, 13, 21], [13, 21, 14, 21], [14, 21, 13, 22], [13, 22, 14, 22], [14, 22, 11, 25], [11, 25, 7, 21], [7, 21, 3, 22], [3, 22, 4, 21], [4, 21, 5, 21], [5, 21, 6, 20], [6, 20, 7, 20], [7, 20, 3, 24], [3, 24, 4, 23], [4, 23, 5, 22], [5, 22, 6, 23], [6, 23, 7, 22], [7, 22, 8, 22], [8, 22, 9, 21], [9, 21, 10, 22], [10, 22, 11, 22], [11, 22, 12, 21], [12, 21, 13, 20], [13, 20, 14, 19], [14, 19, 14, 20], [14, 20, 10, 24], [10, 24, 11, 23], [11, 23, 12, 23], [12, 23, 13, 23], [13, 23, 9, 22], [9, 22, 10, 21], [10, 21, 6, 24], [6, 24, 7, 25], [7, 25, 3, 25], [3, 25, 4, 25], [4, 25, 5, 25], [5, 25, 6, 25], [6, 25, 7, 26], [7, 26, 8, 27], [8, 27, 9, 26], [9, 26, 10, 26], [10, 26, 6, 27], [6, 27, 7, 28], [7, 28, 8, 29], [8, 29, 9, 30], [9, 30, 10, 31], [10, 31, 11, 30], [11, 30, 12, 31], [12, 31, 13, 30], [13, 30, 14, 29], [14, 29, 12, 28], [12, 28, 13, 29], [13, 29, 14, 30]]}
META {"type": "geom", "shape": "tile", "group": "path", "data": [[14, 1], [13, 1], [13, 2], [12, 2], [12, 3], [13, 3], [14, 3], [14, 4], [13, 4], [13, 5], [12, 5], [12, 4], [11, 4], [11, 3], [10, 3], [10, 2], [9, 2], [9, 1], [10, 1], [10, 0], [11, 0], [12, 0], [13, 0], [13, 1], [14, 1], [14, 2], [13, 2], [13, 3], [12, 3], [12, 4], [11, 4], [11, 5], [10, 5], [10, 6], [11, 6], [11, 7], [10, 7], [10, 6], [9, 6], [9, 5], [8, 5], [8, 4], [7, 4], [8, 4], [8, 3], [9, 3], [9, 4], [8, 4], [7, 4], [6, 4], [5, 4], [5, 3], [6, 3], [6, 2], [5, 2], [5, 3], [4, 3], [4, 4], [3, 4], [4, 4], [4, 5], [5, 5], [6, 5], [6, 6], [7, 6], [7, 7], [8, 7], [7, 7], [6, 7], [5, 7], [4, 7], [4, 6], [3, 6], [3, 7], [2, 7], [2, 8], [1, 8], [1, 9], [0, 9], [0, 10], [1, 10], [2, 10], [2, 11], [3, 11], [4, 11], [4, 12], [5, 12], [5, 11], [6, 11], [6, 10], [7, 10], [7, 11], [8, 11], [8, 12], [9, 12], [10, 12], [10, 13], [11, 13], [11, 14], [12, 14], [12, 15], [13, 15], [14, 15], [14, 14], [13, 14], [13, 15], [12, 15], [12, 16], [13, 16], [13, 17], [14, 17], [14, 16], [13, 16], [13, 17], [12, 17], [12, 18], [11, 18], [11, 19], [10, 19], [10, 20], [11, 20], [11, 19], [12, 19], [12, 20], [13, 20], [13, 21], [14, 21], [13, 21], [13, 22], [14, 22], [13, 22], [13, 23], [12, 23], [12, 24], [11, 24], [11, 25], [10, 25], [10, 24], [9, 24], [9, 23], [8, 23], [8, 22], [7, 22], [7, 21], [6, 21], [5, 21], [4, 21], [3, 21], [3, 22], [4, 22], [4, 21], [5, 21], [6, 21], [6, 20], [7, 20], [6, 20], [6, 21], [5, 21], [5, 22], [4, 22], [4, 23], [3, 23], [3, 24], [4, 24], [4, 23], [5, 23], [5, 22], [6, 22], [6, 23], [7, 23], [7, 22], [8, 22], [9, 22], [9, 21], [10, 21], [10, 22], [11, 22], [12, 22], [12, 21], [13, 21], [13, 20], [14, 20], [14, 19], [14, 20], [13, 20], [13, 21], [12, 21], [12, 22], [11, 22], [11, 23], [10, 23], [10, 24], [11, 24], [11, 23], [12, 23], [13, 23], [12, 23], [11, 23], [10, 23], [9, 23], [9, 22], [10, 22], [10, 21], [9, 21], [9, 22], [8, 22], [8, 23], [7, 23], [7, 24], [6, 24], [7, 24], [7, 25], [6, 25], [5, 25], [4, 25], [3, 25], [4, 25], [5, 25], [6, 25], [7, 25], [7, 26], [8, 26], [8, 27], [9, 27], [9, 26], [10, 26], [9, 26], [8, 26], [7, 26], [6, 26], [6, 27], [7, 27], [7, 28], [8, 28], [8, 29], [9, 29], [9, 30], [10, 30], [10, 31], [11, 31], [11, 30], [12, 30], [12, 31], [13, 31], [13, 30], [14, 30], [14, 29], [13, 29], [13, 28], [12, 28], [13, 28], [13, 29], [14, 29], [14, 30]]}
META {"type": "geom", "shape": "line", "group": "offpath", "data": [[2, 3, 3, 2], [2, 16, 3, 17], [2, 15, 3, 15], [2, 30, 3, 29], [4, 14, 5, 15], [4, 13, 5, 12], [4, 29, 2, 30], [4, 18, 0, 14], [12, 29, 13, 28], [12, 10, 13, 9], [12, 30, 13, 31], [12, 6, 8, 6], [13, 9, 14, 10], [13, 28, 14, 28], [13, 31, 14, 31], [13, 27, 14, 27], [14, 28, 13, 27], [14, 10, 11, 10], [14, 31, 12, 29], [14, 27, 10, 30], [0, 14, 1, 15], [0, 26, 1, 27], [0, 30, 1, 29], [11, 8, 8, 8], [11, 10, 12, 10], [11, 31, 12, 30], [11, 6, 12, 6], [6, 16, 7, 17], [7, 17, 3, 14], [1, 25, 0, 26], [1, 26, 1, 25], [1, 29, 0, 30], [1, 16, 2, 16], [1, 15, 2, 15], [1, 27, 1, 26], [3, 14, 4, 13], [3, 17, 4, 18], [3, 2, 2, 3], [3, 29, 4, 29], [3, 15, 4, 14], [5, 15, 6, 16], [5, 12, 1, 16], [10, 8, 11, 8], [10, 7, 11, 6], [10, 30, 11, 31], [8, 8, 9, 8], [8, 6, 9, 6], [9, 8, 10, 8], [9, 6, 10, 7]]}
