XXXXXXXXXXXXXXXX
XXX0--X--X---XXX
XXXXXX----XXX-1X
XXXXXX-X-----XXX
XXX----X-XXX-XXX
X----X-X-XXX---X
XXXX-X--------XX
XXXX-X-----XXX-X
X----X-X-XX---XX
XX-X---X-XX----X
X------X------XX
X--XXX---XX--XXX
XXX---X--XX--XXX
XXX------XX--XXX
X2------------3X
XXXXXXXXXXXXXXXX
META {"type": "solver", "id": "pysat-rc2", "objective": 0}
META {"type": "geom", "shape": "path", "group": "path", "data": [[14, 1, 14, 2], [14, 2, 14, 3], [14, 3, 14, 4], [14, 4, 14, 5], [14, 5, 14, 6], [14, 6, 14, 7], [14, 7, 14, 8], [14, 8, 14, 9], [14, 9, 14, 10], [14, 10, 14, 11], [14, 11, 13, 11], [13, 11, 12, 11], [12, 11, 12, 12], [12, 12, 13, 12], [13, 12, 14, 12], [14, 12, 14, 13], [14, 13, 14, 14]]}
META {"type": "geom", "shape": "tile", "group": "path", "data": [[14, 1], [14, 2], [14, 3], [14, 4], [14, 5], [14, 6], [14, 7], [14, 8], [14, 9], [14, 10], [14, 11], [13, 11], [12, 11], [12, 12], [13, 12], [14, 12], [14, 13], [14, 14]]}
META {"type": "geom", "shape": "line", "group": "offpath", "data": [[9, 12, 9, 11], [9, 11, 8, 11], [9, 13, 8, 13], [12, 7, 13, 7], [8, 12, 9, 12], [8, 11, 8, 12], [8, 13, 9, 13], [13, 7, 12, 7]]}
