XXXXXXXXXXXXXXXX
X0-X-XX---X-X-1X
XXX----XXX---XXX
XXX-------XX-XXX
X----X-X-XXXX--X
XXXXX----XXXX-XX
XXXXX-X--------X
X-------XXX--XXX
XXXX-X--XXX--XXX
XXXX-X--XXX-XXXX
X----X------XXXX
XXX---XX-XX-XXXX
XXX---XX-XX-XXXX
XXX------XX-XXXX
X2----XX------3X
XXXXXXXXXXXXXXXX
META {"type": "solver", "id": "pysat-rc2", "objective": 0}
META {"type": "geom", "shape": "path", "group": "path", "data": [[14, 1, 14, 2], [14, 2, 14, 3], [14, 3, 14, 4], [14, 4, 14, 5], [14, 5, 13, 5], [13, 5, 13, 6], [13, 6, 13, 7], [13, 7, 13, 8], [13, 8, 14, 8], [14, 8, 14, 9], [14, 9, 14, 10], [14, 10, 14, 11], [14, 11, 14, 12], [14, 12, 14, 13], [14, 13, 14, 14]]}
META {"type": "geom", "shape": "tile", "group": "path", "data": [[14, 1], [14, 2], [14, 3], [14, 4], [14, 5], [13, 5], [13, 6], [13, 7], [13, 8], [14, 8], [14, 9], [14, 10], [14, 11], [14, 12], [14, 13], [14, 14]]}
META {"type": "geom", "shape": "line", "group": "offpath", "data": [[6, 5, 5, 5], [6, 8, 6, 7], [6, 7, 7, 7], [5, 5, 5, 6], [5, 6, 5, 7], [5, 8, 6, 8], [5, 7, 5, 8], [2, 12, 3, 12], [7, 5, 6, 5], [7, 6, 7, 5], [7, 1, 7, 2], [7, 2, 7, 1], [7, 7, 8, 7], [8, 6, 7, 6], [8, 7, 8, 6], [10, 8, 10, 9], [10, 9, 10, 8], [3, 12, 2, 12], [3, 6, 4, 6], [3, 8, 3, 7], [3, 7, 3, 8], [4, 6, 3, 6]]}
