XXXXXXXXXXXXXXXX
X0----X--XX---1X
XXX----------XXX
XXX----X--X--XXX
X--X-----X--XXXX
X--X-------XXXXX
X--X-XXX-XXXXXXX
X----XXXXXXXXXXX
XXXXXXXXXXXX--XX
XXXXXXXX-------X
X---XX---XXX---X
X---XX---------X
XXXXXXXX-XX-XXXX
XXXXXXXX-XX-XXXX
X2--XX---XX---3X
XXXXXXXXXXXXXXXX
META {"type": "solver", "id": "pysat-rc2", "objective": 0}
META {"type": "geom", "shape": "path", "group": "path", "data": [[1, 1, 1, 2], [1, 2, 1, 3], [1, 3, 1, 4], [1, 4, 1, 5], [1, 5, 2, 5], [2, 5, 2, 4], [2, 4, 3, 4], [3, 4, 3, 5], [3, 5, 3, 6], [3, 6, 2, 6], [2, 6, 2, 7], [2, 7, 1, 7], [1, 7, 1, 8], [1, 8, 2, 8], [2, 8, 2, 9], [2, 9, 2, 10], [2, 10, 2, 11], [2, 11, 1, 11], [1, 11, 1, 12], [1, 12, 1, 13], [1, 13, 1, 14]]}
META {"type": "geom", "shape": "tile", "group": "path", "data": [[1, 1], [1, 2], [1, 3], [1, 4], [1, 5], [2, 5], [2, 4], [3, 4], [3, 5], [3, 6], [2, 6], [2, 7], [1, 7], [1, 8], [2, 8], [2, 9], [2, 10], [2, 11], [1, 11], [1, 12], [1, 13], [1, 14]]}
META {"type": "geom", "shape": "line", "group": "offpath", "data": [[4, 2, 4, 1], [4, 4, 5, 4], [4, 1, 5, 1], [6, 4, 7, 4], [6, 1, 7, 1], [2, 12, 3, 12], [10, 8, 11, 8], [10, 2, 11, 2], [10, 3, 10, 2], [10, 6, 10, 7], [10, 13, 10, 14], [10, 7, 10, 8], [10, 14, 9, 14], [10, 12, 11, 12], [3, 12, 2, 12], [14, 8, 14, 7], [14, 13, 14, 12], [14, 7, 14, 8], [14, 12, 14, 13], [7, 2, 7, 3], [7, 3, 7, 2], [7, 4, 6, 4], [7, 1, 6, 1], [5, 2, 4, 2], [5, 4, 4, 4], [5, 1, 5, 2], [11, 8, 11, 7], [11, 2, 11, 3], [11, 3, 10, 3], [11, 6, 10, 6], [11, 10, 11, 9], [11, 7, 11, 6], [11, 12, 10, 12], [11, 9, 11, 10], [9, 8, 9, 9], [9, 11, 9, 10], [9, 13, 10, 13], [9, 10, 9, 11], [9, 14, 9, 13], [9, 12, 8, 12], [9, 9, 9, 8], [8, 12, 9, 12]]}
