XXXXXXXXXXXXXXXX
XXXXXXXXXXXXXXXX
XXXX}XXX-----XXX
XXXX-----#----XX
XXX---------#-XX
XX--###---#---XX
XX------#-----XX
XX##-------#--XX
XX--XX-X-#---XXX
XXXXXXXX----XXXX
XXXXXXXXX--XXXXX
XXXXXX-XX-XXXXXX
XXX-----X-XXXXXX
XX--X-----XXXXXX
XX-XX--XX---XXXX
XX--X---XX--XXXX
XXX---X--XX-XXXX
XXX---XX--X--XXX
XXX----X---#-XXX
XXX--#-------XXX
XX-#----------XX
XX----#-X-----XX
XXX-#---XXX-XXXX
XXX-----XXX--XXX
XXX----------XXX
XXX--------#--XX
XXX----X-#----XX
XXX--XXX------XX
XXX--XXX--X-{-XX
XXX--XXXXXXXXXXX
XXXXXXXXXXXXXXXX
XXXXXXXXXXXXXXXX
META {"type": "solver", "id": "pysat-rc2", "objective": 0}
META {"type": "geom", "shape": "path", "group": "path", "data": [[28, 12, 28, 11], [28, 11, 26, 11], [26, 11, 26, 13], [26, 13, 25, 13], [25, 13, 25, 12], [25, 12, 23, 12], [23, 12, 23, 11], [23, 11, 19, 11], [19, 11, 19, 12], [19, 12, 17, 12], [17, 12, 21, 12], [21, 12, 21, 13], [21, 13, 21, 9], [21, 9, 17, 9], [17, 9, 17, 8], [17, 8, 16, 8], [16, 8, 20, 8], [20, 8, 20, 4], [20, 4, 16, 4], [16, 4, 16, 3], [16, 3, 16, 5], [16, 5, 18, 5], [18, 5, 12, 5], [12, 5, 12, 7], [12, 7, 13, 7], [13, 7, 13, 5], [13, 5, 13, 9], [13, 9, 9, 9], [9, 9, 9, 8], [9, 8, 7, 8], [7, 8, 7, 10], [7, 10, 6, 10], [6, 10, 6, 9], [6, 9, 4, 9], [4, 9, 4, 3], [4, 3, 6, 3], [6, 3, 6, 7], [6, 7, 7, 7], [7, 7, 3, 7], [3, 7, 3, 8], [3, 8, 3, 4], [3, 4, 4, 4], [4, 4, 2, 4]]}
META {"type": "geom", "shape": "tile", "group": "path", "data": [[28, 12], [28, 11], [27, 11], [26, 11], [26, 12], [26, 13], [25, 13], [25, 12], [24, 12], [23, 12], [23, 11], [22, 11], [21, 11], [20, 11], [19, 11], [19, 12], [18, 12], [17, 12], [18, 12], [19, 12], [20, 12], [21, 12], [21, 13], [21, 12], [21, 11], [21, 10], [21, 9], [20, 9], [19, 9], [18, 9], [17, 9], [17, 8], [16, 8], [17, 8], [18, 8], [19, 8], [20, 8], [20, 7], [20, 6], [20, 5], [20, 4], [19, 4], [18, 4], [17, 4], [16, 4], [16, 3], [16, 4], [16, 5], [17, 5], [18, 5], [17, 5], [16, 5], [15, 5], [14, 5], [13, 5], [12, 5], [12, 6], [12, 7], [13, 7], [13, 6], [13, 5], [13, 6], [13, 7], [13, 8], [13, 9], [12, 9], [11, 9], [10, 9], [9, 9], [9, 8], [8, 8], [7, 8], [7, 9], [7, 10], [6, 10], [6, 9], [5, 9], [4, 9], [4, 8], [4, 7], [4, 6], [4, 5], [4, 4], [4, 3], [5, 3], [6, 3], [6, 4], [6, 5], [6, 6], [6, 7], [7, 7], [6, 7], [5, 7], [4, 7], [3, 7], [3, 8], [3, 7], [3, 6], [3, 5], [3, 4], [4, 4], [3, 4], [2, 4]]}
META {"type": "geom", "shape": "line", "group": "offpath", "data": [[6, 5, 7, 5], [6, 11, 2, 11], [6, 6, 8, 6], [6, 4, 7, 4], [24, 9, 25, 9], [24, 8, 28, 8], [20, 5, 26, 5], [12, 3, 13, 3], [22, 5, 20, 5], [22, 7, 22, 5], [22, 6, 22, 7], [29, 3, 29, 4], [29, 4, 23, 4], [14, 9, 14, 11], [14, 11, 14, 9], [28, 8, 24, 8], [15, 11, 15, 10], [15, 2, 13, 2], [15, 6, 11, 6], [15, 10, 15, 11], [26, 5, 26, 6], [26, 6, 22, 6], [9, 11, 8, 11], [5, 11, 6, 11], [5, 2, 5, 3], [5, 12, 5, 11], [5, 3, 5, 2], [10, 9, 10, 10], [10, 10, 10, 9], [19, 3, 19, 4], [19, 4, 19, 3], [2, 11, 2, 12], [2, 12, 3, 12], [23, 7, 25, 7], [23, 3, 23, 7], [23, 4, 23, 3], [13, 2, 15, 2], [13, 3, 12, 3], [3, 13, 7, 13], [3, 12, 3, 13], [11, 6, 15, 6], [8, 11, 9, 11], [8, 6, 6, 6], [25, 9, 24, 9], [25, 7, 25, 3], [25, 3, 29, 3], [7, 5, 6, 5], [7, 13, 7, 12], [7, 12, 5, 12], [7, 4, 6, 4]]}
