XXXXXXXXXXXXXXXX
XXXXXXXXXXXXXXXX
XX}XXXXX-----XXX
XX-XXXXX---XXXXX
XX-------#-XXXXX
XX-#-------XXXXX
XX-----#--#---XX
XX--XX------#-XX
XX---X--#-----XX
XXXX--#------XXX
XXXX-----XX-XXXX
XXXX---#--X-XXXX
XXXX##------XXXX
XXXX----###---XX
XX----#-------XX
XX--X------XXXXX
XXXXXX-XX--XXXXX
XXXXXX--X--XXXXX
XXX------#----XX
XX-#--------XXXX
XX--------X--XXX
XX---##-XXX--XXX
XXX-----XXX---XX
XXX-#---------XX
XXX---XX---X--XX
XXXX-XXXX-XXXXXX
XXXX-XXXX-XXXXXX
XXXXXXXXX-XXXXXX
XXXXXXX-------XX
XXXXXXXXX---{-XX
XXXXXXXXXXXXXXXX
XXXXXXXXXXXXXXXX
META {"type": "solver", "id": "pysat-rc2", "objective": 0}
META {"type": "geom", "shape": "path", "group": "path", "data": [[29, 12, 29, 13], [29, 13, 29, 9], [29, 9, 23, 9], [23, 9, 23, 5], [23, 5, 24, 5], [24, 5, 24, 3], [24, 3, 20, 3], [20, 3, 20, 2], [20, 2, 19, 2], [19, 2, 21, 2], [21, 2, 21, 4], [21, 4, 22, 4], [22, 4, 22, 3], [22, 3, 22, 7], [22, 7, 23, 7], [23, 7, 17, 7], [17, 7, 17, 6], [17, 6, 15, 6], [15, 6, 15, 5], [15, 5, 13, 5], [13, 5, 13, 7], [13, 7, 12, 7], [12, 7, 12, 6], [12, 6, 10, 6], [10, 6, 10, 4], [10, 4, 8, 4], [8, 4, 8, 2], [8, 2, 2, 2]]}
META {"type": "geom", "shape": "tile", "group": "path", "data": [[29, 12], [29, 13], [29, 12], [29, 11], [29, 10], [29, 9], [28, 9], [27, 9], [26, 9], [25, 9], [24, 9], [23, 9], [23, 8], [23, 7], [23, 6], [23, 5], [24, 5], [24, 4], [24, 3], [23, 3], [22, 3], [21, 3], [20, 3], [20, 2], [19, 2], [20, 2], [21, 2], [21, 3], [21, 4], [22, 4], [22, 3], [22, 4], [22, 5], [22, 6], [22, 7], [23, 7], [22, 7], [21, 7], [20, 7], [19, 7], [18, 7], [17, 7], [17, 6], [16, 6], [15, 6], [15, 5], [14, 5], [13, 5], [13, 6], [13, 7], [12, 7], [12, 6], [11, 6], [10, 6], [10, 5], [10, 4], [9, 4], [8, 4], [8, 3], [8, 2], [7, 2], [6, 2], [5, 2], [4, 2], [3, 2], [2, 2]]}
META {"type": "geom", "shape": "line", "group": "offpath", "data": [[29, 10, 28, 10], [18, 11, 18, 10], [18, 8, 20, 8], [18, 10, 19, 10], [18, 5, 20, 5], [18, 4, 18, 8], [24, 12, 24, 13], [24, 10, 23, 10], [24, 13, 24, 12], [9, 9, 5, 9], [9, 5, 9, 4], [9, 4, 9, 5], [14, 11, 14, 7], [14, 12, 13, 12], [14, 7, 14, 13], [14, 4, 13, 4], [14, 3, 14, 2], [14, 13, 13, 13], [14, 2, 15, 2], [11, 6, 11, 4], [11, 4, 11, 6], [23, 6, 22, 6], [23, 10, 24, 10], [17, 9, 17, 10], [17, 10, 17, 9], [6, 11, 6, 13], [6, 6, 4, 6], [6, 4, 6, 6], [6, 13, 8, 13], [15, 3, 14, 3], [15, 2, 15, 3], [5, 9, 5, 10], [5, 10, 5, 4], [5, 4, 4, 4], [19, 11, 18, 11], [19, 9, 19, 11], [19, 10, 19, 4], [19, 4, 18, 4], [13, 11, 14, 11], [13, 12, 14, 12], [13, 4, 14, 4], [13, 13, 13, 11], [28, 10, 29, 10], [22, 6, 23, 6], [7, 11, 6, 11], [7, 7, 7, 11], [7, 3, 7, 2], [7, 2, 7, 3], [20, 11, 20, 12], [20, 12, 20, 11], [20, 8, 20, 9], [20, 9, 19, 9], [20, 5, 18, 5], [4, 6, 8, 6], [4, 4, 6, 4], [3, 8, 3, 10], [3, 10, 3, 8], [16, 9, 16, 10], [16, 10, 16, 9], [8, 6, 8, 7], [8, 9, 9, 9], [8, 7, 7, 7], [8, 13, 8, 9], [2, 12, 2, 8], [2, 8, 2, 12]]}
