XXXXXXXXXXXXXXXX
XXXXXXXXXXXXXXXX
XX-XXXXXXXXXX}XX
XX-XXXXXXXXXX-XX
XX-XXXXXXXXXX-XX
XXX---XXXXXXX-XX
XXX---XXX-----XX
XXX---XXX-#---XX
XX--X---------XX
XX-XX--XXX-X--XX
XX--X--XXXXX--XX
XXX---XXXXXX--XX
XXX-XXXXXXX--XXX
XXX-XXXXX---XXXX
XXX--XXXX---XXXX
XXX--XXX----XXXX
XX---XXX----XXXX
XX##---------XXX
XX--------#--XXX
XX--#--#-----XXX
XXX------#---XXX
XXX--XX-------XX
XXX---X---XXX-XX
XX--#---XXXXX-XX
XX------XXXXX-XX
XX---#---XXX--XX
XX##---#-XXX--XX
XX--{----XXXXXXX
XX-XXXX---XXXXXX
XXXXXXX---XXXXXX
XXXXXXXXXXXXXXXX
XXXXXXXXXXXXXXXX
META {"type": "solver", "id": "pysat-rc2", "objective": 0}
META {"type": "geom", "shape": "path", "group": "path", "data": [[27, 4, 27, 8], [27, 8, 29, 8], [29, 8, 25, 8], [25, 8, 25, 6], [25, 6, 27, 6], [27, 6, 23, 6], [23, 6, 23, 5], [23, 5, 24, 5], [24, 5, 22, 5], [22, 5, 22, 3], [22, 3, 18, 3], [18, 3, 18, 9], [18, 9, 19, 9], [19, 9, 13, 9], [13, 9, 13, 11], [13, 11, 12, 11], [12, 11, 12, 12], [12, 12, 6, 12], [6, 12, 6, 13], [6, 13, 2, 13]]}
META {"type": "geom", "shape": "tile", "group": "path", "data": [[27, 4], [27, 5], [27, 6], [27, 7], [27, 8], [28, 8], [29, 8], [28, 8], [27, 8], [26, 8], [25, 8], [25, 7], [25, 6], [26, 6], [27, 6], [26, 6], [25, 6], [24, 6], [23, 6], [23, 5], [24, 5], [23, 5], [22, 5], [22, 4], [22, 3], [21, 3], [20, 3], [19, 3], [18, 3], [18, 4], [18, 5], [18, 6], [18, 7], [18, 8], [18, 9], [19, 9], [18, 9], [17, 9], [16, 9], [15, 9], [14, 9], [13, 9], [13, 10], [13, 11], [12, 11], [12, 12], [11, 12], [10, 12], [9, 12], [8, 12], [7, 12], [6, 12], [6, 13], [5, 13], [4, 13], [3, 13], [2, 13]]}
META {"type": "geom", "shape": "line", "group": "offpath", "data": [[8, 11, 6, 11], [8, 9, 6, 9], [8, 3, 8, 2], [8, 10, 9, 10], [8, 6, 10, 6], [8, 2, 8, 3], [25, 12, 26, 12], [25, 2, 23, 2], [23, 2, 25, 2], [27, 7, 29, 7], [27, 2, 28, 2], [26, 12, 25, 12], [21, 12, 17, 12], [16, 4, 14, 4], [16, 3, 16, 2], [16, 2, 16, 4], [28, 9, 28, 7], [28, 7, 27, 7], [28, 2, 27, 2], [20, 12, 20, 10], [20, 10, 20, 12], [29, 9, 28, 9], [29, 7, 29, 9], [10, 12, 10, 13], [10, 3, 16, 3], [10, 13, 10, 12], [10, 6, 8, 6], [19, 12, 19, 8], [19, 8, 19, 12], [19, 5, 19, 6], [19, 6, 19, 5], [19, 2, 18, 2], [17, 12, 21, 12], [17, 7, 18, 7], [14, 4, 14, 3], [14, 3, 10, 3], [18, 7, 17, 7], [18, 2, 19, 2], [9, 5, 9, 6], [9, 10, 8, 10], [9, 6, 9, 5], [6, 11, 8, 11], [6, 9, 8, 9], [6, 3, 6, 5], [6, 5, 6, 3]]}
