XXXXXXXXXXXXXXXX
XXXXXXXXXXXXXXXX
XXX}XXXXX-----XX
XXX-XXX---XX--XX
XXX--------X--XX
XXX-----XX--#-XX
XX-#-XX--X----XX
XX----X-------XX
XX--X-----X---XX
XX--XXXXXXXXXXXX
XX---XXXXXXXXXXX
XX---XXX-XXXXXXX
XX---XXXXXXXXXXX
XXX---XXXXXX--XX
XXXX--XXXXX---XX
XXXX--XXXXX-XXXX
XXX-#-XXXXXXXXXX
XXX-----XXXXXXXX
XX----#-XXXXXXXX
XX------XXXXXXXX
XX-#-------XXXXX
XX-----#-#--XXXX
XX--#-------XXXX
XXX---#-----XXXX
XXXX----X---XXXX
XXXX---XXX--XXXX
XXX--#-XXX##--XX
XXX-----------XX
XXXXX-{---X---XX
XXXXXXXXXXXXXXXX
XXXXXXXXXXXXXXXX
XXXXXXXXXXXXXXXX
META {"type": "solver", "id": "pysat-rc2", "objective": 0}
META {"type": "geom", "shape": "path", "group": "path", "data": [[28, 6, 24, 6], [24, 6, 24, 7], [24, 7, 22, 7], [22, 7, 22, 11], [22, 11, 21, 11], [21, 11, 21, 10], [21, 10, 20, 10], [20, 10, 20, 4], [20, 4, 21, 4], [21, 4, 17, 4], [17, 4, 17, 3], [17, 3, 19, 3], [19, 3, 19, 2], [19, 2, 18, 2], [18, 2, 22, 2], [22, 2, 22, 3], [22, 3, 23, 3], [23, 3, 23, 5], [23, 5, 13, 5], [13, 5, 13, 3], [13, 3, 7, 3], [7, 3, 7, 5], [7, 5, 8, 5], [8, 5, 8, 9], [8, 9, 7, 9], [7, 9, 7, 13], [7, 13, 8, 13], [8, 13, 2, 13], [2, 13, 2, 9], [2, 9, 4, 9], [4, 9, 4, 3], [4, 3, 2, 3]]}
META {"type": "geom", "shape": "tile", "group": "path", "data": [[28, 6], [27, 6], [26, 6], [25, 6], [24, 6], [24, 7], [23, 7], [22, 7], [22, 8], [22, 9], [22, 10], [22, 11], [21, 11], [21, 10], [20, 10], [20, 9], [20, 8], [20, 7], [20, 6], [20, 5], [20, 4], [21, 4], [20, 4], [19, 4], [18, 4], [17, 4], [17, 3], [18, 3], [19, 3], [19, 2], [18, 2], [19, 2], [20, 2], [21, 2], [22, 2], [22, 3], [23, 3], [23, 4], [23, 5], [22, 5], [21, 5], [20, 5], [19, 5], [18, 5], [17, 5], [16, 5], [15, 5], [14, 5], [13, 5], [13, 4], [13, 3], [12, 3], [11, 3], [10, 3], [9, 3], [8, 3], [7, 3], [7, 4], [7, 5], [8, 5], [8, 6], [8, 7], [8, 8], [8, 9], [7, 9], [7, 10], [7, 11], [7, 12], [7, 13], [8, 13], [7, 13], [6, 13], [5, 13], [4, 13], [3, 13], [2, 13], [2, 12], [2, 11], [2, 10], [2, 9], [3, 9], [4, 9], [4, 8], [4, 7], [4, 6], [4, 5], [4, 4], [4, 3], [3, 3], [2, 3]]}
META {"type": "geom", "shape": "line", "group": "offpath", "data": [[5, 7, 5, 3], [5, 3, 5, 7], [27, 5, 28, 5], [27, 9, 28, 9], [27, 4, 27, 3], [27, 3, 26, 3], [27, 8, 28, 8], [26, 4, 27, 4], [26, 3, 26, 4], [26, 12, 28, 12], [4, 13, 4, 12], [4, 12, 4, 13], [9, 2, 9, 3], [9, 3, 9, 2], [12, 4, 12, 2], [12, 2, 12, 4], [28, 5, 27, 5], [28, 9, 27, 9], [28, 11, 28, 13], [28, 13, 28, 11], [28, 12, 26, 12], [28, 8, 27, 8], [6, 12, 8, 12], [6, 8, 8, 8], [8, 2, 8, 3], [8, 3, 8, 2], [8, 12, 6, 12], [8, 8, 6, 8], [13, 12, 14, 12], [15, 11, 14, 11], [21, 2, 21, 6], [21, 6, 21, 2], [14, 11, 15, 11], [14, 12, 13, 12]]}
