XXXXXXXXXXXXXXXX
XXXXXXXXXXXXXXXX
XX---XXXXXX}XXXX
XX---XXXXXX--XXX
XX##-------#-XXX
XX---#--------XX
XXX-------#---XX
XXXXX-#------XXX
XXXXX---XX--XXXX
XXXXX---XX---XXX
XXXX-----X-#-XXX
XX---XX------XXX
XX---XX-XXX---XX
XXXX--X-XXX---XX
XXXX----XXXX--XX
XXX-------XXX-XX
XXX##-----XXX-XX
XXX--#--------XX
XX------------XX
XXXX--#---XX--XX
XXXX----XXXX--XX
XXX--X--XXXX--XX
XXXXXXXXXXXX--XX
XXXXXXXXXX---XXX
XXXXXXXXXX--XXXX
XXXXXX-----XXXXX
XXXX-----XXXXXXX
XX--####--XXXXXX
XX--------XXXXXX
XX------{-XXXXXX
XXXXXXXXXXXXXXXX
XXXXXXXXXXXXXXXX
META {"type": "solver", "id": "pysat-rc2", "objective": 0}
META {"type": "geom", "shape": "path", "group": "path", "data": [[29, 8, 29, 2], [29, 2, 27, 2], [27, 2, 27, 3], [27, 3, 29, 3], [29, 3, 29, 9], [29, 9, 27, 9], [27, 9, 27, 8], [27, 8, 25, 8], [25, 8, 25, 6], [25, 6, 25, 10], [25, 10, 23, 10], [23, 10, 23, 12], [23, 12, 17, 12], [17, 12, 17, 6], [17, 6, 18, 6], [18, 6, 14, 6], [14, 6, 14, 4], [14, 4, 10, 4], [10, 4, 10, 8], [10, 8, 11, 8], [11, 8, 11, 12], [11, 12, 9, 12], [9, 12, 9, 10], [9, 10, 11, 10], [11, 10, 7, 10], [7, 10, 7, 12], [7, 12, 3, 12], [3, 12, 3, 11], [3, 11, 2, 11]]}
META {"type": "geom", "shape": "tile", "group": "path", "data": [[29, 8], [29, 7], [29, 6], [29, 5], [29, 4], [29, 3], [29, 2], [28, 2], [27, 2], [27, 3], [28, 3], [29, 3], [29, 4], [29, 5], [29, 6], [29, 7], [29, 8], [29, 9], [28, 9], [27, 9], [27, 8], [26, 8], [25, 8], [25, 7], [25, 6], [25, 7], [25, 8], [25, 9], [25, 10], [24, 10], [23, 10], [23, 11], [23, 12], [22, 12], [21, 12], [20, 12], [19, 12], [18, 12], [17, 12], [17, 11], [17, 10], [17, 9], [17, 8], [17, 7], [17, 6], [18, 6], [17, 6], [16, 6], [15, 6], [14, 6], [14, 5], [14, 4], [13, 4], [12, 4], [11, 4], [10, 4], [10, 5], [10, 6], [10, 7], [10, 8], [11, 8], [11, 9], [11, 10], [11, 11], [11, 12], [10, 12], [9, 12], [9, 11], [9, 10], [10, 10], [11, 10], [10, 10], [9, 10], [8, 10], [7, 10], [7, 11], [7, 12], [6, 12], [5, 12], [4, 12], [3, 12], [3, 11], [2, 11]]}
META {"type": "geom", "shape": "line", "group": "offpath", "data": [[8, 11, 8, 10], [8, 10, 8, 11], [12, 13, 12, 11], [12, 11, 13, 11], [12, 2, 11, 2], [19, 8, 15, 8], [21, 7, 21, 6], [21, 4, 17, 4], [21, 13, 21, 12], [21, 6, 20, 6], [21, 12, 21, 13], [26, 7, 25, 7], [26, 4, 26, 8], [26, 8, 26, 4], [25, 7, 26, 7], [20, 4, 21, 4], [20, 13, 20, 12], [20, 6, 20, 4], [20, 12, 20, 13], [2, 4, 2, 2], [2, 2, 2, 4], [5, 4, 6, 4], [5, 13, 6, 13], [5, 11, 5, 13], [5, 3, 5, 2], [5, 2, 5, 4], [15, 8, 19, 8], [22, 13, 12, 13], [6, 4, 6, 3], [6, 13, 6, 11], [6, 11, 5, 11], [6, 3, 5, 3], [11, 7, 21, 7], [11, 11, 11, 7], [11, 2, 12, 2], [24, 11, 24, 10], [24, 10, 24, 11], [18, 13, 22, 13], [18, 3, 18, 13], [18, 10, 17, 10], [17, 4, 17, 3], [17, 3, 18, 3], [17, 10, 18, 10], [9, 7, 9, 5], [9, 5, 9, 7], [13, 4, 13, 5], [13, 11, 11, 11], [13, 5, 13, 4]]}
