XXXXXXXXXXXXXXXX
XXXXXXXXXXXXXXXX
XXXXXXX--XXX-XXX
XXXXXXX--XXX-XXX
XXXXXXXX-----XXX
XX}XXXXX--X---XX
XX-XXX---XX---XX
XX-XXX-X--X-X-XX
XX-XXXXX---XX-XX
XX-XXXXX-#--X-XX
XX-XXXXX------XX
XX------------XX
XX--XXX-------XX
XX--XXX##--##-XX
XX-------#----XX
XX-X--X-------XX
XXXXXXXXX--XXXXX
XXXXXXXXX--XXXXX
XXXXXX-----XXXXX
XXXX--X------XXX
XX---XXX-XX---XX
XX---XXX-XXXX-XX
XX##-XXX-XXXX-XX
XX---XXX-XXX--XX
XX-#-----XXX--XX
XX----#-----#-XX
XXX-----------XX
XXX-----XX-{-XXX
XXXXXXX-XXXXXXXX
XXXXXXXXXXXXXXXX
XXXXXXXXXXXXXXXX
XXXXXXXXXXXXXXXX
META {"type": "solver", "id": "pysat-rc2-boolonly", "objective": 0}
META {"type": "geom", "shape": "path", "group": "path", "data": [[27, 11, 27, 12], [27, 12, 26, 12], [26, 12, 26, 13], [26, 13, 26, 3], [26, 3, 25, 3], [25, 3, 25, 2], [25, 2, 23, 2], [23, 2, 23, 4], [23, 4, 27, 4], [27, 4, 27, 3], [27, 3, 27, 7], [27, 7, 28, 7], [28, 7, 24, 7], [24, 7, 24, 8], [24, 8, 18, 8], [18, 8, 18, 6], [18, 6, 18, 10], [18, 10, 8, 10], [8, 10, 8, 8], [8, 8, 12, 8], [12, 8, 12, 7], [12, 7, 11, 7], [11, 7, 11, 13], [11, 13, 5, 13], [5, 13, 15, 13], [15, 13, 15, 7], [15, 7, 14, 7], [14, 7, 14, 8], [14, 8, 14, 2], [14, 2, 15, 2], [15, 2, 5, 2]]}
META {"type": "geom", "shape": "tile", "group": "path", "data": [[27, 11], [27, 12], [26, 12], [26, 13], [26, 12], [26, 11], [26, 10], [26, 9], [26, 8], [26, 7], [26, 6], [26, 5], [26, 4], [26, 3], [25, 3], [25, 2], [24, 2], [23, 2], [23, 3], [23, 4], [24, 4], [25, 4], [26, 4], [27, 4], [27, 3], [27, 4], [27, 5], [27, 6], [27, 7], [28, 7], [27, 7], [26, 7], [25, 7], [24, 7], [24, 8], [23, 8], [22, 8], [21, 8], [20, 8], [19, 8], [18, 8], [18, 7], [18, 6], [18, 7], [18, 8], [18, 9], [18, 10], [17, 10], [16, 10], [15, 10], [14, 10], [13, 10], [12, 10], [11, 10], [10, 10], [9, 10], [8, 10], [8, 9], [8, 8], [9, 8], [10, 8], [11, 8], [12, 8], [12, 7], [11, 7], [11, 8], [11, 9], [11, 10], [11, 11], [11, 12], [11, 13], [10, 13], [9, 13], [8, 13], [7, 13], [6, 13], [5, 13], [6, 13], [7, 13], [8, 13], [9, 13], [10, 13], [11, 13], [12, 13], [13, 13], [14, 13], [15, 13], [15, 12], [15, 11], [15, 10], [15, 9], [15, 8], [15, 7], [14, 7], [14, 8], [14, 7], [14, 6], [14, 5], [14, 4], [14, 3], [14, 2], [15, 2], [14, 2], [13, 2], [12, 2], [11, 2], [10, 2], [9, 2], [8, 2], [7, 2], [6, 2], [5, 2]]}
META {"type": "geom", "shape": "line", "group": "offpath", "data": [[5, 9, 5, 8], [5, 8, 5, 9], [2, 7, 2, 8], [2, 8, 2, 7], [15, 5, 14, 5], [15, 11, 14, 11], [15, 4, 14, 4], [14, 5, 15, 5], [14, 11, 15, 11], [14, 4, 15, 4], [6, 6, 7, 6], [19, 7, 18, 7], [19, 11, 20, 11], [19, 12, 20, 12], [13, 9, 13, 10], [13, 10, 13, 9], [20, 3, 21, 3], [20, 11, 19, 11], [20, 12, 19, 12], [20, 2, 21, 2], [4, 8, 4, 12], [4, 12, 4, 8], [12, 12, 10, 12], [9, 10, 9, 11], [9, 11, 9, 10], [24, 12, 24, 13], [24, 13, 24, 12], [16, 9, 16, 10], [16, 10, 16, 9], [10, 12, 12, 12], [26, 9, 25, 9], [26, 6, 27, 6], [27, 6, 26, 6], [18, 7, 19, 7], [21, 3, 20, 3], [21, 2, 20, 2], [25, 7, 25, 11], [25, 9, 26, 9], [25, 11, 25, 7], [7, 9, 7, 8], [7, 6, 6, 6], [7, 8, 7, 9]]}
