XXXXXXXXXXXXXXXX
XXXXXXXXXXXXXXXX
XXXXXXXXX----XXX
XXXXX}XXX##---XX
XXXXX---------XX
XX--XX--X-XX--XX
XXX--X-XX--X--XX
XXXX----X-----XX
XXXX-#--------XX
XXXX---##---#-XX
XX------------XX
XXX--##--##---XX
XXX---------XXXX
XXXX---XX--XXXXX
XXXX--XXX---XXXX
XXXX--XXX##-XXXX
XXXX--------XXXX
XXXX---XX-----XX
XX---XXXXX--#-XX
XX---XXXXX----XX
XX##--XXXX----XX
XX--#-XXX---#-XX
XXX---XXX-----XX
XXXX----------XX
XXXX-------##-XX
XXXX##-XX-----XX
XXXX---XX-----XX
XXX-#---X-XX--XX
XX---------X--XX
XX-X---{-X---XXX
XXXXXXXXXXXXXXXX
XXXXXXXXXXXXXXXX
META {"type": "solver", "id": "pysat-rc2", "objective": 0}
META {"type": "geom", "shape": "path", "group": "path", "data": [[29, 7, 29, 8], [29, 8, 29, 4], [29, 4, 28, 4], [28, 4, 28, 10], [28, 10, 29, 10], [29, 10, 29, 12], [29, 12, 25, 12], [25, 12, 25, 13], [25, 13, 25, 9], [25, 9, 21, 9], [21, 9, 21, 11], [21, 11, 23, 11], [23, 11, 23, 13], [23, 13, 17, 13], [17, 13, 17, 9], [17, 9, 16, 9], [16, 9, 16, 11], [16, 11, 14, 11], [14, 11, 14, 9], [14, 9, 12, 9], [12, 9, 12, 3], [12, 3, 10, 3], [10, 3, 10, 13], [10, 13, 11, 13], [11, 13, 11, 11], [11, 11, 7, 11], [7, 11, 7, 9], [7, 9, 7, 13], [7, 13, 3, 13], [3, 13, 3, 11], [3, 11, 4, 11], [4, 11, 2, 11], [2, 11, 2, 12], [2, 12, 8, 12], [8, 12, 8, 6], [8, 6, 4, 6], [4, 6, 4, 5], [4, 5, 3, 5]]}
META {"type": "geom", "shape": "tile", "group": "path", "data": [[29, 7], [29, 8], [29, 7], [29, 6], [29, 5], [29, 4], [28, 4], [28, 5], [28, 6], [28, 7], [28, 8], [28, 9], [28, 10], [29, 10], [29, 11], [29, 12], [28, 12], [27, 12], [26, 12], [25, 12], [25, 13], [25, 12], [25, 11], [25, 10], [25, 9], [24, 9], [23, 9], [22, 9], [21, 9], [21, 10], [21, 11], [22, 11], [23, 11], [23, 12], [23, 13], [22, 13], [21, 13], [20, 13], [19, 13], [18, 13], [17, 13], [17, 12], [17, 11], [17, 10], [17, 9], [16, 9], [16, 10], [16, 11], [15, 11], [14, 11], [14, 10], [14, 9], [13, 9], [12, 9], [12, 8], [12, 7], [12, 6], [12, 5], [12, 4], [12, 3], [11, 3], [10, 3], [10, 4], [10, 5], [10, 6], [10, 7], [10, 8], [10, 9], [10, 10], [10, 11], [10, 12], [10, 13], [11, 13], [11, 12], [11, 11], [10, 11], [9, 11], [8, 11], [7, 11], [7, 10], [7, 9], [7, 10], [7, 11], [7, 12], [7, 13], [6, 13], [5, 13], [4, 13], [3, 13], [3, 12], [3, 11], [4, 11], [3, 11], [2, 11], [2, 12], [3, 12], [4, 12], [5, 12], [6, 12], [7, 12], [8, 12], [8, 11], [8, 10], [8, 9], [8, 8], [8, 7], [8, 6], [7, 6], [6, 6], [5, 6], [4, 6], [4, 5], [3, 5]]}
META {"type": "geom", "shape": "line", "group": "offpath", "data": [[22, 3, 22, 5], [22, 5, 22, 3], [27, 13, 27, 12], [27, 12, 27, 13], [12, 10, 14, 10], [12, 6, 13, 6], [12, 8, 10, 8], [28, 2, 29, 2], [16, 10, 16, 4], [16, 4, 20, 4], [25, 11, 26, 11], [15, 5, 15, 4], [15, 4, 15, 5], [11, 3, 11, 4], [11, 7, 11, 8], [11, 8, 11, 7], [11, 4, 11, 3], [24, 10, 26, 10], [24, 5, 24, 4], [24, 4, 24, 10], [26, 10, 16, 10], [26, 11, 25, 11], [23, 6, 29, 6], [18, 10, 18, 11], [18, 3, 19, 3], [18, 2, 19, 2], [18, 11, 18, 10], [29, 2, 28, 2], [29, 6, 23, 6], [20, 5, 24, 5], [20, 4, 20, 5], [21, 3, 21, 2], [21, 2, 21, 3], [10, 8, 12, 8], [13, 6, 12, 6], [19, 3, 18, 3], [19, 2, 18, 2], [6, 3, 5, 3], [6, 13, 6, 12], [6, 12, 6, 13], [17, 6, 17, 4], [17, 4, 17, 6], [5, 3, 6, 3], [5, 7, 5, 6], [5, 6, 5, 7], [14, 10, 12, 10]]}
