XXXXXXXXXXXXXXXX
XXXXXXXXXXXXXXXX
XXXX-----XXXXXXX
XXXX---#--XXXXXX
XXX-------XXX}XX
XXX-----------XX
XXX-----------XX
XXXXX--#-#-#--XX
XXXXX---------XX
XXXX--#-------XX
XX------XXXX--XX
XX--#---XXXX--XX
XXX-----XXX-XXXX
XXX--###-----XXX
XXX-------X--XXX
XXX-X-----XX--XX
XX--XXX----X--XX
XX--XXX-#---XXXX
XX-----------XXX
XX##-----###-XXX
XX--X-X-------XX
XX--XXX-------XX
XX--XXX---X---XX
XX--XXX--XX-#-XX
XX--XXXX--X---XX
XX--XXXX--XX--XX
XX--XXXX---X--XX
XX##-------XXXXX
XX--{-----XXXXXX
XXXXXXXXXXXXXXXX
XXXXXXXXXXXXXXXX
XXXXXXXXXXXXXXXX
META {"type": "solver", "id": "pysat-rc2-boolonly", "objective": 0}
META {"type": "geom", "shape": "path", "group": "path", "data": [[28, 4, 27, 4], [27, 4, 27, 10], [27, 10, 26, 10], [26, 10, 26, 8], [26, 8, 28, 8], [28, 8, 18, 8], [18, 8, 18, 12], [18, 12, 22, 12], [22, 12, 22, 11], [22, 11, 20, 11], [20, 11, 20, 7], [20, 7, 14, 7], [14, 7, 14, 9], [14, 9, 14, 3], [14, 3, 10, 3], [10, 3, 10, 7], [10, 7, 12, 7], [12, 7, 8, 7], [8, 7, 8, 5], [8, 5, 12, 5], [12, 5, 2, 5], [2, 5, 2, 4], [2, 4, 6, 4], [6, 4, 6, 3], [6, 3, 6, 13], [6, 13, 4, 13]]}
META {"type": "geom", "shape": "tile", "group": "path", "data": [[28, 4], [27, 4], [27, 5], [27, 6], [27, 7], [27, 8], [27, 9], [27, 10], [26, 10], [26, 9], [26, 8], [27, 8], [28, 8], [27, 8], [26, 8], [25, 8], [24, 8], [23, 8], [22, 8], [21, 8], [20, 8], [19, 8], [18, 8], [18, 9], [18, 10], [18, 11], [18, 12], [19, 12], [20, 12], [21, 12], [22, 12], [22, 11], [21, 11], [20, 11], [20, 10], [20, 9], [20, 8], [20, 7], [19, 7], [18, 7], [17, 7], [16, 7], [15, 7], [14, 7], [14, 8], [14, 9], [14, 8], [14, 7], [14, 6], [14, 5], [14, 4], [14, 3], [13, 3], [12, 3], [11, 3], [10, 3], [10, 4], [10, 5], [10, 6], [10, 7], [11, 7], [12, 7], [11, 7], [10, 7], [9, 7], [8, 7], [8, 6], [8, 5], [9, 5], [10, 5], [11, 5], [12, 5], [11, 5], [10, 5], [9, 5], [8, 5], [7, 5], [6, 5], [5, 5], [4, 5], [3, 5], [2, 5], [2, 4], [3, 4], [4, 4], [5, 4], [6, 4], [6, 3], [6, 4], [6, 5], [6, 6], [6, 7], [6, 8], [6, 9], [6, 10], [6, 11], [6, 12], [6, 13], [5, 13], [4, 13]]}
META {"type": "geom", "shape": "line", "group": "offpath", "data": [[4, 7, 6, 7], [4, 9, 3, 9], [4, 3, 4, 9], [20, 10, 21, 10], [20, 13, 26, 13], [20, 5, 18, 5], [20, 3, 26, 3], [6, 7, 4, 7], [6, 11, 5, 11], [9, 7, 9, 13], [9, 8, 9, 7], [9, 13, 11, 13], [9, 9, 8, 9], [9, 4, 10, 4], [14, 5, 15, 5], [8, 9, 9, 9], [27, 5, 28, 5], [28, 9, 24, 9], [28, 5, 27, 5], [25, 12, 25, 13], [25, 2, 25, 3], [25, 13, 25, 12], [25, 3, 25, 2], [11, 12, 5, 12], [11, 2, 11, 3], [11, 13, 11, 12], [11, 3, 11, 2], [24, 11, 24, 13], [24, 13, 24, 11], [24, 9, 28, 9], [5, 12, 5, 13], [5, 11, 6, 11], [5, 13, 5, 3], [5, 3, 4, 3], [21, 10, 20, 10], [21, 7, 21, 13], [21, 2, 21, 3], [21, 13, 21, 7], [21, 3, 21, 2], [16, 12, 16, 13], [16, 2, 18, 2], [16, 13, 16, 12], [13, 4, 13, 3], [13, 3, 13, 4], [18, 2, 16, 2], [18, 5, 20, 5], [15, 5, 14, 5], [3, 8, 9, 8], [3, 9, 3, 8], [7, 6, 7, 5], [7, 5, 7, 6], [22, 7, 22, 9], [22, 2, 22, 3], [22, 9, 22, 7], [22, 3, 22, 2], [23, 7, 23, 8], [23, 8, 23, 7], [26, 13, 20, 13], [26, 3, 20, 3], [10, 4, 9, 4]]}
