XXXXXXXXXXXXXXXX
XXXXXXXXXXXXXXXX
XXX}XXX-----XXXX
XXX-----#-#--XXX
XX---X-------XXX
XX--XXXX------XX
XX--XXXXXX--#-XX
XX--XXX-XX----XX
XX--XXX--X---XXX
XX-#-------XXXXX
XX-----XX---XXXX
XX-----XXXX-XXXX
XX--XXXXXXX-XXXX
XXX-XXXXXXX-XXXX
XXXXXXXXX---XXXX
XXXXXXXXX-----XX
XXXXXXX---X---XX
XXXXXX--#-XX--XX
XXXX-------XX-XX
XXX--------XX-XX
XXX##-------XXXX
XXX----X----XXXX
XX---XXX-----XXX
XX-#-XXX-#---XXX
XX---XXX-----XXX
XX--------#--XXX
XX-#-XX------XXX
XX----X--#---XXX
XX-----------XXX
XXX-{--XX-X--XXX
XXXXXXXXXXXXXXXX
XXXXXXXXXXXXXXXX
META {"type": "solver", "id": "pysat-rc2", "objective": 0}
META {"type": "geom", "shape": "path", "group": "path", "data": [[29, 4, 29, 3], [29, 3, 27, 3], [27, 3, 27, 5], [27, 5, 29, 5], [29, 5, 29, 6], [29, 6, 28, 6], [28, 6, 28, 12], [28, 12, 22, 12], [22, 12, 22, 8], [22, 8, 28, 8], [28, 8, 28, 2], [28, 2, 22, 2], [22, 2, 22, 4], [22, 4, 21, 4], [21, 4, 21, 6], [21, 6, 17, 6], [17, 6, 17, 7], [17, 7, 16, 7], [16, 7, 16, 9], [16, 9, 14, 9], [14, 9, 14, 11], [14, 11, 16, 11], [16, 11, 10, 11], [10, 11, 10, 9], [10, 9, 9, 9], [9, 9, 9, 10], [9, 10, 9, 4], [9, 4, 11, 4], [11, 4, 11, 6], [11, 6, 11, 2], [11, 2, 12, 2], [12, 2, 12, 3], [12, 3, 10, 3], [10, 3, 10, 2], [10, 2, 4, 2], [4, 2, 4, 4], [4, 4, 3, 4], [3, 4, 3, 3], [3, 3, 2, 3]]}
META {"type": "geom", "shape": "tile", "group": "path", "data": [[29, 4], [29, 3], [28, 3], [27, 3], [27, 4], [27, 5], [28, 5], [29, 5], [29, 6], [28, 6], [28, 7], [28, 8], [28, 9], [28, 10], [28, 11], [28, 12], [27, 12], [26, 12], [25, 12], [24, 12], [23, 12], [22, 12], [22, 11], [22, 10], [22, 9], [22, 8], [23, 8], [24, 8], [25, 8], [26, 8], [27, 8], [28, 8], [28, 7], [28, 6], [28, 5], [28, 4], [28, 3], [28, 2], [27, 2], [26, 2], [25, 2], [24, 2], [23, 2], [22, 2], [22, 3], [22, 4], [21, 4], [21, 5], [21, 6], [20, 6], [19, 6], [18, 6], [17, 6], [17, 7], [16, 7], [16, 8], [16, 9], [15, 9], [14, 9], [14, 10], [14, 11], [15, 11], [16, 11], [15, 11], [14, 11], [13, 11], [12, 11], [11, 11], [10, 11], [10, 10], [10, 9], [9, 9], [9, 10], [9, 9], [9, 8], [9, 7], [9, 6], [9, 5], [9, 4], [10, 4], [11, 4], [11, 5], [11, 6], [11, 5], [11, 4], [11, 3], [11, 2], [12, 2], [12, 3], [11, 3], [10, 3], [10, 2], [9, 2], [8, 2], [7, 2], [6, 2], [5, 2], [4, 2], [4, 3], [4, 4], [3, 4], [3, 3], [2, 3]]}
META {"type": "geom", "shape": "line", "group": "offpath", "data": [[15, 10, 14, 10], [15, 13, 19, 13], [19, 13, 15, 13], [11, 5, 9, 5], [23, 10, 23, 12], [23, 12, 23, 10], [24, 10, 24, 8], [24, 9, 26, 9], [24, 8, 18, 8], [3, 6, 3, 7], [3, 7, 4, 7], [3, 12, 5, 12], [6, 10, 6, 11], [6, 11, 6, 10], [10, 10, 4, 10], [27, 10, 27, 12], [27, 12, 27, 10], [4, 10, 4, 6], [4, 6, 3, 6], [4, 7, 2, 7], [9, 8, 8, 8], [9, 5, 11, 5], [5, 13, 7, 13], [5, 12, 3, 12], [26, 9, 24, 9], [18, 10, 24, 10], [18, 4, 18, 10], [18, 8, 18, 4], [7, 13, 5, 13], [2, 7, 2, 11], [2, 11, 8, 11], [8, 10, 10, 10], [8, 8, 9, 8], [8, 3, 8, 2], [8, 11, 8, 12], [8, 2, 8, 3], [8, 12, 8, 10], [29, 11, 29, 12], [29, 12, 29, 11], [14, 10, 15, 10]]}
