XXXXXXXXXXXXXXXX
XXXXXXXXXXXXXXXX
XXXX}XXX----XXXX
XXXX-----#---XXX
XXXX--X------XXX
XXXX-XXXX-----XX
XX---XXXX---#-XX
XX---XXX------XX
XX---XXX--X---XX
XX-#------XX--XX
XX----X----X--XX
XXX--XX--X----XX
XXXX--X--XX---XX
XXXXX-----X---XX
XXXXX--#----XXXX
XXXXX----#--XXXX
XX----X----XXXXX
XX----XX--XXXXXX
XX##---XX--XXXXX
XX-----XXX-XXXXX
XX--#--XXX--XXXX
XX-----XXX--XXXX
XX----X-----XXXX
XX-#-XXXXXXXXXXX
XX---XXXXXXXXXXX
XX---XXX-XXXXXXX
XXX------XXXX-XX
XXX##-{--XXX--XX
XXX--XXXX-----XX
XXXXXXXXX--XXXXX
XXXXXXXXXXXXXXXX
XXXXXXXXXXXXXXXX
META {"type": "solver", "id": "pysat-rc2-boolonly", "objective": 0}
META {"type": "geom", "shape": "path", "group": "path", "data": [[27, 6, 27, 5], [27, 5, 26, 5], [26, 5, 26, 3], [26, 3, 24, 3], [24, 3, 24, 2], [24, 2, 25, 2], [25, 2, 19, 2], [19, 2, 19, 6], [19, 6, 18, 6], [18, 6, 18, 4], [18, 4, 16, 4], [16, 4, 16, 5], [16, 5, 22, 5], [22, 5, 12, 5], [12, 5, 12, 4], [12, 4, 2, 4]]}
META {"type": "geom", "shape": "tile", "group": "path", "data": [[27, 6], [27, 5], [26, 5], [26, 4], [26, 3], [25, 3], [24, 3], [24, 2], [25, 2], [24, 2], [23, 2], [22, 2], [21, 2], [20, 2], [19, 2], [19, 3], [19, 4], [19, 5], [19, 6], [18, 6], [18, 5], [18, 4], [17, 4], [16, 4], [16, 5], [17, 5], [18, 5], [19, 5], [20, 5], [21, 5], [22, 5], [21, 5], [20, 5], [19, 5], [18, 5], [17, 5], [16, 5], [15, 5], [14, 5], [13, 5], [12, 5], [12, 4], [11, 4], [10, 4], [9, 4], [8, 4], [7, 4], [6, 4], [5, 4], [4, 4], [3, 4], [2, 4]]}
META {"type": "geom", "shape": "line", "group": "offpath", "data": [[22, 7, 22, 11], [22, 10, 18, 10], [22, 11, 22, 7], [20, 2, 20, 3], [20, 6, 20, 5], [20, 3, 20, 2], [20, 5, 20, 6], [14, 10, 14, 11], [14, 6, 14, 5], [14, 11, 15, 11], [14, 5, 14, 6], [2, 8, 4, 8], [2, 11, 8, 11], [28, 12, 27, 12], [28, 10, 28, 9], [28, 9, 29, 9], [11, 11, 11, 13], [11, 13, 5, 13], [15, 11, 11, 11], [17, 9, 18, 9], [17, 8, 17, 9], [25, 8, 27, 8], [10, 7, 9, 7], [10, 9, 10, 7], [10, 5, 9, 5], [7, 10, 7, 8], [7, 2, 7, 4], [7, 8, 17, 8], [7, 4, 7, 2], [3, 7, 3, 8], [3, 12, 3, 10], [3, 10, 7, 10], [3, 8, 2, 8], [4, 7, 3, 7], [4, 12, 3, 12], [4, 9, 4, 7], [4, 8, 4, 12], [4, 4, 4, 5], [4, 5, 4, 4], [27, 7, 26, 7], [27, 12, 28, 12], [27, 8, 25, 8], [29, 10, 28, 10], [29, 9, 29, 10], [5, 9, 4, 9], [5, 13, 5, 9], [16, 10, 14, 10], [16, 9, 16, 10], [8, 11, 2, 11], [8, 3, 6, 3], [9, 7, 9, 9], [9, 12, 9, 13], [9, 9, 10, 9], [9, 13, 9, 12], [9, 5, 10, 5], [6, 9, 6, 11], [6, 2, 6, 4], [6, 11, 6, 9], [6, 4, 6, 2], [6, 3, 8, 3], [26, 7, 27, 7], [18, 10, 22, 10], [18, 9, 16, 9]]}
