XXXXXXXXXXXXXXXX
XXXXXXXXXXXXXXXX
XXXXXXXXXXXXXXXX
XXXXXXXXXX---XXX
XXXXXXXX--XX-XXX
XX}XXX-----X-XXX
XX-XXXX----XXXXX
XX---XX--#-XXXXX
XX----XX---XXXXX
XX-##-XX-----XXX
XX-----X--XX-XXX
XX------#--X-XXX
XX--XXX-------XX
XX--XXX--#--X-XX
XX--XXXX---XX-XX
XX--XXXXX---X-XX
XX--XXXXX-----XX
XX---XXXX-XX--XX
XX---XXXX--XX-XX
XX---XXX---XX-XX
XXX-----XX--X-XX
XXXXX--XXXX-XXXX
XXXXX---XXX--XXX
XXX--XX-XXX--XXX
XXX--XX------XXX
XXX---XX---#--XX
XX--#-XXX-----XX
XXX---XXX##-{-XX
XXX---XXX--XXXXX
XXXXX-XXX--XXXXX
XXXXXXXXXXXXXXXX
XXXXXXXXXXXXXXXX
META {"type": "solver", "id": "pysat-rc2", "objective": 0}
META {"type": "geom", "shape": "path", "group": "path", "data": [[27, 12, 27, 11], [27, 11, 26, 11], [26, 11, 26, 13], [26, 13, 26, 9], [26, 9, 24, 9], [24, 9, 24, 7], [24, 7, 22, 7], [22, 7, 22, 5], [22, 5, 20, 5], [20, 5, 20, 7], [20, 7, 20, 3], [20, 3, 10, 3], [10, 3, 10, 2], [10, 2, 10, 6], [10, 6, 11, 6], [11, 6, 11, 2], [11, 2, 5, 2]]}
META {"type": "geom", "shape": "tile", "group": "path", "data": [[27, 12], [27, 11], [26, 11], [26, 12], [26, 13], [26, 12], [26, 11], [26, 10], [26, 9], [25, 9], [24, 9], [24, 8], [24, 7], [23, 7], [22, 7], [22, 6], [22, 5], [21, 5], [20, 5], [20, 6], [20, 7], [20, 6], [20, 5], [20, 4], [20, 3], [19, 3], [18, 3], [17, 3], [16, 3], [15, 3], [14, 3], [13, 3], [12, 3], [11, 3], [10, 3], [10, 2], [10, 3], [10, 4], [10, 5], [10, 6], [11, 6], [11, 5], [11, 4], [11, 3], [11, 2], [10, 2], [9, 2], [8, 2], [7, 2], [6, 2], [5, 2]]}
META {"type": "geom", "shape": "line", "group": "offpath", "data": [[6, 9, 6, 10], [6, 10, 5, 10], [9, 8, 10, 8], [9, 10, 9, 8], [26, 3, 26, 2], [26, 2, 26, 3], [5, 7, 7, 7], [5, 10, 9, 10], [17, 12, 16, 12], [17, 2, 19, 2], [17, 4, 17, 2], [14, 8, 14, 10], [14, 10, 16, 10], [11, 9, 11, 10], [11, 10, 11, 9], [24, 3, 24, 4], [24, 4, 24, 3], [15, 11, 16, 11], [23, 3, 23, 4], [23, 4, 25, 4], [4, 9, 6, 9], [4, 8, 4, 9], [20, 6, 22, 6], [20, 11, 20, 10], [20, 10, 20, 11], [29, 9, 28, 9], [29, 10, 29, 9], [28, 9, 28, 10], [28, 10, 29, 10], [16, 9, 16, 13], [16, 12, 17, 12], [16, 3, 16, 2], [16, 2, 16, 3], [16, 11, 15, 11], [16, 13, 12, 13], [16, 10, 16, 9], [12, 7, 13, 7], [12, 9, 8, 9], [12, 8, 14, 8], [12, 13, 12, 7], [10, 9, 12, 9], [10, 8, 10, 9], [22, 6, 20, 6], [22, 12, 22, 11], [22, 11, 22, 12], [27, 13, 25, 13], [19, 2, 19, 4], [19, 4, 17, 4], [8, 9, 8, 10], [8, 8, 4, 8], [8, 10, 8, 8], [7, 7, 5, 7], [7, 2, 7, 4], [7, 4, 7, 2], [21, 6, 21, 5], [21, 5, 21, 6], [25, 3, 23, 3], [25, 8, 25, 10], [25, 13, 27, 13], [25, 10, 25, 8], [25, 4, 25, 3], [13, 7, 13, 8], [13, 11, 13, 10], [13, 8, 12, 8], [13, 10, 13, 11]]}
