XXXXXXXXXXXXXXXX
XXXXXXXXXXXXXXXX
XXXXXXX}XXX--XXX
XXXXX---XXXX--XX
XXXXX---XXXX--XX
XXXXXXX-XXXXXXXX
XX---XX-XXX-XXXX
XX----X----XXXXX
XX--#-----XXXXXX
XXX-----#-XXXXXX
XXX--##---XXXXXX
XXXX------XXX-XX
XXXX----------XX
XX----XX---##-XX
XX--X--X------XX
XX--XX--------XX
XXX--XXX-X-X--XX
XXX---XXXX-XXXXX
XXX##-XXXX--XXXX
XXX---XXX---XXXX
XX----XXX-#-XXXX
XX---X------XXXX
XX-#-XX-##--XXXX
XX----X-----XXXX
XX-----#--#---XX
XX--XX-------XXX
XX---XX-X---XXXX
XXX---XXX-#--XXX
XXX---XXX----XXX
XXX-{-XXX---XXXX
XXXXXXXXXXXXXXXX
XXXXXXXXXXXXXXXX
META {"type": "solver", "id": "pysat-rc2", "objective": 0}
META {"type": "geom", "shape": "path", "group": "path", "data": [[29, 4, 29, 5], [29, 5, 27, 5], [27, 5, 27, 3], [27, 3, 23, 3], [23, 3, 23, 5], [23, 5, 24, 5], [24, 5, 24, 6], [24, 6, 25, 6], [25, 6, 25, 12], [25, 12, 24, 12], [24, 12, 24, 11], [24, 11, 18, 11], [18, 11, 18, 10], [18, 10, 12, 10], [12, 10, 12, 4], [12, 4, 13, 4], [13, 4, 13, 5], [13, 5, 11, 5], [11, 5, 11, 9], [11, 9, 15, 9], [15, 9, 15, 13], [15, 13, 16, 13], [16, 13, 16, 12], [16, 12, 14, 12], [14, 12, 14, 8], [14, 8, 10, 8], [10, 8, 10, 7], [10, 7, 12, 7], [12, 7, 2, 7]]}
META {"type": "geom", "shape": "tile", "group": "path", "data": [[29, 4], [29, 5], [28, 5], [27, 5], [27, 4], [27, 3], [26, 3], [25, 3], [24, 3], [23, 3], [23, 4], [23, 5], [24, 5], [24, 6], [25, 6], [25, 7], [25, 8], [25, 9], [25, 10], [25, 11], [25, 12], [24, 12], [24, 11], [23, 11], [22, 11], [21, 11], [20, 11], [19, 11], [18, 11], [18, 10], [17, 10], [16, 10], [15, 10], [14, 10], [13, 10], [12, 10], [12, 9], [12, 8], [12, 7], [12, 6], [12, 5], [12, 4], [13, 4], [13, 5], [12, 5], [11, 5], [11, 6], [11, 7], [11, 8], [11, 9], [12, 9], [13, 9], [14, 9], [15, 9], [15, 10], [15, 11], [15, 12], [15, 13], [16, 13], [16, 12], [15, 12], [14, 12], [14, 11], [14, 10], [14, 9], [14, 8], [13, 8], [12, 8], [11, 8], [10, 8], [10, 7], [11, 7], [12, 7], [11, 7], [10, 7], [9, 7], [8, 7], [7, 7], [6, 7], [5, 7], [4, 7], [3, 7], [2, 7]]}
META {"type": "geom", "shape": "line", "group": "offpath", "data": [[21, 9, 19, 9], [21, 2, 21, 4], [21, 4, 21, 2], [2, 12, 2, 11], [2, 11, 2, 12], [29, 9, 23, 9], [29, 11, 29, 9], [23, 9, 23, 11], [23, 8, 25, 8], [23, 11, 29, 11], [14, 3, 14, 2], [14, 2, 14, 3], [15, 3, 13, 3], [15, 2, 15, 3], [8, 6, 9, 6], [8, 3, 6, 3], [8, 2, 8, 3], [12, 6, 11, 6], [19, 3, 19, 5], [19, 9, 21, 9], [19, 5, 19, 3], [26, 2, 20, 2], [6, 3, 6, 4], [6, 2, 8, 2], [6, 4, 6, 2], [3, 6, 4, 6], [3, 12, 4, 12], [3, 5, 4, 5], [3, 13, 3, 12], [20, 2, 26, 2], [13, 3, 13, 2], [13, 2, 15, 2], [13, 8, 13, 10], [13, 10, 13, 8], [27, 12, 27, 11], [27, 11, 27, 12], [9, 6, 8, 6], [9, 3, 9, 7], [9, 7, 9, 3], [24, 9, 24, 8], [24, 8, 24, 9], [22, 11, 22, 10], [22, 10, 22, 11], [25, 8, 23, 8], [4, 6, 3, 6], [4, 12, 4, 13], [4, 5, 3, 5], [4, 13, 3, 13], [11, 6, 12, 6]]}
