XXXXXXXXXXXXXXXX
XXXXXXXXXXXXXXXX
XXX}XXX-XXX--XXX
XXX-----------XX
XXX-----------XX
XXX--X-----XX-XX
XX--XXX-##--X-XX
XX--XXX-------XX
XXX-XXXX---X--XX
XXXXXXXX---XX-XX
XXXXXX---#--X-XX
XXXXXX--------XX
XXXX-------X--XX
XXXX-XX-#--XX-XX
XXX---X-----XXXX
XXX##-------XXXX
XXX----XX--XXXXX
XXXXXXXXX-XXXXXX
XXXXXXXXX--XXXXX
XXXX-------XXXXX
XX--#---#--XXXXX
XX----#---X--XXX
XX-#------XX--XX
XX---#-#---X--XX
XXX------#--X-XX
XXX---#----XXXXX
XXX-X-----XXXXXX
XX--XX-XXXXXXXXX
XX---X--XXXXXXXX
XX-{--X-XXXXXXXX
XXXXXXXXXXXXXXXX
XXXXXXXXXXXXXXXX
META {"type": "solver", "id": "pysat-rc2", "objective": 0}
META {"type": "geom", "shape": "path", "group": "path", "data": [[29, 3, 29, 2], [29, 2, 27, 2], [27, 2, 27, 3], [27, 3, 23, 3], [23, 3, 23, 4], [23, 4, 25, 4], [25, 4, 25, 5], [25, 5, 24, 5], [24, 5, 26, 5], [26, 5, 26, 9], [26, 9, 25, 9], [25, 9, 25, 10], [25, 10, 23, 10], [23, 10, 23, 8], [23, 8, 21, 8], [21, 8, 21, 9], [21, 9, 11, 9], [11, 9, 11, 13], [11, 13, 13, 13], [13, 13, 3, 13], [3, 13, 3, 3], [3, 3, 2, 3]]}
META {"type": "geom", "shape": "tile", "group": "path", "data": [[29, 3], [29, 2], [28, 2], [27, 2], [27, 3], [26, 3], [25, 3], [24, 3], [23, 3], [23, 4], [24, 4], [25, 4], [25, 5], [24, 5], [25, 5], [26, 5], [26, 6], [26, 7], [26, 8], [26, 9], [25, 9], [25, 10], [24, 10], [23, 10], [23, 9], [23, 8], [22, 8], [21, 8], [21, 9], [20, 9], [19, 9], [18, 9], [17, 9], [16, 9], [15, 9], [14, 9], [13, 9], [12, 9], [11, 9], [11, 10], [11, 11], [11, 12], [11, 13], [12, 13], [13, 13], [12, 13], [11, 13], [10, 13], [9, 13], [8, 13], [7, 13], [6, 13], [5, 13], [4, 13], [3, 13], [3, 12], [3, 11], [3, 10], [3, 9], [3, 8], [3, 7], [3, 6], [3, 5], [3, 4], [3, 3], [2, 3]]}
META {"type": "geom", "shape": "line", "group": "offpath", "data": [[28, 7, 29, 7], [28, 4, 29, 4], [6, 3, 6, 2], [6, 2, 6, 3], [24, 6, 22, 6], [24, 13, 22, 13], [14, 5, 16, 5], [14, 3, 14, 5], [14, 8, 15, 8], [14, 7, 10, 7], [14, 11, 14, 7], [14, 4, 14, 3], [29, 7, 28, 7], [29, 4, 28, 4], [8, 12, 8, 13], [8, 13, 8, 12], [23, 12, 23, 13], [23, 13, 24, 13], [20, 5, 20, 7], [20, 6, 19, 6], [20, 3, 21, 3], [20, 2, 20, 3], [20, 7, 20, 5], [4, 3, 4, 13], [4, 13, 4, 3], [3, 9, 5, 9], [3, 8, 5, 8], [5, 6, 5, 10], [5, 3, 5, 4], [5, 9, 3, 9], [5, 8, 3, 8], [5, 10, 5, 6], [5, 4, 5, 3], [12, 6, 10, 6], [12, 8, 12, 4], [12, 4, 14, 4], [21, 5, 22, 5], [21, 3, 21, 5], [21, 2, 20, 2], [21, 4, 21, 2], [16, 5, 16, 6], [16, 6, 15, 6], [16, 9, 16, 10], [16, 10, 16, 9], [10, 6, 12, 6], [10, 8, 12, 8], [10, 7, 10, 8], [22, 5, 22, 4], [22, 6, 24, 6], [22, 12, 23, 12], [22, 13, 22, 12], [22, 4, 21, 4], [15, 5, 15, 11], [15, 6, 15, 5], [15, 8, 14, 8], [15, 11, 14, 11], [19, 6, 20, 6], [19, 10, 19, 4], [19, 4, 19, 10], [18, 9, 18, 10], [18, 10, 18, 9]]}
