XXXXXXXXXXXXXXXX
XXXXXXXXXXXXXXXX
XXXXX}XXXXXXXXXX
XXXXX-XXXX---XXX
XX----XXXX---XXX
XX---------#-XXX
XX--XXXX------XX
XXX-XXXX------XX
XXX-XXXX--XXX-XX
XXX-XXX---XXX-XX
XXX---XX--XXX-XX
XX-X---XX-XXXXXX
XXXX---XX-XXXXXX
XXXX----X--XXXXX
XX---------XXXXX
XX--#------XXXXX
XXX---X-##----XX
XXX--XX-----#-XX
XXX---X-------XX
XXXXX------#--XX
XXXXXX--------XX
XXXXXX-XX-----XX
XXXX--XXX-----XX
XXXX--XXX-----XX
XXXX--XXX-XX--XX
XXXX-------X--XX
XX------{-----XX
XX--#-XXXXXX--XX
XXX---XXXXXX--XX
XXX---XXXXX-XXXX
XXXXXXXXXXXXXXXX
XXXXXXXXXXXXXXXX
META {"type": "solver", "id": "pysat-rc2-boolonly", "objective": 0}
META {"type": "geom", "shape": "path", "group": "path", "data": [[26, 8, 25, 8], [25, 8, 25, 4], [25, 4, 26, 4], [26, 4, 26, 2], [26, 2, 27, 2], [27, 2, 27, 3], [27, 3, 26, 3], [26, 3, 26, 13], [26, 13, 28, 13], [28, 13, 28, 12], [28, 12, 18, 12], [18, 12, 18, 13], [18, 13, 18, 7], [18, 7, 20, 7], [20, 7, 20, 6], [20, 6, 21, 6], [21, 6, 19, 6], [19, 6, 19, 10], [19, 10, 23, 10], [23, 10, 13, 10], [13, 10, 13, 9], [13, 9, 15, 9], [15, 9, 5, 9], [5, 9, 5, 10], [5, 10, 7, 10], [7, 10, 3, 10], [3, 10, 3, 12], [3, 12, 7, 12], [7, 12, 7, 8], [7, 8, 5, 8], [5, 8, 5, 2], [5, 2, 4, 2], [4, 2, 6, 2], [6, 2, 6, 3], [6, 3, 10, 3], [10, 3, 4, 3], [4, 3, 4, 5], [4, 5, 2, 5]]}
META {"type": "geom", "shape": "tile", "group": "path", "data": [[26, 8], [25, 8], [25, 7], [25, 6], [25, 5], [25, 4], [26, 4], [26, 3], [26, 2], [27, 2], [27, 3], [26, 3], [26, 4], [26, 5], [26, 6], [26, 7], [26, 8], [26, 9], [26, 10], [26, 11], [26, 12], [26, 13], [27, 13], [28, 13], [28, 12], [27, 12], [26, 12], [25, 12], [24, 12], [23, 12], [22, 12], [21, 12], [20, 12], [19, 12], [18, 12], [18, 13], [18, 12], [18, 11], [18, 10], [18, 9], [18, 8], [18, 7], [19, 7], [20, 7], [20, 6], [21, 6], [20, 6], [19, 6], [19, 7], [19, 8], [19, 9], [19, 10], [20, 10], [21, 10], [22, 10], [23, 10], [22, 10], [21, 10], [20, 10], [19, 10], [18, 10], [17, 10], [16, 10], [15, 10], [14, 10], [13, 10], [13, 9], [14, 9], [15, 9], [14, 9], [13, 9], [12, 9], [11, 9], [10, 9], [9, 9], [8, 9], [7, 9], [6, 9], [5, 9], [5, 10], [6, 10], [7, 10], [6, 10], [5, 10], [4, 10], [3, 10], [3, 11], [3, 12], [4, 12], [5, 12], [6, 12], [7, 12], [7, 11], [7, 10], [7, 9], [7, 8], [6, 8], [5, 8], [5, 7], [5, 6], [5, 5], [5, 4], [5, 3], [5, 2], [4, 2], [5, 2], [6, 2], [6, 3], [7, 3], [8, 3], [9, 3], [10, 3], [9, 3], [8, 3], [7, 3], [6, 3], [5, 3], [4, 3], [4, 4], [4, 5], [3, 5], [2, 5]]}
META {"type": "geom", "shape": "line", "group": "offpath", "data": [[22, 5, 22, 4], [22, 4, 22, 5], [23, 9, 23, 13], [23, 13, 23, 9], [16, 5, 16, 3], [16, 3, 16, 5], [16, 11, 18, 11], [14, 3, 14, 2], [14, 2, 15, 2], [19, 5, 18, 5], [4, 11, 3, 11], [24, 5, 24, 4], [24, 4, 24, 5], [24, 13, 24, 12], [24, 12, 24, 13], [25, 10, 26, 10], [3, 11, 4, 11], [6, 11, 7, 11], [8, 9, 8, 8], [8, 8, 8, 9], [28, 5, 28, 3], [28, 3, 28, 5], [26, 10, 25, 10], [29, 5, 29, 3], [29, 3, 29, 5], [12, 6, 12, 4], [12, 4, 12, 6], [21, 9, 21, 13], [21, 13, 21, 9], [11, 6, 15, 6], [15, 3, 14, 3], [15, 2, 15, 3], [15, 6, 11, 6], [27, 13, 27, 12], [27, 12, 27, 13], [18, 5, 19, 5], [18, 11, 16, 11], [7, 11, 6, 11]]}
