XXXXXXXXXXXXXXXX
XXXXXXXXXXXXXXXX
XXXXXX-XXX---XXX
XX}XXX-XXX--XXXX
XX-XXX----XXXXXX
XX-----X---XXXXX
XXX---XX-#-XXXXX
XXX-#--X---XXXXX
XXX----XX-----XX
XXX-----X-----XX
XXX-----XXX--XXX
XX----#-XXX-XXXX
XX##----XXX--XXX
XX--XX-----#-XXX
XXX--X-------XXX
XXX-----#----XXX
XXX----------XXX
XXX----X--#---XX
XX-----XX---#-XX
XXXXX---X-----XX
XXXXX##-------XX
XXXXX--#------XX
XXXXX-----X-XXXX
XXX-------XXXXXX
XXX-#--XX--XXXXX
XXX-----X--XXXXX
XXX--------XXXXX
XX----####---XXX
XX------------XX
XX--XX------{-XX
XXXXXXXXXXXXXXXX
XXXXXXXXXXXXXXXX
META {"type": "solver", "id": "pysat-rc2", "objective": 0}
META {"type": "geom", "shape": "path", "group": "path", "data": [[29, 12, 29, 6], [29, 6, 28, 6], [28, 6, 28, 2], [28, 2, 27, 2], [27, 2, 29, 2], [29, 2, 29, 3], [29, 3, 23, 3], [23, 3, 23, 9], [23, 9, 13, 9], [13, 9, 13, 10], [13, 10, 13, 6], [13, 6, 12, 6], [12, 6, 12, 7], [12, 7, 16, 7], [16, 7, 16, 3], [16, 3, 18, 3], [18, 3, 18, 2], [18, 2, 18, 6], [18, 6, 19, 6], [19, 6, 19, 7], [19, 7, 19, 5], [19, 5, 15, 5], [15, 5, 15, 3], [15, 3, 15, 7], [15, 7, 9, 7], [9, 7, 9, 3], [9, 3, 5, 3], [5, 3, 11, 3], [11, 3, 11, 5], [11, 5, 12, 5], [12, 5, 12, 4], [12, 4, 8, 4], [8, 4, 8, 6], [8, 6, 7, 6], [7, 6, 7, 5], [7, 5, 5, 5], [5, 5, 5, 6], [5, 6, 5, 2], [5, 2, 3, 2]]}
META {"type": "geom", "shape": "tile", "group": "path", "data": [[29, 12], [29, 11], [29, 10], [29, 9], [29, 8], [29, 7], [29, 6], [28, 6], [28, 5], [28, 4], [28, 3], [28, 2], [27, 2], [28, 2], [29, 2], [29, 3], [28, 3], [27, 3], [26, 3], [25, 3], [24, 3], [23, 3], [23, 4], [23, 5], [23, 6], [23, 7], [23, 8], [23, 9], [22, 9], [21, 9], [20, 9], [19, 9], [18, 9], [17, 9], [16, 9], [15, 9], [14, 9], [13, 9], [13, 10], [13, 9], [13, 8], [13, 7], [13, 6], [12, 6], [12, 7], [13, 7], [14, 7], [15, 7], [16, 7], [16, 6], [16, 5], [16, 4], [16, 3], [17, 3], [18, 3], [18, 2], [18, 3], [18, 4], [18, 5], [18, 6], [19, 6], [19, 7], [19, 6], [19, 5], [18, 5], [17, 5], [16, 5], [15, 5], [15, 4], [15, 3], [15, 4], [15, 5], [15, 6], [15, 7], [14, 7], [13, 7], [12, 7], [11, 7], [10, 7], [9, 7], [9, 6], [9, 5], [9, 4], [9, 3], [8, 3], [7, 3], [6, 3], [5, 3], [6, 3], [7, 3], [8, 3], [9, 3], [10, 3], [11, 3], [11, 4], [11, 5], [12, 5], [12, 4], [11, 4], [10, 4], [9, 4], [8, 4], [8, 5], [8, 6], [7, 6], [7, 5], [6, 5], [5, 5], [5, 6], [5, 5], [5, 4], [5, 3], [5, 2], [4, 2], [3, 2]]}
META {"type": "geom", "shape": "line", "group": "offpath", "data": [[4, 9, 5, 9], [17, 9, 17, 8], [17, 8, 17, 9], [17, 13, 21, 13], [27, 12, 27, 10], [27, 10, 27, 12], [8, 9, 7, 9], [8, 13, 8, 9], [5, 9, 4, 9], [5, 10, 9, 10], [7, 9, 7, 10], [7, 10, 5, 10], [21, 12, 19, 12], [21, 6, 21, 5], [21, 13, 17, 13], [21, 5, 21, 6], [22, 7, 23, 7], [29, 7, 28, 7], [29, 9, 28, 9], [29, 8, 28, 8], [3, 11, 2, 11], [3, 10, 3, 11], [23, 7, 22, 7], [14, 12, 14, 6], [14, 6, 14, 12], [19, 12, 21, 12], [26, 7, 25, 7], [2, 12, 2, 10], [2, 11, 2, 12], [2, 10, 3, 10], [9, 9, 9, 13], [9, 10, 9, 9], [9, 13, 8, 13], [28, 7, 29, 7], [28, 9, 29, 9], [28, 8, 29, 8], [6, 3, 6, 5], [6, 5, 6, 3], [25, 7, 26, 7], [25, 9, 25, 10], [25, 10, 25, 9]]}
