XXXXXXXXXXXXXXXX
XXXXXXXXXXXXXXXX
XXXX}XXXXXXXXXXX
XX---XXXXXXXXXXX
XX---XXXXXXXXXXX
XX--XXXXXXXXXXXX
XX-XXXXXXXX--XXX
XX-XXXXXXX---XXX
XX-XXXXX-----XXX
XX--XXXX---#-XXX
XX--XXX------XXX
XXX----------XXX
XXX---X---X--XXX
XXX--XXX--XX--XX
XX-#-XXX---X--XX
XX---XXX------XX
XXX--XXX------XX
XXX-----------XX
XXX-----##--#-XX
XXX---#-------XX
XX--------#--XXX
XX---X-X----XXXX
XX-X-XXX-#---XXX
XXXX-XXX---X-XXX
XXXX-------XXXXX
XXXX---XX--XXXXX
XX-----XX--XXXXX
XX---#--X-{---XX
XX-------XXX--XX
XXXXX--X-XXX--XX
XXXXXXXXXXXXXXXX
XXXXXXXXXXXXXXXX
META {"type": "solver", "id": "pysat-rc2", "objective": 0}
META {"type": "geom", "shape": "path", "group": "path", "data": [[27, 10, 21, 10], [21, 10, 21, 11], [21, 11, 15, 11], [15, 11, 15, 13], [15, 13, 19, 13], [19, 13, 13, 13], [13, 13, 13, 12], [13, 12, 17, 12], [17, 12, 17, 13], [17, 13, 17, 3], [17, 3, 15, 3], [15, 3, 21, 3], [21, 3, 21, 2], [21, 2, 21, 4], [21, 4, 11, 4], [11, 4, 11, 3], [11, 3, 9, 3], [9, 3, 9, 2], [9, 2, 3, 2], [3, 2, 3, 4], [3, 4, 2, 4]]}
META {"type": "geom", "shape": "tile", "group": "path", "data": [[27, 10], [26, 10], [25, 10], [24, 10], [23, 10], [22, 10], [21, 10], [21, 11], [20, 11], [19, 11], [18, 11], [17, 11], [16, 11], [15, 11], [15, 12], [15, 13], [16, 13], [17, 13], [18, 13], [19, 13], [18, 13], [17, 13], [16, 13], [15, 13], [14, 13], [13, 13], [13, 12], [14, 12], [15, 12], [16, 12], [17, 12], [17, 13], [17, 12], [17, 11], [17, 10], [17, 9], [17, 8], [17, 7], [17, 6], [17, 5], [17, 4], [17, 3], [16, 3], [15, 3], [16, 3], [17, 3], [18, 3], [19, 3], [20, 3], [21, 3], [21, 2], [21, 3], [21, 4], [20, 4], [19, 4], [18, 4], [17, 4], [16, 4], [15, 4], [14, 4], [13, 4], [12, 4], [11, 4], [11, 3], [10, 3], [9, 3], [9, 2], [8, 2], [7, 2], [6, 2], [5, 2], [4, 2], [3, 2], [3, 3], [3, 4], [2, 4]]}
META {"type": "geom", "shape": "line", "group": "offpath", "data": [[22, 2, 20, 2], [22, 12, 23, 12], [7, 10, 11, 10], [27, 4, 27, 2], [27, 2, 27, 4], [27, 13, 29, 13], [27, 12, 27, 13], [27, 7, 28, 7], [3, 3, 5, 3], [20, 2, 22, 2], [20, 9, 19, 9], [20, 6, 21, 6], [20, 7, 20, 9], [26, 2, 26, 6], [26, 6, 24, 6], [26, 5, 24, 5], [24, 4, 28, 4], [24, 10, 24, 4], [24, 6, 24, 10], [24, 5, 26, 5], [28, 4, 28, 2], [28, 2, 26, 2], [28, 7, 27, 7], [6, 11, 8, 11], [6, 12, 6, 11], [25, 4, 25, 6], [25, 10, 25, 9], [25, 9, 25, 10], [25, 6, 25, 4], [23, 10, 23, 8], [23, 12, 22, 12], [23, 8, 23, 10], [15, 2, 14, 2], [21, 9, 21, 8], [21, 6, 20, 6], [21, 8, 19, 8], [8, 11, 8, 12], [8, 12, 6, 12], [29, 13, 29, 12], [29, 12, 27, 12], [11, 10, 7, 10], [12, 11, 10, 11], [12, 7, 10, 7], [10, 11, 12, 11], [10, 7, 12, 7], [14, 2, 15, 2], [14, 10, 14, 8], [14, 8, 14, 10], [5, 3, 3, 3], [4, 4, 4, 2], [4, 2, 4, 4], [19, 9, 21, 9], [19, 5, 19, 3], [19, 7, 20, 7], [19, 3, 19, 5], [19, 8, 19, 7], [16, 4, 16, 3], [16, 3, 16, 4]]}
