XXXXXXXXXXXXXXXX
X0--X-X----X--1X
XXX----------XXX
XXX-XX--XXX--XXX
XXX-XX---------X
XX--XX--XX----XX
X-X-XX--XX----XX
XX-XXXXXXXXXXX-X
X-XXXXXXXXXXXX-X
X-XXXX-XX-----XX
X-XXXX-XX-----XX
X--XXX-XX--X---X
XXXXXX-----X-XXX
XXXXXX-----X-XXX
X2------------3X
XXXXXXXXXXXXXXXX
META {"type": "solver", "id": "pysat-rc2", "objective": 0}
META {"type": "geom", "shape": "path", "group": "path", "data": [[1, 1, 1, 2], [1, 2, 1, 3], [1, 3, 2, 3], [2, 3, 2, 4], [2, 4, 2, 5], [2, 5, 2, 6], [2, 6, 2, 7], [2, 7, 1, 7], [1, 7, 1, 8], [1, 8, 2, 8], [2, 8, 2, 9], [2, 9, 1, 9], [1, 9, 1, 10], [1, 10, 2, 10], [2, 10, 2, 11], [2, 11, 2, 12], [2, 12, 1, 12], [1, 12, 1, 13], [1, 13, 1, 14]]}
META {"type": "geom", "shape": "tile", "group": "path", "data": [[1, 1], [1, 2], [1, 3], [2, 3], [2, 4], [2, 5], [2, 6], [2, 7], [1, 7], [1, 8], [2, 8], [2, 9], [1, 9], [1, 10], [2, 10], [2, 11], [2, 12], [1, 12], [1, 13], [1, 14]]}
META {"type": "geom", "shape": "line", "group": "offpath", "data": [[14, 13, 14, 12], [14, 12, 14, 13], [5, 6, 5, 7], [5, 7, 4, 7], [4, 6, 5, 6], [4, 3, 3, 3], [4, 11, 3, 11], [4, 7, 3, 7], [4, 12, 4, 11], [3, 6, 4, 6], [3, 3, 4, 3], [3, 11, 3, 12], [3, 7, 3, 6], [3, 12, 4, 12], [9, 10, 10, 10], [10, 10, 9, 10]]}
META {"type": "geom", "shape": "path", "group": "path", "data": [[14, 1, 14, 2], [14, 2, 14, 3], [14, 3, 14, 4], [14, 4, 14, 5], [14, 5, 14, 6], [14, 6, 14, 7], [14, 7, 14, 8], [14, 8, 13, 8], [13, 8, 13, 9], [13, 9, 12, 9], [12, 9, 11, 9], [11, 9, 10, 9], [10, 9, 10, 10], [10, 10, 10, 11], [10, 11, 9, 11], [9, 11, 9, 12], [9, 12, 10, 12], [10, 12, 11, 12], [11, 12, 12, 12], [12, 12, 13, 12], [13, 12, 14, 12], [14, 12, 14, 13], [14, 13, 14, 14]]}
META {"type": "geom", "shape": "tile", "group": "path", "data": [[14, 1], [14, 2], [14, 3], [14, 4], [14, 5], [14, 6], [14, 7], [14, 8], [13, 8], [13, 9], [12, 9], [11, 9], [10, 9], [10, 10], [10, 11], [9, 11], [9, 12], [10, 12], [11, 12], [12, 12], [13, 12], [14, 12], [14, 13], [14, 14]]}
META {"type": "geom", "shape": "line", "group": "offpath", "data": [[14, 10, 14, 11], [14, 11, 14, 10], [9, 10, 9, 9], [9, 13, 10, 13], [9, 9, 9, 10], [12, 6, 12, 7], [12, 10, 11, 10], [12, 7, 12, 6], [10, 13, 9, 13], [11, 10, 12, 10], [11, 14, 11, 13], [11, 13, 11, 14]]}
