XXXXXXXXXXXXXXXX
X0-----------1XX
XXXXXXXXX-XXXXXX
XXXXXXXXX-XXXXXX
X--------X-----X
X-----XX-X-X-X-X
X-X---XX-X----XX
X-X------X--XX-X
X-X--XXX--X-XX-X
X-------------XX
XX--XXX-XXXXX-XX
XX--XXX-XXXXXXXX
XXX-----XXXXXXXX
XXX-XXXX-XX--XXX
X2------------3X
XXXXXXXXXXXXXXXX
META {"type": "solver", "id": "pysat-rc2-boolonly", "objective": 0}
META {"type": "geom", "shape": "path", "group": "path", "data": [[1, 1, 1, 2], [1, 2, 1, 3], [1, 3, 1, 4], [1, 4, 1, 5], [1, 5, 1, 6], [1, 6, 1, 7], [1, 7, 1, 8], [1, 8, 1, 9], [1, 9, 1, 10], [1, 10, 1, 11], [1, 11, 1, 12], [1, 12, 1, 13]]}
META {"type": "geom", "shape": "tile", "group": "path", "data": [[1, 1], [1, 2], [1, 3], [1, 4], [1, 5], [1, 6], [1, 7], [1, 8], [1, 9], [1, 10], [1, 11], [1, 12], [1, 13]]}
META {"type": "geom", "shape": "line", "group": "offpath", "data": [[7, 6, 7, 7], [7, 5, 7, 6], [7, 3, 6, 3], [7, 8, 8, 8], [7, 7, 7, 8], [8, 3, 7, 3], [8, 8, 9, 8], [8, 4, 8, 3], [9, 13, 9, 12], [9, 12, 9, 13], [9, 3, 9, 4], [9, 8, 9, 7], [9, 2, 9, 3], [9, 4, 8, 4], [9, 7, 10, 7], [6, 5, 7, 5], [6, 3, 6, 4], [6, 4, 6, 5], [2, 9, 3, 9], [5, 1, 4, 1], [5, 3, 4, 3], [5, 2, 4, 2], [5, 4, 5, 3], [11, 3, 10, 3], [11, 7, 12, 7], [4, 1, 5, 1], [4, 3, 4, 4], [4, 2, 5, 2], [4, 4, 5, 4], [12, 6, 12, 5], [12, 5, 12, 4], [12, 3, 11, 3], [12, 4, 12, 3], [12, 7, 12, 6], [3, 9, 2, 9], [14, 6, 14, 7], [14, 5, 14, 4], [14, 9, 14, 10], [14, 3, 13, 3], [14, 10, 14, 9], [14, 4, 14, 5], [14, 7, 14, 6], [13, 11, 13, 12], [13, 12, 13, 11], [13, 3, 14, 3], [10, 3, 10, 2], [10, 2, 9, 2], [10, 7, 11, 7]]}
META {"type": "geom", "shape": "path", "group": "path", "data": [[14, 1, 14, 2], [14, 2, 14, 3], [14, 3, 14, 4], [14, 4, 14, 5], [14, 5, 14, 6], [14, 6, 14, 7], [14, 7, 14, 8], [14, 8, 14, 9], [14, 9, 14, 10], [14, 10, 14, 11], [14, 11, 13, 11], [13, 11, 13, 12], [13, 12, 14, 12], [14, 12, 14, 13], [14, 13, 14, 14]]}
META {"type": "geom", "shape": "tile", "group": "path", "data": [[14, 1], [14, 2], [14, 3], [14, 4], [14, 5], [14, 6], [14, 7], [14, 8], [14, 9], [14, 10], [14, 11], [13, 11], [13, 12], [14, 12], [14, 13], [14, 14]]}
META {"type": "geom", "shape": "line", "group": "offpath", "data": [[5, 3, 4, 3], [4, 3, 5, 3]]}
