XXXXXXXXXXXXXXXX
XXXXXXXXXXXXXXXX
XX--XXX-XXX}XXXX
XX------XXX--XXX
XXXX---#--XX-XXX
XXXX##-----X-XXX
XX----X-#-----XX
XX---XX----#--XX
XXXX--XX------XX
XXXX--XX-X---XXX
XXXX---X-XX-XXXX
XXX-------X-XXXX
XX---XX-----XXXX
XX-#--X-XX--XXXX
XX-------X---XXX
XX--XX-------XXX
XX---X--#-XX--XX
XX##--#---XX--XX
XX---------X--XX
XX-------#--X-XX
XXX--X-----XX-XX
XXX-XX------X-XX
XXX--X-##-----XX
XXX-------#---XX
XXX----------XXX
XX--#--XX--XXXXX
XX------X---XXXX
XX----#-----XXXX
XXXX--------XXXX
XXXXXX--{--XXXXX
XXXXXXXXXXXXXXXX
XXXXXXXXXXXXXXXX
META {"type": "solver", "id": "pysat-rc2", "objective": 0}
META {"type": "geom", "shape": "path", "group": "path", "data": [[29, 8, 27, 8], [27, 8, 27, 7], [27, 7, 27, 11], [27, 11, 26, 11], [26, 11, 26, 9], [26, 9, 20, 9], [20, 9, 20, 10], [20, 10, 18, 10], [18, 10, 22, 10], [22, 10, 22, 9], [22, 9, 22, 13], [22, 13, 16, 13], [16, 13, 16, 12], [16, 12, 18, 12], [18, 12, 14, 12], [14, 12, 14, 10], [14, 10, 15, 10], [15, 10, 15, 12], [15, 12, 15, 6], [15, 6, 14, 6], [14, 6, 14, 2], [14, 2, 16, 2], [16, 2, 16, 4], [16, 4, 20, 4], [20, 4, 20, 3], [20, 3, 18, 3], [18, 3, 18, 2], [18, 2, 19, 2], [19, 2, 19, 8], [19, 8, 21, 8], [21, 8, 17, 8], [17, 8, 17, 9], [17, 9, 17, 7], [17, 7, 21, 7], [21, 7, 11, 7], [11, 7, 11, 3], [11, 3, 11, 9], [11, 9, 12, 9], [12, 9, 12, 11], [12, 11, 8, 11], [8, 11, 8, 13], [8, 13, 6, 13], [6, 13, 6, 9], [6, 9, 8, 9], [8, 9, 8, 8], [8, 8, 7, 8], [7, 8, 7, 10], [7, 10, 9, 10], [9, 10, 9, 12], [9, 12, 3, 12], [3, 12, 3, 11], [3, 11, 2, 11]]}
META {"type": "geom", "shape": "tile", "group": "path", "data": [[29, 8], [28, 8], [27, 8], [27, 7], [27, 8], [27, 9], [27, 10], [27, 11], [26, 11], [26, 10], [26, 9], [25, 9], [24, 9], [23, 9], [22, 9], [21, 9], [20, 9], [20, 10], [19, 10], [18, 10], [19, 10], [20, 10], [21, 10], [22, 10], [22, 9], [22, 10], [22, 11], [22, 12], [22, 13], [21, 13], [20, 13], [19, 13], [18, 13], [17, 13], [16, 13], [16, 12], [17, 12], [18, 12], [17, 12], [16, 12], [15, 12], [14, 12], [14, 11], [14, 10], [15, 10], [15, 11], [15, 12], [15, 11], [15, 10], [15, 9], [15, 8], [15, 7], [15, 6], [14, 6], [14, 5], [14, 4], [14, 3], [14, 2], [15, 2], [16, 2], [16, 3], [16, 4], [17, 4], [18, 4], [19, 4], [20, 4], [20, 3], [19, 3], [18, 3], [18, 2], [19, 2], [19, 3], [19, 4], [19, 5], [19, 6], [19, 7], [19, 8], [20, 8], [21, 8], [20, 8], [19, 8], [18, 8], [17, 8], [17, 9], [17, 8], [17, 7], [18, 7], [19, 7], [20, 7], [21, 7], [20, 7], [19, 7], [18, 7], [17, 7], [16, 7], [15, 7], [14, 7], [13, 7], [12, 7], [11, 7], [11, 6], [11, 5], [11, 4], [11, 3], [11, 4], [11, 5], [11, 6], [11, 7], [11, 8], [11, 9], [12, 9], [12, 10], [12, 11], [11, 11], [10, 11], [9, 11], [8, 11], [8, 12], [8, 13], [7, 13], [6, 13], [6, 12], [6, 11], [6, 10], [6, 9], [7, 9], [8, 9], [8, 8], [7, 8], [7, 9], [7, 10], [8, 10], [9, 10], [9, 11], [9, 12], [8, 12], [7, 12], [6, 12], [5, 12], [4, 12], [3, 12], [3, 11], [2, 11]]}
META {"type": "geom", "shape": "line", "group": "offpath", "data": [[13, 5, 14, 5], [17, 12, 17, 13], [17, 13, 17, 12], [25, 2, 25, 3], [25, 3, 27, 3], [15, 8, 14, 8], [23, 5, 23, 9], [23, 8, 24, 8], [23, 9, 29, 9], [23, 11, 23, 13], [23, 13, 23, 11], [27, 5, 23, 5], [27, 2, 25, 2], [27, 3, 27, 5], [4, 4, 4, 6], [4, 5, 3, 5], [4, 6, 4, 4], [2, 2, 3, 2], [3, 5, 4, 5], [3, 6, 5, 6], [3, 2, 2, 2], [12, 4, 12, 2], [12, 2, 12, 4], [24, 8, 23, 8], [5, 6, 3, 6], [29, 10, 29, 6], [29, 6, 28, 6], [29, 9, 29, 10], [7, 4, 7, 2], [7, 2, 7, 4], [14, 5, 13, 5], [14, 8, 15, 8], [26, 4, 26, 2], [26, 2, 27, 2], [28, 4, 26, 4], [28, 6, 28, 4]]}
