XXXXXXXXXXXXXXXX
XXXXXXXXXXXXXXXX
XXXXXX}XXX---XXX
XXXXXX--------XX
XXX---------#-XX
XX---#-#------XX
XX------------XX
XX-#------#---XX
XX---####-----XX
XX-----------XXX
XX----------XXXX
XX-X---XX---XXXX
XX-XXX--XX---XXX
XX-XXX--XX-#-XXX
XX-------X---XXX
XX------------XX
XX##--X-----X-XX
XX--XXXXXXX-XXXX
XX--XXXXXXX-XXXX
XX--XXXXXXX--XXX
XX--XXX------XXX
XXX----#---XXXXX
XXX--------XXXXX
XXX--XX--#-XXXXX
XX-#-XX-------XX
XX----X---###-XX
XXX-----{-----XX
XXX--XXXXX----XX
XXXX--XXXXX---XX
XXXXX-XXXXXXXXXX
XXXXXXXXXXXXXXXX
XXXXXXXXXXXXXXXX
META {"type": "solver", "id": "pysat-rc2", "objective": 0}
META {"type": "geom", "shape": "path", "group": "path", "data": [[26, 8, 20, 8], [20, 8, 20, 12], [20, 12, 19, 12], [19, 12, 19, 11], [19, 11, 20, 11], [20, 11, 14, 11], [14, 11, 14, 12], [14, 12, 15, 12], [15, 12, 15, 2], [15, 2, 5, 2], [5, 2, 5, 4], [5, 4, 11, 4], [11, 4, 11, 6], [11, 6, 9, 6], [9, 6, 9, 12], [9, 12, 5, 12], [5, 12, 5, 8], [5, 8, 7, 8], [7, 8, 7, 9], [7, 9, 11, 9], [11, 9, 11, 11], [11, 11, 12, 11], [12, 11, 2, 11], [2, 11, 2, 10], [2, 10, 2, 12], [2, 12, 3, 12], [3, 12, 3, 6], [3, 6, 2, 6]]}
META {"type": "geom", "shape": "tile", "group": "path", "data": [[26, 8], [25, 8], [24, 8], [23, 8], [22, 8], [21, 8], [20, 8], [20, 9], [20, 10], [20, 11], [20, 12], [19, 12], [19, 11], [20, 11], [19, 11], [18, 11], [17, 11], [16, 11], [15, 11], [14, 11], [14, 12], [15, 12], [15, 11], [15, 10], [15, 9], [15, 8], [15, 7], [15, 6], [15, 5], [15, 4], [15, 3], [15, 2], [14, 2], [13, 2], [12, 2], [11, 2], [10, 2], [9, 2], [8, 2], [7, 2], [6, 2], [5, 2], [5, 3], [5, 4], [6, 4], [7, 4], [8, 4], [9, 4], [10, 4], [11, 4], [11, 5], [11, 6], [10, 6], [9, 6], [9, 7], [9, 8], [9, 9], [9, 10], [9, 11], [9, 12], [8, 12], [7, 12], [6, 12], [5, 12], [5, 11], [5, 10], [5, 9], [5, 8], [6, 8], [7, 8], [7, 9], [8, 9], [9, 9], [10, 9], [11, 9], [11, 10], [11, 11], [12, 11], [11, 11], [10, 11], [9, 11], [8, 11], [7, 11], [6, 11], [5, 11], [4, 11], [3, 11], [2, 11], [2, 10], [2, 11], [2, 12], [3, 12], [3, 11], [3, 10], [3, 9], [3, 8], [3, 7], [3, 6], [2, 6]]}
META {"type": "geom", "shape": "line", "group": "offpath", "data": [[20, 9, 22, 9], [20, 10, 24, 10], [27, 3, 25, 3], [17, 3, 17, 2], [17, 2, 17, 3], [10, 3, 8, 3], [10, 8, 9, 8], [3, 7, 4, 7], [9, 8, 10, 8], [9, 5, 11, 5], [26, 9, 24, 9], [26, 3, 27, 3], [26, 5, 26, 3], [21, 6, 22, 6], [28, 13, 28, 11], [28, 11, 28, 13], [25, 3, 25, 5], [25, 2, 24, 2], [25, 5, 26, 5], [24, 9, 26, 9], [24, 2, 25, 2], [24, 10, 20, 10], [7, 13, 7, 11], [7, 11, 7, 13], [22, 6, 21, 6], [22, 9, 20, 9], [4, 7, 3, 7], [8, 3, 10, 3], [11, 5, 9, 5]]}
