XXXXXXXXXXXXXXXX
XXXXXXX-XXXX-XXX
XXXXXXX--XX-X-1X
X0-XX--XXXXXXXXX
XXXXXX-XXXXXXXXX
XXXXXX---XX----X
X--------XX----X
XX--X----XX---XX
X---X----XX-X-XX
XXX-X-------X--X
XXX-X-------X-XX
X--X-XXXXXXX---X
XXX---------XXXX
XXX---------XXXX
X2------XX----3X
XXXXXXXXXXXXXXXX
META {"type": "solver", "id": "pysat-rc2", "objective": 0}
META {"type": "geom", "shape": "path", "group": "path", "data": [[14, 1, 14, 2], [14, 2, 14, 3], [14, 3, 13, 3], [13, 3, 13, 4], [13, 4, 12, 4], [12, 4, 12, 5], [12, 5, 12, 6], [12, 6, 12, 7], [12, 7, 13, 7], [13, 7, 13, 8], [13, 8, 13, 9], [13, 9, 13, 10], [13, 10, 13, 11], [13, 11, 14, 11], [14, 11, 14, 12], [14, 12, 14, 13], [14, 13, 14, 14]]}
META {"type": "geom", "shape": "tile", "group": "path", "data": [[14, 1], [14, 2], [14, 3], [13, 3], [13, 4], [12, 4], [12, 5], [12, 6], [12, 7], [13, 7], [13, 8], [13, 9], [13, 10], [13, 11], [14, 11], [14, 12], [14, 13], [14, 14]]}
META {"type": "geom", "shape": "line", "group": "offpath", "data": [[7, 13, 6, 13], [7, 11, 8, 11], [7, 12, 7, 13], [11, 13, 10, 13], [8, 13, 9, 13], [8, 11, 7, 11], [9, 13, 8, 13], [9, 11, 9, 10], [9, 10, 9, 11], [6, 13, 6, 14], [6, 14, 5, 14], [6, 11, 5, 11], [6, 12, 7, 12], [5, 13, 5, 12], [5, 14, 5, 13], [5, 11, 6, 11], [5, 12, 6, 12], [10, 13, 11, 13]]}
