XXXXXXXXXXXXXXXX
XX0--XXXXXXX--1X
XXXX---------XXX
XXXX-X--XXX--XXX
XXXX---X-------X
X---X---XX----XX
XX--X---XX-----X
X---X----------X
XX----------XX-X
X-XX-XX----XXXXX
X-XX-XX-XX-XXXXX
XXXXXXXXXXX----X
XXXXXXXXXXX-XXXX
XXX-XX-XX---XXXX
X2--XX-XX-XX--3X
XXXXXXXXXXXXXXXX
META {"type": "solver", "id": "pysat-rc2", "objective": 0}
META {"type": "geom", "shape": "path", "group": "path", "data": [[1, 2, 1, 3], [1, 3, 1, 4], [1, 4, 2, 4], [2, 4, 3, 4], [3, 4, 4, 4], [4, 4, 4, 5], [4, 5, 5, 5], [5, 5, 6, 5], [6, 5, 7, 5], [7, 5, 7, 6], [7, 6, 7, 7], [7, 7, 7, 8], [7, 8, 8, 8], [8, 8, 9, 8], [9, 8, 9, 9], [9, 9, 9, 10], [9, 10, 8, 10], [8, 10, 7, 10], [7, 10, 7, 11], [7, 11, 7, 12], [7, 12, 7, 13], [7, 13, 6, 13], [6, 13, 5, 13], [5, 13, 4, 13], [4, 13, 4, 12], [4, 12, 5, 12], [5, 12, 5, 11], [5, 11, 4, 11], [4, 11, 3, 11], [3, 11, 2, 11], [2, 11, 2, 12], [2, 12, 1, 12], [1, 12, 1, 13], [1, 13, 1, 14]]}
META {"type": "geom", "shape": "tile", "group": "path", "data": [[1, 2], [1, 3], [1, 4], [2, 4], [3, 4], [4, 4], [4, 5], [5, 5], [6, 5], [7, 5], [7, 6], [7, 7], [7, 8], [8, 8], [9, 8], [9, 9], [9, 10], [8, 10], [7, 10], [7, 11], [7, 12], [7, 13], [6, 13], [5, 13], [4, 13], [4, 12], [5, 12], [5, 11], [4, 11], [3, 11], [2, 11], [2, 12], [1, 12], [1, 13], [1, 14]]}
META {"type": "geom", "shape": "line", "group": "offpath", "data": [[3, 6, 4, 6], [13, 9, 13, 10], [13, 10, 13, 9], [8, 6, 8, 7], [8, 7, 8, 6], [2, 5, 2, 6], [2, 6, 2, 5], [2, 9, 2, 10], [2, 10, 2, 9], [4, 6, 3, 6], [4, 10, 5, 10], [5, 10, 4, 10]]}
