XXXXXXXXXXXXXXXXXXXXXXXXXXXXXXXX
X---XXX-X-X--XX---X----XXXX-X--X
XXXXXXXX-----------XXX-XXXXX-XXX
XXXXXXXX--X------XXXXXX-XXXX-XXX
X--}XXXX-X-XXX--XXXXXXX--------X
X-XXXXXX-X-XXX--XXXXX--X--XXX-XX
X-XXXXXX-X----XX------X-X------X
X----XXX------XX-XXX--X-X---X-XX
X---------------------X-X-XX-X-X
X------------XXX------X--XXXXXXX
X------------XXX-X-XX-X--XXXXXXX
X-XXX-XXX--XX---X-XXXX--XXXX{--X
X-----XXXXXXXXX-X-XXXX--XXXXXX-X
XX----XXXXXXXXX-X--XX----XXXXX-X
X------------------------------X
XXXXXXXXXXXXXXXXXXXXXXXXXXXXXXXX
META {"type": "solver", "id": "pysat-rc2-boolonly", "objective": 0}
META {"type": "geom", "shape": "path", "group": "path", "data": [[11, 28, 11, 29], [11, 29, 11, 30], [11, 30, 12, 30], [12, 30, 13, 30], [13, 30, 14, 30], [14, 30, 14, 29], [14, 29, 14, 28], [14, 28, 14, 27], [14, 27, 14, 26], [14, 26, 14, 25], [14, 25, 14, 24], [14, 24, 14, 23], [14, 23, 14, 22], [14, 22, 14, 21], [14, 21, 14, 20], [14, 20, 14, 19], [14, 19, 14, 18], [14, 18, 14, 17], [14, 17, 14, 16], [14, 16, 14, 15], [14, 15, 14, 14], [14, 14, 14, 13], [14, 13, 14, 12], [14, 12, 14, 11], [14, 11, 14, 10], [14, 10, 14, 9], [14, 9, 14, 8], [14, 8, 14, 7], [14, 7, 14, 6], [14, 6, 14, 5], [14, 5, 13, 5], [13, 5, 12, 5], [12, 5, 11, 5], [11, 5, 10, 5], [10, 5, 9, 5], [9, 5, 8, 5], [8, 5, 8, 4], [8, 4, 7, 4], [7, 4, 7, 3], [7, 3, 7, 2], [7, 2, 7, 1], [7, 1, 6, 1], [6, 1, 5, 1], [5, 1, 4, 1], [4, 1, 4, 2], [4, 2, 4, 3]]}
