XXXXXXXXXXXXXXXXXXXXXXXXXXXXXXXX
X---}XXX----------XXX--------X-X
XX-XXXXXX-XXXXXX-XXXX----XX----X
X--XXXXXX-------XXXXXX--XXXX--XX
X-X---XXX-X-XXX-XXXXXX--XXXX--XX
X-X-X-XXX--XXXXX-XXXX-XX-XX-XX-X
X-X-X-XXX--XXXXXX-XXXXXXX--XXXXX
X-X-X-XXXXX--XXXXXXXXXXXX--XXXXX
X-X-X-XXXXX-X-XXXXXXX-XX-XX----X
X---X--XX---X--XX-------XXXXX-XX
X-----------X------XX--XXXXXX--X
X--X-X-------------XX--XXXX{---X
XXXXXXXXX-X-------X-----XXXXX-XX
XXXXXXXXX-------X--XXXX-XXXXX--X
X------------------------------X
XXXXXXXXXXXXXXXXXXXXXXXXXXXXXXXX
META {"type": "solver", "id": "pysat-rc2-boolonly", "objective": 0}
META {"type": "geom", "shape": "path", "group": "path", "data": [[11, 27, 11, 28], [11, 28, 11, 29], [11, 29, 12, 29], [12, 29, 13, 29], [13, 29, 14, 29], [14, 29, 14, 28], [14, 28, 14, 27], [14, 27, 14, 26], [14, 26, 14, 25], [14, 25, 14, 24], [14, 24, 14, 23], [14, 23, 14, 22], [14, 22, 14, 21], [14, 21, 14, 20], [14, 20, 14, 19], [14, 19, 14, 18], [14, 18, 13, 18], [13, 18, 13, 17], [13, 17, 12, 17], [12, 17, 11, 17], [11, 17, 11, 16], [11, 16, 11, 15], [11, 15, 11, 14], [11, 14, 11, 13], [11, 13, 11, 12], [11, 12, 11, 11], [11, 11, 10, 11], [10, 11, 10, 10], [10, 10, 10, 9], [10, 9, 10, 8], [10, 8, 10, 7], [10, 7, 10, 6], [10, 6, 10, 5], [10, 5, 10, 4], [10, 4, 10, 3], [10, 3, 9, 3], [9, 3, 9, 2], [9, 2, 9, 1], [9, 1, 8, 1], [8, 1, 7, 1], [7, 1, 6, 1], [6, 1, 5, 1], [5, 1, 4, 1], [4, 1, 3, 1], [3, 1, 3, 2], [3, 2, 2, 2], [2, 2, 1, 2], [1, 2, 1, 3], [1, 3, 1, 4]]}
