XXXXXXXXXXXXXXXXXXXXXXXXXXXXXXXX
X--}XXX-XXXXXXX-X-----XX----XX-X
X-XXXXXX-XXXXXX---XXXX--XXXX--XX
X-XXXXXX----XX---X-----XXXXXX--X
X---XXXX---------X-XXXXXXXXXX-XX
X-X--------------X-XXXXXXXXXXXXX
XXXXXXXXX------X--------XXXXXXXX
XXXXXXXXX-XXXX---------X-------X
X----------------------X--XX---X
X--XX--------XXX-----X-X-XXXXX-X
X--XX-XXX---XXXX-------X-XXXXX-X
XX----XXX---XXXX---------XXX{--X
X-XX------XX-XX---X---XXXXXXXX-X
X-XX-XXXX-XX---XXX----XXXXXXXX-X
X-------------------XX---------X
XXXXXXXXXXXXXXXXXXXXXXXXXXXXXXXX
META {"type": "solver", "id": "pysat-rc2", "objective": 0}
META {"type": "geom", "shape": "path", "group": "path", "data": [[11, 28, 11, 29], [11, 29, 11, 30], [11, 30, 10, 30], [10, 30, 9, 30], [9, 30, 8, 30], [8, 30, 7, 30], [7, 30, 7, 29], [7, 29, 7, 28], [7, 28, 7, 27], [7, 27, 7, 26], [7, 26, 7, 25], [7, 25, 7, 24], [7, 24, 8, 24], [8, 24, 9, 24], [9, 24, 10, 24], [10, 24, 11, 24], [11, 24, 11, 23], [11, 23, 11, 22], [11, 22, 10, 22], [10, 22, 9, 22], [9, 22, 8, 22], [8, 22, 7, 22], [7, 22, 6, 22], [6, 22, 6, 21], [6, 21, 6, 20], [6, 20, 6, 19], [6, 19, 6, 18], [6, 18, 6, 17], [6, 17, 6, 16], [6, 16, 5, 16], [5, 16, 5, 15], [5, 15, 5, 14], [5, 14, 5, 13], [5, 13, 5, 12], [5, 12, 5, 11], [5, 11, 5, 10], [5, 10, 5, 9], [5, 9, 5, 8], [5, 8, 5, 7], [5, 7, 5, 6], [5, 6, 5, 5], [5, 5, 5, 4], [5, 4, 5, 3], [5, 3, 4, 3], [4, 3, 4, 2], [4, 2, 4, 1], [4, 1, 3, 1], [3, 1, 2, 1], [2, 1, 1, 1], [1, 1, 1, 2], [1, 2, 1, 3]]}
