XXXXXXXXXXXXXXXXXXXXXXXXXXXXXXXX
X---}XXXXXXXX-XXXX-X---XX-XX-X-X
X--XXXXXXXXX--XXX-X-XX------X-XX
XX-XXXXXX----------XXXXXX----X-X
X--XXXXX---X----XXXXXXXXXX-XXXXX
X---XXXX--X-----XXXXXXXXXX-XXXXX
X----XXX---------------XXX-----X
X---------XX-XX-XXX--------XXX-X
X-----XX-XXXXXXX-----X--XXX----X
X--X--XX-XXXXXXX-----X--XXXXX-XX
X--------------------X--XXXXX--X
X---------XXXXX---XX-X--XXX{---X
X---------XXXXXXXXXXX---XXXXXX-X
X---------XXXXXXXXXXX---XXXXXX-X
X------------------------------X
XXXXXXXXXXXXXXXXXXXXXXXXXXXXXXXX
META {"type": "solver", "id": "pysat-rc2", "objective": 0}
META {"type": "geom", "shape": "path", "group": "path", "data": [[11, 27, 11, 28], [11, 28, 11, 29], [11, 29, 10, 29], [10, 29, 9, 29], [9, 29, 8, 29], [8, 29, 8, 30], [8, 30, 7, 30], [7, 30, 6, 30], [6, 30, 6, 29], [6, 29, 6, 28], [6, 28, 6, 27], [6, 27, 6, 26], [6, 26, 7, 26], [7, 26, 7, 25], [7, 25, 7, 24], [7, 24, 7, 23], [7, 23, 7, 22], [7, 22, 6, 22], [6, 22, 6, 21], [6, 21, 6, 20], [6, 20, 6, 19], [6, 19, 6, 18], [6, 18, 6, 17], [6, 17, 6, 16], [6, 16, 6, 15], [6, 15, 6, 14], [6, 14, 6, 13], [6, 13, 6, 12], [6, 12, 6, 11], [6, 11, 6, 10], [6, 10, 6, 9], [6, 9, 6, 8], [6, 8, 7, 8], [7, 8, 7, 7], [7, 7, 7, 6], [7, 6, 7, 5], [7, 5, 7, 4], [7, 4, 6, 4], [6, 4, 6, 3], [6, 3, 5, 3], [5, 3, 5, 2], [5, 2, 4, 2], [4, 2, 3, 2], [3, 2, 2, 2], [2, 2, 1, 2], [1, 2, 1, 3], [1, 3, 1, 4]]}
