XXXXXXXXXXXXXXXXXXXXXXXXXXXXXXXX
X---}XXXXX--X--X-X-XX-XX-X-----X
X-XXXXXX----------X--------X-X-X
X-XXXXXX-X-XXXXXX--XX--------X-X
X------------------XX-XXX-XX-X-X
X-----------XXX------XXXXXXXX-XX
X-----------XXXXX----XXXXXXXXXXX
X-----------XXXXX-XXXXXX--XXXXXX
X-----XXX-XX------XXXXXX-XXXX-XX
X--XX----XXXX-X------XX-XXXXXXXX
XXXXXX---XXXX-X---------XXXXXXXX
XXXXXX-X--XX--X-XX-X----XXX{---X
X--------------XXXXXXXX-XXXXX--X
XX-XXX-----XXX-XXXXXXXX-XXXXX-XX
X------------------------------X
XXXXXXXXXXXXXXXXXXXXXXXXXXXXXXXX
META {"type": "solver", "id": "pysat-rc2", "objective": 0}
META {"type": "geom", "shape": "path", "group": "path", "data": [[11, 27, 11, 28], [11, 28, 11, 29], [11, 29, 12, 29], [12, 29, 13, 29], [13, 29, 14, 29], [14, 29, 14, 28], [14, 28, 14, 27], [14, 27, 14, 26], [14, 26, 14, 25], [14, 25, 14, 24], [14, 24, 14, 23], [14, 23, 13, 23], [13, 23, 12, 23], [12, 23, 11, 23], [11, 23, 10, 23], [10, 23, 10, 22], [10, 22, 10, 21], [10, 21, 10, 20], [10, 20, 9, 20], [9, 20, 9, 19], [9, 19, 9, 18], [9, 18, 9, 17], [9, 17, 8, 17], [8, 17, 7, 17], [7, 17, 6, 17], [6, 17, 5, 17], [5, 17, 4, 17], [4, 17, 4, 16], [4, 16, 4, 15], [4, 15, 4, 14], [4, 14, 4, 13], [4, 13, 4, 12], [4, 12, 4, 11], [4, 11, 4, 10], [4, 10, 4, 9], [4, 9, 4, 8], [4, 8, 4, 7], [4, 7, 4, 6], [4, 6, 4, 5], [4, 5, 4, 4], [4, 4, 4, 3], [4, 3, 4, 2], [4, 2, 4, 1], [4, 1, 3, 1], [3, 1, 2, 1], [2, 1, 1, 1], [1, 1, 1, 2], [1, 2, 1, 3], [1, 3, 1, 4]]}
