XXXXXXXXXXXXXXXX
XXX0--XX-XXX--1X
XXXXX----XXX-XXX
XXXXX--------XXX
X-----------X--X
XX----XX-------X
X--X--XX--XXXX-X
X--X------XXXX-X
XX-X-----------X
X-X------------X
XX-----XXXXXXXXX
X--XX--XXXXXXXXX
XXXXXX-------XXX
XXXXXX-XXXXX-XXX
X2-XX---------3X
XXXXXXXXXXXXXXXX
META {"type": "solver", "id": "pysat-rc2", "objective": 0}
META {"type": "geom", "shape": "path", "group": "path", "data": [[1, 3, 1, 4], [1, 4, 1, 5], [1, 5, 2, 5], [2, 5, 3, 5], [3, 5, 4, 5], [4, 5, 4, 4], [4, 4, 5, 4], [5, 4, 6, 4], [6, 4, 6, 5], [6, 5, 7, 5], [7, 5, 7, 6], [7, 6, 8, 6], [8, 6, 8, 7], [8, 7, 8, 8], [8, 8, 7, 8], [7, 8, 6, 8], [6, 8, 5, 8], [5, 8, 5, 9], [5, 9, 5, 10], [5, 10, 4, 10], [4, 10, 3, 10], [3, 10, 3, 11], [3, 11, 3, 12], [3, 12, 2, 12], [2, 12, 1, 12], [1, 12, 1, 13], [1, 13, 1, 14]]}
META {"type": "geom", "shape": "tile", "group": "path", "data": [[1, 3], [1, 4], [1, 5], [2, 5], [3, 5], [4, 5], [4, 4], [5, 4], [6, 4], [6, 5], [7, 5], [7, 6], [8, 6], [8, 7], [8, 8], [7, 8], [6, 8], [5, 8], [5, 9], [5, 10], [4, 10], [3, 10], [3, 11], [3, 12], [2, 12], [1, 12], [1, 13], [1, 14]]}
META {"type": "geom", "shape": "line", "group": "offpath", "data": [[4, 6, 4, 7], [4, 7, 4, 6], [4, 14, 5, 14], [4, 13, 4, 14], [13, 12, 12, 12], [6, 9, 7, 9], [6, 14, 7, 14], [5, 14, 5, 13], [5, 13, 4, 13], [2, 6, 3, 6], [2, 7, 3, 7], [2, 8, 2, 7], [3, 6, 2, 6], [3, 7, 3, 8], [3, 8, 2, 8], [11, 6, 12, 6], [11, 1, 11, 2], [11, 2, 11, 1], [7, 9, 6, 9], [7, 14, 6, 14], [9, 6, 9, 7], [9, 4, 9, 5], [9, 7, 9, 6], [9, 5, 8, 5], [9, 12, 9, 13], [9, 13, 9, 12], [9, 11, 9, 10], [9, 10, 9, 11], [8, 4, 9, 4], [8, 9, 8, 10], [8, 5, 8, 4], [8, 14, 8, 13], [8, 13, 8, 14], [8, 10, 8, 9], [14, 9, 14, 10], [14, 12, 14, 13], [14, 13, 14, 12], [14, 10, 14, 9], [12, 6, 11, 6], [12, 9, 12, 8], [12, 12, 13, 12], [12, 8, 12, 9]]}
