XXXXXXXXXXXXXXXX
XXX-XX--------1X
X0--XX------XXXX
XXX---------XXXX
XXX------------X
X---XX---------X
X---XX----XXX--X
XXXX---------XXX
XXXX---------XXX
XXXX--X----XX--X
XX---X-XXX-XX-XX
XXXX-X-XXXX--XXX
XXXX-X-XXXX--XXX
XXXX---XXX-X-XXX
X2--XX--------3X
XXXXXXXXXXXXXXXX
META {"type": "solver", "id": "pysat-rc2", "objective": 0}
META {"type": "geom", "shape": "path", "group": "path", "data": [[2, 1, 2, 2], [2, 2, 2, 3], [2, 3, 3, 3], [3, 3, 3, 4], [3, 4, 4, 4], [4, 4, 4, 5], [4, 5, 4, 6], [4, 6, 3, 6], [3, 6, 2, 6], [2, 6, 2, 7], [2, 7, 2, 8], [2, 8, 2, 9], [2, 9, 2, 10], [2, 10, 1, 10], [1, 10, 1, 11], [1, 11, 1, 12], [1, 12, 1, 13], [1, 13, 1, 14]]}
META {"type": "geom", "shape": "tile", "group": "path", "data": [[2, 1], [2, 2], [2, 3], [3, 3], [3, 4], [4, 4], [4, 5], [4, 6], [3, 6], [2, 6], [2, 7], [2, 8], [2, 9], [2, 10], [1, 10], [1, 11], [1, 12], [1, 13], [1, 14]]}
META {"type": "geom", "shape": "line", "group": "offpath", "data": [[6, 7, 7, 7], [6, 9, 5, 9], [6, 6, 6, 7], [6, 14, 5, 14], [2, 11, 3, 11], [4, 3, 5, 3], [9, 8, 9, 9], [9, 9, 9, 10], [9, 10, 8, 10], [13, 10, 14, 10], [12, 6, 11, 6], [7, 11, 8, 11], [7, 5, 7, 6], [7, 7, 8, 7], [7, 9, 6, 9], [7, 6, 8, 6], [11, 6, 12, 6], [8, 11, 7, 11], [8, 5, 7, 5], [8, 8, 9, 8], [8, 7, 8, 8], [8, 9, 7, 9], [8, 6, 8, 5], [8, 10, 8, 9], [1, 8, 1, 7], [1, 7, 1, 8], [5, 1, 5, 2], [5, 8, 5, 7], [5, 7, 5, 6], [5, 2, 5, 1], [5, 9, 5, 8], [5, 3, 4, 3], [5, 6, 6, 6], [5, 14, 6, 14], [3, 11, 2, 11], [14, 10, 13, 10]]}
