XXXXXXXXXXXXXXXX
XX0--XXXX-----1X
XXXX--XX-XXX-XXX
XXXX--XX-----XXX
XXXXXXXXXXX---XX
XXXXXXXXXXXXXX-X
X-------XXXXXXXX
X-X--XXXXXXXXXXX
X-X--XXXXXX-XX-X
X-X-X--XX---XX-X
X-X-X----XXX---X
X---X-XXX---X--X
XXX-X----X---XXX
XXX-X-XXX----XXX
X2------------3X
XXXXXXXXXXXXXXXX
META {"type": "solver", "id": "clingo-be", "objective": 0}
META {"type": "geom", "shape": "path", "group": "path", "data": [[14, 1, 14, 2], [14, 2, 14, 3], [14, 3, 14, 4], [14, 4, 14, 5], [14, 5, 14, 6], [14, 6, 14, 7], [14, 7, 14, 8], [14, 8, 14, 9], [14, 9, 13, 9], [13, 9, 13, 10], [13, 10, 14, 10], [14, 10, 14, 11], [14, 11, 14, 12], [14, 12, 14, 13], [14, 13, 14, 14]]}
META {"type": "geom", "shape": "tile", "group": "path", "data": [[14, 1], [14, 2], [14, 3], [14, 4], [14, 5], [14, 6], [14, 7], [14, 8], [14, 9], [13, 9], [13, 10], [14, 10], [14, 11], [14, 12], [14, 13], [14, 14]]}
META {"type": "geom", "shape": "line", "group": "offpath", "data": [[2, 4, 1, 4], [13, 11, 13, 12], [13, 12, 13, 11], [13, 5, 12, 5], [11, 3, 12, 3], [11, 11, 12, 11], [11, 10, 12, 10], [12, 3, 11, 3], [12, 11, 11, 11], [12, 5, 13, 5], [12, 10, 11, 10], [1, 4, 2, 4], [9, 9, 9, 10], [9, 11, 8, 11], [9, 5, 10, 5], [9, 10, 9, 9], [3, 9, 3, 10], [3, 10, 3, 9], [6, 3, 6, 2], [6, 2, 6, 3], [8, 3, 7, 3], [8, 11, 9, 11], [10, 7, 10, 6], [10, 6, 10, 7], [10, 5, 9, 5], [7, 3, 8, 3]]}
