XXXXXXXXXXXXXXXX
X0-----X-----XXX
XXX-X---------1X
XXX---X-XXX--XXX
XXX---X------XXX
XX----X----X---X
XX--XX--XX-----X
XXXXXXXXXXX-XXXX
XXXXXXXXXXX-XXXX
XX-XX--XX------X
X--XX----X--X--X
X-XXXX-XXXXXXXXX
XXXXXX-XXXXXXXXX
XXXXX--------XXX
X2-----XX-XX--3X
XXXXXXXXXXXXXXXX
META {"type": "solver", "id": "pysat-rc2", "objective": 0}
META {"type": "geom", "shape": "path", "group": "path", "data": [[1, 1, 1, 2], [1, 2, 1, 3], [1, 3, 1, 4], [1, 4, 1, 5], [1, 5, 2, 5], [2, 5, 2, 6], [2, 6, 2, 7], [2, 7, 2, 8], [2, 8, 1, 8], [1, 8, 1, 9], [1, 9, 1, 10], [1, 10, 2, 10], [2, 10, 2, 11], [2, 11, 3, 11], [3, 11, 3, 12], [3, 12, 2, 12], [2, 12, 2, 13], [2, 13, 2, 14]]}
META {"type": "geom", "shape": "tile", "group": "path", "data": [[1, 1], [1, 2], [1, 3], [1, 4], [1, 5], [2, 5], [2, 6], [2, 7], [2, 8], [1, 8], [1, 9], [1, 10], [2, 10], [2, 11], [3, 11], [3, 12], [2, 12], [2, 13], [2, 14]]}
META {"type": "geom", "shape": "line", "group": "offpath", "data": [[1, 11, 1, 12], [1, 12, 1, 11], [3, 5, 3, 4], [3, 3, 4, 3], [3, 4, 4, 4], [4, 9, 4, 8], [4, 5, 3, 5], [4, 11, 4, 10], [4, 10, 4, 11], [4, 3, 3, 3], [4, 4, 5, 4], [4, 8, 5, 8], [14, 5, 14, 4], [14, 4, 14, 5], [5, 9, 4, 9], [5, 5, 4, 5], [5, 4, 5, 5], [5, 8, 5, 9], [6, 13, 6, 12], [6, 2, 6, 3], [6, 12, 6, 13], [6, 3, 6, 2], [13, 9, 13, 8], [13, 8, 13, 9]]}
META {"type": "geom", "shape": "path", "group": "path", "data": [[14, 1, 14, 2], [14, 2, 14, 3], [14, 3, 14, 4], [14, 4, 14, 5], [14, 5, 14, 6], [14, 6, 13, 6], [13, 6, 13, 7], [13, 7, 13, 8], [13, 8, 13, 9], [13, 9, 13, 10], [13, 10, 13, 11], [13, 11, 13, 12], [13, 12, 14, 12], [14, 12, 14, 13], [14, 13, 14, 14]]}
META {"type": "geom", "shape": "tile", "group": "path", "data": [[14, 1], [14, 2], [14, 3], [14, 4], [14, 5], [14, 6], [13, 6], [13, 7], [13, 8], [13, 9], [13, 10], [13, 11], [13, 12], [14, 12], [14, 13], [14, 14]]}
META {"type": "geom", "shape": "line", "group": "offpath", "data": [[1, 9, 1, 8], [1, 5, 1, 4], [1, 6, 2, 6], [1, 12, 2, 12], [1, 3, 2, 3], [1, 4, 1, 3], [1, 8, 1, 9], [3, 5, 2, 5], [3, 3, 3, 4], [3, 4, 3, 5], [3, 7, 4, 7], [4, 7, 3, 7], [2, 9, 2, 8], [2, 5, 1, 5], [2, 11, 2, 10], [2, 10, 2, 11], [2, 6, 1, 6], [2, 12, 1, 12], [2, 3, 3, 3], [2, 8, 2, 9]]}
