XXXXXXXXXXXXXXXX
X0--X---X----XXX
XXX-------XX--1X
XXX-----XXXXXXXX
X--XXXX-XXXXXXXX
X--XXXX-XXXXXXXX
XX-XXXX----XXXXX
XX-----X--X-XX-X
X-XX-XX-XXXXXXXX
X-XX-XX-XXXXXXXX
XX--X------XX--X
X---X------XX--X
XXX-X-X------XXX
XXX--X--XXX--XXX
X2------------3X
XXXXXXXXXXXXXXXX
META {"type": "solver", "id": "pysat-rc2", "objective": 0}
META {"type": "geom", "shape": "path", "group": "path", "data": [[1, 1, 1, 2], [1, 2, 1, 3], [1, 3, 2, 3], [2, 3, 3, 3], [3, 3, 3, 4], [3, 4, 3, 5], [3, 5, 3, 6], [3, 6, 3, 7], [3, 7, 2, 7], [2, 7, 2, 8], [2, 8, 2, 9], [2, 9, 1, 9], [1, 9, 1, 10], [1, 10, 1, 11], [1, 11, 1, 12], [1, 12, 2, 12], [2, 12, 2, 13], [2, 13, 2, 14]]}
META {"type": "geom", "shape": "tile", "group": "path", "data": [[1, 1], [1, 2], [1, 3], [2, 3], [3, 3], [3, 4], [3, 5], [3, 6], [3, 7], [2, 7], [2, 8], [2, 9], [1, 9], [1, 10], [1, 11], [1, 12], [2, 12], [2, 13], [2, 14]]}
META {"type": "geom", "shape": "line", "group": "offpath", "data": [[7, 9, 6, 9], [7, 8, 7, 9], [5, 7, 4, 7], [4, 7, 5, 7], [1, 6, 1, 5], [1, 5, 1, 6], [2, 6, 2, 5], [2, 5, 2, 6], [6, 9, 6, 8], [6, 8, 7, 8]]}
META {"type": "geom", "shape": "path", "group": "path", "data": [[14, 1, 14, 2], [14, 2, 14, 3], [14, 3, 13, 3], [13, 3, 13, 4], [13, 4, 14, 4], [14, 4, 14, 5], [14, 5, 14, 6], [14, 6, 13, 6], [13, 6, 13, 7], [13, 7, 14, 7], [14, 7, 14, 8], [14, 8, 14, 9], [14, 9, 14, 10], [14, 10, 14, 11], [14, 11, 14, 12], [14, 12, 14, 13], [14, 13, 14, 14]]}
META {"type": "geom", "shape": "tile", "group": "path", "data": [[14, 1], [14, 2], [14, 3], [13, 3], [13, 4], [14, 4], [14, 5], [14, 6], [13, 6], [13, 7], [14, 7], [14, 8], [14, 9], [14, 10], [14, 11], [14, 12], [14, 13], [14, 14]]}
META {"type": "geom", "shape": "line", "group": "offpath", "data": []}
