XXXXXXXXXXXXXXXX
XXX-X-X-XX----1X
X0-----------XXX
XXX-XXX-XXX--XXX
XXX--------X---X
X--X-XX-X-----XX
XX--XXXXXXXXXX-X
XX-XXXXXXXXXXX-X
X--XXXX---XXXXXX
X---XX--X--XXXXX
XX-XXXX-X---XXXX
X--XXXX-X----XXX
XXX-XX------XXXX
XXX-XX--XXX-XXXX
X2------------3X
XXXXXXXXXXXXXXXX
META {"type": "solver", "id": "pysat-rc2", "objective": 0}
META {"type": "geom", "shape": "path", "group": "path", "data": [[2, 1, 2, 2], [2, 2, 2, 3], [2, 3, 3, 3], [3, 3, 4, 3], [4, 3, 4, 4], [4, 4, 4, 5], [4, 5, 4, 6], [4, 6, 4, 7], [4, 7, 4, 8], [4, 8, 4, 9], [4, 9, 5, 9], [5, 9, 5, 10], [5, 10, 5, 11], [5, 11, 5, 12], [5, 12, 4, 12], [4, 12, 3, 12], [3, 12, 3, 11], [3, 11, 2, 11], [2, 11, 2, 12], [2, 12, 1, 12], [1, 12, 1, 13], [1, 13, 1, 14]]}
META {"type": "geom", "shape": "tile", "group": "path", "data": [[2, 1], [2, 2], [2, 3], [3, 3], [4, 3], [4, 4], [4, 5], [4, 6], [4, 7], [4, 8], [4, 9], [5, 9], [5, 10], [5, 11], [5, 12], [4, 12], [3, 12], [3, 11], [2, 11], [2, 12], [1, 12], [1, 13], [1, 14]]}
META {"type": "geom", "shape": "line", "group": "offpath", "data": [[8, 2, 8, 1], [8, 1, 8, 2], [3, 7, 2, 7], [11, 2, 11, 1], [11, 1, 11, 2], [1, 10, 1, 11], [1, 11, 1, 10], [2, 10, 2, 9], [2, 7, 3, 7], [2, 9, 2, 10], [2, 5, 2, 6], [2, 6, 2, 5], [10, 2, 9, 2], [9, 2, 10, 2]]}
META {"type": "geom", "shape": "path", "group": "path", "data": [[14, 1, 14, 2], [14, 2, 14, 3], [14, 3, 14, 4], [14, 4, 14, 5], [14, 5, 14, 6], [14, 6, 14, 7], [14, 7, 14, 8], [14, 8, 14, 9], [14, 9, 14, 10], [14, 10, 14, 11], [14, 11, 14, 12], [14, 12, 14, 13], [14, 13, 14, 14]]}
META {"type": "geom", "shape": "tile", "group": "path", "data": [[14, 1], [14, 2], [14, 3], [14, 4], [14, 5], [14, 6], [14, 7], [14, 8], [14, 9], [14, 10], [14, 11], [14, 12], [14, 13], [14, 14]]}
META {"type": "geom", "shape": "line", "group": "offpath", "data": [[8, 8, 8, 9], [8, 7, 8, 8], [8, 9, 9, 9], [12, 8, 12, 7], [12, 10, 12, 9], [12, 7, 11, 7], [12, 9, 12, 8], [13, 7, 13, 6], [13, 6, 13, 7], [11, 10, 12, 10], [11, 7, 10, 7], [11, 11, 11, 10], [10, 10, 10, 11], [10, 7, 9, 7], [10, 9, 10, 10], [10, 11, 11, 11], [9, 7, 8, 7], [9, 9, 10, 9]]}
