XXXXXXXXXXXXXXXX
XXXX-X--XX---XXX
X0----XX--X---1X
XXX---XX--X--XXX
XXX---XX--X--XXX
X--------------X
XXX----XX-----XX
XXX-XXXXXX-----X
XXX-XXXXXX-XXX-X
X------XX------X
X---XXX---X-X--X
X-XX----XX-X-X-X
XXXXXXXXXXXXXXXX
XXXXXXXXXXXXXXXX
X2------------3X
XXXXXXXXXXXXXXXX
META {"type": "solver", "id": "pysat-rc2", "objective": 0}
META {"type": "geom", "shape": "path", "group": "path", "data": [[2, 1, 2, 2], [2, 2, 2, 3], [2, 3, 2, 4], [2, 4, 3, 4], [3, 4, 3, 5], [3, 5, 4, 5], [4, 5, 5, 5], [5, 5, 5, 6], [5, 6, 5, 7], [5, 7, 5, 8], [5, 8, 5, 9], [5, 9, 5, 10], [5, 10, 6, 10], [6, 10, 6, 11], [6, 11, 7, 11], [7, 11, 7, 12], [7, 12, 6, 12], [6, 12, 5, 12], [5, 12, 4, 12], [4, 12, 3, 12], [3, 12, 2, 12], [2, 12, 2, 13], [2, 13, 2, 14]]}
META {"type": "geom", "shape": "tile", "group": "path", "data": [[2, 1], [2, 2], [2, 3], [2, 4], [3, 4], [3, 5], [4, 5], [5, 5], [5, 6], [5, 7], [5, 8], [5, 9], [5, 10], [6, 10], [6, 11], [7, 11], [7, 12], [6, 12], [5, 12], [4, 12], [3, 12], [2, 12], [2, 13], [2, 14]]}
META {"type": "geom", "shape": "line", "group": "offpath", "data": [[4, 3, 3, 3], [3, 3, 4, 3]]}
META {"type": "geom", "shape": "path", "group": "path", "data": [[14, 1, 14, 2], [14, 2, 14, 3], [14, 3, 14, 4], [14, 4, 14, 5], [14, 5, 14, 6], [14, 6, 14, 7], [14, 7, 14, 8], [14, 8, 14, 9], [14, 9, 14, 10], [14, 10, 14, 11], [14, 11, 14, 12], [14, 12, 14, 13], [14, 13, 14, 14]]}
META {"type": "geom", "shape": "tile", "group": "path", "data": [[14, 1], [14, 2], [14, 3], [14, 4], [14, 5], [14, 6], [14, 7], [14, 8], [14, 9], [14, 10], [14, 11], [14, 12], [14, 13], [14, 14]]}
META {"type": "geom", "shape": "line", "group": "offpath", "data": []}
