XXXXXXXXXXXXXXXX
X0--XX-----XXXXX
XXX----X------1X
XXXX---X-----XXX
XXXX-X-X--XX-XXX
XX--X-X-XXXXX-XX
X-XX---XXXXXX--X
XXXXXXXXXXXX-XXX
XXXXXXXXXX---XXX
X-XX-XXX-------X
XX--X------XXX-X
XXX-X----------X
XXX-X-XXX----XXX
XXX-X-XXX-XX-XXX
X2--------XX--3X
XXXXXXXXXXXXXXXX
META {"type": "solver", "id": "pysat-rc2-boolonly", "objective": 0}
META {"type": "geom", "shape": "path", "group": "path", "data": [[1, 1, 1, 2], [1, 2, 1, 3], [1, 3, 2, 3], [2, 3, 2, 4], [2, 4, 3, 4], [3, 4, 3, 5], [3, 5, 3, 6], [3, 6, 2, 6], [2, 6, 1, 6], [1, 6, 1, 7], [1, 7, 1, 8], [1, 8, 1, 9], [1, 9, 2, 9], [2, 9, 2, 10], [2, 10, 2, 11], [2, 11, 2, 12], [2, 12, 2, 13], [2, 13, 2, 14]]}
META {"type": "geom", "shape": "tile", "group": "path", "data": [[1, 1], [1, 2], [1, 3], [2, 3], [2, 4], [3, 4], [3, 5], [3, 6], [2, 6], [1, 6], [1, 7], [1, 8], [1, 9], [2, 9], [2, 10], [2, 11], [2, 12], [2, 13], [2, 14]]}
META {"type": "geom", "shape": "line", "group": "offpath", "data": [[10, 3, 10, 2], [10, 2, 10, 3], [6, 13, 5, 13], [6, 4, 6, 5], [6, 5, 6, 4], [3, 9, 4, 9], [3, 11, 3, 12], [3, 12, 3, 11], [4, 9, 3, 9], [5, 13, 6, 13]]}
META {"type": "geom", "shape": "path", "group": "path", "data": [[14, 1, 14, 2], [14, 2, 14, 3], [14, 3, 14, 4], [14, 4, 14, 5], [14, 5, 14, 6], [14, 6, 14, 7], [14, 7, 14, 8], [14, 8, 14, 9], [14, 9, 13, 9], [13, 9, 12, 9], [12, 9, 12, 10], [12, 10, 12, 11], [12, 11, 12, 12], [12, 12, 13, 12], [13, 12, 14, 12], [14, 12, 14, 13], [14, 13, 14, 14]]}
META {"type": "geom", "shape": "tile", "group": "path", "data": [[14, 1], [14, 2], [14, 3], [14, 4], [14, 5], [14, 6], [14, 7], [14, 8], [14, 9], [13, 9], [12, 9], [12, 10], [12, 11], [12, 12], [13, 12], [14, 12], [14, 13], [14, 14]]}
META {"type": "geom", "shape": "line", "group": "offpath", "data": [[10, 8, 10, 7], [10, 7, 11, 7], [11, 8, 10, 8], [11, 13, 11, 14], [11, 6, 11, 5], [11, 14, 11, 13], [11, 11, 11, 12], [11, 7, 11, 8], [11, 5, 11, 6], [11, 12, 11, 11]]}
