XXXXXXXXXXXXXXXX
XXXX-XXX------1X
X0-----------XXX
XXX-XXXX-----XXX
XXX-XXXX----X-XX
X--X----X-X-X--X
XX-X--XX--X-X-XX
X--X-XXXX-X----X
XX---XXXXX-XXX-X
X---XXXXXXX---XX
XX--XXXXXXX----X
X---XXX-XX-X---X
XXX-XXX-XX-X-XXX
XXX--------X-XXX
X2-----XX-----3X
XXXXXXXXXXXXXXXX
META {"type": "solver", "id": "pysat-rc2", "objective": 0}
META {"type": "geom", "shape": "path", "group": "path", "data": [[2, 1, 2, 2], [2, 2, 2, 3], [2, 3, 2, 4], [2, 4, 2, 5], [2, 5, 2, 6], [2, 6, 2, 7], [2, 7, 2, 8], [2, 8, 2, 9], [2, 9, 3, 9], [3, 9, 3, 10], [3, 10, 2, 10], [2, 10, 2, 11], [2, 11, 3, 11], [3, 11, 3, 12], [3, 12, 2, 12], [2, 12, 1, 12], [1, 12, 1, 13], [1, 13, 1, 14]]}
META {"type": "geom", "shape": "tile", "group": "path", "data": [[2, 1], [2, 2], [2, 3], [2, 4], [2, 5], [2, 6], [2, 7], [2, 8], [2, 9], [3, 9], [3, 10], [2, 10], [2, 11], [3, 11], [3, 12], [2, 12], [1, 12], [1, 13], [1, 14]]}
META {"type": "geom", "shape": "line", "group": "offpath", "data": [[4, 11, 5, 11], [5, 14, 5, 13], [5, 11, 4, 11], [5, 13, 5, 14], [14, 12, 13, 12], [13, 7, 13, 8], [13, 8, 13, 7], [13, 12, 14, 12]]}
META {"type": "geom", "shape": "path", "group": "path", "data": [[14, 1, 14, 2], [14, 2, 14, 3], [14, 3, 14, 4], [14, 4, 14, 5], [14, 5, 14, 6], [14, 6, 13, 6], [13, 6, 13, 7], [13, 7, 13, 8], [13, 8, 13, 9], [13, 9, 14, 9], [14, 9, 14, 10], [14, 10, 14, 11], [14, 11, 14, 12], [14, 12, 14, 13], [14, 13, 14, 14]]}
META {"type": "geom", "shape": "tile", "group": "path", "data": [[14, 1], [14, 2], [14, 3], [14, 4], [14, 5], [14, 6], [13, 6], [13, 7], [13, 8], [13, 9], [14, 9], [14, 10], [14, 11], [14, 12], [14, 13], [14, 14]]}
META {"type": "geom", "shape": "line", "group": "offpath", "data": [[11, 7, 12, 7], [11, 14, 11, 13], [11, 13, 11, 14], [13, 3, 12, 3], [9, 11, 10, 11], [9, 13, 9, 12], [9, 12, 10, 12], [10, 11, 9, 11], [10, 13, 9, 13], [10, 12, 10, 13], [12, 7, 11, 7], [12, 3, 13, 3]]}
