XXXXXXXXXXXXXXXX
X---}XXX---XX-XX
X--XXXXXXX----XX
XX-XXXXXXX-XX--X
X----------XX-XX
X----X---------X
X-----X-XXXXXX-X
X-----X--------X
X---X-X-XXX--XXX
XX------XXXXXXXX
XXX-XXX-XXXXXXXX
XXX-XXXXXXX{---X
X---XXXXXXXXX-XX
XX---XX-XXXXX--X
X--------------X
XXXXXXXXXXXXXXXX
META {"type": "solver", "id": "pysat-rc2", "objective": 0}
META {"type": "geom", "shape": "path", "group": "path", "data": [[11, 11, 11, 12], [11, 12, 11, 13], [11, 13, 12, 13], [12, 13, 13, 13], [13, 13, 14, 13], [14, 13, 14, 12], [14, 12, 14, 11], [14, 11, 14, 10], [14, 10, 14, 9], [14, 9, 14, 8], [14, 8, 14, 7], [14, 7, 14, 6], [14, 6, 14, 5], [14, 5, 14, 4], [14, 4, 13, 4], [13, 4, 13, 3], [13, 3, 14, 3], [14, 3, 14, 2], [14, 2, 13, 2], [13, 2, 12, 2], [12, 2, 12, 3], [12, 3, 11, 3], [11, 3, 10, 3], [10, 3, 9, 3], [9, 3, 9, 2], [9, 2, 8, 2], [8, 2, 7, 2], [7, 2, 7, 1], [7, 1, 6, 1], [6, 1, 5, 1], [5, 1, 4, 1], [4, 1, 4, 2], [4, 2, 3, 2], [3, 2, 2, 2], [2, 2, 1, 2], [1, 2, 1, 3], [1, 3, 1, 4]]}
META {"type": "geom", "shape": "tile", "group": "path", "data": [[11, 11], [11, 12], [11, 13], [12, 13], [13, 13], [14, 13], [14, 12], [14, 11], [14, 10], [14, 9], [14, 8], [14, 7], [14, 6], [14, 5], [14, 4], [13, 4], [13, 3], [14, 3], [14, 2], [13, 2], [12, 2], [12, 3], [11, 3], [10, 3], [9, 3], [9, 2], [8, 2], [7, 2], [7, 1], [6, 1], [5, 1], [4, 1], [4, 2], [3, 2], [2, 2], [1, 2], [1, 3], [1, 4]]}
META {"type": "geom", "shape": "line", "group": "offpath", "data": [[9, 5, 8, 5], [1, 1, 2, 1], [1, 9, 1, 8], [1, 8, 1, 9], [2, 1, 1, 1], [7, 4, 6, 4], [7, 5, 7, 4], [7, 9, 7, 8], [7, 8, 7, 9], [8, 5, 9, 5], [5, 2, 5, 3], [5, 8, 5, 7], [5, 7, 5, 8], [5, 6, 4, 6], [5, 3, 6, 3], [6, 4, 6, 5], [6, 5, 7, 5], [6, 2, 5, 2], [6, 3, 6, 2], [4, 4, 4, 3], [4, 6, 5, 6], [4, 3, 4, 4]]}
