XXXXXXXXXXXXXXXX
XXXX---X---XXXXX
XX0------X----1X
XXXXXXXXXXXXXXXX
XXXXXXXXXXXXXXXX
X---------XXXXXX
X----------XX--X
X--X-----------X
XX-X----XXXX--XX
X--X---X----XX-X
XX--XXX-XXX-XX-X
X--X---X-------X
XXX---------XXXX
XXX----XX---XXXX
X2--XX-XX-----3X
XXXXXXXXXXXXXXXX
META {"type": "solver", "id": "pysat-rc2", "objective": 0}
META {"type": "geom", "shape": "path", "group": "path", "data": [[2, 2, 2, 3], [2, 3, 2, 4], [2, 4, 2, 5], [2, 5, 2, 6], [2, 6, 2, 7], [2, 7, 2, 8], [2, 8, 1, 8], [1, 8, 1, 9], [1, 9, 1, 10], [1, 10, 2, 10], [2, 10, 2, 11], [2, 11, 2, 12], [2, 12, 2, 13], [2, 13, 2, 14]]}
META {"type": "geom", "shape": "path", "group": "path", "data": [[14, 1, 14, 2], [14, 2, 14, 3], [14, 3, 13, 3], [13, 3, 12, 3], [12, 3, 12, 4], [12, 4, 12, 5], [12, 5, 12, 6], [12, 6, 12, 7], [12, 7, 12, 8], [12, 8, 12, 9], [12, 9, 12, 10], [12, 10, 12, 11], [12, 11, 13, 11], [13, 11, 14, 11], [14, 11, 14, 12], [14, 12, 14, 13], [14, 13, 14, 14]]}
META {"type": "geom", "shape": "tile", "group": "reachable", "data": [[2, 2], [2, 3], [2, 4], [1, 4], [2, 5], [1, 5], [2, 6], [1, 6], [2, 7], [2, 8], [1, 8], [1, 9], [1, 10], [2, 10], [2, 11], [2, 12], [2, 13]]}
