XXXXXXXXXXXXXXXX
XXXXX-X--X----1X
XXX----XX----XXX
X0-----XX----XXX
XXX-X-----XXX--X
XXX-X-----XXX-XX
XXX-X----------X
X-----------XX-X
X-XXXXX-XX--XX-X
XX-----XXXXXXXXX
X-XX---XXXXXXXXX
X-XX-XX-XX-XX--X
XXXXXXXX-----XXX
XXXXXXXX-XX--XXX
X2-------XX---3X
XXXXXXXXXXXXXXXX
META {"type": "solver", "id": "pysat-rc2", "objective": 0}
META {"type": "geom", "shape": "path", "group": "path", "data": [[3, 1, 3, 2], [3, 2, 3, 3], [3, 3, 3, 4], [3, 4, 3, 5], [3, 5, 3, 6], [3, 6, 4, 6], [4, 6, 4, 7], [4, 7, 4, 8], [4, 8, 4, 9], [4, 9, 3, 9], [3, 9, 2, 9], [2, 9, 2, 10], [2, 10, 1, 10], [1, 10, 1, 11], [1, 11, 1, 12], [1, 12, 1, 13], [1, 13, 1, 14]]}
META {"type": "geom", "shape": "path", "group": "path", "data": [[14, 1, 14, 2], [14, 2, 14, 3], [14, 3, 14, 4], [14, 4, 14, 5], [14, 5, 14, 6], [14, 6, 14, 7], [14, 7, 14, 8], [14, 8, 13, 8], [13, 8, 12, 8], [12, 8, 12, 9], [12, 9, 12, 10], [12, 10, 12, 11], [12, 11, 12, 12], [12, 12, 13, 12], [13, 12, 14, 12], [14, 12, 14, 13], [14, 13, 14, 14]]}
META {"type": "geom", "shape": "tile", "group": "reachable", "data": [[3, 1], [3, 2], [3, 3], [2, 3], [4, 3], [3, 4], [2, 4], [3, 5], [5, 3], [2, 5], [4, 5], [3, 6], [6, 3], [1, 5], [2, 6], [4, 6], [5, 5], [7, 3], [5, 6], [4, 7], [6, 5], [7, 2], [7, 4], [5, 7], [4, 8], [6, 6], [7, 5], [7, 1], [5, 8], [4, 9], [6, 7], [7, 6], [8, 1], [3, 9], [5, 9], [6, 8], [7, 7], [2, 9], [3, 10], [6, 9], [7, 8], [8, 7], [2, 10], [3, 11], [7, 9], [6, 10], [1, 10], [2, 11], [3, 12], [7, 10], [6, 11], [1, 11], [2, 12], [7, 11], [6, 12], [8, 10], [1, 12], [6, 13], [8, 11], [1, 13], [5, 13], [6, 14], [4, 13], [7, 14], [4, 14], [8, 14]]}
