--------------------------------
--------------------------------
--------------------------------
--------------------------------
-----------------------------X--
----X---------------------------
--------------------------------
--------------X-------------XX--
---X-------------XX-------------
----------Q-----------XXXX--XX--
--------------------------------
----X---------------------------
--------<>-----XX--<>--X--------
--------[]----XXX--[]--XX-------
-{------[]---XXXX--[]--XXX----}-
XXXXXXXXXXXXXXXXXXXXXXXXXXXXXXXX
META {"type": "solver", "id": "pysat-rc2", "objective": 0}
META {"type": "geom", "shape": "path", "group": "path", "data": [[14, 1, 13, 2], [13, 2, 14, 3], [14, 3, 10, 7], [10, 7, 11, 8], [11, 8, 7, 4], [7, 4, 8, 4], [8, 4, 9, 3], [9, 3, 10, 4], [10, 4, 6, 4], [6, 4, 7, 3], [7, 3, 3, 3], [3, 3, 4, 4], [4, 4, 1, 6], [1, 6, 2, 7], [2, 7, 3, 8], [3, 8, 4, 9], [4, 9, 5, 8], [5, 8, 6, 8], [6, 8, 7, 9], [7, 9, 8, 10], [8, 10, 4, 7], [4, 7, 5, 7], [5, 7, 6, 7], [6, 7, 7, 8], [7, 8, 8, 9], [8, 9, 9, 9], [9, 9, 10, 9], [10, 9, 11, 10], [11, 10, 12, 11], [12, 11, 13, 12], [13, 12, 14, 12], [14, 12, 12, 13], [12, 13, 13, 13], [13, 13, 9, 16], [9, 16, 10, 17], [10, 17, 11, 17], [11, 17, 12, 17], [12, 17, 13, 17], [13, 17, 14, 17], [14, 17, 10, 18], [10, 18, 11, 19], [11, 19, 7, 18], [7, 18, 3, 22], [3, 22, 4, 21], [4, 21, 5, 22], [5, 22, 6, 22], [6, 22, 7, 22], [7, 22, 8, 23], [8, 23, 4, 27], [4, 27, 5, 27], [5, 27, 6, 27], [6, 27, 7, 27], [7, 27, 8, 27], [8, 27, 9, 26], [9, 26, 10, 26], [10, 26, 11, 26], [11, 26, 12, 25], [12, 25, 13, 25], [13, 25, 11, 27], [11, 27, 12, 28], [12, 28, 13, 27], [13, 27, 14, 28], [14, 28, 13, 29], [13, 29, 14, 30]]}
META {"type": "geom", "shape": "tile", "group": "path", "data": [[14, 1], [13, 1], [13, 2], [14, 2], [14, 3], [13, 3], [13, 4], [12, 4], [12, 5], [11, 5], [11, 6], [10, 6], [10, 7], [11, 7], [11, 8], [10, 8], [10, 7], [9, 7], [9, 6], [8, 6], [8, 5], [7, 5], [7, 4], [8, 4], [9, 4], [9, 3], [10, 3], [10, 4], [9, 4], [8, 4], [7, 4], [6, 4], [7, 4], [7, 3], [6, 3], [5, 3], [4, 3], [3, 3], [4, 3], [4, 4], [3, 4], [3, 5], [2, 5], [2, 6], [1, 6], [2, 6], [2, 7], [3, 7], [3, 8], [4, 8], [4, 9], [5, 9], [5, 8], [6, 8], [7, 8], [7, 9], [8, 9], [8, 10], [7, 10], [7, 9], [6, 9], [6, 8], [5, 8], [5, 7], [4, 7], [5, 7], [6, 7], [7, 7], [7, 8], [8, 8], [8, 9], [9, 9], [10, 9], [11, 9], [11, 10], [12, 10], [12, 11], [13, 11], [13, 12], [14, 12], [13, 12], [13, 13], [12, 13], [13, 13], [12, 13], [12, 14], [11, 14], [11, 15], [10, 15], [10, 16], [9, 16], [10, 16], [10, 17], [11, 17], [12, 17], [13, 17], [14, 17], [13, 17], [12, 17], [11, 17], [10, 17], [10, 18], [11, 18], [11, 19], [10, 19], [9, 19], [8, 19], [7, 19], [7, 18], [6, 18], [6, 19], [5, 19], [5, 20], [4, 20], [4, 21], [3, 21], [3, 22], [4, 22], [4, 21], [5, 21], [5, 22], [6, 22], [7, 22], [8, 22], [8, 23], [7, 23], [7, 24], [6, 24], [6, 25], [5, 25], [5, 26], [4, 26], [4, 27], [5, 27], [6, 27], [7, 27], [8, 27], [9, 27], [9, 26], [10, 26], [11, 26], [12, 26], [12, 25], [13, 25], [12, 25], [12, 26], [11, 26], [11, 27], [12, 27], [12, 28], [13, 28], [13, 27], [14, 27], [14, 28], [13, 28], [13, 29], [14, 29], [14, 30]]}
META {"type": "geom", "shape": "line", "group": "offpath", "data": [[8, 24, 6, 26], [8, 28, 8, 29], [8, 19, 9, 20], [8, 22, 4, 22], [8, 14, 9, 15], [8, 13, 9, 13], [8, 29, 8, 28], [8, 25, 4, 28], [12, 24, 10, 25], [12, 0, 13, 0], [12, 31, 13, 30], [12, 6, 13, 7], [12, 1, 13, 1], [12, 22, 13, 22], [12, 14, 11, 14], [12, 5, 13, 6], [12, 26, 13, 26], [12, 29, 13, 28], [7, 24, 8, 24], [7, 19, 8, 19], [7, 26, 8, 25], [7, 13, 8, 14], [7, 17, 3, 13], [7, 21, 8, 22], [11, 24, 12, 24], [11, 16, 7, 17], [11, 15, 8, 13], [11, 28, 12, 29], [11, 31, 12, 31], [11, 1, 12, 0], [11, 20, 7, 21], [11, 14, 12, 14], [11, 9, 10, 8], [11, 21, 12, 22], [10, 16, 11, 16], [10, 28, 11, 28], [10, 19, 11, 20], [10, 1, 11, 1], [10, 30, 11, 31], [10, 20, 11, 21], [10, 14, 11, 15], [10, 8, 11, 9], [10, 25, 11, 24], [4, 28, 5, 29], [4, 22, 5, 21], [4, 25, 5, 24], [4, 12, 5, 11], [2, 30, 3, 29], [2, 26, 3, 26], [5, 11, 6, 12], [5, 24, 6, 23], [5, 14, 6, 14], [5, 29, 6, 28], [5, 21, 6, 20], [3, 26, 4, 25], [3, 13, 4, 12], [3, 29, 2, 30], [13, 28, 14, 29], [13, 0, 14, 0], [13, 6, 14, 5], [13, 1, 14, 2], [13, 30, 14, 31], [13, 7, 14, 7], [13, 22, 14, 22], [13, 26, 14, 26], [13, 10, 14, 11], [13, 21, 14, 21], [6, 28, 6, 29], [6, 23, 7, 24], [6, 20, 7, 19], [6, 14, 5, 14], [6, 26, 7, 26], [6, 29, 2, 26], [6, 12, 7, 13], [14, 11, 13, 10], [14, 0, 10, 1], [14, 4, 12, 5], [14, 31, 10, 30], [14, 7, 12, 6], [14, 22, 13, 21], [14, 5, 14, 4], [14, 26, 12, 26], [14, 29, 10, 28], [14, 2, 12, 1], [14, 21, 10, 20], [9, 15, 10, 16], [9, 20, 10, 19], [9, 13, 10, 14]]}
