--------------------------------
--------------------------------
--------------------------------
--XX------XX-------X--XX--------
--------------------------XX----
--------------------------------
--XXX--X--Q---------------------
------------------X--Q-------Q--
--------------------------------
-----X--Q---------------XX------
--X-----------XX-------XXX------
----------------------XXXX--Q---
-----<>--------------XXXXX------
-----[]--------<>---XXXXXX------
-{---[]--------[]--XXXXXXX----}-
XXXXXXXXXXX--XXXXXXXXXXXXXXXXXXX
META {"type": "solver", "id": "clingo-be", "objective": 0}
META {"type": "geom", "shape": "path", "group": "path", "data": [[14, 1, 14, 0], [14, 0, 10, 3], [10, 3, 11, 2], [11, 2, 12, 2], [12, 2, 13, 3], [13, 3, 14, 3], [14, 3, 10, 0], [10, 0, 11, 1], [11, 1, 12, 1], [12, 1, 13, 2], [13, 2, 14, 2], [14, 2, 11, 5], [11, 5, 8, 2], [8, 2, 9, 2], [9, 2, 7, 4], [7, 4, 8, 5], [8, 5, 4, 4], [4, 4, 5, 3], [5, 3, 3, 5], [3, 5, 4, 5], [4, 5, 5, 4], [5, 4, 1, 8], [1, 8, 2, 7], [2, 7, 3, 6], [3, 6, 4, 6], [4, 6, 5, 7], [5, 7, 2, 9], [2, 9, 3, 9], [3, 9, 4, 10], [4, 10, 5, 10], [5, 10, 1, 7], [1, 7, 2, 8], [2, 8, 3, 8], [3, 8, 4, 8], [4, 8, 5, 8], [5, 8, 6, 9], [6, 9, 7, 10], [7, 10, 8, 11], [8, 11, 9, 12], [9, 12, 10, 13], [10, 13, 11, 14], [11, 14, 12, 13], [12, 13, 13, 14], [13, 14, 14, 14], [14, 14, 11, 12], [11, 12, 12, 12], [12, 12, 13, 13], [13, 13, 14, 13], [14, 13, 12, 15], [12, 15, 12, 16], [12, 16, 8, 19], [8, 19, 9, 18], [9, 18, 10, 18], [10, 18, 11, 17], [11, 17, 12, 18], [12, 18, 13, 17], [13, 17, 14, 17], [14, 17, 10, 21], [10, 21, 11, 20], [11, 20, 12, 20], [12, 20, 8, 21], [8, 21, 9, 21], [9, 21, 10, 22], [10, 22, 7, 24], [7, 24, 8, 25], [8, 25, 5, 23], [5, 23, 6, 22], [6, 22, 7, 23], [7, 23, 8, 22], [8, 22, 9, 23], [9, 23, 5, 22], [5, 22, 6, 21], [6, 21, 2, 21], [2, 21, 3, 20], [3, 20, 4, 19], [4, 19, 5, 19], [5, 19, 6, 19], [6, 19, 7, 19], [7, 19, 8, 20], [8, 20, 9, 20], [9, 20, 10, 20], [10, 20, 11, 21], [11, 21, 8, 24], [8, 24, 5, 26], [5, 26, 6, 26], [6, 26, 7, 25], [7, 25, 8, 26], [8, 26, 9, 27], [9, 27, 10, 28], [10, 28, 6, 28], [6, 28, 7, 28], [7, 28, 8, 29], [8, 29, 9, 30], [9, 30, 10, 30], [10, 30, 11, 31], [11, 31, 12, 31], [12, 31, 13, 31], [13, 31, 14, 30]]}
META {"type": "geom", "shape": "tile", "group": "path", "data": [[14, 1], [14, 0], [13, 0], [13, 1], [12, 1], [12, 2], [11, 2], [11, 3], [10, 3], [11, 3], [11, 2], [12, 2], [13, 2], [13, 3], [14, 3], [13, 3], [13, 2], [12, 2], [12, 1], [11, 1], [11, 0], [10, 0], [11, 0], [11, 1], [12, 1], [13, 1], [13, 2], [14, 2], [13, 2], [13, 3], [12, 3], [12, 4], [11, 4], [11, 5], [10, 5], [10, 4], [9, 4], [9, 3], [8, 3], [8, 2], [9, 2], [8, 2], [8, 3], [7, 3], [7, 4], [8, 4], [8, 5], [7, 5], [6, 5], [5, 5], [4, 5], [4, 4], [5, 4], [5, 3], [4, 3], [4, 4], [3, 4], [3, 5], [4, 5], [5, 5], [5, 4], [4, 4], [4, 5], [3, 5], [3, 6], [2, 6], [2, 7], [1, 7], [1, 8], [2, 8], [2, 7], [3, 7], [3, 6], [4, 6], [5, 6], [5, 7], [4, 7], [4, 8], [3, 8], [3, 9], [2, 9], [3, 9], [4, 9], [4, 10], [5, 10], [4, 10], [4, 9], [3, 9], [3, 8], [2, 8], [2, 7], [1, 7], [2, 7], [2, 8], [3, 8], [4, 8], [5, 8], [6, 8], [6, 9], [7, 9], [7, 10], [8, 10], [8, 11], [9, 11], [9, 12], [10, 12], [10, 13], [11, 13], [11, 14], [12, 14], [12, 13], [13, 13], [13, 14], [14, 14], [13, 14], [13, 13], [12, 13], [12, 12], [11, 12], [12, 12], [13, 12], [13, 13], [14, 13], [13, 13], [13, 14], [12, 14], [12, 15], [12, 16], [11, 16], [11, 17], [10, 17], [10, 18], [9, 18], [9, 19], [8, 19], [9, 19], [9, 18], [10, 18], [11, 18], [11, 17], [12, 17], [12, 18], [13, 18], [13, 17], [14, 17], [13, 17], [13, 18], [12, 18], [12, 19], [11, 19], [11, 20], [10, 20], [10, 21], [11, 21], [11, 20], [12, 20], [11, 20], [10, 20], [9, 20], [8, 20], [8, 21], [9, 21], [10, 21], [10, 22], [9, 22], [9, 23], [8, 23], [8, 24], [7, 24], [8, 24], [8, 25], [7, 25], [7, 24], [6, 24], [6, 23], [5, 23], [6, 23], [6, 22], [7, 22], [7, 23], [8, 23], [8, 22], [9, 22], [9, 23], [8, 23], [7, 23], [6, 23], [5, 23], [5, 22], [6, 22], [6, 21], [5, 21], [4, 21], [3, 21], [2, 21], [3, 21], [3, 20], [4, 20], [4, 19], [5, 19], [6, 19], [7, 19], [8, 19], [8, 20], [9, 20], [10, 20], [11, 20], [11, 21], [10, 21], [10, 22], [9, 22], [9, 23], [8, 23], [8, 24], [7, 24], [7, 25], [6, 25], [6, 26], [5, 26], [6, 26], [7, 26], [7, 25], [8, 25], [8, 26], [9, 26], [9, 27], [10, 27], [10, 28], [9, 28], [8, 28], [7, 28], [6, 28], [7, 28], [8, 28], [8, 29], [9, 29], [9, 30], [10, 30], [11, 30], [11, 31], [12, 31], [13, 31], [14, 31], [14, 30]]}
META {"type": "geom", "shape": "line", "group": "offpath", "data": [[3, 15, 4, 16], [3, 26, 0, 24], [3, 1, 4, 1], [3, 27, 3, 26], [2, 3, 0, 5], [2, 2, 0, 4], [2, 23, 0, 25], [2, 26, 3, 27], [2, 19, 0, 18], [2, 22, 0, 22], [2, 16, 3, 15], [2, 10, 0, 10], [6, 29, 5, 30], [6, 8, 7, 9], [6, 16, 7, 15], [6, 18, 2, 19], [8, 8, 4, 9], [8, 16, 9, 15], [8, 10, 9, 9], [10, 29, 11, 29], [10, 9, 11, 8], [10, 4, 11, 4], [10, 11, 11, 10], [10, 5, 11, 6], [10, 31, 11, 30], [10, 27, 11, 26], [4, 9, 5, 9], [4, 1, 5, 2], [4, 16, 5, 15], [13, 29, 14, 29], [13, 30, 14, 31], [13, 9, 14, 9], [13, 4, 14, 4], [13, 28, 14, 28], [13, 7, 14, 7], [13, 19, 13, 18], [13, 8, 14, 8], [13, 18, 14, 18], [13, 27, 14, 27], [12, 29, 13, 29], [12, 30, 13, 30], [12, 9, 13, 8], [12, 4, 13, 4], [12, 28, 13, 27], [12, 7, 13, 7], [12, 19, 13, 19], [12, 10, 13, 9], [12, 27, 13, 28], [5, 30, 6, 29], [5, 9, 6, 8], [5, 15, 6, 16], [5, 2, 3, 1], [0, 4, 1, 3], [0, 22, 1, 21], [0, 5, 1, 4], [0, 10, 1, 9], [0, 25, 1, 25], [0, 18, 1, 17], [0, 24, 1, 24], [14, 29, 10, 29], [14, 9, 10, 5], [14, 4, 10, 4], [14, 28, 12, 30], [14, 7, 10, 11], [14, 26, 10, 27], [14, 8, 12, 10], [14, 18, 12, 19], [14, 31, 10, 31], [14, 27, 14, 26], [9, 9, 10, 9], [9, 15, 6, 18], [11, 6, 7, 7], [11, 29, 12, 28], [11, 30, 12, 29], [11, 4, 12, 4], [11, 26, 12, 27], [11, 8, 12, 7], [11, 10, 12, 9], [1, 9, 2, 10], [1, 21, 2, 22], [1, 3, 2, 2], [1, 4, 2, 3], [1, 17, 2, 16], [1, 25, 2, 26], [1, 24, 2, 23], [7, 9, 8, 10], [7, 15, 8, 16], [7, 7, 8, 8]]}
