--------------------------------
--------------------------------
-------------Q--X------------X--
--------------------------------
-------------------X----X-------
--------------------------------
------XXXX--X-------------------
----------------XXX---------X---
----------------------X---------
--Q----------Q------------------
----------X---------------------
-------X------------------------
------XX------------------<>----
-----XXX------XX----------[]----
-{--XXXX-----XXX----------[]--}-
XXXXXXXXXXXXXXXXXXXXXXXXXXXXXXXX
META {"type": "solver", "id": "pysat-rc2", "objective": 0}
META {"type": "geom", "shape": "path", "group": "path", "data": [[14, 1, 13, 1], [13, 1, 14, 2], [14, 2, 12, 4], [12, 4, 13, 4], [13, 4, 9, 8], [9, 8, 10, 7], [10, 7, 6, 11], [6, 11, 7, 12], [7, 12, 8, 13], [8, 13, 4, 13], [4, 13, 5, 12], [5, 12, 1, 16], [1, 16, 1, 17], [1, 17, 2, 17], [2, 17, 3, 18], [3, 18, 4, 18], [4, 18, 5, 17], [5, 17, 6, 18], [6, 18, 2, 14], [2, 14, 3, 13], [3, 13, 4, 14], [4, 14, 5, 15], [5, 15, 6, 16], [6, 16, 2, 20], [2, 20, 3, 21], [3, 21, 4, 22], [4, 22, 5, 21], [5, 21, 6, 20], [6, 20, 7, 21], [7, 21, 8, 20], [8, 20, 9, 19], [9, 19, 10, 18], [10, 18, 11, 18], [11, 18, 12, 18], [12, 18, 13, 19], [13, 19, 14, 19], [14, 19, 11, 21], [11, 21, 12, 22], [12, 22, 13, 22], [13, 22, 14, 22], [14, 22, 10, 23], [10, 23, 11, 24], [11, 24, 12, 23], [12, 23, 13, 23], [13, 23, 14, 24], [14, 24, 10, 25], [10, 25, 11, 26], [11, 26, 7, 22], [7, 22, 5, 24], [5, 24, 6, 24], [6, 24, 7, 24], [7, 24, 8, 25], [8, 25, 9, 26], [9, 26, 10, 27], [10, 27, 11, 28], [11, 28, 12, 28], [12, 28, 13, 29], [13, 29, 14, 30]]}
META {"type": "geom", "shape": "tile", "group": "path", "data": [[14, 1], [13, 1], [14, 1], [14, 2], [13, 2], [13, 3], [12, 3], [12, 4], [13, 4], [12, 4], [12, 5], [11, 5], [11, 6], [10, 6], [10, 7], [9, 7], [9, 8], [10, 8], [10, 7], [9, 7], [9, 8], [8, 8], [8, 9], [7, 9], [7, 10], [6, 10], [6, 11], [7, 11], [7, 12], [8, 12], [8, 13], [7, 13], [6, 13], [5, 13], [4, 13], [5, 13], [5, 12], [4, 12], [4, 13], [3, 13], [3, 14], [2, 14], [2, 15], [1, 15], [1, 16], [1, 17], [2, 17], [3, 17], [3, 18], [4, 18], [5, 18], [5, 17], [6, 17], [6, 18], [5, 18], [5, 17], [4, 17], [4, 16], [3, 16], [3, 15], [2, 15], [2, 14], [3, 14], [3, 13], [4, 13], [4, 14], [5, 14], [5, 15], [6, 15], [6, 16], [5, 16], [5, 17], [4, 17], [4, 18], [3, 18], [3, 19], [2, 19], [2, 20], [3, 20], [3, 21], [4, 21], [4, 22], [5, 22], [5, 21], [6, 21], [6, 20], [7, 20], [7, 21], [8, 21], [8, 20], [9, 20], [9, 19], [10, 19], [10, 18], [11, 18], [12, 18], [13, 18], [13, 19], [14, 19], [13, 19], [13, 20], [12, 20], [12, 21], [11, 21], [12, 21], [12, 22], [13, 22], [14, 22], [13, 22], [12, 22], [11, 22], [10, 22], [10, 23], [11, 23], [11, 24], [12, 24], [12, 23], [13, 23], [14, 23], [14, 24], [13, 24], [12, 24], [11, 24], [10, 24], [10, 25], [11, 25], [11, 26], [10, 26], [10, 25], [9, 25], [9, 24], [8, 24], [8, 23], [7, 23], [7, 22], [6, 22], [6, 23], [5, 23], [5, 24], [6, 24], [7, 24], [8, 24], [8, 25], [9, 25], [9, 26], [10, 26], [10, 27], [11, 27], [11, 28], [12, 28], [13, 28], [13, 29], [14, 29], [14, 30]]}
META {"type": "geom", "shape": "line", "group": "offpath", "data": [[10, 12, 11, 12], [10, 3, 11, 4], [10, 15, 11, 16], [10, 13, 11, 14], [10, 28, 11, 27], [10, 6, 11, 6], [10, 31, 11, 31], [10, 1, 11, 0], [0, 29, 1, 29], [0, 12, 1, 13], [0, 27, 1, 27], [6, 28, 2, 25], [6, 2, 7, 1], [6, 5, 7, 5], [3, 24, 0, 27], [3, 3, 4, 2], [3, 28, 4, 29], [3, 5, 4, 5], [13, 20, 14, 20], [13, 12, 14, 11], [13, 17, 14, 18], [13, 13, 11, 11], [13, 28, 14, 28], [13, 10, 14, 10], [13, 30, 14, 29], [13, 8, 14, 8], [13, 16, 14, 16], [13, 0, 14, 0], [13, 31, 14, 31], [13, 2, 14, 3], [13, 11, 14, 12], [5, 7, 1, 4], [5, 28, 6, 28], [5, 6, 5, 7], [5, 8, 1, 5], [5, 5, 6, 5], [5, 9, 5, 8], [5, 1, 6, 2], [4, 29, 5, 28], [4, 2, 5, 1], [4, 5, 5, 6], [12, 20, 13, 20], [12, 12, 13, 12], [12, 14, 10, 12], [12, 15, 10, 13], [12, 17, 13, 16], [12, 13, 13, 13], [12, 10, 13, 11], [12, 8, 13, 8], [12, 16, 13, 17], [12, 0, 13, 0], [12, 31, 13, 30], [12, 5, 10, 3], [12, 9, 13, 10], [12, 1, 13, 2], [8, 10, 9, 10], [8, 2, 5, 5], [8, 5, 9, 6], [8, 27, 9, 27], [9, 10, 5, 9], [9, 6, 10, 6], [9, 27, 10, 28], [1, 29, 0, 29], [1, 13, 0, 12], [1, 4, 2, 3], [1, 5, 2, 4], [1, 27, 2, 27], [2, 3, 3, 3], [2, 4, 3, 5], [2, 25, 3, 24], [2, 27, 3, 28], [7, 10, 8, 10], [7, 5, 8, 5], [7, 1, 8, 2], [7, 27, 8, 27], [11, 12, 12, 13], [11, 14, 12, 15], [11, 15, 12, 14], [11, 6, 7, 10], [11, 8, 12, 8], [11, 16, 12, 16], [11, 4, 12, 5], [11, 0, 12, 1], [11, 31, 12, 31], [11, 1, 12, 0], [11, 27, 7, 27], [11, 11, 12, 12], [14, 20, 14, 21], [14, 29, 13, 28], [14, 12, 10, 15], [14, 3, 11, 1], [14, 21, 12, 20], [14, 28, 10, 31], [14, 10, 11, 8], [14, 18, 11, 15], [14, 8, 12, 9], [14, 16, 12, 17], [14, 0, 10, 1], [14, 31, 13, 31], [14, 11, 12, 10]]}
