--------------------------------
--------------------------------
--------------------------------
-------X-------Q----------------
--------------------------------
---X------Q---------------------
----------------------------X---
------XX------------------------
--------------Q---------X-------
-----------------X----------XX--
---XQQX-------------------------
----------------------XX--------
----------------X----XXX--------
----------<>---XX---XXXX--------
-{--------[]--XXX--XXXXX------}-
XXXXXX--XXXXXXXXXXXXXXXXXXXXXXXX
META {"type": "solver", "id": "pysat-rc2", "objective": 0}
META {"type": "geom", "shape": "path", "group": "path", "data": [[14, 1, 10, 2], [10, 2, 11, 3], [11, 3, 12, 3], [12, 3, 13, 2], [13, 2, 14, 3], [14, 3, 12, 1], [12, 1, 13, 1], [13, 1, 14, 2], [14, 2, 11, 5], [11, 5, 12, 4], [12, 4, 13, 3], [13, 3, 14, 4], [14, 4, 11, 6], [11, 6, 12, 5], [12, 5, 13, 4], [13, 4, 14, 5], [14, 5, 10, 9], [10, 9, 11, 8], [11, 8, 12, 8], [12, 8, 13, 9], [13, 9, 14, 8], [14, 8, 10, 8], [10, 8, 11, 9], [11, 9, 12, 9], [12, 9, 13, 8], [13, 8, 14, 9], [14, 9, 10, 10], [10, 10, 11, 11], [11, 11, 12, 12], [12, 12, 13, 12], [13, 12, 14, 12], [14, 12, 10, 11], [10, 11, 11, 12], [11, 12, 12, 11], [12, 11, 8, 7], [8, 7, 9, 6], [9, 6, 7, 5], [7, 5, 8, 5], [8, 5, 9, 4], [9, 4, 9, 5], [9, 5, 6, 3], [6, 3, 7, 3], [7, 3, 8, 4], [8, 4, 9, 3], [9, 3, 6, 6], [6, 6, 2, 7], [2, 7, 0, 7], [0, 7, 1, 8], [1, 8, 2, 9], [2, 9, 3, 9], [3, 9, 4, 10], [4, 10, 0, 9], [0, 9, 1, 9], [1, 9, 2, 10], [2, 10, 3, 11], [3, 11, 4, 12], [4, 12, 5, 12], [5, 12, 6, 13], [6, 13, 7, 14], [7, 14, 3, 14], [3, 14, 4, 15], [4, 15, 5, 15], [5, 15, 6, 16], [6, 16, 7, 16], [7, 16, 8, 16], [8, 16, 9, 16], [9, 16, 10, 17], [10, 17, 11, 18], [11, 18, 12, 19], [12, 19, 13, 19], [13, 19, 9, 20], [9, 20, 10, 21], [10, 21, 11, 21], [11, 21, 7, 18], [7, 18, 8, 17], [8, 17, 4, 13], [4, 13, 5, 13], [5, 13, 6, 14], [6, 14, 7, 15], [7, 15, 8, 15], [8, 15, 9, 14], [9, 14, 10, 14], [10, 14, 11, 14], [11, 14, 12, 15], [12, 15, 12, 14], [12, 14, 13, 14], [13, 14, 12, 13], [12, 13, 13, 13], [13, 13, 14, 13], [14, 13, 11, 16], [11, 16, 7, 17], [7, 17, 8, 18], [8, 18, 9, 19], [9, 19, 10, 20], [10, 20, 11, 19], [11, 19, 12, 20], [12, 20, 9, 23], [9, 23, 10, 22], [10, 22, 6, 23], [6, 23, 7, 24], [7, 24, 4, 27], [4, 27, 5, 28], [5, 28, 1, 24], [1, 24, 2, 24], [2, 24, 3, 23], [3, 23, 4, 24], [4, 24, 5, 25], [5, 25, 6, 24], [6, 24, 7, 25], [7, 25, 8, 26], [8, 26, 9, 26], [9, 26, 10, 27], [10, 27, 11, 27], [11, 27, 12, 28], [12, 28, 13, 29], [13, 29, 14, 28], [14, 28, 11, 31], [11, 31, 12, 31], [12, 31, 13, 31], [13, 31, 14, 30]]}
META {"type": "geom", "shape": "tile", "group": "path", "data": [[14, 1], [13, 1], [12, 1], [11, 1], [10, 1], [10, 2], [11, 2], [11, 3], [12, 3], [13, 3], [13, 2], [14, 2], [14, 3], [13, 3], [13, 2], [12, 2], [12, 1], [13, 1], [14, 1], [14, 2], [13, 2], [13, 3], [12, 3], [12, 4], [11, 4], [11, 5], [12, 5], [12, 4], [13, 4], [13, 3], [14, 3], [14, 4], [13, 4], [13, 5], [12, 5], [12, 6], [11, 6], [12, 6], [12, 5], [13, 5], [13, 4], [14, 4], [14, 5], [13, 5], [13, 6], [12, 6], [12, 7], [11, 7], [11, 8], [10, 8], [10, 9], [11, 9], [11, 8], [12, 8], [13, 8], [13, 9], [14, 9], [14, 8], [13, 8], [12, 8], [11, 8], [10, 8], [11, 8], [11, 9], [12, 9], [13, 9], [13, 8], [14, 8], [14, 9], [13, 9], [12, 9], [11, 9], [10, 9], [10, 10], [11, 10], [11, 11], [12, 11], [12, 12], [13, 12], [14, 12], [13, 12], [12, 12], [11, 12], [10, 12], [10, 11], [11, 11], [11, 12], [12, 12], [12, 11], [11, 11], [11, 10], [10, 10], [10, 9], [9, 9], [9, 8], [8, 8], [8, 7], [9, 7], [9, 6], [8, 6], [8, 5], [7, 5], [8, 5], [9, 5], [9, 4], [9, 5], [8, 5], [8, 4], [7, 4], [7, 3], [6, 3], [7, 3], [8, 3], [8, 4], [9, 4], [9, 3], [8, 3], [8, 4], [7, 4], [7, 5], [6, 5], [6, 6], [5, 6], [4, 6], [3, 6], [2, 6], [2, 7], [1, 7], [0, 7], [1, 7], [1, 8], [2, 8], [2, 9], [3, 9], [4, 9], [4, 10], [3, 10], [2, 10], [1, 10], [0, 10], [0, 9], [1, 9], [2, 9], [2, 10], [3, 10], [3, 11], [4, 11], [4, 12], [5, 12], [6, 12], [6, 13], [7, 13], [7, 14], [6, 14], [5, 14], [4, 14], [3, 14], [4, 14], [4, 15], [5, 15], [6, 15], [6, 16], [7, 16], [8, 16], [9, 16], [10, 16], [10, 17], [11, 17], [11, 18], [12, 18], [12, 19], [13, 19], [12, 19], [11, 19], [10, 19], [9, 19], [9, 20], [10, 20], [10, 21], [11, 21], [10, 21], [10, 20], [9, 20], [9, 19], [8, 19], [8, 18], [7, 18], [8, 18], [8, 17], [7, 17], [7, 16], [6, 16], [6, 15], [5, 15], [5, 14], [4, 14], [4, 13], [5, 13], [6, 13], [6, 14], [7, 14], [7, 15], [8, 15], [9, 15], [9, 14], [10, 14], [11, 14], [12, 14], [12, 15], [12, 14], [13, 14], [12, 14], [12, 13], [13, 13], [14, 13], [13, 13], [13, 14], [12, 14], [12, 15], [11, 15], [11, 16], [10, 16], [9, 16], [8, 16], [7, 16], [7, 17], [8, 17], [8, 18], [9, 18], [9, 19], [10, 19], [10, 20], [11, 20], [11, 19], [12, 19], [12, 20], [11, 20], [11, 21], [10, 21], [10, 22], [9, 22], [9, 23], [10, 23], [10, 22], [9, 22], [8, 22], [7, 22], [6, 22], [6, 23], [7, 23], [7, 24], [6, 24], [6, 25], [5, 25], [5, 26], [4, 26], [4, 27], [5, 27], [5, 28], [4, 28], [4, 27], [3, 27], [3, 26], [2, 26], [2, 25], [1, 25], [1, 24], [2, 24], [3, 24], [3, 23], [4, 23], [4, 24], [5, 24], [5, 25], [6, 25], [6, 24], [7, 24], [7, 25], [8, 25], [8, 26], [9, 26], [10, 26], [10, 27], [11, 27], [12, 27], [12, 28], [13, 28], [13, 29], [14, 29], [14, 28], [13, 28], [13, 29], [12, 29], [12, 30], [11, 30], [11, 31], [12, 31], [13, 31], [14, 31], [14, 30]]}
META {"type": "geom", "shape": "line", "group": "offpath", "data": [[13, 27, 14, 26], [13, 17, 14, 18], [13, 30, 14, 29], [13, 18, 14, 17], [13, 28, 14, 27], [13, 0, 14, 0], [6, 7, 2, 3], [6, 29, 7, 28], [6, 31, 7, 30], [1, 7, 2, 8], [7, 30, 8, 29], [7, 23, 8, 23], [7, 28, 8, 28], [8, 29, 6, 31], [8, 23, 9, 24], [8, 28, 5, 30], [2, 8, 3, 8], [2, 3, 3, 2], [5, 8, 6, 7], [5, 30, 6, 29], [12, 27, 13, 27], [12, 17, 13, 18], [12, 29, 13, 28], [12, 0, 13, 0], [0, 6, 1, 7], [9, 24, 10, 25], [4, 9, 5, 8], [4, 3, 0, 6], [10, 30, 11, 30], [10, 23, 7, 23], [10, 25, 11, 26], [10, 0, 11, 0], [3, 2, 4, 3], [3, 8, 4, 9], [11, 26, 12, 27], [11, 17, 12, 17], [11, 30, 12, 29], [11, 0, 12, 0], [14, 26, 10, 30], [14, 27, 10, 23], [14, 17, 11, 17], [14, 29, 13, 30], [14, 18, 13, 17], [14, 0, 10, 0]]}
