--------------------------------
--------------------------------
------------------Q-------------
--XXXXXXXX-----------Q----------
--------------------------------
--XXXXXXXX---Q--Q---------------
----------------------Q---------
--------------------------------
------------------X-------------
----X------------XX-------------
----------------XXX-------------
---------------XXXX-------------
-----X--------XXXXX--<>---------
-----XX------XXXXXX--[]---------
-{---XXX----XXXXXXX--[]-------}-
XXXXXXXXXXXXXXXXXXXXXXXXXXXXXXXX
META {"type": "solver", "id": "pysat-rc2", "objective": 0}
META {"type": "geom", "shape": "path", "group": "path", "data": [[14, 1, 10, 5], [10, 5, 11, 5], [11, 5, 11, 4], [11, 4, 12, 4], [12, 4, 13, 3], [13, 3, 14, 2], [14, 2, 10, 6], [10, 6, 11, 7], [11, 7, 12, 8], [12, 8, 13, 7], [13, 7, 10, 10], [10, 10, 11, 9], [11, 9, 12, 9], [12, 9, 13, 10], [13, 10, 14, 11], [14, 11, 12, 10], [12, 10, 13, 11], [13, 11, 14, 10], [14, 10, 12, 12], [12, 12, 13, 12], [13, 12, 9, 16], [9, 16, 6, 13], [6, 13, 7, 13], [7, 13, 8, 12], [8, 12, 9, 13], [9, 13, 10, 13], [10, 13, 11, 14], [11, 14, 9, 14], [9, 14, 10, 15], [10, 15, 6, 18], [6, 18, 7, 18], [7, 18, 5, 20], [5, 20, 6, 21], [6, 21, 7, 22], [7, 22, 8, 22], [8, 22, 9, 22], [9, 22, 10, 21], [10, 21, 11, 21], [11, 21, 11, 22], [11, 22, 7, 23], [7, 23, 8, 23], [8, 23, 9, 24], [9, 24, 10, 25], [10, 25, 11, 26], [11, 26, 12, 25], [12, 25, 13, 26], [13, 26, 14, 25], [14, 25, 10, 29], [10, 29, 11, 30], [11, 30, 12, 30], [12, 30, 13, 29], [13, 29, 14, 29], [14, 29, 12, 29], [12, 29, 13, 30], [13, 30, 14, 31], [14, 31, 10, 30], [10, 30, 11, 31], [11, 31, 12, 31], [12, 31, 13, 31], [13, 31, 14, 30]]}
META {"type": "geom", "shape": "tile", "group": "path", "data": [[14, 1], [13, 1], [13, 2], [12, 2], [12, 3], [11, 3], [11, 4], [10, 4], [10, 5], [11, 5], [11, 4], [12, 4], [13, 4], [13, 3], [14, 3], [14, 2], [13, 2], [13, 3], [12, 3], [12, 4], [11, 4], [11, 5], [10, 5], [10, 6], [11, 6], [11, 7], [12, 7], [12, 8], [13, 8], [13, 7], [12, 7], [12, 8], [11, 8], [11, 9], [10, 9], [10, 10], [11, 10], [11, 9], [12, 9], [13, 9], [13, 10], [14, 10], [14, 11], [13, 11], [13, 10], [12, 10], [13, 10], [13, 11], [14, 11], [14, 10], [13, 10], [13, 11], [12, 11], [12, 12], [13, 12], [12, 12], [12, 13], [11, 13], [11, 14], [10, 14], [10, 15], [9, 15], [9, 16], [8, 16], [8, 15], [7, 15], [7, 14], [6, 14], [6, 13], [7, 13], [8, 13], [8, 12], [9, 12], [9, 13], [10, 13], [11, 13], [11, 14], [10, 14], [9, 14], [10, 14], [10, 15], [9, 15], [9, 16], [8, 16], [8, 17], [7, 17], [7, 18], [6, 18], [7, 18], [6, 18], [6, 19], [5, 19], [5, 20], [6, 20], [6, 21], [7, 21], [7, 22], [8, 22], [9, 22], [10, 22], [10, 21], [11, 21], [11, 22], [10, 22], [9, 22], [8, 22], [7, 22], [7, 23], [8, 23], [9, 23], [9, 24], [10, 24], [10, 25], [11, 25], [11, 26], [12, 26], [12, 25], [13, 25], [13, 26], [14, 26], [14, 25], [13, 25], [13, 26], [12, 26], [12, 27], [11, 27], [11, 28], [10, 28], [10, 29], [11, 29], [11, 30], [12, 30], [13, 30], [13, 29], [14, 29], [13, 29], [12, 29], [13, 29], [13, 30], [14, 30], [14, 31], [13, 31], [12, 31], [11, 31], [10, 31], [10, 30], [11, 30], [11, 31], [12, 31], [13, 31], [14, 31], [14, 30]]}
META {"type": "geom", "shape": "line", "group": "offpath", "data": [[10, 19, 11, 19], [10, 12, 11, 12], [11, 28, 12, 28], [11, 0, 12, 1], [11, 19, 12, 20], [11, 1, 12, 2], [11, 12, 12, 13], [2, 11, 3, 10], [2, 21, 0, 19], [2, 9, 2, 8], [2, 16, 3, 16], [2, 6, 0, 5], [2, 19, 3, 20], [2, 8, 0, 8], [2, 2, 0, 4], [2, 4, 0, 6], [2, 5, 2, 4], [2, 7, 2, 6], [2, 3, 0, 2], [0, 15, 1, 16], [0, 6, 1, 7], [0, 19, 1, 18], [0, 8, 1, 8], [0, 2, 1, 3], [0, 4, 1, 4], [0, 10, 1, 10], [0, 5, 1, 6], [8, 11, 9, 12], [8, 17, 4, 13], [9, 12, 10, 12], [14, 23, 13, 24], [14, 28, 11, 28], [14, 0, 11, 0], [14, 24, 12, 23], [14, 19, 10, 19], [14, 20, 12, 19], [14, 4, 11, 1], [14, 27, 13, 27], [14, 3, 12, 3], [4, 21, 5, 22], [4, 9, 4, 10], [4, 16, 0, 15], [4, 6, 4, 5], [4, 8, 4, 7], [4, 13, 0, 10], [4, 4, 4, 3], [4, 10, 5, 11], [4, 5, 4, 6], [4, 7, 4, 8], [4, 3, 4, 4], [13, 23, 14, 23], [13, 28, 14, 28], [13, 24, 14, 24], [13, 19, 14, 19], [13, 1, 14, 0], [13, 20, 14, 20], [13, 2, 14, 3], [13, 4, 14, 4], [13, 27, 14, 27], [12, 23, 13, 23], [12, 28, 13, 28], [12, 19, 13, 19], [12, 1, 13, 1], [12, 20, 13, 20], [12, 2, 13, 2], [12, 13, 8, 17], [12, 3, 13, 4], [7, 10, 8, 11], [5, 22, 1, 22], [5, 11, 6, 10], [6, 10, 7, 10], [3, 16, 4, 16], [3, 20, 4, 21], [3, 10, 4, 9], [1, 22, 2, 21], [1, 16, 2, 16], [1, 6, 2, 5], [1, 19, 2, 19], [1, 8, 2, 9], [1, 4, 2, 3], [1, 10, 2, 11], [1, 18, 1, 19], [1, 7, 2, 7], [1, 3, 2, 2]]}
