--------------------------------
--------------------------------
--------------------------XXX---
--------------------------------
---------------Q----------------
-----------------------X--------
--------------------------Q-----
------------X----Q-----------X--
--------------------------------
---------X----------------Q-----
--------------X-----------------
-----XX------XX-----------------
------------XXX----X----<>------
-----------XXXX----XX---[]------
-{--------XXXXX----XXX--[]----}-
XXXXXXXXXXXXXXXXXXXXXXXXXXXXXXXX
META {"type": "solver", "id": "pysat-rc2-boolonly", "objective": 0}
META {"type": "geom", "shape": "path", "group": "path", "data": [[14, 1, 10, 5], [10, 5, 10, 6], [10, 6, 10, 7], [10, 7, 11, 8], [11, 8, 12, 8], [12, 8, 13, 9], [13, 9, 14, 8], [14, 8, 12, 10], [12, 10, 13, 10], [13, 10, 10, 12], [10, 12, 11, 12], [11, 12, 8, 14], [8, 14, 9, 14], [9, 14, 6, 17], [6, 17, 2, 21], [2, 21, 3, 22], [3, 22, 4, 23], [4, 23, 1, 26], [1, 26, 0, 26], [0, 26, 1, 25], [1, 25, 2, 25], [2, 25, 3, 26], [3, 26, 4, 26], [4, 26, 5, 27], [5, 27, 6, 27], [6, 27, 7, 26], [7, 26, 8, 26], [8, 26, 8, 27], [8, 27, 9, 28], [9, 28, 10, 29], [10, 29, 11, 29], [11, 29, 12, 30], [12, 30, 13, 31], [13, 31, 14, 31], [14, 31, 11, 28], [11, 28, 12, 29], [12, 29, 13, 30], [13, 30, 14, 30]]}
META {"type": "geom", "shape": "tile", "group": "path", "data": [[14, 1], [13, 1], [13, 2], [12, 2], [12, 3], [11, 3], [11, 4], [10, 4], [10, 5], [10, 6], [10, 7], [11, 7], [11, 8], [12, 8], [13, 8], [13, 9], [14, 9], [14, 8], [13, 8], [13, 9], [12, 9], [12, 10], [13, 10], [12, 10], [12, 11], [11, 11], [11, 12], [10, 12], [11, 12], [10, 12], [10, 13], [9, 13], [9, 14], [8, 14], [9, 14], [8, 14], [8, 15], [7, 15], [7, 16], [6, 16], [6, 17], [5, 17], [5, 18], [4, 18], [4, 19], [3, 19], [3, 20], [2, 20], [2, 21], [3, 21], [3, 22], [4, 22], [4, 23], [3, 23], [3, 24], [2, 24], [2, 25], [1, 25], [1, 26], [0, 26], [1, 26], [1, 25], [2, 25], [3, 25], [3, 26], [4, 26], [5, 26], [5, 27], [6, 27], [7, 27], [7, 26], [8, 26], [8, 27], [9, 27], [9, 28], [10, 28], [10, 29], [11, 29], [12, 29], [12, 30], [13, 30], [13, 31], [14, 31], [13, 31], [13, 30], [12, 30], [12, 29], [11, 29], [11, 28], [12, 28], [12, 29], [13, 29], [13, 30], [14, 30]]}
META {"type": "geom", "shape": "line", "group": "offpath", "data": [[12, 16, 13, 16], [12, 2, 13, 1], [12, 9, 13, 8], [12, 11, 8, 10], [12, 27, 13, 28], [12, 21, 13, 21], [12, 18, 13, 17], [12, 5, 13, 4], [14, 0, 11, 2], [14, 7, 12, 9], [14, 16, 12, 18], [14, 3, 14, 4], [14, 28, 12, 27], [14, 29, 14, 28], [14, 4, 14, 3], [14, 17, 10, 17], [14, 18, 13, 18], [14, 5, 12, 5], [2, 14, 3, 15], [2, 29, 3, 28], [2, 13, 3, 14], [5, 29, 6, 29], [5, 13, 6, 12], [13, 16, 14, 17], [13, 1, 14, 0], [13, 28, 14, 29], [13, 4, 14, 5], [13, 8, 14, 7], [13, 17, 14, 16], [13, 21, 11, 21], [13, 18, 14, 18], [6, 29, 2, 29], [6, 12, 2, 13], [0, 27, 1, 28], [1, 28, 0, 27], [9, 11, 10, 10], [10, 10, 11, 11], [10, 17, 11, 16], [11, 16, 12, 16], [11, 2, 12, 2], [11, 11, 12, 11], [11, 21, 12, 21], [4, 14, 5, 13], [4, 29, 5, 29], [3, 15, 2, 14], [3, 28, 4, 29], [3, 14, 4, 14], [8, 10, 9, 11]]}
