XXXXXXXXXXXXXXXX
XXXXXXXXXXXXXXXX
XX}XXXXXXXXX--XX
XX-XXX-XXX----XX
XX---XXXXX##--XX
XX-#--XXXX--#-XX
XX----XXXX----XX
XX--#-XXXX-X--XX
XXX-------XXXXXX
XXX---XX--XXXXXX
XXXX---X--XXXXXX
XXXX----X-----XX
XXXX-#-XXXXX--XX
XXXX---XXXXXXXXX
XX-----XXX--XXXX
XXXX-#---XX--XXX
XXXX------X--XXX
XXX---###-----XX
XXX-----------XX
XX--XX----XXXXXX
XX--XX-----XXXXX
XXX--X-----XXXXX
XXXX----XX-XXXXX
XXXX--#--X---XXX
XXXXX--------XXX
XXXXX---X-XX-XXX
XXX----XX-XX--XX
XXXX-{--X--X--XX
XX-XXXX----XXXXX
XX-XXXXXXXXXXXXX
XXXXXXXXXXXXXXXX
XXXXXXXXXXXXXXXX
META {"type": "solver", "id": "pysat-rc2", "objective": 0}
META {"type": "geom", "shape": "path", "group": "path", "data": [[27, 5, 27, 4], [27, 4, 26, 4], [26, 4, 26, 6], [26, 6, 24, 6], [24, 6, 24, 5], [24, 5, 22, 5], [22, 5, 22, 4], [22, 4, 23, 4], [23, 4, 21, 4], [21, 4, 21, 3], [21, 3, 17, 3], [17, 3, 17, 5], [17, 5, 16, 5], [16, 5, 16, 4], [16, 4, 18, 4], [18, 4, 8, 4], [8, 4, 8, 3], [8, 3, 6, 3], [6, 3, 6, 2], [6, 2, 2, 2]]}
META {"type": "geom", "shape": "tile", "group": "path", "data": [[27, 5], [27, 4], [26, 4], [26, 5], [26, 6], [25, 6], [24, 6], [24, 5], [23, 5], [22, 5], [22, 4], [23, 4], [22, 4], [21, 4], [21, 3], [20, 3], [19, 3], [18, 3], [17, 3], [17, 4], [17, 5], [16, 5], [16, 4], [17, 4], [18, 4], [17, 4], [16, 4], [15, 4], [14, 4], [13, 4], [12, 4], [11, 4], [10, 4], [9, 4], [8, 4], [8, 3], [7, 3], [6, 3], [6, 2], [5, 2], [4, 2], [3, 2], [2, 2]]}
META {"type": "geom", "shape": "line", "group": "offpath", "data": [[17, 9, 21, 9], [17, 13, 17, 9], [28, 2, 29, 2], [28, 7, 27, 7], [16, 12, 16, 11], [16, 8, 15, 8], [16, 11, 16, 12], [7, 12, 6, 12], [7, 13, 7, 12], [7, 2, 7, 3], [7, 10, 5, 10], [7, 3, 7, 2], [18, 13, 17, 13], [18, 7, 18, 3], [18, 3, 18, 13], [22, 7, 18, 7], [22, 6, 22, 7], [12, 12, 11, 12], [12, 13, 12, 12], [21, 9, 21, 10], [21, 6, 22, 6], [21, 10, 21, 6], [19, 2, 20, 2], [10, 9, 10, 8], [10, 8, 10, 9], [6, 12, 6, 13], [6, 13, 7, 13], [23, 12, 23, 10], [23, 10, 24, 10], [23, 11, 24, 11], [5, 5, 11, 5], [5, 10, 7, 10], [29, 2, 28, 2], [24, 12, 23, 12], [24, 10, 24, 12], [24, 11, 23, 11], [4, 12, 4, 13], [4, 13, 4, 12], [15, 8, 16, 8], [27, 12, 27, 13], [27, 13, 27, 12], [27, 7, 28, 7], [13, 5, 14, 5], [13, 4, 13, 6], [13, 6, 13, 4], [20, 2, 19, 2], [20, 6, 20, 10], [20, 10, 20, 6], [14, 5, 13, 5], [11, 12, 11, 13], [11, 13, 12, 13], [11, 5, 5, 5]]}
