XXXXXXXXXXXXXXXX
XXXXXXXXXXXXXXXX
XX---XXX--XXX}XX
XX-#------XXX-XX
XX----X-------XX
XX----XXXXX---XX
XX##--XXXXX##-XX
XX--X-XXXXX---XX
XX-XX-XXX---#-XX
XX--X-XXX-----XX
XXX---XXXXXX--XX
XXX---XXXXXX--XX
XXX##-XXXX--XXXX
XXX---XXXX---XXX
XX---#---XX--XXX
XX--------X--XXX
XX--X--X-----XXX
XX--XXXXXX-X--XX
XX---XXXXX-XX-XX
XX---XXX----X-XX
XX-------X---XXX
XX------XXX-XXXX
XX------XXX--XXX
XX---#--XXX--XXX
XXXX---X---X-XXX
XXXX--XX---XXXXX
XXXX---X---XXXXX
XXX-----XXXXXXXX
XX---{--XXXXXXXX
XXXXXXXXXXXXXXXX
XXXXXXXXXXXXXXXX
XXXXXXXXXXXXXXXX
META {"type": "solver", "id": "pysat-rc2", "objective": 0}
META {"type": "geom", "shape": "path", "group": "path", "data": [[28, 5, 24, 5], [24, 5, 24, 4], [24, 4, 24, 6], [24, 6, 20, 6], [20, 6, 20, 8], [20, 8, 20, 2], [20, 2, 14, 2], [14, 2, 14, 4], [14, 4, 13, 4], [13, 4, 13, 5], [13, 5, 3, 5], [3, 5, 3, 9], [3, 9, 2, 9], [2, 9, 2, 8], [2, 8, 4, 8], [4, 8, 4, 7], [4, 7, 4, 13], [4, 13, 2, 13]]}
META {"type": "geom", "shape": "tile", "group": "path", "data": [[28, 5], [27, 5], [26, 5], [25, 5], [24, 5], [24, 4], [24, 5], [24, 6], [23, 6], [22, 6], [21, 6], [20, 6], [20, 7], [20, 8], [20, 7], [20, 6], [20, 5], [20, 4], [20, 3], [20, 2], [19, 2], [18, 2], [17, 2], [16, 2], [15, 2], [14, 2], [14, 3], [14, 4], [13, 4], [13, 5], [12, 5], [11, 5], [10, 5], [9, 5], [8, 5], [7, 5], [6, 5], [5, 5], [4, 5], [3, 5], [3, 6], [3, 7], [3, 8], [3, 9], [2, 9], [2, 8], [3, 8], [4, 8], [4, 7], [4, 8], [4, 9], [4, 10], [4, 11], [4, 12], [4, 13], [3, 13], [2, 13]]}
META {"type": "geom", "shape": "line", "group": "offpath", "data": [[8, 9, 8, 11], [8, 11, 8, 9], [8, 10, 9, 10], [7, 11, 9, 11], [10, 13, 10, 12], [10, 12, 10, 13], [17, 12, 13, 12], [22, 12, 24, 12], [12, 10, 13, 10], [13, 3, 23, 3], [13, 12, 17, 12], [13, 10, 12, 10], [4, 11, 5, 11], [15, 5, 15, 9], [15, 9, 16, 9], [15, 11, 15, 12], [15, 12, 15, 11], [24, 8, 24, 10], [24, 9, 26, 9], [24, 12, 22, 12], [24, 10, 26, 10], [2, 2, 2, 4], [2, 4, 2, 2], [9, 11, 7, 11], [9, 13, 11, 13], [9, 12, 9, 13], [9, 10, 8, 10], [5, 11, 4, 11], [11, 5, 11, 3], [11, 13, 11, 12], [11, 3, 11, 5], [11, 12, 9, 12], [14, 8, 14, 6], [14, 6, 16, 6], [23, 11, 23, 12], [23, 2, 23, 4], [23, 3, 13, 3], [23, 12, 23, 11], [23, 4, 23, 2], [16, 8, 14, 8], [16, 5, 15, 5], [16, 9, 16, 8], [16, 2, 16, 3], [16, 6, 16, 5], [16, 3, 16, 2], [20, 12, 20, 10], [20, 10, 20, 12], [6, 5, 6, 4], [6, 4, 6, 5], [26, 8, 24, 8], [26, 9, 24, 9], [26, 6, 26, 4], [26, 4, 26, 6], [26, 10, 26, 8], [27, 7, 27, 3], [27, 3, 27, 7]]}
