--------------------------------
--------------------------------
--------------------------------
---------XX-------------XQX-----
--XQXQX-------------------------
------------------XX---------Q--
------------XXX-------XXXX------
--------X-----------------------
--------------------------------
---X-----------XX---<>----------
--------------XXX---[]----------
-------------XXXX---[]----------
-------Q----XXXXX---[]----------
-----------XXXXXX---[]----XX----
-{--------XXXXXXX---[]---XXX--}-
XXXXXXXXXXXXXXXXXXXXXXXXXXXXXXXX
META {"type": "solver", "id": "clingo-be", "objective": 0}
META {"type": "geom", "shape": "path", "group": "path", "data": [[14, 1, 14, 2], [14, 2, 14, 3], [14, 3, 14, 4], [14, 4, 14, 5], [14, 5, 14, 6], [14, 6, 14, 7], [14, 7, 14, 8], [14, 8, 14, 9], [14, 9, 12, 11], [12, 11, 8, 15], [8, 15, 8, 16], [8, 16, 6, 18], [6, 18, 7, 19], [7, 19, 8, 20], [8, 20, 8, 21], [8, 21, 8, 22], [8, 22, 9, 23], [9, 23, 10, 24], [10, 24, 11, 25], [11, 25, 12, 26], [12, 26, 12, 27], [12, 27, 12, 28], [12, 28, 13, 29], [13, 29, 14, 30]]}
