XXXXXXXXXXXXXXXX
XXXXXXXXXXXXXXXX
XX}XXXXXXX---XXX
XX-XXXXX---#-XXX
XX-----------XXX
XX##------X--XXX
XX-----XXXXX--XX
XXX--X-XXXXX--XX
XXXXXX-XXXXX--XX
XXXXXX-XXX--#-XX
XXX-----------XX
XX--X--X-X----XX
XX-XXXXXXX-XX-XX
XX-XXXXXXX--X-XX
XX-XXXXX------XX
XX-XXXXX------XX
XX-XXX----X-XXXX
XX------XXX--XXX
XXX---X-XXX--XXX
XXXX--XXXXX---XX
XXXX--XXXXX---XX
XXXXX-XXXX----XX
XXXXX-----#---XX
XXX-----------XX
XXXX-#-XXX-#--XX
XXXX---XXX----XX
XXXX---XXXX-XXXX
XXXX---XXXX--XXX
XX-----XXXX--XXX
XX-{--XXXX---XXX
XXXXXXXXXXXXXXXX
XXXXXXXXXXXXXXXX
META {"type": "solver", "id": "pysat-rc2", "objective": 0}
META {"type": "geom", "shape": "path", "group": "path", "data": [[29, 3, 28, 3], [28, 3, 28, 2], [28, 2, 28, 6], [28, 6, 22, 6], [22, 6, 22, 5], [22, 5, 23, 5], [23, 5, 17, 5], [17, 5, 17, 7], [17, 7, 18, 7], [18, 7, 16, 7], [16, 7, 16, 6], [16, 6, 17, 6], [17, 6, 17, 2], [17, 2, 11, 2], [11, 2, 11, 3], [11, 3, 10, 3], [10, 3, 10, 13], [10, 13, 6, 13], [6, 13, 6, 12], [6, 12, 2, 12], [2, 12, 2, 10], [2, 10, 4, 10], [4, 10, 4, 12], [4, 12, 4, 2], [4, 2, 2, 2]]}
META {"type": "geom", "shape": "tile", "group": "path", "data": [[29, 3], [28, 3], [28, 2], [28, 3], [28, 4], [28, 5], [28, 6], [27, 6], [26, 6], [25, 6], [24, 6], [23, 6], [22, 6], [22, 5], [23, 5], [22, 5], [21, 5], [20, 5], [19, 5], [18, 5], [17, 5], [17, 6], [17, 7], [18, 7], [17, 7], [16, 7], [16, 6], [17, 6], [17, 5], [17, 4], [17, 3], [17, 2], [16, 2], [15, 2], [14, 2], [13, 2], [12, 2], [11, 2], [11, 3], [10, 3], [10, 4], [10, 5], [10, 6], [10, 7], [10, 8], [10, 9], [10, 10], [10, 11], [10, 12], [10, 13], [9, 13], [8, 13], [7, 13], [6, 13], [6, 12], [5, 12], [4, 12], [3, 12], [2, 12], [2, 11], [2, 10], [3, 10], [4, 10], [4, 11], [4, 12], [4, 11], [4, 10], [4, 9], [4, 8], [4, 7], [4, 6], [4, 5], [4, 4], [4, 3], [4, 2], [3, 2], [2, 2]]}
META {"type": "geom", "shape": "line", "group": "offpath", "data": [[25, 4, 23, 4], [25, 5, 25, 6], [25, 6, 25, 4], [25, 13, 19, 13], [13, 10, 13, 11], [13, 11, 13, 10], [19, 4, 19, 5], [19, 5, 19, 4], [19, 11, 23, 11], [19, 13, 19, 11], [23, 4, 29, 4], [23, 11, 23, 13], [23, 8, 22, 8], [23, 13, 25, 13], [7, 4, 7, 3], [7, 3, 7, 4], [8, 12, 8, 13], [8, 13, 8, 12], [10, 12, 11, 12], [10, 5, 11, 5], [27, 4, 27, 6], [27, 6, 27, 4], [29, 4, 29, 5], [29, 12, 29, 10], [29, 5, 25, 5], [29, 10, 29, 12], [14, 12, 15, 12], [14, 9, 14, 8], [14, 8, 16, 8], [4, 11, 5, 11], [3, 10, 3, 8], [3, 9, 3, 10], [3, 8, 5, 8], [5, 9, 3, 9], [5, 11, 4, 11], [5, 8, 5, 9], [18, 3, 17, 3], [9, 10, 9, 11], [9, 11, 9, 10], [15, 12, 14, 12], [16, 9, 14, 9], [16, 8, 16, 9], [17, 12, 17, 11], [17, 3, 18, 3], [17, 11, 17, 12], [6, 6, 6, 2], [6, 2, 6, 6], [11, 12, 10, 12], [11, 5, 10, 5], [26, 4, 26, 6], [26, 6, 26, 4], [24, 12, 24, 13], [24, 13, 24, 12], [20, 4, 20, 5], [20, 5, 20, 4], [22, 8, 23, 8]]}
