XXXXXXXXXXXXXXXX
X0-----------XXX
XXX---X----X--1X
XXX-----XXXXXXXX
X--X----XXXXXXXX
XX-X---X-----XXX
X--X---X-------X
XX-----X-XXXXX-X
X-XX-XX--------X
XXXXXXXXX--XX--X
XXXXXXXXX--XX-XX
XXXX-XX--------X
XXX------X-X-XXX
XXX-XX-XX----XXX
X2--XX-XX-XX--3X
XXXXXXXXXXXXXXXX
META {"type": "solver", "id": "pysat-rc2", "objective": 0}
META {"type": "geom", "shape": "path", "group": "path", "data": [[1, 1, 1, 2], [1, 2, 1, 3], [1, 3, 1, 4], [1, 4, 1, 5], [1, 5, 1, 6], [1, 6, 1, 7], [1, 7, 1, 8], [1, 8, 1, 9], [1, 9, 1, 10], [1, 10, 1, 11], [1, 11, 1, 12], [1, 12, 2, 12], [2, 12, 2, 13], [2, 13, 2, 14]]}
META {"type": "geom", "shape": "path", "group": "path", "data": [[14, 1, 14, 2], [14, 2, 14, 3], [14, 3, 13, 3], [13, 3, 12, 3], [12, 3, 12, 4], [12, 4, 12, 5], [12, 5, 12, 6], [12, 6, 12, 7], [12, 7, 11, 7], [11, 7, 11, 8], [11, 8, 11, 9], [11, 9, 11, 10], [11, 10, 11, 11], [11, 11, 11, 12], [11, 12, 12, 12], [12, 12, 13, 12], [13, 12, 14, 12], [14, 12, 14, 13], [14, 13, 14, 14]]}
META {"type": "geom", "shape": "tile", "group": "reachable", "data": [[1, 1], [1, 2], [1, 3], [2, 3], [1, 4], [2, 4], [1, 5], [3, 3], [2, 5], [1, 6], [3, 4], [1, 7], [3, 5], [4, 4], [2, 7], [1, 8], [4, 5], [3, 6], [5, 4], [2, 8], [1, 9], [3, 7], [4, 6], [5, 5], [6, 4], [2, 9], [1, 10], [4, 7], [5, 6], [6, 5], [7, 4], [2, 10], [1, 11], [6, 6], [7, 5], [8, 4], [7, 3], [1, 12], [7, 6], [7, 2], [2, 12], [6, 2], [2, 13], [5, 2], [6, 1], [4, 2], [4, 1]]}
