XXXXXXXXXXXXXXXXXXXXXXXXXXXXXXXX
X--}XXX-X-----X-XXXXX--XXXXX-XXX
X-XXXXXX---------------XXXX-X-XX
X-XXXXXX---------XX-XXX-XXXX---X
X---XX--XXXX--XX-XX----XXXXXXX-X
X-X---X------XXXX--XXX-XXXXXXXXX
XXXXX---XXXX-XXXX-X---X-XXXXXXXX
XXXXX--X------XX------X-XXX----X
X------X---XXX--------X-XXX---XX
X------X----------------XXXXXX-X
X--------XXXX--XXXX-X-X-XXXXXX-X
X------XXXXXXXXXXXXXXXXXXXX{--XX
X---X--XXXXXXXXXXXXXXXXXXXXXX-XX
XX---X---------XX-------XXXXX--X
X-XX--XX-------------XX--------X
XXXXXXXXXXXXXXXXXXXXXXXXXXXXXXXX
META {"type": "solver", "id": "pysat-rc2-boolonly", "objective": 0}
META {"type": "geom", "shape": "path", "group": "path", "data": [[11, 27, 11, 28], [11, 28, 11, 29], [11, 29, 12, 29], [12, 29, 13, 29], [13, 29, 14, 29], [14, 29, 14, 28], [14, 28, 14, 27], [14, 27, 14, 26], [14, 26, 14, 25], [14, 25, 14, 24], [14, 24, 14, 23], [14, 23, 13, 23], [13, 23, 13, 22], [13, 22, 13, 21], [13, 21, 13, 20], [13, 20, 13, 19], [13, 19, 13, 18], [13, 18, 13, 17], [13, 17, 14, 17], [14, 17, 14, 16], [14, 16, 14, 15], [14, 15, 14, 14], [14, 14, 13, 14], [13, 14, 13, 13], [13, 13, 13, 12], [13, 12, 13, 11], [13, 11, 13, 10], [13, 10, 13, 9], [13, 9, 13, 8], [13, 8, 13, 7], [13, 7, 13, 6], [13, 6, 12, 6], [12, 6, 11, 6], [11, 6, 10, 6], [10, 6, 9, 6], [9, 6, 8, 6], [8, 6, 7, 6], [7, 6, 6, 6], [6, 6, 6, 5], [6, 5, 5, 5], [5, 5, 5, 4], [5, 4, 5, 3], [5, 3, 4, 3], [4, 3, 4, 2], [4, 2, 4, 1], [4, 1, 3, 1], [3, 1, 2, 1], [2, 1, 1, 1], [1, 1, 1, 2], [1, 2, 1, 3]]}
