XXXXXXXXXXXXXXXX
XXXXXXXXXXXXXXXX
XX-XXXXXXXXXX-XX
XX-XXX}XXXXXX-XX
XX-----XXXXXXXXX
XX-----XXXXXXXXX
XX##-#-----XXXXX
XX----------XXXX
XX----X--X--XXXX
XXX-XXXX-XXXXXXX
XXX--XXX-XXXXXXX
XXX--XXX-XXXXXXX
XX-#-XXX-----XXX
XX--------XX--XX
XXX--XXX---X--XX
XXX--XXX##----XX
XXX--XXX----XXXX
XX--#---X-X-XXXX
XX------XXXXXXXX
XX-------XXXXXXX
XX-#--XX-XXXXXXX
XX-----X--XXXXXX
XX---#--#-XXXXXX
XX--------XXXXXX
XX--#-#-----XXXX
XXX-------XXXXXX
XXXX-{----XXXXXX
XXXXXXX-#-XXXXXX
XXXXXXX---XXXXXX
XXXXX--X-XXXXXXX
XXXXXXXXXXXXXXXX
XXXXXXXXXXXXXXXX
META {"type": "solver", "id": "pysat-rc2-boolonly", "objective": 0}
META {"type": "geom", "shape": "path", "group": "path", "data": [[26, 5, 26, 9], [26, 9, 28, 9], [28, 9, 28, 7], [28, 7, 22, 7], [22, 7, 22, 6], [22, 6, 21, 6], [21, 6, 21, 2], [21, 2, 17, 2], [17, 2, 17, 3], [17, 3, 19, 3], [19, 3, 13, 3], [13, 3, 13, 9], [13, 9, 14, 9], [14, 9, 14, 8], [14, 8, 14, 10], [14, 10, 16, 10], [16, 10, 16, 11], [16, 11, 15, 11], [15, 11, 15, 13], [15, 13, 13, 13], [13, 13, 13, 12], [13, 12, 12, 12], [12, 12, 12, 8], [12, 8, 6, 8], [6, 8, 6, 10], [6, 10, 6, 6], [6, 6, 7, 6], [7, 6, 3, 6]]}
META {"type": "geom", "shape": "tile", "group": "path", "data": [[26, 5], [26, 6], [26, 7], [26, 8], [26, 9], [27, 9], [28, 9], [28, 8], [28, 7], [27, 7], [26, 7], [25, 7], [24, 7], [23, 7], [22, 7], [22, 6], [21, 6], [21, 5], [21, 4], [21, 3], [21, 2], [20, 2], [19, 2], [18, 2], [17, 2], [17, 3], [18, 3], [19, 3], [18, 3], [17, 3], [16, 3], [15, 3], [14, 3], [13, 3], [13, 4], [13, 5], [13, 6], [13, 7], [13, 8], [13, 9], [14, 9], [14, 8], [14, 9], [14, 10], [15, 10], [16, 10], [16, 11], [15, 11], [15, 12], [15, 13], [14, 13], [13, 13], [13, 12], [12, 12], [12, 11], [12, 10], [12, 9], [12, 8], [11, 8], [10, 8], [9, 8], [8, 8], [7, 8], [6, 8], [6, 9], [6, 10], [6, 9], [6, 8], [6, 7], [6, 6], [7, 6], [6, 6], [5, 6], [4, 6], [3, 6]]}
META {"type": "geom", "shape": "line", "group": "offpath", "data": [[17, 5, 21, 5], [17, 9, 16, 9], [8, 2, 7, 2], [8, 5, 7, 5], [8, 7, 8, 8], [8, 8, 8, 7], [21, 5, 17, 5], [29, 8, 28, 8], [28, 8, 29, 8], [16, 4, 10, 4], [16, 9, 17, 9], [7, 2, 8, 2], [7, 5, 8, 5], [7, 3, 11, 3], [10, 4, 16, 4], [4, 2, 4, 6], [4, 6, 4, 2], [14, 3, 14, 4], [14, 12, 14, 13], [14, 4, 14, 3], [14, 13, 14, 12], [11, 3, 7, 3], [24, 7, 24, 11], [24, 11, 24, 7]]}
