XXXXXXXXXXXXXXXX
XXXX-XXXXXXXXXXX
XXXX-XXX-XX---1X
X0-------XX--XXX
XXXXX-X--XX--XXX
XXXXX-X-XXXX---X
X-----X-XXXX--XX
X---X----------X
XX--------X---XX
XX-XXX-X------XX
X----------XX--X
X-XX-XX-XX-XX--X
XXXXXXXXXXXXXXXX
XXXXXXXXXXXXXXXX
X2------------3X
XXXXXXXXXXXXXXXX
META {"type": "solver", "id": "pysat-rc2", "objective": 0}
META {"type": "geom", "shape": "path", "group": "path", "data": [[3, 1, 3, 2], [3, 2, 3, 3], [3, 3, 3, 4], [3, 4, 3, 5], [3, 5, 3, 6], [3, 6, 3, 7], [3, 7, 4, 7], [4, 7, 5, 7], [5, 7, 6, 7], [6, 7, 7, 7], [7, 7, 7, 8], [7, 8, 7, 9], [7, 9, 7, 10], [7, 10, 7, 11], [7, 11, 7, 12], [7, 12, 6, 12], [6, 12, 5, 12], [5, 12, 4, 12], [4, 12, 3, 12], [3, 12, 2, 12], [2, 12, 2, 13], [2, 13, 2, 14]]}
META {"type": "geom", "shape": "path", "group": "path", "data": [[14, 1, 14, 2], [14, 2, 14, 3], [14, 3, 14, 4], [14, 4, 14, 5], [14, 5, 14, 6], [14, 6, 14, 7], [14, 7, 14, 8], [14, 8, 14, 9], [14, 9, 14, 10], [14, 10, 14, 11], [14, 11, 14, 12], [14, 12, 14, 13], [14, 13, 14, 14]]}
META {"type": "geom", "shape": "tile", "group": "reachable", "data": [[3, 1], [3, 2], [3, 3], [3, 4], [2, 4], [3, 5], [1, 4], [4, 5], [3, 6], [3, 7], [5, 5], [4, 7], [3, 8], [6, 5], [2, 8], [4, 8], [5, 7], [7, 5], [6, 4], [6, 7], [6, 3], [8, 5], [7, 6], [7, 7], [7, 3], [6, 2], [8, 6], [8, 4], [8, 7], [7, 8], [7, 2], [6, 1], [8, 3], [9, 6], [8, 8], [7, 9], [7, 1], [8, 2], [10, 6], [8, 9], [7, 10], [9, 8], [9, 2], [10, 5], [10, 7], [7, 11], [9, 9], [10, 8], [10, 2], [10, 4], [11, 7], [8, 11], [7, 12], [10, 9], [9, 10], [10, 1], [10, 3], [11, 4], [6, 12], [8, 12], [7, 13], [9, 11], [10, 10], [11, 1], [5, 12], [6, 13], [8, 13], [7, 14], [9, 12], [11, 10], [4, 12], [5, 13], [9, 13], [3, 12], [4, 11], [5, 14], [10, 13], [2, 12], [3, 11], [11, 13], [10, 14], [2, 11], [2, 13], [11, 14]]}
