XXXXXXXXXXXXXXXX
X0---XX--XXX--1X
XXXX-XX------XXX
XXXX-XX-XX---XXX
X----XX-XX-----X
XX-X----XX-----X
XX-------------X
X---XXXX-XXXXXXX
X---XXXX-XXXXXXX
XXXX----X------X
XXXX----X---XXXX
XXXX----X---XXXX
XXX------XXX-XXX
XXX-XX-X-----XXX
X2--XX----XX--3X
XXXXXXXXXXXXXXXX
META {"type": "solver", "id": "pysat-rc2", "objective": 0}
META {"type": "geom", "shape": "path", "group": "path", "data": [[1, 1, 1, 2], [1, 2, 1, 3], [1, 3, 1, 4], [1, 4, 2, 4], [2, 4, 3, 4], [3, 4, 4, 4], [4, 4, 5, 4], [5, 4, 5, 5], [5, 5, 5, 6], [5, 6, 5, 7], [5, 7, 4, 7], [4, 7, 3, 7], [3, 7, 2, 7], [2, 7, 2, 8], [2, 8, 2, 9], [2, 9, 2, 10], [2, 10, 2, 11], [2, 11, 2, 12], [2, 12, 1, 12], [1, 12, 1, 13], [1, 13, 1, 14]]}
META {"type": "geom", "shape": "path", "group": "path", "data": [[14, 1, 14, 2], [14, 2, 14, 3], [14, 3, 13, 3], [13, 3, 12, 3], [12, 3, 12, 4], [12, 4, 12, 5], [12, 5, 12, 6], [12, 6, 12, 7], [12, 7, 12, 8], [12, 8, 13, 8], [13, 8, 13, 9], [13, 9, 13, 10], [13, 10, 13, 11], [13, 11, 13, 12], [13, 12, 14, 12], [14, 12, 14, 13], [14, 13, 14, 14]]}
META {"type": "geom", "shape": "tile", "group": "reachable", "data": [[1, 1], [1, 2], [1, 3], [1, 4], [2, 4], [3, 4], [4, 4], [5, 4], [4, 3], [4, 2], [6, 4], [5, 5], [5, 2], [4, 1], [6, 5], [5, 6], [6, 3], [6, 2], [6, 6], [5, 7], [7, 3], [7, 2], [4, 7], [6, 7], [8, 3], [8, 2], [7, 1], [3, 7], [6, 8], [8, 1], [2, 7], [7, 8], [6, 9], [1, 7], [2, 8], [6, 10], [8, 8], [1, 8], [2, 9], [5, 10], [6, 11], [2, 10], [4, 10], [5, 11], [6, 12], [3, 10], [2, 11], [4, 11], [5, 12], [6, 13], [3, 11], [2, 12], [4, 12], [5, 13], [6, 14], [1, 12], [3, 12], [4, 13], [5, 14], [1, 13], [4, 14]]}
