XXXXXXXXXXXXXXXX
X---XXX------X-X
XXXXXXX---XX--XX
XXXXXXX---XX---X
X--}XXXXX---XX-X
X-XXXXXXXX-XXXXX
X-XXXXXXXX-XXXXX
X----XXXX---XXXX
X---------XX---X
X--------XXXXXXX
X-X-----XXXXXXXX
X-X---X-XXXX{--X
X-X-X----XXXXX-X
X----XXX-XXXXX-X
X--------------X
XXXXXXXXXXXXXXXX
META {"type": "solver", "id": "pysat-rc2", "objective": 0}
META {"type": "geom", "shape": "path", "group": "path", "data": [[11, 12, 11, 13], [11, 13, 11, 14], [11, 14, 12, 14], [12, 14, 13, 14], [13, 14, 14, 14], [14, 14, 14, 13], [14, 13, 14, 12], [14, 12, 14, 11], [14, 11, 14, 10], [14, 10, 14, 9], [14, 9, 14, 8], [14, 8, 14, 7], [14, 7, 14, 6], [14, 6, 14, 5], [14, 5, 14, 4], [14, 4, 14, 3], [14, 3, 13, 3], [13, 3, 12, 3], [12, 3, 11, 3], [11, 3, 10, 3], [10, 3, 9, 3], [9, 3, 8, 3], [8, 3, 7, 3], [7, 3, 7, 2], [7, 2, 8, 2], [8, 2, 8, 1], [8, 1, 7, 1], [7, 1, 6, 1], [6, 1, 5, 1], [5, 1, 4, 1], [4, 1, 4, 2], [4, 2, 4, 3]]}
META {"type": "geom", "shape": "tile", "group": "path", "data": [[11, 12], [11, 13], [11, 14], [12, 14], [13, 14], [14, 14], [14, 13], [14, 12], [14, 11], [14, 10], [14, 9], [14, 8], [14, 7], [14, 6], [14, 5], [14, 4], [14, 3], [13, 3], [12, 3], [11, 3], [10, 3], [9, 3], [8, 3], [7, 3], [7, 2], [8, 2], [8, 1], [7, 1], [6, 1], [5, 1], [4, 1], [4, 2], [4, 3]]}
META {"type": "geom", "shape": "line", "group": "offpath", "data": [[11, 5, 12, 5], [11, 4, 10, 4], [11, 7, 12, 7], [10, 4, 11, 4], [10, 6, 9, 6], [7, 9, 8, 9], [8, 9, 7, 9], [9, 2, 9, 1], [9, 5, 9, 4], [9, 8, 9, 7], [9, 4, 9, 5], [9, 6, 10, 6], [9, 1, 9, 2], [9, 7, 9, 8], [1, 9, 1, 10], [1, 10, 1, 9], [4, 9, 4, 10], [4, 10, 4, 9], [12, 5, 11, 5], [12, 8, 13, 8], [12, 7, 11, 7], [13, 2, 13, 1], [13, 8, 12, 8], [13, 1, 13, 2], [14, 2, 14, 1], [14, 1, 14, 2]]}
