XXXXXXXXXXXXXXXX
----------------
-}--------------
XXX-XX----------
XXX-XX----------
--------XX------
--------XX------
----XX----XXX-XX
----XX----XXX-XX
XXX-----XX------
XXX-----XX------
---XX-----XX----
---XX-XX--XX----
------XX--XX----
----------XX----
-{--------XX----
XXXX-XX-XXXXXX--
XXXX-XX-XXXXXX--
----------------
XXXXXXXXXXXXXXXX
META {"type": "solver", "id": "pysat-rc2", "objective": 0}
META {"type": "geom", "shape": "path", "group": "path", "data": [[15, 1, 15, 2], [15, 2, 15, 3], [15, 3, 14, 4], [14, 4, 15, 5], [15, 5, 15, 6], [15, 6, 13, 9], [13, 9, 14, 9], [14, 9, 15, 9], [15, 9, 11, 9], [11, 9, 12, 9], [12, 9, 9, 5], [9, 5, 10, 6], [10, 6, 11, 6], [11, 6, 9, 3], [9, 3, 10, 4], [10, 4, 8, 9], [8, 9, 8, 8], [8, 8, 6, 5], [6, 5, 4, 8], [4, 8, 2, 4], [2, 4, 1, 3], [1, 3, 2, 2], [2, 2, 2, 1]]}
META {"type": "geom", "shape": "tile", "group": "path", "data": [[15, 1], [15, 2], [15, 3], [15, 4], [14, 4], [15, 4], [15, 5], [15, 6], [15, 7], [14, 7], [14, 8], [13, 8], [13, 9], [14, 9], [15, 9], [14, 9], [13, 9], [12, 9], [11, 9], [12, 9], [12, 8], [11, 8], [11, 7], [10, 7], [10, 6], [9, 6], [9, 5], [10, 5], [10, 6], [11, 6], [11, 5], [10, 5], [10, 4], [9, 4], [9, 3], [10, 3], [10, 4], [10, 5], [9, 5], [9, 6], [8, 6], [8, 7], [8, 8], [8, 9], [8, 8], [8, 7], [7, 7], [7, 6], [6, 6], [6, 5], [6, 6], [5, 6], [5, 7], [4, 7], [4, 8], [4, 7], [3, 7], [3, 6], [2, 6], [2, 5], [2, 4], [2, 3], [1, 3], [2, 3], [2, 2], [2, 1]]}
META {"type": "geom", "shape": "line", "group": "offpath", "data": [[4, 12, 5, 13], [4, 9, 3, 11], [8, 0, 8, 1], [8, 2, 7, 3], [8, 1, 8, 0], [3, 11, 4, 12], [7, 3, 8, 2], [6, 14, 4, 9], [6, 15, 6, 14], [6, 12, 5, 14], [5, 14, 6, 15], [5, 13, 6, 12], [18, 14, 18, 15], [18, 15, 18, 14], [18, 5, 18, 4], [18, 7, 18, 6], [18, 3, 18, 2], [18, 2, 18, 3], [18, 6, 18, 7], [18, 4, 18, 5]]}
