XXXXXXXXXXXXXXXX
----------------
XXX------XX-----
XXX--XX--XX-----
-----XX---------
-}------------XX
XXX-----------XX
XXX--XXXXXX-----
-----XXXXXX-----
XXXX----------XX
XXXX-------XX-XX
------XXXX-XX---
------XXXX------
--XX------------
--XX------------
------XX-----XX-
XX----XX-----XX-
XX-----------XX-
----{--------XX-
XXXXXXXXXXXXXXXX
META {"type": "solver", "id": "pysat-rc2", "objective": 0}
META {"type": "geom", "shape": "path", "group": "path", "data": [[18, 4, 18, 5], [18, 5, 18, 6], [18, 6, 18, 7], [18, 7, 18, 8], [18, 8, 18, 9], [18, 9, 18, 10], [18, 10, 18, 11], [18, 11, 18, 12], [18, 12, 16, 12], [16, 12, 13, 8], [13, 8, 14, 7], [14, 7, 14, 6], [14, 6, 12, 3], [12, 3, 10, 8], [10, 8, 10, 9], [10, 9, 8, 11], [8, 11, 9, 12], [9, 12, 8, 14], [8, 14, 6, 10], [6, 10, 4, 15], [4, 15, 4, 14], [4, 14, 2, 11], [2, 11, 3, 11], [3, 11, 4, 10], [4, 10, 5, 9], [5, 9, 6, 8], [6, 8, 6, 7], [6, 7, 6, 6], [6, 6, 6, 5], [6, 5, 4, 0], [4, 0, 5, 1]]}
META {"type": "geom", "shape": "tile", "group": "path", "data": [[18, 4], [18, 5], [18, 6], [18, 7], [18, 8], [18, 9], [18, 10], [18, 11], [18, 12], [17, 12], [16, 12], [16, 11], [15, 11], [15, 10], [14, 10], [14, 9], [13, 9], [13, 8], [14, 8], [14, 7], [14, 6], [14, 5], [13, 5], [13, 4], [12, 4], [12, 3], [12, 4], [11, 4], [11, 5], [10, 5], [10, 6], [10, 7], [10, 8], [10, 9], [10, 10], [9, 10], [9, 11], [8, 11], [9, 11], [9, 12], [9, 13], [8, 13], [8, 14], [8, 13], [7, 13], [7, 12], [6, 12], [6, 11], [6, 10], [6, 11], [5, 11], [5, 12], [4, 12], [4, 13], [4, 14], [4, 15], [4, 14], [4, 13], [3, 13], [3, 12], [2, 12], [2, 11], [3, 11], [4, 11], [4, 10], [5, 10], [5, 9], [6, 9], [6, 8], [6, 7], [6, 6], [6, 5], [6, 4], [5, 4], [5, 3], [4, 3], [4, 2], [4, 1], [4, 0], [5, 0], [5, 1]]}
META {"type": "geom", "shape": "line", "group": "offpath", "data": [[13, 15, 14, 14], [11, 1, 12, 2], [8, 3, 8, 2], [8, 2, 8, 3], [10, 7, 10, 6], [10, 6, 10, 7], [1, 7, 2, 6], [18, 1, 18, 0], [18, 15, 16, 15], [18, 0, 18, 1], [16, 15, 17, 15], [14, 14, 13, 15], [2, 6, 1, 7], [12, 2, 11, 1], [17, 15, 18, 15]]}
