XXXXXXXXXXXXXXXX
----------------
-----}----------
----XXX---------
----XXX--XXXXX--
XX-------XXXXX--
XX-XXX----------
---XXX-----XXX--
--------XX-XXX--
XXX-----XX----XX
XXX-XX--XX-XX-XX
----XX--XX-XX---
--------XX------
------XXXXXX----
-{----XXXXXX----
XXXX------------
XXXX------------
--------XX------
--------XX------
XXXXXXXXXXXXXXXX
META {"type": "solver", "id": "pysat-rc2-boolonly", "objective": 0}
META {"type": "geom", "shape": "path", "group": "path", "data": [[14, 1, 14, 2], [14, 2, 14, 3], [14, 3, 12, 6], [12, 6, 12, 7], [12, 7, 8, 7], [8, 7, 9, 7], [9, 7, 8, 5], [8, 5, 9, 4], [9, 4, 9, 5], [9, 5, 7, 8], [7, 8, 5, 5], [5, 5, 5, 4], [5, 4, 5, 3], [5, 3, 3, 1], [3, 1, 4, 1], [4, 1, 2, 6], [2, 6, 1, 8], [1, 8, 2, 8], [2, 8, 3, 9], [3, 9, 1, 5], [1, 5, 2, 5]]}
META {"type": "geom", "shape": "tile", "group": "path", "data": [[14, 1], [14, 2], [14, 3], [14, 4], [13, 4], [13, 5], [12, 5], [12, 6], [12, 7], [11, 7], [10, 7], [9, 7], [8, 7], [9, 7], [9, 6], [8, 6], [8, 5], [9, 5], [9, 4], [9, 5], [9, 6], [8, 6], [8, 7], [7, 7], [7, 8], [7, 7], [6, 7], [6, 6], [5, 6], [5, 5], [5, 4], [5, 3], [5, 2], [4, 2], [4, 1], [3, 1], [4, 1], [4, 2], [3, 2], [3, 3], [2, 3], [2, 4], [2, 5], [2, 6], [2, 7], [1, 7], [1, 8], [2, 8], [3, 8], [3, 9], [3, 8], [2, 8], [2, 7], [1, 7], [1, 6], [1, 5], [2, 5]]}
META {"type": "geom", "shape": "line", "group": "offpath", "data": [[2, 4, 1, 3], [16, 8, 15, 7], [3, 11, 3, 12], [3, 12, 3, 11], [15, 7, 16, 8], [1, 3, 2, 4], [18, 3, 18, 2], [18, 4, 18, 5], [18, 5, 18, 4], [18, 2, 18, 3], [6, 10, 7, 9], [7, 9, 6, 10], [9, 6, 10, 7], [10, 7, 9, 6], [8, 1, 8, 2], [8, 2, 8, 1]]}
