XXXXXXXXXXXXXXXX
----------------
-----}-----XXXXX
----XXX----XXXXX
----XXX---------
XX--------------
XX-XXXXXX-XX----
---XXXXXX-XX----
--------------XX
XXX-----------XX
XXX-------XX----
---XXXX---XX----
---XXXX---XX----
----------XX----
--------XXXXXX--
-{---XX-XXXXXX--
XXXX-XX---------
XXXX--------XX--
------------XX--
XXXXXXXXXXXXXXXX
META {"type": "solver", "id": "pysat-rc2", "objective": 0}
META {"type": "geom", "shape": "path", "group": "path", "data": [[15, 1, 15, 2], [15, 2, 15, 3], [15, 3, 13, 6], [13, 6, 14, 6], [14, 6, 12, 9], [12, 9, 9, 6], [9, 6, 10, 5], [10, 5, 10, 6], [10, 6, 8, 9], [8, 9, 9, 10], [9, 10, 9, 11], [9, 11, 7, 15], [7, 15, 7, 14], [7, 14, 5, 11], [5, 11, 5, 10], [5, 10, 4, 8], [4, 8, 5, 7], [5, 7, 5, 6], [5, 6, 5, 5], [5, 5, 5, 4], [5, 4, 5, 3], [5, 3, 4, 1], [4, 1, 2, 5]]}
META {"type": "geom", "shape": "tile", "group": "path", "data": [[15, 1], [15, 2], [15, 3], [15, 4], [14, 4], [14, 5], [13, 5], [13, 6], [14, 6], [14, 7], [13, 7], [13, 8], [12, 8], [12, 9], [12, 8], [11, 8], [11, 7], [10, 7], [10, 6], [9, 6], [10, 6], [10, 5], [10, 6], [10, 7], [9, 7], [9, 8], [8, 8], [8, 9], [9, 9], [9, 10], [9, 11], [9, 12], [8, 12], [8, 13], [7, 13], [7, 14], [7, 15], [7, 14], [7, 13], [6, 13], [6, 12], [5, 12], [5, 11], [5, 10], [5, 9], [4, 9], [4, 8], [5, 8], [5, 7], [5, 6], [5, 5], [5, 4], [5, 3], [5, 2], [4, 2], [4, 1], [4, 2], [3, 2], [3, 3], [2, 3], [2, 4], [2, 5]]}
META {"type": "geom", "shape": "line", "group": "offpath", "data": [[1, 3, 2, 4], [5, 8, 3, 10], [3, 10, 4, 9], [17, 14, 18, 15], [4, 9, 5, 8], [18, 5, 18, 6], [18, 8, 18, 7], [18, 15, 18, 14], [18, 6, 18, 5], [18, 2, 18, 1], [18, 7, 18, 8], [18, 1, 18, 2], [18, 14, 17, 14], [10, 13, 11, 12], [10, 7, 11, 7], [10, 14, 11, 13], [14, 5, 13, 4], [11, 9, 10, 7], [11, 13, 12, 12], [11, 7, 12, 7], [11, 12, 10, 13], [2, 4, 1, 3], [13, 9, 11, 9], [13, 8, 13, 9], [13, 4, 14, 5], [12, 7, 13, 8], [12, 12, 10, 14], [8, 0, 8, 1], [8, 1, 8, 0]]}
