XXXXXXXXXXXXXXXX
----------------
-------------XXX
----XX-------XXX
----XX-XX-XX----
XXXX---XX-XX--}-
XXXX---------XXX
-------------XXX
------XXXXX-----
------XXXXX-----
---XX--------XXX
---XX--------XXX
-XXXXXX-XX------
-XXXXXX-XX------
-------------XX-
-----XX---XX-XX-
-----XX---XX----
-----XX---------
-----XX------{--
XXXXXXXXXXXXXXXX
META {"type": "solver", "id": "pysat-rc2", "objective": 0}
META {"type": "geom", "shape": "path", "group": "path", "data": [[18, 13, 18, 12], [18, 12, 18, 11], [18, 11, 18, 10], [18, 10, 18, 9], [18, 9, 18, 8], [18, 8, 18, 7], [18, 7, 16, 7], [16, 7, 13, 11], [13, 11, 14, 11], [14, 11, 12, 13], [12, 13, 13, 14], [13, 14, 13, 13], [13, 13, 11, 9], [11, 9, 9, 13], [9, 13, 7, 9], [7, 9, 7, 10], [7, 10, 5, 15], [5, 15, 5, 14]]}
META {"type": "geom", "shape": "tile", "group": "path", "data": [[18, 13], [18, 12], [18, 11], [18, 10], [18, 9], [18, 8], [18, 7], [17, 7], [16, 7], [16, 8], [15, 8], [15, 9], [14, 9], [14, 10], [13, 10], [13, 11], [14, 11], [14, 12], [13, 12], [13, 13], [12, 13], [13, 13], [13, 14], [13, 13], [13, 12], [12, 12], [12, 11], [11, 11], [11, 10], [11, 9], [11, 10], [10, 10], [10, 11], [9, 11], [9, 12], [9, 13], [9, 12], [8, 12], [8, 11], [7, 11], [7, 10], [7, 9], [7, 10], [7, 11], [6, 11], [6, 12], [5, 12], [5, 13], [5, 14], [5, 15], [5, 14]]}
META {"type": "geom", "shape": "line", "group": "offpath", "data": [[14, 1, 15, 2], [9, 4, 8, 5], [10, 6, 11, 5], [10, 5, 11, 6], [10, 8, 11, 8], [4, 12, 5, 13], [1, 12, 2, 11], [1, 7, 2, 7], [1, 3, 2, 4], [18, 1, 18, 2], [18, 2, 18, 1], [18, 4, 17, 4], [2, 5, 1, 7], [2, 7, 3, 7], [2, 8, 3, 8], [2, 11, 3, 11], [2, 4, 2, 5], [11, 6, 10, 8], [11, 5, 10, 5], [11, 8, 10, 6], [15, 2, 16, 2], [8, 5, 9, 4], [16, 2, 17, 3], [17, 3, 18, 4], [17, 4, 14, 1], [5, 13, 4, 12], [3, 10, 2, 8], [3, 7, 1, 3], [3, 8, 1, 12], [3, 11, 3, 10]]}
