--------------------------------
--------------------------------
--------------------------------
--------------------------------
----------Q------XXXXXX---------
-------Q-----XX-------------Q---
--------------------------------
--------------------------------
----------XXX-------------------
---------------Q----------------
--X-----------------------------
--------------------------------
------X-------------------XX----
-----XX-------XX----<>---XXX----
-{--XXX------XXX----[]--XXXX--}-
XXXXXXXXXXXXXXXX--XXXXXXXXXXXXXX
META {"type": "solver", "id": "pysat-rc2", "objective": 0}
META {"type": "geom", "shape": "path", "group": "path", "data": [[14, 1, 11, 4], [11, 4, 12, 4], [12, 4, 13, 3], [13, 3, 14, 2], [14, 2, 11, 2], [11, 2, 12, 1], [12, 1, 13, 2], [13, 2, 14, 3], [14, 3, 11, 1], [11, 1, 12, 0], [12, 0, 13, 0], [13, 0, 14, 0], [14, 0, 10, 3], [10, 3, 11, 3], [11, 3, 12, 3], [12, 3, 13, 4], [13, 4, 9, 7], [9, 7, 10, 7], [10, 7, 11, 8], [11, 8, 12, 8], [12, 8, 13, 8], [13, 8, 14, 7], [14, 7, 13, 7], [13, 7, 14, 8], [14, 8, 10, 9], [10, 9, 11, 10], [11, 10, 12, 11], [12, 11, 13, 12], [13, 12, 14, 12], [14, 12, 10, 13], [10, 13, 11, 13], [11, 13, 12, 12], [12, 12, 13, 13], [13, 13, 10, 10], [10, 10, 11, 9], [11, 9, 12, 9], [12, 9, 13, 10], [13, 10, 14, 11], [14, 11, 11, 14], [11, 14, 12, 15], [12, 15, 9, 13], [9, 13, 10, 14], [10, 14, 11, 15], [11, 15, 12, 14], [12, 14, 8, 15], [8, 15, 6, 13], [6, 13, 7, 12], [7, 12, 3, 13], [3, 13, 4, 12], [4, 12, 5, 12], [5, 12, 6, 12], [6, 12, 7, 11], [7, 11, 3, 10], [3, 10, 0, 13], [0, 13, 1, 14], [1, 14, 2, 13], [2, 13, 3, 12], [3, 12, 4, 11], [4, 11, 5, 11], [5, 11, 6, 10], [6, 10, 7, 10], [7, 10, 3, 14], [3, 14, 4, 13], [4, 13, 1, 16], [1, 16, 2, 17], [2, 17, 3, 18], [3, 18, 0, 20], [0, 20, 1, 19], [1, 19, 2, 19], [2, 19, 3, 20], [3, 20, 1, 20], [1, 20, 2, 20], [2, 20, 3, 21], [3, 21, 2, 21], [2, 21, 3, 22], [3, 22, 0, 25], [0, 25, 1, 26], [1, 26, 2, 27], [2, 27, 3, 27], [3, 27, 4, 28], [4, 28, 0, 24], [0, 24, 1, 24], [1, 24, 2, 23], [2, 23, 3, 23], [3, 23, 4, 23], [4, 23, 5, 24], [5, 24, 6, 25], [6, 25, 7, 25], [7, 25, 8, 26], [8, 26, 9, 26], [9, 26, 10, 27], [10, 27, 11, 26], [11, 26, 11, 27], [11, 27, 8, 30], [8, 30, 9, 30], [9, 30, 10, 29], [10, 29, 11, 29], [11, 29, 12, 28], [12, 28, 13, 29], [13, 29, 14, 28], [14, 28, 13, 28], [13, 28, 14, 29], [14, 29, 14, 30]]}
META {"type": "geom", "shape": "tile", "group": "path", "data": [[14, 1], [13, 1], [13, 2], [12, 2], [12, 3], [11, 3], [11, 4], [12, 4], [13, 4], [13, 3], [14, 3], [14, 2], [13, 2], [12, 2], [11, 2], [12, 2], [12, 1], [13, 1], [13, 2], [14, 2], [14, 3], [13, 3], [13, 2], [12, 2], [12, 1], [11, 1], [12, 1], [12, 0], [13, 0], [14, 0], [13, 0], [13, 1], [12, 1], [12, 2], [11, 2], [11, 3], [10, 3], [11, 3], [12, 3], [13, 3], [13, 4], [12, 4], [12, 5], [11, 5], [11, 6], [10, 6], [10, 7], [9, 7], [10, 7], [11, 7], [11, 8], [12, 8], [13, 8], [14, 8], [14, 7], [13, 7], [14, 7], [14, 8], [13, 8], [12, 8], [11, 8], [10, 8], [10, 9], [11, 9], [11, 10], [12, 10], [12, 11], [13, 11], [13, 12], [14, 12], [13, 12], [12, 12], [11, 12], [10, 12], [10, 13], [11, 13], [12, 13], [12, 12], [13, 12], [13, 13], [12, 13], [12, 12], [11, 12], [11, 11], [10, 11], [10, 10], [11, 10], [11, 9], [12, 9], [13, 9], [13, 10], [14, 10], [14, 11], [13, 11], [13, 12], [12, 12], [12, 13], [11, 13], [11, 14], [12, 14], [12, 15], [11, 15], [11, 14], [10, 14], [10, 13], [9, 13], [10, 13], [10, 14], [11, 14], [11, 15], [12, 15], [12, 14], [11, 14], [10, 14], [9, 14], [8, 14], [8, 15], [7, 15], [7, 14], [6, 14], [6, 13], [7, 13], [7, 12], [6, 12], [5, 12], [4, 12], [3, 12], [3, 13], [4, 13], [4, 12], [5, 12], [6, 12], [7, 12], [7, 11], [6, 11], [5, 11], [4, 11], [3, 11], [3, 10], [2, 10], [2, 11], [1, 11], [1, 12], [0, 12], [0, 13], [1, 13], [1, 14], [2, 14], [2, 13], [3, 13], [3, 12], [4, 12], [4, 11], [5, 11], [6, 11], [6, 10], [7, 10], [6, 10], [6, 11], [5, 11], [5, 12], [4, 12], [4, 13], [3, 13], [3, 14], [4, 14], [4, 13], [3, 13], [3, 14], [2, 14], [2, 15], [1, 15], [1, 16], [2, 16], [2, 17], [3, 17], [3, 18], [2, 18], [2, 19], [1, 19], [1, 20], [0, 20], [1, 20], [1, 19], [2, 19], [3, 19], [3, 20], [2, 20], [1, 20], [2, 20], [3, 20], [3, 21], [2, 21], [3, 21], [3, 22], [2, 22], [2, 23], [1, 23], [1, 24], [0, 24], [0, 25], [1, 25], [1, 26], [2, 26], [2, 27], [3, 27], [4, 27], [4, 28], [3, 28], [3, 27], [2, 27], [2, 26], [1, 26], [1, 25], [0, 25], [0, 24], [1, 24], [2, 24], [2, 23], [3, 23], [4, 23], [5, 23], [5, 24], [6, 24], [6, 25], [7, 25], [8, 25], [8, 26], [9, 26], [10, 26], [10, 27], [11, 27], [11, 26], [11, 27], [10, 27], [10, 28], [9, 28], [9, 29], [8, 29], [8, 30], [9, 30], [10, 30], [10, 29], [11, 29], [12, 29], [12, 28], [13, 28], [13, 29], [14, 29], [14, 28], [13, 28], [14, 28], [14, 29], [14, 30]]}
META {"type": "geom", "shape": "line", "group": "offpath", "data": [[4, 7, 0, 6], [4, 14, 2, 16], [10, 4, 11, 5], [10, 5, 11, 6], [10, 30, 11, 30], [10, 16, 11, 16], [10, 26, 11, 25], [10, 24, 11, 24], [14, 23, 10, 24], [14, 9, 13, 9], [14, 31, 10, 30], [14, 22, 14, 23], [14, 18, 12, 20], [7, 3, 8, 2], [8, 2, 9, 3], [8, 17, 9, 16], [8, 3, 9, 4], [12, 5, 9, 2], [12, 20, 8, 17], [12, 23, 13, 23], [12, 17, 13, 18], [12, 29, 13, 30], [12, 25, 10, 26], [12, 24, 13, 24], [2, 16, 3, 17], [2, 7, 3, 7], [2, 18, 3, 19], [2, 14, 3, 15], [0, 16, 1, 17], [0, 6, 1, 6], [9, 4, 10, 5], [9, 16, 10, 16], [9, 2, 8, 3], [9, 3, 10, 4], [13, 30, 14, 31], [13, 23, 14, 22], [13, 9, 14, 9], [13, 18, 14, 18], [13, 24, 12, 25], [3, 15, 4, 14], [3, 19, 0, 16], [3, 17, 1, 15], [3, 7, 4, 7], [11, 5, 12, 5], [11, 30, 12, 29], [11, 16, 12, 17], [11, 6, 7, 3], [11, 25, 12, 24], [11, 24, 12, 23], [1, 15, 2, 14], [1, 17, 2, 18], [1, 6, 2, 7]]}
