--------------------------------
--------------------------------
----------X---------------------
-------Q-----Q------------------
-------------------XXXXX--XXXX--
----------------X---------------
------X-------------------------
--------------------------------
----------X---------X-------Q---
--------------------------------
--------------------------------
---------Q----------------------
-----<>------------------XX-----
-----[]---------XX------XXX-----
-{---[]--------XXX-----XXXX---}-
XXXXXXXXXXXXXXXXXXXXXXXXXXXXXXXX
META {"type": "solver", "id": "pysat-rc2", "objective": 0}
META {"type": "geom", "shape": "path", "group": "path", "data": [[14, 1, 11, 3], [11, 3, 12, 2], [12, 2, 13, 1], [13, 1, 14, 2], [14, 2, 10, 6], [10, 6, 11, 7], [11, 7, 12, 7], [12, 7, 13, 8], [13, 8, 14, 7], [14, 7, 10, 7], [10, 7, 11, 6], [11, 6, 7, 10], [7, 10, 4, 7], [4, 7, 5, 6], [5, 6, 1, 6], [1, 6, 2, 7], [2, 7, 0, 9], [0, 9, 1, 10], [1, 10, 0, 11], [0, 11, 1, 12], [1, 12, 2, 13], [2, 13, 1, 13], [1, 13, 2, 14], [2, 14, 3, 15], [3, 15, 4, 16], [4, 16, 4, 15], [4, 15, 5, 14], [5, 14, 6, 13], [6, 13, 7, 12], [7, 12, 8, 11], [8, 11, 9, 10], [9, 10, 10, 9], [10, 9, 10, 8], [10, 8, 11, 8], [11, 8, 12, 8], [12, 8, 13, 9], [13, 9, 14, 8], [14, 8, 10, 12], [10, 12, 11, 13], [11, 13, 12, 14], [12, 14, 13, 14], [13, 14, 14, 14], [14, 14, 11, 17], [11, 17, 12, 18], [12, 18, 13, 18], [13, 18, 14, 18], [14, 18, 14, 19], [14, 19, 10, 20], [10, 20, 11, 19], [11, 19, 12, 19], [12, 19, 13, 20], [13, 20, 14, 21], [14, 21, 10, 25], [10, 25, 11, 25], [11, 25, 8, 27], [8, 27, 9, 26], [9, 26, 10, 26], [10, 26, 11, 26], [11, 26, 9, 27], [9, 27, 10, 28], [10, 28, 11, 28], [11, 28, 12, 28], [12, 28, 13, 28], [13, 28, 14, 28], [14, 28, 10, 29], [10, 29, 11, 29], [11, 29, 12, 30], [12, 30, 13, 29], [13, 29, 14, 30]]}
META {"type": "geom", "shape": "tile", "group": "path", "data": [[14, 1], [13, 1], [13, 2], [12, 2], [12, 3], [11, 3], [12, 3], [12, 2], [13, 2], [13, 1], [14, 1], [14, 2], [13, 2], [13, 3], [12, 3], [12, 4], [11, 4], [11, 5], [10, 5], [10, 6], [11, 6], [11, 7], [12, 7], [13, 7], [13, 8], [14, 8], [14, 7], [13, 7], [12, 7], [11, 7], [10, 7], [11, 7], [11, 6], [10, 6], [10, 7], [9, 7], [9, 8], [8, 8], [8, 9], [7, 9], [7, 10], [6, 10], [6, 9], [5, 9], [5, 8], [4, 8], [4, 7], [5, 7], [5, 6], [4, 6], [3, 6], [2, 6], [1, 6], [2, 6], [2, 7], [1, 7], [1, 8], [0, 8], [0, 9], [1, 9], [1, 10], [0, 10], [0, 11], [1, 11], [1, 12], [2, 12], [2, 13], [1, 13], [2, 13], [2, 14], [3, 14], [3, 15], [4, 15], [4, 16], [4, 15], [5, 15], [5, 14], [6, 14], [6, 13], [7, 13], [7, 12], [8, 12], [8, 11], [9, 11], [9, 10], [10, 10], [10, 9], [10, 8], [11, 8], [12, 8], [13, 8], [13, 9], [14, 9], [14, 8], [13, 8], [13, 9], [12, 9], [12, 10], [11, 10], [11, 11], [10, 11], [10, 12], [11, 12], [11, 13], [12, 13], [12, 14], [13, 14], [14, 14], [13, 14], [13, 15], [12, 15], [12, 16], [11, 16], [11, 17], [12, 17], [12, 18], [13, 18], [14, 18], [14, 19], [13, 19], [12, 19], [11, 19], [10, 19], [10, 20], [11, 20], [11, 19], [12, 19], [13, 19], [13, 20], [14, 20], [14, 21], [13, 21], [13, 22], [12, 22], [12, 23], [11, 23], [11, 24], [10, 24], [10, 25], [11, 25], [10, 25], [10, 26], [9, 26], [9, 27], [8, 27], [9, 27], [9, 26], [10, 26], [11, 26], [10, 26], [10, 27], [9, 27], [10, 27], [10, 28], [11, 28], [12, 28], [13, 28], [14, 28], [13, 28], [12, 28], [11, 28], [10, 28], [10, 29], [11, 29], [12, 29], [12, 30], [13, 30], [13, 29], [14, 29], [14, 30]]}
META {"type": "geom", "shape": "line", "group": "offpath", "data": [[6, 19, 7, 20], [6, 29, 7, 28], [1, 20, 2, 19], [1, 30, 2, 29], [1, 25, 2, 24], [1, 24, 2, 25], [1, 21, 2, 21], [5, 18, 6, 19], [5, 29, 6, 29], [4, 30, 5, 29], [4, 17, 5, 18], [9, 18, 10, 17], [9, 24, 10, 24], [9, 0, 10, 0], [9, 17, 10, 16], [14, 22, 13, 22], [14, 4, 13, 4], [14, 12, 12, 12], [14, 9, 11, 11], [14, 3, 10, 4], [14, 10, 13, 11], [14, 29, 10, 30], [14, 0, 10, 1], [14, 31, 10, 31], [0, 20, 1, 21], [0, 24, 1, 24], [0, 29, 1, 30], [0, 21, 1, 20], [0, 26, 1, 25], [3, 22, 2, 23], [3, 20, 0, 20], [3, 19, 0, 21], [3, 28, 2, 27], [3, 29, 0, 29], [3, 21, 2, 22], [3, 23, 0, 26], [3, 26, 0, 24], [3, 31, 4, 30], [3, 17, 4, 17], [11, 16, 12, 16], [11, 30, 12, 29], [11, 11, 12, 11], [11, 24, 12, 24], [11, 0, 12, 1], [11, 23, 12, 23], [11, 5, 7, 2], [11, 31, 12, 31], [11, 1, 12, 0], [11, 15, 12, 15], [2, 22, 3, 21], [2, 25, 3, 26], [2, 19, 3, 19], [2, 24, 3, 23], [2, 29, 3, 29], [2, 21, 3, 20], [2, 23, 3, 22], [2, 27, 3, 28], [10, 4, 11, 5], [10, 16, 11, 15], [10, 30, 11, 30], [10, 24, 11, 24], [10, 0, 11, 1], [10, 23, 11, 23], [10, 31, 11, 31], [10, 1, 11, 0], [10, 17, 11, 16], [7, 20, 3, 17], [7, 28, 3, 31], [7, 2, 8, 1], [13, 22, 14, 22], [13, 4, 14, 4], [13, 12, 14, 12], [13, 30, 14, 29], [13, 10, 14, 9], [13, 11, 14, 10], [13, 0, 14, 0], [13, 23, 9, 24], [13, 2, 14, 3], [13, 31, 14, 31], [13, 15, 9, 18], [8, 16, 9, 17], [8, 1, 9, 0], [12, 16, 8, 16], [12, 12, 13, 12], [12, 11, 13, 10], [12, 24, 10, 23], [12, 29, 13, 30], [12, 0, 13, 0], [12, 23, 13, 23], [12, 31, 13, 31], [12, 1, 13, 2], [12, 15, 13, 15]]}
