--------------------------------
--------------------------------
---X-----X----------------------
--------------------------------
--------------------------------
--X---X--X--XX-----------X---X--
----------------Q---XQX---------
--------------------------------
-----X----------------------X---
--Q-----------------------------
---------------------X----------
--------------------XX--<>------
------------Q------XXX--[]------
------------------XXXX--[]------
-{---------------XXXXX--[]----}-
XXXXXX--XXXXXXXXXXXXXXXXXXXXXXXX
META {"type": "solver", "id": "pysat-rc2", "objective": 0}
META {"type": "geom", "shape": "path", "group": "path", "data": [[14, 1, 10, 4], [10, 4, 11, 5], [11, 5, 12, 4], [12, 4, 13, 3], [13, 3, 14, 3], [14, 3, 14, 4], [14, 4, 13, 5], [13, 5, 14, 5], [14, 5, 11, 8], [11, 8, 12, 8], [12, 8, 13, 9], [13, 9, 14, 8], [14, 8, 10, 12], [10, 12, 11, 12], [11, 12, 8, 15], [8, 15, 9, 15], [9, 15, 10, 15], [10, 15, 11, 16], [11, 16, 12, 17], [12, 17, 13, 17], [13, 17, 10, 19], [10, 19, 11, 18], [11, 18, 12, 18], [12, 18, 8, 21], [8, 21, 9, 21], [9, 21, 8, 22], [8, 22, 9, 23], [9, 23, 10, 24], [10, 24, 8, 26], [8, 26, 9, 27], [9, 27, 10, 27], [10, 27, 11, 26], [11, 26, 12, 27], [12, 27, 13, 27], [13, 27, 14, 28], [14, 28, 13, 28], [13, 28, 14, 29], [14, 29, 10, 28], [10, 28, 11, 29], [11, 29, 12, 30], [12, 30, 13, 31], [13, 31, 14, 31], [14, 31, 12, 29], [12, 29, 13, 29], [13, 29, 14, 30]]}
META {"type": "geom", "shape": "tile", "group": "path", "data": [[14, 1], [13, 1], [13, 2], [12, 2], [12, 3], [11, 3], [11, 4], [10, 4], [11, 4], [11, 5], [12, 5], [12, 4], [13, 4], [13, 3], [14, 3], [14, 4], [13, 4], [13, 5], [14, 5], [13, 5], [13, 6], [12, 6], [12, 7], [11, 7], [11, 8], [12, 8], [13, 8], [13, 9], [14, 9], [14, 8], [13, 8], [13, 9], [12, 9], [12, 10], [11, 10], [11, 11], [10, 11], [10, 12], [11, 12], [10, 12], [10, 13], [9, 13], [9, 14], [8, 14], [8, 15], [9, 15], [10, 15], [11, 15], [11, 16], [12, 16], [12, 17], [13, 17], [12, 17], [12, 18], [11, 18], [11, 19], [10, 19], [11, 19], [11, 18], [12, 18], [11, 18], [11, 19], [10, 19], [10, 20], [9, 20], [9, 21], [8, 21], [9, 21], [8, 21], [8, 22], [9, 22], [9, 23], [10, 23], [10, 24], [9, 24], [9, 25], [8, 25], [8, 26], [9, 26], [9, 27], [10, 27], [11, 27], [11, 26], [12, 26], [12, 27], [13, 27], [14, 27], [14, 28], [13, 28], [14, 28], [14, 29], [13, 29], [12, 29], [11, 29], [10, 29], [10, 28], [11, 28], [11, 29], [12, 29], [12, 30], [13, 30], [13, 31], [14, 31], [13, 31], [13, 30], [12, 30], [12, 29], [13, 29], [14, 29], [14, 30]]}
META {"type": "geom", "shape": "line", "group": "offpath", "data": [[14, 11, 13, 11], [14, 12, 11, 10], [14, 16, 10, 20], [14, 0, 10, 1], [14, 27, 14, 26], [14, 2, 11, 0], [14, 26, 10, 25], [5, 20, 4, 21], [5, 16, 2, 13], [5, 4, 6, 4], [5, 17, 6, 17], [5, 22, 3, 21], [5, 7, 6, 6], [5, 21, 1, 21], [11, 15, 12, 15], [11, 0, 12, 1], [11, 27, 12, 26], [11, 10, 12, 10], [11, 2, 12, 3], [0, 8, 1, 8], [0, 4, 1, 5], [0, 26, 1, 25], [0, 3, 1, 3], [0, 21, 1, 20], [0, 9, 1, 10], [10, 1, 11, 2], [10, 20, 6, 23], [10, 16, 11, 15], [10, 25, 6, 29], [10, 26, 11, 27], [3, 11, 4, 12], [3, 20, 4, 19], [3, 8, 4, 7], [3, 24, 4, 25], [3, 13, 4, 13], [3, 19, 4, 18], [3, 29, 4, 29], [3, 14, 4, 15], [3, 5, 4, 6], [3, 21, 4, 20], [7, 28, 3, 29], [7, 24, 8, 25], [7, 16, 8, 16], [7, 3, 8, 2], [7, 5, 4, 2], [4, 15, 5, 16], [4, 20, 5, 21], [4, 12, 1, 15], [4, 18, 5, 17], [4, 13, 0, 9], [4, 19, 5, 20], [4, 6, 1, 9], [4, 2, 0, 3], [4, 25, 0, 21], [4, 29, 0, 26], [4, 7, 5, 7], [4, 5, 5, 4], [4, 21, 5, 22], [8, 16, 9, 16], [8, 2, 4, 5], [8, 25, 9, 25], [9, 16, 10, 16], [9, 25, 10, 26], [13, 11, 14, 12], [13, 16, 14, 16], [13, 0, 14, 0], [13, 10, 14, 11], [13, 2, 14, 2], [13, 26, 14, 27], [12, 15, 13, 16], [12, 1, 13, 0], [12, 10, 13, 10], [12, 26, 13, 26], [12, 3, 13, 2], [1, 15, 2, 15], [1, 20, 2, 19], [1, 8, 2, 7], [1, 10, 2, 10], [1, 25, 2, 24], [1, 3, 0, 4], [1, 5, 2, 6], [1, 21, 2, 20], [1, 9, 0, 8], [2, 15, 3, 14], [2, 20, 3, 20], [2, 24, 3, 24], [2, 13, 3, 13], [2, 19, 3, 19], [2, 6, 3, 5], [2, 10, 3, 11], [2, 7, 3, 8], [6, 23, 7, 24], [6, 4, 7, 3], [6, 6, 7, 5], [6, 17, 7, 16], [6, 29, 7, 28]]}
