XXXXXXXXXXXXXXXX
----------------
XXXXXXXX------}-
XXXXXXXX----XXXX
------------XXXX
XXX----XX-------
XXX----XX-------
---XX--------XX-
---XX--------XX-
--------XX-XXXXX
XX------XX-XXXXX
XX-XXX----------
---XXX-XXXX-----
XX-----XXXX-----
XX------------XX
---XX---------XX
---XX---XXX-----
---XX---XXX-----
---XX--------{--
XXXXXXXXXXXXXXXX
META {"type": "solver", "id": "pysat-rc2-boolonly", "objective": 0}
META {"type": "geom", "shape": "path", "group": "path", "data": [[18, 13, 18, 12], [18, 12, 18, 11], [18, 11, 18, 10], [18, 10, 18, 9], [18, 9, 18, 8], [18, 8, 18, 7], [18, 7, 18, 6], [18, 6, 18, 5], [18, 5, 17, 5], [17, 5, 15, 8], [15, 8, 15, 9], [15, 9, 15, 10], [15, 10, 13, 14], [13, 14, 11, 9], [11, 9, 11, 8], [11, 8, 11, 7], [11, 7, 10, 5], [10, 5, 8, 8], [8, 8, 6, 4], [6, 4, 4, 8], [4, 8, 2, 13], [2, 13, 2, 14]]}
