XXXXXXXXXXXXXXXX
XXXXXXXXXXXXXXXX
XX}XXX-------XXX
XX-XXX--X--#--XX
XX------XX----XX
XX----#--XX-#-XX
XX##-----XX---XX
XX--#-----X---XX
XXX---X-------XX
XXX---XX------XX
XXXX---X----XXXX
XXXX-X----#--XXX
XXXXXX-------XXX
XXXXXX--XX-XXXXX
XXXXX---XX-XXXXX
XXXX-#---X-XXXXX
XX---------XXXXX
XX--#--XX--XXXXX
XXX-----X--XXXXX
XXX--#-------XXX
XXXX---#--XX--XX
XXXX-----XXX--XX
XX----#--XXX--XX
XX-------XXX--XX
XXXXX--------XXX
XXXXX##-----XXXX
XXXXX---#-X--XXX
XXXXX-----XX-XXX
XXXXXX-----X--XX
XXXXXX--XX--{-XX
XXXXXXXXXXXXXXXX
XXXXXXXXXXXXXXXX
META {"type": "solver", "id": "pysat-rc2", "objective": 0}
META {"type": "geom", "shape": "path", "group": "path", "data": [[29, 12, 29, 13], [29, 13, 28, 13], [28, 13, 28, 12], [28, 12, 26, 12], [26, 12, 26, 11], [26, 11, 24, 11], [24, 11, 24, 5], [24, 5, 20, 5], [20, 5, 20, 4], [20, 4, 20, 6], [20, 6, 10, 6], [10, 6, 10, 4], [10, 4, 8, 4], [8, 4, 8, 3], [8, 3, 7, 3], [7, 3, 9, 3], [9, 3, 9, 5], [9, 5, 10, 5], [10, 5, 4, 5], [4, 5, 4, 7], [4, 7, 8, 7], [8, 7, 8, 13], [8, 13, 9, 13], [9, 13, 3, 13], [3, 13, 3, 12], [3, 12, 4, 12], [4, 12, 2, 12], [2, 12, 2, 6], [2, 6, 4, 6], [4, 6, 4, 2], [4, 2, 2, 2]]}
META {"type": "geom", "shape": "tile", "group": "path", "data": [[29, 12], [29, 13], [28, 13], [28, 12], [27, 12], [26, 12], [26, 11], [25, 11], [24, 11], [24, 10], [24, 9], [24, 8], [24, 7], [24, 6], [24, 5], [23, 5], [22, 5], [21, 5], [20, 5], [20, 4], [20, 5], [20, 6], [19, 6], [18, 6], [17, 6], [16, 6], [15, 6], [14, 6], [13, 6], [12, 6], [11, 6], [10, 6], [10, 5], [10, 4], [9, 4], [8, 4], [8, 3], [7, 3], [8, 3], [9, 3], [9, 4], [9, 5], [10, 5], [9, 5], [8, 5], [7, 5], [6, 5], [5, 5], [4, 5], [4, 6], [4, 7], [5, 7], [6, 7], [7, 7], [8, 7], [8, 8], [8, 9], [8, 10], [8, 11], [8, 12], [8, 13], [9, 13], [8, 13], [7, 13], [6, 13], [5, 13], [4, 13], [3, 13], [3, 12], [4, 12], [3, 12], [2, 12], [2, 11], [2, 10], [2, 9], [2, 8], [2, 7], [2, 6], [3, 6], [4, 6], [4, 5], [4, 4], [4, 3], [4, 2], [3, 2], [2, 2]]}
META {"type": "geom", "shape": "line", "group": "offpath", "data": [[4, 10, 2, 10], [16, 2, 17, 2], [16, 4, 15, 4], [16, 3, 16, 2], [16, 8, 15, 8], [18, 10, 18, 9], [18, 9, 18, 10], [18, 4, 18, 3], [18, 3, 19, 3], [13, 6, 13, 7], [13, 7, 13, 6], [29, 6, 29, 7], [29, 7, 29, 6], [23, 2, 22, 2], [23, 3, 22, 3], [15, 4, 16, 4], [15, 8, 16, 8], [11, 11, 11, 12], [11, 12, 11, 11], [25, 10, 24, 10], [25, 7, 21, 7], [25, 8, 25, 7], [6, 6, 7, 6], [27, 5, 26, 5], [21, 12, 21, 13], [21, 7, 21, 8], [21, 13, 21, 12], [21, 8, 25, 8], [17, 2, 17, 3], [17, 3, 16, 3], [2, 10, 4, 10], [22, 2, 23, 2], [22, 12, 22, 13], [22, 7, 22, 8], [22, 3, 23, 3], [22, 13, 22, 12], [22, 8, 22, 7], [19, 4, 18, 4], [19, 3, 19, 4], [3, 10, 3, 9], [3, 9, 3, 10], [26, 5, 27, 5], [20, 9, 20, 8], [20, 12, 20, 13], [20, 13, 20, 12], [20, 8, 20, 9], [28, 10, 28, 6], [28, 6, 28, 10], [28, 9, 24, 9], [24, 10, 25, 10], [24, 9, 28, 9], [7, 6, 6, 6]]}
