XXXXXXXXXXXXXXXX
XXXXXXXXXXXXXXXX
XXXXXX}XXX----XX
XXXXXX-XXX##--XX
XXXXXX--------XX
XXXXX-------X-XX
XXXX-------XX-XX
XXX---XX-#--X-XX
XX-XX--X------XX
XX--XX-----##-XX
XX--XX--#-----XX
XX---X----#---XX
XXX----#-----XXX
XXX--#-----XXXXX
XXX--------XXXXX
XX----#-----XXXX
XXX-#---#---XXXX
XXX-------#-XXXX
XXX----#----XXXX
XX--XX---#----XX
XX---XX------XXX
XXXX-XX-#---XXXX
XXXX--X---X--XXX
XXXXX-----XX-XXX
XXXXXX-----X--XX
XXXXXXX-----X-XX
XXXXXXX-XX-XX-XX
XXXXXXXXXX--X-XX
XXXXXXXXXX----XX
XX---XXX----{-XX
XXXXXXXXXXXXXXXX
XXXXXXXXXXXXXXXX
META {"type": "solver", "id": "pysat-rc2", "objective": 0}
META {"type": "geom", "shape": "path", "group": "path", "data": [[29, 12, 28, 12], [28, 12, 28, 10], [28, 10, 24, 10], [24, 10, 24, 6], [24, 6, 23, 6], [23, 6, 23, 5], [23, 5, 23, 9], [23, 9, 25, 9], [25, 9, 25, 7], [25, 7, 19, 7], [19, 7, 19, 8], [19, 8, 20, 8], [20, 8, 20, 12], [20, 12, 19, 12], [19, 12, 19, 10], [19, 10, 21, 10], [21, 10, 21, 9], [21, 9, 21, 11], [21, 11, 15, 11], [15, 11, 15, 7], [15, 7, 13, 7], [13, 7, 17, 7], [17, 7, 17, 9], [17, 9, 18, 9], [18, 9, 8, 9], [8, 9, 8, 8], [8, 8, 9, 8], [9, 8, 9, 10], [9, 10, 10, 10], [10, 10, 4, 10], [4, 10, 4, 6], [4, 6, 2, 6]]}
META {"type": "geom", "shape": "tile", "group": "path", "data": [[29, 12], [28, 12], [28, 11], [28, 10], [27, 10], [26, 10], [25, 10], [24, 10], [24, 9], [24, 8], [24, 7], [24, 6], [23, 6], [23, 5], [23, 6], [23, 7], [23, 8], [23, 9], [24, 9], [25, 9], [25, 8], [25, 7], [24, 7], [23, 7], [22, 7], [21, 7], [20, 7], [19, 7], [19, 8], [20, 8], [20, 9], [20, 10], [20, 11], [20, 12], [19, 12], [19, 11], [19, 10], [20, 10], [21, 10], [21, 9], [21, 10], [21, 11], [20, 11], [19, 11], [18, 11], [17, 11], [16, 11], [15, 11], [15, 10], [15, 9], [15, 8], [15, 7], [14, 7], [13, 7], [14, 7], [15, 7], [16, 7], [17, 7], [17, 8], [17, 9], [18, 9], [17, 9], [16, 9], [15, 9], [14, 9], [13, 9], [12, 9], [11, 9], [10, 9], [9, 9], [8, 9], [8, 8], [9, 8], [9, 9], [9, 10], [10, 10], [9, 10], [8, 10], [7, 10], [6, 10], [5, 10], [4, 10], [4, 9], [4, 8], [4, 7], [4, 6], [3, 6], [2, 6]]}
META {"type": "geom", "shape": "line", "group": "offpath", "data": [[7, 5, 7, 3], [7, 10, 7, 11], [7, 11, 7, 10], [7, 3, 7, 5], [4, 7, 6, 7], [4, 9, 6, 9], [17, 4, 18, 4], [20, 3, 20, 4], [20, 2, 19, 2], [20, 4, 20, 2], [8, 5, 8, 6], [8, 6, 8, 5], [3, 13, 3, 12], [3, 12, 3, 13], [19, 3, 9, 3], [19, 2, 19, 3], [12, 11, 10, 11], [12, 12, 10, 12], [29, 2, 29, 4], [29, 4, 29, 2], [10, 11, 12, 11], [10, 12, 12, 12], [6, 10, 6, 4], [6, 7, 4, 7], [6, 9, 4, 9], [6, 4, 6, 10], [9, 3, 9, 2], [9, 2, 11, 2], [11, 8, 15, 8], [11, 2, 11, 4], [11, 4, 15, 4], [13, 10, 13, 6], [13, 6, 13, 10], [16, 11, 16, 9], [16, 9, 16, 11], [14, 5, 14, 3], [14, 3, 20, 3], [18, 4, 17, 4], [5, 5, 5, 11], [5, 11, 5, 5], [15, 5, 14, 5], [15, 8, 11, 8], [15, 4, 15, 5]]}
