XXXXXXXXXXXXXXXX
XXXXXXXXXXXXXXXX
XXX-XXXXX}XXXXXX
XXX-XXX---XXXXXX
XX--XXX---XXXXXX
XXX----XX-----XX
XXX-#---X-X---XX
XXX---#---XXXXXX
XX------#-XXXXXX
XX---X----XXXXXX
XX-X-XXX----XXXX
XXXX-XXX-----XXX
XXXX------XX-XXX
XXXXX------X-XXX
XXX-XXXXXX---XXX
XX--XXXXXX---XXX
XX--XXXX-----XXX
XXXX------#--XXX
XXXX---XX----XXX
XXX-#---X----XXX
XXX----------XXX
XX-----------XXX
XX--#-----XX--XX
XX----X----XX-XX
XX---XX--X-XX-XX
XX----X-XX--X-XX
XX-------X----XX
XX##-{--------XX
XX--XXX-XXXX--XX
XX--XXX-XXXX-XXX
XXXXXXXXXXXXXXXX
XXXXXXXXXXXXXXXX
META {"type": "solver", "id": "pysat-rc2", "objective": 0}
META {"type": "geom", "shape": "path", "group": "path", "data": [[27, 5, 27, 4], [27, 4, 23, 4], [23, 4, 23, 2], [23, 2, 21, 2], [21, 2, 21, 12], [21, 12, 11, 12], [11, 12, 11, 8], [11, 8, 9, 8], [9, 8, 9, 9], [9, 9, 13, 9], [13, 9, 13, 5], [13, 5, 12, 5], [12, 5, 12, 9], [12, 9, 2, 9]]}
META {"type": "geom", "shape": "tile", "group": "path", "data": [[27, 5], [27, 4], [26, 4], [25, 4], [24, 4], [23, 4], [23, 3], [23, 2], [22, 2], [21, 2], [21, 3], [21, 4], [21, 5], [21, 6], [21, 7], [21, 8], [21, 9], [21, 10], [21, 11], [21, 12], [20, 12], [19, 12], [18, 12], [17, 12], [16, 12], [15, 12], [14, 12], [13, 12], [12, 12], [11, 12], [11, 11], [11, 10], [11, 9], [11, 8], [10, 8], [9, 8], [9, 9], [10, 9], [11, 9], [12, 9], [13, 9], [13, 8], [13, 7], [13, 6], [13, 5], [12, 5], [12, 6], [12, 7], [12, 8], [12, 9], [11, 9], [10, 9], [9, 9], [8, 9], [7, 9], [6, 9], [5, 9], [4, 9], [3, 9], [2, 9]]}
META {"type": "geom", "shape": "line", "group": "offpath", "data": [[13, 6, 12, 6], [15, 2, 15, 3], [15, 3, 15, 2], [19, 5, 23, 5], [19, 7, 19, 5], [26, 12, 26, 13], [26, 13, 22, 13], [26, 2, 26, 8], [26, 8, 26, 2], [12, 6, 13, 6], [4, 9, 4, 7], [4, 2, 4, 3], [4, 3, 4, 2], [4, 7, 4, 9], [18, 4, 18, 6], [18, 6, 22, 6], [16, 9, 16, 8], [16, 2, 16, 3], [16, 8, 17, 8], [16, 3, 16, 2], [3, 9, 3, 7], [3, 7, 3, 9], [5, 12, 6, 12], [9, 4, 7, 4], [9, 6, 8, 6], [9, 2, 9, 4], [9, 3, 9, 2], [23, 9, 23, 7], [23, 5, 17, 5], [23, 7, 29, 7], [10, 10, 11, 10], [29, 2, 29, 3], [29, 3, 29, 2], [29, 7, 19, 7], [22, 6, 22, 5], [22, 13, 28, 13], [22, 9, 16, 9], [22, 5, 22, 9], [22, 2, 22, 3], [22, 3, 22, 2], [20, 8, 24, 8], [28, 12, 26, 12], [28, 13, 28, 12], [7, 4, 7, 3], [7, 3, 9, 3], [11, 10, 10, 10], [24, 8, 20, 8], [6, 12, 5, 12], [6, 13, 6, 11], [6, 11, 6, 13], [6, 5, 6, 7], [6, 7, 6, 5], [17, 4, 18, 4], [17, 9, 23, 9], [17, 5, 17, 9], [17, 8, 17, 4], [8, 6, 9, 6]]}
