XXXXXXXXXXXXXXXX
XXXXXXXXXXXXXXXX
XX}XXXXX------XX
XX-XXX----XXXXXX
XX--------XXXXXX
XX--XX-##-XXXXXX
XXX--X----XXX-XX
XXXX--X-----XXXX
XXXX-XX------XXX
XXXX--X--#---XXX
XXX--------XXXXX
XX-#-XX----XXXXX
XX----X----XXXXX
XX-----X---XXXXX
XX---#-XX--XXXXX
XX-#----X-----XX
XX----#-----XXXX
XX--X---XX---XXX
XX-XXX---X---XXX
XX-XXX-------XXX
XX-----#--X--XXX
XX-------XX---XX
XXX---X---XX--XX
XXX-XXXXX-XX--XX
XXX-XXXXX--XX-XX
XX--XXXXXX-XX-XX
XX---XXXXX--X-XX
XX-X-XXX------XX
XXXX-XXX--X-{-XX
XXXXXXXXXXXXXXXX
XXXXXXXXXXXXXXXX
XXXXXXXXXXXXXXXX
META {"type": "solver", "id": "pysat-rc2-boolonly", "objective": 0}
META {"type": "geom", "shape": "path", "group": "path", "data": [[28, 12, 27, 12], [27, 12, 27, 8], [27, 8, 28, 8], [28, 8, 28, 9], [28, 9, 27, 9], [27, 9, 27, 13], [27, 13, 21, 13], [21, 13, 21, 11], [21, 11, 15, 11], [15, 11, 15, 13], [15, 13, 15, 9], [15, 9, 16, 9], [16, 9, 16, 11], [16, 11, 16, 7], [16, 7, 15, 7], [15, 7, 19, 7], [19, 7, 19, 6], [19, 6, 21, 6], [21, 6, 21, 2], [21, 2, 21, 8], [21, 8, 22, 8], [22, 8, 18, 8], [18, 8, 18, 6], [18, 6, 17, 6], [17, 6, 17, 5], [17, 5, 15, 5], [15, 5, 15, 4], [15, 4, 16, 4], [16, 4, 6, 4], [6, 4, 6, 3], [6, 3, 4, 3], [4, 3, 4, 2], [4, 2, 2, 2]]}
META {"type": "geom", "shape": "tile", "group": "path", "data": [[28, 12], [27, 12], [27, 11], [27, 10], [27, 9], [27, 8], [28, 8], [28, 9], [27, 9], [27, 10], [27, 11], [27, 12], [27, 13], [26, 13], [25, 13], [24, 13], [23, 13], [22, 13], [21, 13], [21, 12], [21, 11], [20, 11], [19, 11], [18, 11], [17, 11], [16, 11], [15, 11], [15, 12], [15, 13], [15, 12], [15, 11], [15, 10], [15, 9], [16, 9], [16, 10], [16, 11], [16, 10], [16, 9], [16, 8], [16, 7], [15, 7], [16, 7], [17, 7], [18, 7], [19, 7], [19, 6], [20, 6], [21, 6], [21, 5], [21, 4], [21, 3], [21, 2], [21, 3], [21, 4], [21, 5], [21, 6], [21, 7], [21, 8], [22, 8], [21, 8], [20, 8], [19, 8], [18, 8], [18, 7], [18, 6], [17, 6], [17, 5], [16, 5], [15, 5], [15, 4], [16, 4], [15, 4], [14, 4], [13, 4], [12, 4], [11, 4], [10, 4], [9, 4], [8, 4], [7, 4], [6, 4], [6, 3], [5, 3], [4, 3], [4, 2], [3, 2], [2, 2]]}
META {"type": "geom", "shape": "line", "group": "offpath", "data": [[7, 5, 7, 4], [7, 11, 9, 11], [7, 10, 7, 11], [7, 4, 7, 5], [6, 7, 12, 7], [27, 2, 25, 2], [13, 6, 15, 6], [23, 12, 17, 12], [28, 4, 26, 4], [15, 6, 13, 6], [2, 8, 4, 8], [2, 9, 2, 8], [20, 9, 19, 9], [20, 2, 20, 6], [20, 6, 20, 2], [20, 4, 22, 4], [26, 4, 28, 4], [17, 12, 17, 10], [17, 3, 16, 3], [17, 10, 7, 10], [21, 7, 22, 7], [22, 5, 22, 3], [22, 7, 21, 7], [22, 12, 22, 13], [22, 3, 22, 5], [22, 13, 22, 12], [22, 4, 20, 4], [25, 2, 27, 2], [16, 3, 17, 3], [14, 2, 14, 4], [14, 4, 14, 2], [4, 8, 4, 9], [4, 9, 2, 9], [24, 9, 24, 10], [24, 10, 24, 9], [9, 11, 9, 10], [9, 10, 19, 10], [19, 12, 23, 12], [19, 9, 20, 9], [19, 10, 19, 12], [12, 7, 6, 7]]}
