XXXXXXXXXXXXXXXX
XXXXXXXXXXXXXXXX
XX}XXXX------XXX
XX-XXX-------XXX
XX------#-#--XXX
XX-#---------XXX
XX-------X-#-XXX
XXX--##-XX---XXX
XXX------XX---XX
XXX-------XXX-XX
XXX---XXX-XXX-XX
XXX##-XXX-----XX
XXX---XXX---X-XX
XXX---------XXXX
XXXX-----X---XXX
XXXXXXX-XXXX-XXX
XXXXXXX-XXXX-XXX
XXXXXXX--XXX-XXX
XXXXXXX--XXX-XXX
XXXX-----XXXXXXX
XX----XX-XXXXXXX
XXXX---X---XXXXX
XXXX-X---#-XXXXX
XXXXXXX-------XX
XXXXXXX---X-X-XX
XXXXXX---XX-XXXX
XXX---#---X-XXXX
XX-##--------XXX
XX-----XXX---XXX
XX---{-XXXX--XXX
XXXXXXXXXXXXXXXX
XXXXXXXXXXXXXXXX
META {"type": "solver", "id": "pysat-rc2", "objective": 0}
META {"type": "geom", "shape": "path", "group": "path", "data": [[29, 5, 29, 6], [29, 6, 27, 6], [27, 6, 27, 12], [27, 12, 29, 12], [29, 12, 29, 11], [29, 11, 23, 11], [23, 11, 23, 13], [23, 13, 23, 7], [23, 7, 22, 7], [22, 7, 22, 8], [22, 8, 22, 6], [22, 6, 21, 6], [21, 6, 21, 4], [21, 4, 19, 4], [19, 4, 19, 8], [19, 8, 17, 8], [17, 8, 17, 7], [17, 7, 19, 7], [19, 7, 13, 7], [13, 7, 13, 11], [13, 11, 11, 11], [11, 11, 11, 9], [11, 9, 13, 9], [13, 9, 9, 9], [9, 9, 9, 3], [9, 3, 10, 3], [10, 3, 10, 5], [10, 5, 8, 5], [8, 5, 8, 3], [8, 3, 6, 3], [6, 3, 6, 2], [6, 2, 6, 8], [6, 8, 5, 8], [5, 8, 5, 4], [5, 4, 4, 4], [4, 4, 4, 2], [4, 2, 2, 2]]}
META {"type": "geom", "shape": "tile", "group": "path", "data": [[29, 5], [29, 6], [28, 6], [27, 6], [27, 7], [27, 8], [27, 9], [27, 10], [27, 11], [27, 12], [28, 12], [29, 12], [29, 11], [28, 11], [27, 11], [26, 11], [25, 11], [24, 11], [23, 11], [23, 12], [23, 13], [23, 12], [23, 11], [23, 10], [23, 9], [23, 8], [23, 7], [22, 7], [22, 8], [22, 7], [22, 6], [21, 6], [21, 5], [21, 4], [20, 4], [19, 4], [19, 5], [19, 6], [19, 7], [19, 8], [18, 8], [17, 8], [17, 7], [18, 7], [19, 7], [18, 7], [17, 7], [16, 7], [15, 7], [14, 7], [13, 7], [13, 8], [13, 9], [13, 10], [13, 11], [12, 11], [11, 11], [11, 10], [11, 9], [12, 9], [13, 9], [12, 9], [11, 9], [10, 9], [9, 9], [9, 8], [9, 7], [9, 6], [9, 5], [9, 4], [9, 3], [10, 3], [10, 4], [10, 5], [9, 5], [8, 5], [8, 4], [8, 3], [7, 3], [6, 3], [6, 2], [6, 3], [6, 4], [6, 5], [6, 6], [6, 7], [6, 8], [5, 8], [5, 7], [5, 6], [5, 5], [5, 4], [4, 4], [4, 3], [4, 2], [3, 2], [2, 2]]}
META {"type": "geom", "shape": "line", "group": "offpath", "data": [[2, 10, 3, 10], [27, 2, 29, 2], [28, 4, 29, 4], [28, 10, 28, 12], [28, 12, 28, 10], [24, 9, 24, 7], [24, 7, 24, 9], [7, 11, 7, 12], [7, 4, 7, 3], [7, 3, 7, 4], [7, 12, 8, 12], [14, 4, 12, 4], [14, 6, 13, 6], [14, 5, 14, 4], [14, 8, 13, 8], [19, 5, 21, 5], [12, 4, 12, 5], [12, 5, 14, 5], [12, 3, 13, 3], [29, 2, 27, 2], [29, 4, 28, 4], [3, 6, 3, 12], [3, 10, 2, 10], [3, 12, 3, 6], [13, 6, 14, 6], [13, 3, 12, 3], [13, 8, 14, 8], [18, 7, 18, 8], [18, 8, 18, 7], [8, 11, 7, 11], [8, 13, 8, 11], [8, 12, 8, 13], [21, 5, 19, 5]]}
