XXXXXXXXXXXXXXXX
XXXXXXXXXXXXXXXX
XXX-XXXXXXX}XXXX
XX--XXXXXXX--XXX
XX##---XXX---XXX
XX-----------XXX
XX-#--#--X---XXX
XX------XX-#--XX
XX---X---X----XX
XXXXXX-X-----XXX
XXXXXX-XX--XXXXX
XXXX----X-XXXXXX
XXX--#--XXXXXXXX
XX------XXXXXXXX
XX------XXXXXXXX
XX##---#------XX
XX--##------X-XX
XX------XX-XX-XX
XXXX--#--X--XXXX
XXXXX-------XXXX
XXX-XX--#----XXX
XXX--X-----X-XXX
XX-#-XX---XXXXXX
XX----X---XXXXXX
XXX---XX---XXXXX
XXXX---X---XXXXX
XXXX##-----XXXXX
XXXX-----XX--XXX
XXX--XXX--X--XXX
XX-{-XXXX--XXXXX
XXXXXXXXXXXXXXXX
XXXXXXXXXXXXXXXX
META {"type": "solver", "id": "pysat-rc2", "objective": 0}
META {"type": "geom", "shape": "path", "group": "path", "data": [[29, 3, 29, 4], [29, 4, 27, 4], [27, 4, 27, 8], [27, 8, 21, 8], [21, 8, 21, 10], [21, 10, 21, 6], [21, 6, 19, 6], [19, 6, 19, 5], [19, 5, 17, 5], [17, 5, 17, 7], [17, 7, 16, 7], [16, 7, 16, 6], [16, 6, 17, 6], [17, 6, 7, 6], [7, 6, 7, 2], [7, 2, 5, 2], [5, 2, 5, 12], [5, 12, 3, 12], [3, 12, 3, 11], [3, 11, 2, 11]]}
META {"type": "geom", "shape": "tile", "group": "path", "data": [[29, 3], [29, 4], [28, 4], [27, 4], [27, 5], [27, 6], [27, 7], [27, 8], [26, 8], [25, 8], [24, 8], [23, 8], [22, 8], [21, 8], [21, 9], [21, 10], [21, 9], [21, 8], [21, 7], [21, 6], [20, 6], [19, 6], [19, 5], [18, 5], [17, 5], [17, 6], [17, 7], [16, 7], [16, 6], [17, 6], [16, 6], [15, 6], [14, 6], [13, 6], [12, 6], [11, 6], [10, 6], [9, 6], [8, 6], [7, 6], [7, 5], [7, 4], [7, 3], [7, 2], [6, 2], [5, 2], [5, 3], [5, 4], [5, 5], [5, 6], [5, 7], [5, 8], [5, 9], [5, 10], [5, 11], [5, 12], [4, 12], [3, 12], [3, 11], [2, 11]]}
META {"type": "geom", "shape": "line", "group": "offpath", "data": [[6, 10, 6, 12], [6, 12, 6, 10], [6, 5, 6, 4], [6, 4, 6, 5], [6, 8, 5, 8], [10, 10, 10, 9], [10, 9, 10, 10], [17, 3, 16, 3], [21, 3, 20, 3], [3, 3, 3, 2], [3, 2, 3, 3], [8, 13, 7, 13], [8, 11, 9, 11], [8, 4, 8, 2], [8, 2, 8, 4], [26, 10, 26, 6], [26, 6, 26, 10], [26, 7, 27, 7], [14, 3, 12, 3], [14, 2, 13, 2], [7, 13, 8, 13], [27, 7, 26, 7], [16, 3, 17, 3], [20, 3, 21, 3], [20, 11, 20, 9], [20, 9, 19, 9], [9, 11, 8, 11], [18, 10, 18, 11], [18, 11, 18, 10], [18, 5, 18, 4], [18, 4, 18, 5], [13, 2, 14, 2], [12, 3, 14, 3], [19, 11, 20, 11], [19, 9, 19, 11], [5, 8, 6, 8], [24, 10, 24, 8], [24, 8, 24, 10], [23, 9, 23, 7], [23, 7, 23, 9]]}
