XXXXXXXXXXXXXXXX
XXXXXXXXXXXXXXXX
XXX-XXX}XXX---XX
XXX-----XXX---XX
XXX-----XXX-#-XX
XX---#--------XX
XXXX---#-##---XX
XXXXX-------XXXX
XXXXX##-#----XXX
XXXXX-----XX-XXX
XXXX-#-----X-XXX
XXXX---##-----XX
XXXX----------XX
XX--------XX--XX
XXXX---#---X--XX
XXXXX-------#-XX
XXXXX-#--X----XX
XXXXX---XX-#--XX
XX-------X----XX
XX-X----------XX
XX-XX-#--XX---XX
XX--X-----XXXXXX
XX-----#--XXXXXX
XXX-------XXXXXX
XXX-###---XXXXXX
XXX-----#---XXXX
XXX-------#-XXXX
XXX---XX------XX
XXX##-XXXX----XX
XXX---XXXX-{-XXX
XXXXXXXXXXXXXXXX
XXXXXXXXXXXXXXXX
META {"type": "solver", "id": "pysat-rc2", "objective": 0}
META {"type": "geom", "shape": "path", "group": "path", "data": [[29, 11, 29, 12], [29, 12, 27, 12], [27, 12, 27, 8], [27, 8, 26, 8], [26, 8, 26, 9], [26, 9, 26, 3], [26, 3, 27, 3], [27, 3, 27, 5], [27, 5, 25, 5], [25, 5, 25, 3], [25, 3, 21, 3], [21, 3, 21, 2], [21, 2, 22, 2], [22, 2, 18, 2], [18, 2, 18, 8], [18, 8, 24, 8], [24, 8, 24, 7], [24, 7, 23, 7], [23, 7, 23, 9], [23, 9, 21, 9], [21, 9, 21, 5], [21, 5, 11, 5], [11, 5, 11, 6], [11, 6, 15, 6], [15, 6, 9, 6], [9, 6, 9, 5], [9, 5, 9, 9], [9, 9, 7, 9], [7, 9, 7, 5], [7, 5, 6, 5], [6, 5, 6, 4], [6, 4, 6, 6], [6, 6, 7, 6], [7, 6, 3, 6], [3, 6, 3, 7], [3, 7, 2, 7]]}
META {"type": "geom", "shape": "tile", "group": "path", "data": [[29, 11], [29, 12], [28, 12], [27, 12], [27, 11], [27, 10], [27, 9], [27, 8], [26, 8], [26, 9], [26, 8], [26, 7], [26, 6], [26, 5], [26, 4], [26, 3], [27, 3], [27, 4], [27, 5], [26, 5], [25, 5], [25, 4], [25, 3], [24, 3], [23, 3], [22, 3], [21, 3], [21, 2], [22, 2], [21, 2], [20, 2], [19, 2], [18, 2], [18, 3], [18, 4], [18, 5], [18, 6], [18, 7], [18, 8], [19, 8], [20, 8], [21, 8], [22, 8], [23, 8], [24, 8], [24, 7], [23, 7], [23, 8], [23, 9], [22, 9], [21, 9], [21, 8], [21, 7], [21, 6], [21, 5], [20, 5], [19, 5], [18, 5], [17, 5], [16, 5], [15, 5], [14, 5], [13, 5], [12, 5], [11, 5], [11, 6], [12, 6], [13, 6], [14, 6], [15, 6], [14, 6], [13, 6], [12, 6], [11, 6], [10, 6], [9, 6], [9, 5], [9, 6], [9, 7], [9, 8], [9, 9], [8, 9], [7, 9], [7, 8], [7, 7], [7, 6], [7, 5], [6, 5], [6, 4], [6, 5], [6, 6], [7, 6], [6, 6], [5, 6], [4, 6], [3, 6], [3, 7], [2, 7]]}
META {"type": "geom", "shape": "line", "group": "offpath", "data": [[5, 2, 5, 4], [5, 12, 6, 12], [5, 8, 7, 8], [5, 4, 5, 2], [25, 9, 25, 11], [25, 4, 27, 4], [25, 11, 25, 9], [27, 13, 28, 13], [27, 10, 29, 10], [27, 4, 25, 4], [7, 8, 5, 8], [28, 13, 27, 13], [18, 13, 20, 13], [18, 4, 19, 4], [18, 11, 18, 13], [29, 10, 27, 10], [29, 3, 29, 5], [29, 5, 29, 3], [17, 13, 17, 12], [17, 12, 17, 13], [17, 6, 19, 6], [23, 4, 22, 4], [6, 13, 6, 11], [6, 12, 5, 12], [6, 11, 8, 11], [4, 5, 3, 5], [13, 13, 13, 12], [13, 12, 13, 13], [3, 13, 3, 11], [3, 5, 4, 5], [3, 11, 3, 13], [8, 11, 2, 11], [10, 10, 10, 6], [10, 6, 10, 10], [20, 13, 20, 11], [20, 12, 16, 12], [20, 8, 20, 7], [20, 11, 18, 11], [20, 7, 20, 8], [22, 4, 23, 4], [19, 4, 18, 4], [19, 6, 17, 6], [16, 10, 14, 10], [16, 12, 20, 12], [16, 8, 16, 7], [16, 11, 16, 10], [16, 7, 15, 7], [2, 13, 6, 13], [2, 11, 2, 13], [14, 10, 14, 8], [14, 8, 16, 8], [14, 4, 14, 6], [14, 6, 14, 4], [15, 5, 15, 11], [15, 11, 16, 11], [15, 7, 15, 5]]}
