--------------------------------
--------------------------------
---------------X----------------
--------------------------------
-------------------Q------------
---------------Q----------------
---XQX----XQX---------------X---
------------------X-------------
---------------X----------------
---XX----X----XX------X---------
-------------XXX----------------
------------XXXX--<>-------X----
-----X-----XXXXX--[]------XX----
----------XXXXXX--[]-----XXX----
-{-------XXXXXXX--[]----XXXX--}-
XXXXXXXXXXXXXXXXXXXXXXXXXXXXXXXX
META {"type": "solver", "id": "pysat-rc2", "objective": 0}
META {"type": "geom", "shape": "path", "group": "path", "data": [[14, 1, 14, 2], [14, 2, 14, 3], [14, 3, 14, 4], [14, 4, 14, 5], [14, 5, 14, 6], [14, 6, 14, 7], [14, 7, 14, 8], [14, 8, 11, 11], [11, 11, 7, 15], [7, 15, 7, 16], [7, 16, 8, 17], [8, 17, 9, 18], [9, 18, 10, 19], [10, 19, 10, 20], [10, 20, 11, 20], [11, 20, 12, 21], [12, 21, 13, 22], [13, 22, 14, 23], [14, 23, 10, 27], [10, 27, 10, 28], [10, 28, 11, 28], [11, 28, 12, 28], [12, 28, 13, 29], [13, 29, 14, 30]]}
