--------------------------------
--------------------------------
-------------------------Q--Q---
--------------------------------
--------------------------------
--------------------------------
--------------------------XQQX--
--------------------XX----------
---X----------------------------
----------------X---XX--XX------
--------------------------------
--------------------------------
------------------<>-----X------
---------XX---XX--[]----XX------
-{------XXX--XXX--[]---XXX----}-
XXXXXXXXXXXXXXXXXXXXXXXXXXXXXXXX
META {"type": "solver", "id": "pysat-rc2-boolonly", "objective": 0}
META {"type": "geom", "shape": "path", "group": "path", "data": [[14, 1, 14, 2], [14, 2, 14, 3], [14, 3, 14, 4], [14, 4, 14, 5], [14, 5, 14, 6], [14, 6, 14, 7], [14, 7, 12, 9], [12, 9, 12, 10], [12, 10, 12, 11], [12, 11, 13, 11], [13, 11, 14, 12], [14, 12, 12, 14], [12, 14, 12, 15], [12, 15, 10, 17], [10, 17, 11, 18], [11, 18, 11, 19], [11, 19, 11, 20], [11, 20, 12, 20], [12, 20, 13, 21], [13, 21, 14, 22], [14, 22, 11, 25], [11, 25, 11, 26], [11, 26, 12, 27], [12, 27, 13, 28], [13, 28, 14, 29], [14, 29, 14, 30]]}
