--------------------------------
--------------------------------
--------------------------------
--------------------------------
--------------------------------
--------------------------------
--XXXX----------------X---------
-----------------Q--------------
-----------------------------X--
--------------------X-----------
--------------X-----------X-----
-------------XX-----------------
----<>------XXX--XQXQX----------
----[]-----XXXX-----------------
-{--[]----XXXXX---------------}-
XXXXXXXXXXXXXXXXXXXXXXXXXXXXXXXX
META {"type": "solver", "id": "pysat-rc2", "objective": 0}
META {"type": "geom", "shape": "path", "group": "path", "data": [[14, 1, 11, 4], [11, 4, 11, 5], [11, 5, 11, 6], [11, 6, 12, 7], [12, 7, 13, 8], [13, 8, 14, 9], [14, 9, 13, 10], [13, 10, 9, 14], [9, 14, 9, 15], [9, 15, 10, 16], [10, 16, 11, 17], [11, 17, 11, 18], [11, 18, 11, 19], [11, 19, 11, 20], [11, 20, 11, 21], [11, 21, 11, 22], [11, 22, 12, 23], [12, 23, 13, 24], [13, 24, 14, 25], [14, 25, 14, 26], [14, 26, 14, 27], [14, 27, 14, 28], [14, 28, 14, 29], [14, 29, 14, 30]]}
