--------------------------------
--------------------------------
--------------------------------
----XX--------------------------
--------------------------------
--------------------------------
--XX----------------------------
--------------------------------
-----------------------Q--------
----Q---XQX---------X-----------
---------------------------Q----
--------------------------------
----XX-----X-----<>-----X-------
-----------XX----[]-----XX------
-{---------XXX---[]-----XXX---}-
XXXXXXXXXXXXXXXXXXXXXXXXXXXXXXXX
META {"type": "solver", "id": "pysat-rc2", "objective": 0}
META {"type": "geom", "shape": "path", "group": "path", "data": [[14, 1, 14, 2], [14, 2, 14, 3], [14, 3, 14, 4], [14, 4, 14, 5], [14, 5, 14, 6], [14, 6, 14, 7], [14, 7, 14, 8], [14, 8, 11, 11], [11, 11, 11, 12], [11, 12, 12, 13], [12, 13, 13, 14], [13, 14, 14, 14], [14, 14, 11, 17], [11, 17, 11, 18], [11, 18, 11, 19], [11, 19, 12, 19], [12, 19, 13, 20], [13, 20, 14, 21], [14, 21, 11, 24], [11, 24, 11, 25], [11, 25, 12, 26], [12, 26, 13, 27], [13, 27, 14, 28], [14, 28, 14, 29], [14, 29, 14, 30]]}
