--------------------------------
--------------------------------
---X----------------------------
------------------XXX--X--------
----------------------------XX--
--Q--X--Q-----------------------
-------------X------------------
--------------------------------
--Q-----------------------------
--------------Q-----------------
----------------------<>--------
----------------------[]----Q---
--------X-----X-------[]--------
-------XX-----XX------[]--------
-{----XXX-----XXX-----[]------}-
XXXXXXXXXXXX--XXXXXXXXXXXXXXXXXX
META {"type": "solver", "id": "pysat-rc2", "objective": 0}
META {"type": "geom", "shape": "path", "group": "path", "data": [[14, 1, 14, 2], [14, 2, 14, 3], [14, 3, 14, 4], [14, 4, 14, 5], [14, 5, 11, 8], [11, 8, 11, 9], [11, 9, 12, 9], [12, 9, 13, 10], [13, 10, 14, 11], [14, 11, 11, 14], [11, 14, 11, 15], [11, 15, 12, 15], [12, 15, 8, 14], [8, 14, 4, 18], [4, 18, 5, 19], [5, 19, 6, 20], [6, 20, 7, 21], [7, 21, 8, 22], [8, 22, 9, 23], [9, 23, 9, 24], [9, 24, 10, 25], [10, 25, 11, 26], [11, 26, 12, 27], [12, 27, 13, 28], [13, 28, 14, 29], [14, 29, 14, 30]]}
