XXXXXXXXXXXXXXXX
----------------
-}------------XX
XXX-----------XX
XXX-------XX----
-----XX---XX----
-----XX-------XX
XXX--------XX-XX
XXX--------XX---
------XX--------
XX----XX----XX--
XX--XXXXXX--XX--
----XXXXXX--XX--
------------XX--
----------XXXXXX
-----{----XXXXXX
XX-XXXXX--------
XX-XXXXX--------
----------------
XXXXXXXXXXXXXXXX
META {"type": "solver", "id": "pysat-rc2", "objective": 0}
META {"type": "geom", "shape": "path", "group": "path", "data": [[15, 5, 15, 4], [15, 4, 15, 3], [15, 3, 14, 1], [14, 1, 15, 1], [15, 1, 13, 4], [13, 4, 14, 5], [14, 5, 15, 6], [15, 6, 15, 7], [15, 7, 13, 11], [13, 11, 10, 11], [10, 11, 11, 11], [11, 11, 8, 7], [8, 7, 6, 11], [6, 11, 6, 12], [6, 12, 4, 15], [4, 15, 5, 15], [5, 15, 5, 14], [5, 14, 3, 10], [3, 10, 1, 8], [1, 8, 2, 7], [2, 7, 3, 6], [3, 6, 4, 5], [4, 5, 2, 2], [2, 2, 2, 1]]}
META {"type": "geom", "shape": "tile", "group": "path", "data": [[15, 5], [15, 4], [15, 3], [15, 2], [14, 2], [14, 1], [15, 1], [15, 2], [14, 2], [14, 3], [13, 3], [13, 4], [14, 4], [14, 5], [15, 5], [15, 6], [15, 7], [15, 8], [14, 8], [14, 9], [13, 9], [13, 10], [13, 11], [12, 11], [11, 11], [10, 11], [11, 11], [11, 10], [10, 10], [10, 9], [9, 9], [9, 8], [8, 8], [8, 7], [8, 8], [7, 8], [7, 9], [6, 9], [6, 10], [6, 11], [6, 12], [6, 13], [5, 13], [5, 14], [4, 14], [4, 15], [5, 15], [5, 14], [5, 13], [4, 13], [4, 12], [3, 12], [3, 11], [3, 10], [3, 9], [2, 9], [2, 8], [1, 8], [2, 8], [2, 7], [3, 7], [3, 6], [4, 6], [4, 5], [4, 4], [3, 4], [3, 3], [2, 3], [2, 2], [2, 1]]}
META {"type": "geom", "shape": "line", "group": "offpath", "data": [[4, 8, 5, 8], [4, 6, 2, 9], [12, 11, 11, 10], [11, 10, 12, 11], [3, 9, 4, 8], [7, 7, 8, 6], [6, 0, 6, 1], [6, 2, 4, 6], [6, 1, 6, 0], [6, 8, 7, 7], [5, 8, 6, 8], [2, 9, 3, 9], [8, 6, 6, 2], [18, 7, 18, 6], [18, 2, 18, 1], [18, 14, 18, 13], [18, 10, 18, 11], [18, 1, 18, 2], [18, 13, 18, 14], [18, 8, 18, 9], [18, 11, 18, 10], [18, 6, 18, 7], [18, 9, 18, 8]]}
