XXXXXXXXXXXXXXXX
XXXXXXXXXXXXXXXX
XX}XXXX--XXX-XXX
XX-XXX-------XXX
XX-----------XXX
XXXXX-#---#---XX
XXXXX---#---#-XX
XXXXXX--------XX
XXXXXX##-----XXX
XXXX-----XXXXXXX
XXXX-----XXXXXXX
XXX----#--XXXXXX
XXX##-----XXX-XX
XXX--XX-------XX
XXX---X-X-----XX
XXX-----XXX--XXX
XX--#---XXX-XXXX
XXX---#-----XXXX
XXX------X--XXXX
XXX--X---XX-XXXX
XXX--XXX--X-XXXX
XXX--XXX--XX--XX
XXX--XXX---X--XX
XX--XXXX------XX
XX-XXXXX-####-XX
XX-XXXXX------XX
XX-XXXXX------XX
XX-------#--#-XX
XX------------XX
XX-{---XX-X---XX
XXXXXXXXXXXXXXXX
XXXXXXXXXXXXXXXX
META {"type": "solver", "id": "pysat-rc2", "objective": 0}
META {"type": "geom", "shape": "path", "group": "path", "data": [[29, 3, 27, 3], [27, 3, 27, 2], [27, 2, 27, 8], [27, 8, 17, 8], [17, 8, 17, 7], [17, 7, 17, 11], [17, 11, 13, 11], [13, 11, 13, 7], [13, 7, 12, 7], [12, 7, 12, 5], [12, 5, 12, 9], [12, 9, 11, 9], [11, 9, 11, 8], [11, 8, 13, 8], [13, 8, 7, 8], [7, 8, 7, 6], [7, 6, 6, 6], [6, 6, 6, 7], [6, 7, 7, 7], [7, 7, 7, 13], [7, 13, 5, 13], [5, 13, 5, 11], [5, 11, 3, 11], [3, 11, 3, 12], [3, 12, 3, 6], [3, 6, 4, 6], [4, 6, 4, 2], [4, 2, 2, 2]]}
META {"type": "geom", "shape": "tile", "group": "path", "data": [[29, 3], [28, 3], [27, 3], [27, 2], [27, 3], [27, 4], [27, 5], [27, 6], [27, 7], [27, 8], [26, 8], [25, 8], [24, 8], [23, 8], [22, 8], [21, 8], [20, 8], [19, 8], [18, 8], [17, 8], [17, 7], [17, 8], [17, 9], [17, 10], [17, 11], [16, 11], [15, 11], [14, 11], [13, 11], [13, 10], [13, 9], [13, 8], [13, 7], [12, 7], [12, 6], [12, 5], [12, 6], [12, 7], [12, 8], [12, 9], [11, 9], [11, 8], [12, 8], [13, 8], [12, 8], [11, 8], [10, 8], [9, 8], [8, 8], [7, 8], [7, 7], [7, 6], [6, 6], [6, 7], [7, 7], [7, 8], [7, 9], [7, 10], [7, 11], [7, 12], [7, 13], [6, 13], [5, 13], [5, 12], [5, 11], [4, 11], [3, 11], [3, 12], [3, 11], [3, 10], [3, 9], [3, 8], [3, 7], [3, 6], [4, 6], [4, 5], [4, 4], [4, 3], [4, 2], [3, 2], [2, 2]]}
META {"type": "geom", "shape": "line", "group": "offpath", "data": [[25, 13, 29, 13], [25, 9, 26, 9], [25, 11, 25, 13], [25, 12, 26, 12], [29, 13, 29, 11], [29, 2, 23, 2], [29, 11, 25, 11], [29, 6, 27, 6], [29, 5, 27, 5], [22, 13, 22, 12], [22, 10, 23, 10], [22, 4, 22, 3], [22, 3, 22, 4], [22, 12, 22, 13], [16, 6, 15, 6], [27, 6, 29, 6], [27, 5, 29, 5], [23, 13, 21, 13], [23, 10, 22, 10], [23, 3, 13, 3], [23, 2, 23, 3], [23, 12, 23, 13], [2, 7, 2, 8], [2, 8, 2, 7], [26, 9, 25, 9], [26, 12, 25, 12], [13, 10, 14, 10], [13, 4, 15, 4], [13, 3, 13, 4], [13, 12, 15, 12], [18, 8, 28, 8], [18, 6, 18, 8], [14, 10, 13, 10], [6, 5, 4, 5], [28, 8, 28, 2], [28, 2, 29, 2], [15, 4, 15, 3], [15, 7, 19, 7], [15, 3, 15, 7], [15, 6, 16, 6], [15, 12, 13, 12], [10, 4, 10, 8], [10, 8, 10, 4], [8, 8, 8, 12], [8, 12, 8, 8], [19, 7, 19, 8], [19, 8, 19, 6], [19, 6, 18, 6], [21, 13, 21, 12], [21, 12, 23, 12], [4, 5, 6, 5]]}
