XXXXXXXXXXXXXXXX
X0-X-----XXXXXXX
XXX--XX--XXXXXXX
XXX--XX-----1XXX
X--------X-XXXXX
XX-----X-X-XXXXX
XX-XXX---X--XX-X
X-----XXX-X---XX
XX-X------X-X-XX
XX--------X-X--X
X-XXX-XXX---X--X
X----X-----X---X
XXX--X--XXX-XXXX
XXX--X------XXXX
X2-------XX---3X
XXXXXXXXXXXXXXXX
META {"type": "solver", "id": "clingo-be", "objective": 0}
META {"type": "geom", "shape": "path", "group": "path", "data": [[14, 1, 14, 2], [14, 2, 14, 3], [14, 3, 14, 4], [14, 4, 14, 5], [14, 5, 14, 6], [14, 6, 13, 6], [13, 6, 13, 7], [13, 7, 13, 8], [13, 8, 13, 9], [13, 9, 13, 10], [13, 10, 13, 11], [13, 11, 14, 11], [14, 11, 14, 12], [14, 12, 14, 13], [14, 13, 14, 14]]}
META {"type": "geom", "shape": "tile", "group": "path", "data": [[14, 1], [14, 2], [14, 3], [14, 4], [14, 5], [14, 6], [13, 6], [13, 7], [13, 8], [13, 9], [13, 10], [13, 11], [14, 11], [14, 12], [14, 13], [14, 14]]}
META {"type": "geom", "shape": "line", "group": "offpath", "data": [[9, 7, 9, 6], [9, 8, 9, 7], [9, 9, 9, 8], [9, 11, 10, 11], [9, 5, 8, 5], [9, 6, 9, 5], [9, 2, 8, 2], [9, 3, 9, 2], [9, 4, 9, 3], [12, 6, 11, 6], [3, 8, 3, 9], [3, 9, 3, 10], [3, 10, 4, 10], [3, 3, 3, 4], [3, 4, 4, 4], [4, 7, 4, 8], [4, 8, 3, 8], [4, 6, 4, 7], [4, 2, 4, 3], [4, 10, 5, 10], [4, 3, 3, 3], [4, 4, 5, 4], [8, 8, 8, 9], [8, 9, 8, 8], [8, 11, 9, 11], [8, 5, 7, 5], [8, 2, 7, 2], [8, 4, 9, 4], [7, 11, 8, 11], [7, 5, 7, 4], [7, 2, 6, 2], [7, 4, 8, 4], [10, 9, 9, 9], [10, 11, 10, 10], [10, 10, 10, 9], [5, 5, 5, 6], [5, 6, 4, 6], [5, 2, 4, 2], [5, 10, 6, 10], [5, 4, 5, 5], [6, 11, 7, 11], [6, 2, 5, 2], [6, 10, 6, 11], [14, 7, 14, 8], [14, 8, 14, 7], [11, 6, 12, 6]]}
