XXXXXXXXXXXXXXXX
X0---X-X----X-1X
XXXXX-X-XX---XXX
XXXXX-X-XX---XXX
X-XXX-X---XXX--X
XXXXX--XXX----XX
XXXXX----------X
X---------X-XXXX
XX---------XXXXX
XX----XX---XXXXX
X-----XX---XXX-X
XXX-XXXXX--XXX-X
XXX-XXXXXX-XXXXX
XXX--XXXXX-XXXXX
X2------------3X
XXXXXXXXXXXXXXXX
META {"type": "solver", "id": "pysat-rc2-boolonly", "objective": 0}
META {"type": "geom", "shape": "path", "group": "path", "data": [[14, 1, 14, 2], [14, 2, 14, 3], [14, 3, 13, 3], [13, 3, 13, 4], [13, 4, 14, 4], [14, 4, 14, 5], [14, 5, 14, 6], [14, 6, 14, 7], [14, 7, 14, 8], [14, 8, 14, 9], [14, 9, 14, 10], [14, 10, 14, 11], [14, 11, 14, 12], [14, 12, 14, 13], [14, 13, 14, 14]]}
META {"type": "geom", "shape": "tile", "group": "path", "data": [[14, 1], [14, 2], [14, 3], [13, 3], [13, 4], [14, 4], [14, 5], [14, 6], [14, 7], [14, 8], [14, 9], [14, 10], [14, 11], [14, 12], [14, 13], [14, 14]]}
META {"type": "geom", "shape": "line", "group": "offpath", "data": [[5, 11, 5, 10], [5, 10, 5, 11], [5, 12, 5, 13], [5, 13, 5, 12], [6, 5, 7, 5], [6, 11, 6, 12], [6, 9, 6, 8], [6, 7, 6, 6], [6, 6, 6, 5], [6, 12, 6, 11], [6, 8, 6, 7], [10, 5, 9, 5], [10, 4, 10, 5], [10, 10, 9, 10], [10, 9, 11, 9], [2, 11, 2, 12], [2, 10, 2, 11], [2, 12, 3, 12], [7, 5, 7, 6], [7, 9, 6, 9], [7, 7, 7, 8], [7, 6, 7, 7], [7, 8, 7, 9], [8, 5, 8, 4], [8, 3, 9, 3], [8, 4, 8, 3], [8, 9, 8, 8], [8, 7, 8, 6], [8, 6, 8, 7], [8, 8, 8, 9], [11, 10, 12, 10], [11, 9, 10, 9], [12, 10, 11, 10], [3, 11, 3, 10], [3, 10, 2, 10], [3, 12, 3, 11], [9, 5, 8, 5], [9, 3, 9, 4], [9, 4, 10, 4], [9, 10, 10, 10]]}
