XXXXXXXXXXXXXXXX
XXX----XX--X--1X
X0--XXX------XXX
XXX--------XXXXX
XXX----XX--XXXXX
X--XX-XXXX-XXXXX
XX-XX-XXXX-XXX-X
XXXXXX-XXXXXXXXX
XXXXXX-XXXXXXXXX
X--XX----------X
X-----X-X-X--X-X
X-------X-X----X
XXXXX---X-X--XXX
XXXXX----X---XXX
X2---------XX-3X
XXXXXXXXXXXXXXXX
META {"type": "solver", "id": "pysat-rc2", "objective": 0}
META {"type": "geom", "shape": "path", "group": "path", "data": [[2, 1, 2, 2], [2, 2, 2, 3], [2, 3, 3, 3], [3, 3, 3, 4], [3, 4, 3, 5], [3, 5, 3, 6], [3, 6, 3, 7], [3, 7, 2, 7], [2, 7, 2, 8], [2, 8, 2, 9], [2, 9, 2, 10], [2, 10, 2, 11], [2, 11, 2, 12], [2, 12, 1, 12], [1, 12, 1, 13], [1, 13, 1, 14]]}
META {"type": "geom", "shape": "tile", "group": "path", "data": [[2, 1], [2, 2], [2, 3], [3, 3], [3, 4], [3, 5], [3, 6], [3, 7], [2, 7], [2, 8], [2, 9], [2, 10], [2, 11], [2, 12], [1, 12], [1, 13], [1, 14]]}
META {"type": "geom", "shape": "line", "group": "offpath", "data": [[10, 11, 9, 11], [10, 4, 10, 5], [10, 12, 10, 11], [10, 5, 10, 4], [5, 10, 4, 10], [5, 5, 4, 5], [13, 8, 14, 8], [11, 13, 11, 14], [11, 6, 11, 7], [11, 14, 11, 13], [11, 7, 11, 6], [11, 9, 12, 9], [11, 5, 12, 5], [14, 8, 13, 8], [12, 11, 12, 12], [12, 9, 11, 9], [12, 12, 12, 11], [12, 5, 11, 5], [9, 11, 9, 12], [9, 13, 9, 14], [9, 6, 9, 7], [9, 14, 9, 13], [9, 7, 9, 6], [9, 12, 10, 12], [3, 9, 4, 9], [4, 10, 5, 10], [4, 9, 3, 9], [4, 5, 5, 5]]}
