XXXXXXXXXXXXXXXX
XXX----X-X---1XX
X0--XXX----XXXXX
XXX-----XX-XXXXX
XXX-----XX-----X
X--XX----------X
XX-XX-X---XXXX-X
XXXXXX--X-XXXX-X
XXXXXX--X-XXXX-X
X-XX----X--XX--X
X----------XX-XX
XX--XXX-XX-XX--X
XXXX---XXXX--XXX
XXXX-X-XXXX--XXX
X2---------XX-3X
XXXXXXXXXXXXXXXX
META {"type": "solver", "id": "pysat-rc2", "objective": 0}
META {"type": "geom", "shape": "path", "group": "path", "data": [[2, 1, 2, 2], [2, 2, 2, 3], [2, 3, 3, 3], [3, 3, 4, 3], [4, 3, 4, 4], [4, 4, 4, 5], [4, 5, 5, 5], [5, 5, 5, 6], [5, 6, 5, 7], [5, 7, 6, 7], [6, 7, 7, 7], [7, 7, 8, 7], [8, 7, 9, 7], [9, 7, 9, 6], [9, 6, 10, 6], [10, 6, 10, 7], [10, 7, 10, 8], [10, 8, 10, 9], [10, 9, 9, 9], [9, 9, 8, 9], [8, 9, 7, 9], [7, 9, 6, 9], [6, 9, 5, 9], [5, 9, 5, 10], [5, 10, 4, 10], [4, 10, 3, 10], [3, 10, 2, 10], [2, 10, 1, 10], [1, 10, 1, 11], [1, 11, 1, 12], [1, 12, 1, 13]]}
META {"type": "geom", "shape": "tile", "group": "path", "data": [[2, 1], [2, 2], [2, 3], [3, 3], [4, 3], [4, 4], [4, 5], [5, 5], [5, 6], [5, 7], [6, 7], [7, 7], [8, 7], [9, 7], [9, 6], [10, 6], [10, 7], [10, 8], [10, 9], [9, 9], [8, 9], [7, 9], [6, 9], [5, 9], [5, 10], [4, 10], [3, 10], [2, 10], [1, 10], [1, 11], [1, 12], [1, 13]]}
META {"type": "geom", "shape": "line", "group": "offpath", "data": [[8, 6, 7, 6], [4, 14, 4, 13], [4, 13, 5, 13], [4, 7, 3, 7], [9, 5, 10, 5], [9, 4, 9, 5], [2, 8, 1, 8], [10, 1, 10, 2], [10, 2, 10, 1], [10, 5, 10, 4], [10, 4, 9, 4], [10, 3, 11, 3], [5, 14, 4, 14], [5, 13, 5, 14], [3, 7, 4, 7], [7, 6, 8, 6], [1, 5, 1, 4], [1, 4, 1, 5], [1, 8, 2, 8], [11, 3, 10, 3]]}
