XXXXXXXXXXXXXXXX
XXXXXXXXXXXXXXXX
XX-XXXXX--XXX}XX
XX-XXX--#-XXX-XX
XX----#-------XX
XX-#-----##---XX
XX-----#-----XXX
XXX--------XXXXX
XXX---X-X--XXXXX
XXX-#-XXX--XXXXX
XXX---XXX-----XX
XXXX------XX--XX
XXXX-------X--XX
XXXX---#-X----XX
XX---#---XXX--XX
XX-#-----XXX--XX
XX----X------XXX
XX--XXX-----XXXX
XX--XXX---X--XXX
XXX-----X-XX-XXX
XXX----XX--X--XX
XXX-----X--XX-XX
XXX-XX------X-XX
XXXXXX-#-XX---XX
XXXXXX----X---XX
XXXX-------##-XX
XXXX-----#----XX
XX----#------XXX
XX----------XXXX
XX--X--X-{-XXXXX
XXXXXXXXXXXXXXXX
XXXXXXXXXXXXXXXX
META {"type": "solver", "id": "pysat-rc2", "objective": 0}
META {"type": "geom", "shape": "path", "group": "path", "data": [[29, 9, 27, 9], [27, 9, 27, 7], [27, 7, 28, 7], [28, 7, 28, 11], [28, 11, 26, 11], [26, 11, 26, 13], [26, 13, 20, 13], [20, 13, 20, 12], [20, 12, 18, 12], [18, 12, 18, 11], [18, 11, 16, 11], [16, 11, 16, 12], [16, 12, 10, 12], [10, 12, 10, 13], [10, 13, 10, 9], [10, 9, 12, 9], [12, 9, 12, 10], [12, 10, 12, 4], [12, 4, 16, 4], [16, 4, 10, 4], [10, 4, 10, 5], [10, 5, 10, 3], [10, 3, 6, 3], [6, 3, 6, 2], [6, 2, 6, 6], [6, 6, 7, 6], [7, 6, 5, 6], [5, 6, 5, 4], [5, 4, 5, 8], [5, 8, 4, 8], [4, 8, 4, 7], [4, 7, 4, 13], [4, 13, 2, 13]]}
META {"type": "geom", "shape": "tile", "group": "path", "data": [[29, 9], [28, 9], [27, 9], [27, 8], [27, 7], [28, 7], [28, 8], [28, 9], [28, 10], [28, 11], [27, 11], [26, 11], [26, 12], [26, 13], [25, 13], [24, 13], [23, 13], [22, 13], [21, 13], [20, 13], [20, 12], [19, 12], [18, 12], [18, 11], [17, 11], [16, 11], [16, 12], [15, 12], [14, 12], [13, 12], [12, 12], [11, 12], [10, 12], [10, 13], [10, 12], [10, 11], [10, 10], [10, 9], [11, 9], [12, 9], [12, 10], [12, 9], [12, 8], [12, 7], [12, 6], [12, 5], [12, 4], [13, 4], [14, 4], [15, 4], [16, 4], [15, 4], [14, 4], [13, 4], [12, 4], [11, 4], [10, 4], [10, 5], [10, 4], [10, 3], [9, 3], [8, 3], [7, 3], [6, 3], [6, 2], [6, 3], [6, 4], [6, 5], [6, 6], [7, 6], [6, 6], [5, 6], [5, 5], [5, 4], [5, 5], [5, 6], [5, 7], [5, 8], [4, 8], [4, 7], [4, 8], [4, 9], [4, 10], [4, 11], [4, 12], [4, 13], [3, 13], [2, 13]]}
META {"type": "geom", "shape": "line", "group": "offpath", "data": [[15, 5, 16, 5], [15, 8, 15, 4], [15, 4, 15, 8], [5, 7, 3, 7], [4, 11, 6, 11], [6, 8, 7, 8], [6, 12, 6, 8], [6, 10, 6, 12], [6, 11, 4, 11], [25, 5, 29, 5], [27, 3, 27, 2], [27, 2, 29, 2], [16, 5, 15, 5], [16, 9, 16, 7], [16, 3, 16, 2], [16, 2, 14, 2], [16, 7, 14, 7], [14, 8, 18, 8], [14, 6, 14, 8], [14, 2, 18, 2], [14, 7, 14, 6], [23, 12, 24, 12], [17, 3, 17, 2], [17, 2, 17, 3], [17, 7, 17, 11], [17, 11, 17, 7], [20, 9, 20, 10], [20, 10, 20, 9], [21, 5, 19, 5], [24, 12, 23, 12], [7, 8, 7, 10], [7, 10, 6, 10], [29, 5, 25, 5], [29, 3, 27, 3], [29, 2, 29, 3], [18, 8, 18, 9], [18, 9, 16, 9], [18, 3, 16, 3], [18, 2, 18, 3], [3, 7, 5, 7], [19, 5, 21, 5]]}
