XXXXXXXXXXXXXXXX
XXXXXXXXXXXXXXXX
XXXXXXX-XXX}XXXX
XXXX--------XXXX
XXXX--------XXXX
XXX---XX------XX
XXX----X-#-X--XX
XX---------XX-XX
XX-#----X---X-XX
XX----XXXX----XX
XXX-#--XXX---XXX
XXX----XXXX-XXXX
XXX--#--XXX--XXX
XXX-----XXX--XXX
XX--#---XXX---XX
XX----##----#-XX
XX-#-----#----XX
XX---X-------XXX
XX--XXXXX---XXXX
XXX-XXXXX##--XXX
XXX-XXX------XXX
XXX-XXX-------XX
XXX-XXX---###-XX
XXX-----#-----XX
XXXX-#--------XX
XXXX------#-XXXX
XX----X-{----XXX
XX--#-XXXX---XXX
XXX---XXXX---XXX
XXX--XXXXX--XXXX
XXXXXXXXXXXXXXXX
XXXXXXXXXXXXXXXX
META {"type": "solver", "id": "pysat-rc2", "objective": 0}
META {"type": "geom", "shape": "path", "group": "path", "data": [[26, 8, 24, 8], [24, 8, 24, 6], [24, 6, 25, 6], [25, 6, 23, 6], [23, 6, 23, 7], [23, 7, 23, 3], [23, 3, 17, 3], [17, 3, 17, 2], [17, 2, 18, 2], [18, 2, 14, 2], [14, 2, 14, 3], [14, 3, 15, 3], [15, 3, 15, 5], [15, 5, 16, 5], [16, 5, 16, 4], [16, 4, 16, 8], [16, 8, 17, 8], [17, 8, 17, 12], [17, 12, 16, 12], [16, 12, 16, 10], [16, 10, 18, 10], [18, 10, 18, 11], [18, 11, 8, 11], [8, 11, 8, 9], [8, 9, 7, 9], [7, 9, 7, 10], [7, 10, 3, 10], [3, 10, 3, 11], [3, 11, 2, 11]]}
META {"type": "geom", "shape": "tile", "group": "path", "data": [[26, 8], [25, 8], [24, 8], [24, 7], [24, 6], [25, 6], [24, 6], [23, 6], [23, 7], [23, 6], [23, 5], [23, 4], [23, 3], [22, 3], [21, 3], [20, 3], [19, 3], [18, 3], [17, 3], [17, 2], [18, 2], [17, 2], [16, 2], [15, 2], [14, 2], [14, 3], [15, 3], [15, 4], [15, 5], [16, 5], [16, 4], [16, 5], [16, 6], [16, 7], [16, 8], [17, 8], [17, 9], [17, 10], [17, 11], [17, 12], [16, 12], [16, 11], [16, 10], [17, 10], [18, 10], [18, 11], [17, 11], [16, 11], [15, 11], [14, 11], [13, 11], [12, 11], [11, 11], [10, 11], [9, 11], [8, 11], [8, 10], [8, 9], [7, 9], [7, 10], [6, 10], [5, 10], [4, 10], [3, 10], [3, 11], [2, 11]]}
META {"type": "geom", "shape": "line", "group": "offpath", "data": [[27, 10, 27, 12], [27, 2, 27, 3], [27, 3, 27, 2], [27, 12, 27, 10], [22, 8, 20, 8], [16, 7, 17, 7], [17, 7, 16, 7], [13, 11, 13, 12], [13, 12, 13, 11], [28, 10, 26, 10], [28, 5, 28, 3], [28, 3, 26, 3], [28, 12, 28, 10], [26, 10, 26, 12], [26, 7, 20, 7], [26, 5, 28, 5], [26, 3, 26, 5], [26, 12, 28, 12], [4, 7, 2, 7], [9, 10, 10, 10], [9, 4, 9, 5], [9, 2, 7, 2], [9, 5, 3, 5], [9, 12, 9, 10], [10, 10, 10, 12], [10, 6, 10, 5], [10, 5, 10, 6], [10, 12, 9, 12], [20, 7, 26, 7], [20, 8, 22, 8], [29, 10, 29, 11], [29, 4, 29, 3], [29, 11, 29, 10], [29, 3, 29, 4], [2, 7, 4, 7], [5, 9, 3, 9], [14, 7, 12, 7], [14, 6, 14, 5], [14, 5, 14, 7], [3, 4, 9, 4], [3, 9, 5, 9], [3, 5, 3, 4], [7, 2, 9, 2], [24, 12, 23, 12], [12, 7, 12, 6], [12, 6, 14, 6], [23, 12, 24, 12]]}
