XXXXXXXXXXXXXXXX
XXXXXXXXXXXXXXXX
XX------XXX}XXXX
XX----------XXXX
XXX----X---#--XX
XXX-XXXXXX----XX
XXX--XXXXX----XX
XXX--XXX------XX
XXX-------XX--XX
XX--#-----XX--XX
XX-----XX--X--XX
XX---X-XX--XX-XX
XX-XXX--X---X-XX
XX-XXX------XXXX
XX-XXX##-XX--XXX
XX-XXX----X--XXX
XX---XX------XXX
XX----X----#--XX
XXXXX--XXX----XX
XXXXX--XXX--#-XX
XXXX---XXX----XX
XXX-XXX-------XX
XX-XXXXXXX----XX
XX-XXXXXXX##--XX
XX-XXXXXXX----XX
XX-XXXX---XX--XX
XX-XXX--#--X--XX
XX------------XX
XX--XX-{-X-X--XX
XXXXXXXXXXXXXXXX
XXXXXXXXXXXXXXXX
XXXXXXXXXXXXXXXX
META {"type": "solver", "id": "pysat-rc2", "objective": 0}
META {"type": "geom", "shape": "path", "group": "path", "data": [[28, 7, 28, 6], [28, 6, 28, 8], [28, 8, 27, 8], [27, 8, 27, 2], [27, 2, 28, 2], [28, 2, 28, 3], [28, 3, 27, 3], [27, 3, 27, 13], [27, 13, 17, 13], [17, 13, 17, 12], [17, 12, 18, 12], [18, 12, 14, 12], [14, 12, 14, 11], [14, 11, 16, 11], [16, 11, 12, 11], [12, 11, 12, 9], [12, 9, 13, 9], [13, 9, 7, 9], [7, 9, 7, 8], [7, 8, 9, 8], [9, 8, 9, 9], [9, 9, 9, 5], [9, 5, 8, 5], [8, 5, 8, 3], [8, 3, 2, 3], [2, 3, 2, 7], [2, 7, 3, 7], [3, 7, 3, 11], [3, 11, 2, 11]]}
META {"type": "geom", "shape": "tile", "group": "path", "data": [[28, 7], [28, 6], [28, 7], [28, 8], [27, 8], [27, 7], [27, 6], [27, 5], [27, 4], [27, 3], [27, 2], [28, 2], [28, 3], [27, 3], [27, 4], [27, 5], [27, 6], [27, 7], [27, 8], [27, 9], [27, 10], [27, 11], [27, 12], [27, 13], [26, 13], [25, 13], [24, 13], [23, 13], [22, 13], [21, 13], [20, 13], [19, 13], [18, 13], [17, 13], [17, 12], [18, 12], [17, 12], [16, 12], [15, 12], [14, 12], [14, 11], [15, 11], [16, 11], [15, 11], [14, 11], [13, 11], [12, 11], [12, 10], [12, 9], [13, 9], [12, 9], [11, 9], [10, 9], [9, 9], [8, 9], [7, 9], [7, 8], [8, 8], [9, 8], [9, 9], [9, 8], [9, 7], [9, 6], [9, 5], [8, 5], [8, 4], [8, 3], [7, 3], [6, 3], [5, 3], [4, 3], [3, 3], [2, 3], [2, 4], [2, 5], [2, 6], [2, 7], [3, 7], [3, 8], [3, 9], [3, 10], [3, 11], [2, 11]]}
META {"type": "geom", "shape": "line", "group": "offpath", "data": [[16, 3, 17, 3], [10, 12, 10, 13], [10, 13, 10, 12], [8, 12, 8, 13], [8, 13, 8, 12], [17, 3, 16, 3], [18, 6, 18, 5], [18, 5, 20, 5], [18, 11, 22, 11], [12, 7, 13, 7], [22, 11, 18, 11], [21, 7, 21, 13], [21, 13, 21, 7], [19, 6, 19, 5], [19, 5, 19, 6], [20, 6, 18, 6], [20, 5, 20, 4], [20, 4, 20, 6], [9, 12, 9, 13], [9, 13, 9, 12], [9, 2, 9, 3], [9, 3, 11, 3], [3, 8, 4, 8], [3, 2, 2, 2], [7, 4, 7, 3], [7, 11, 5, 11], [7, 3, 7, 4], [26, 12, 26, 13], [26, 13, 26, 12], [28, 12, 28, 13], [28, 13, 28, 12], [11, 9, 11, 10], [11, 4, 11, 2], [11, 10, 11, 9], [11, 2, 9, 2], [11, 3, 11, 4], [5, 11, 7, 11], [4, 8, 3, 8], [4, 4, 2, 4], [13, 7, 12, 7], [2, 4, 4, 4], [2, 2, 3, 2]]}
