XXXXXXXXXXXXXXXX
XXXXXXXXXXXXXXXX
XXXXX--XXXXXX}XX
XX---#-XXXXXX-XX
XXX-----------XX
XXX---XXXXX-XXXX
XXX##--XXXX--XXX
XXX--#-XXX-#-XXX
XX-----XXX---XXX
XX------------XX
XX--X-------X-XX
XXX-XX-#----XXXX
XXX--X------XXXX
XXX---#---#--XXX
XXX##--------XXX
XXX--#--XX---XXX
XXX-----XX-XXXXX
XX--#----X--XXXX
XXX---X---#-XXXX
XXX--XX-----XXXX
XXX---X-X--#--XX
XXX-----XX----XX
XX---X---X----XX
XX---XX-------XX
XX----X--#----XX
XX--X---------XX
XX-XX-##--#---XX
XX--X-------XXXX
XX-----------XXX
XXX-{---X-X--XXX
XXXXXXXXXXXXXXXX
XXXXXXXXXXXXXXXX
META {"type": "solver", "id": "pysat-rc2", "objective": 0}
META {"type": "geom", "shape": "path", "group": "path", "data": [[29, 4, 28, 4], [28, 4, 28, 2], [28, 2, 22, 2], [22, 2, 22, 4], [22, 4, 18, 4], [18, 4, 18, 3], [18, 3, 18, 5], [18, 5, 16, 5], [16, 5, 16, 7], [16, 7, 12, 7], [12, 7, 12, 11], [12, 11, 8, 11], [8, 11, 8, 10], [8, 10, 8, 12], [8, 12, 9, 12], [9, 12, 9, 2], [9, 2, 10, 2], [10, 2, 8, 2], [8, 2, 8, 6], [8, 6, 6, 6], [6, 6, 6, 5], [6, 5, 4, 5], [4, 5, 4, 3], [4, 3, 4, 13], [4, 13, 2, 13]]}
META {"type": "geom", "shape": "tile", "group": "path", "data": [[29, 4], [28, 4], [28, 3], [28, 2], [27, 2], [26, 2], [25, 2], [24, 2], [23, 2], [22, 2], [22, 3], [22, 4], [21, 4], [20, 4], [19, 4], [18, 4], [18, 3], [18, 4], [18, 5], [17, 5], [16, 5], [16, 6], [16, 7], [15, 7], [14, 7], [13, 7], [12, 7], [12, 8], [12, 9], [12, 10], [12, 11], [11, 11], [10, 11], [9, 11], [8, 11], [8, 10], [8, 11], [8, 12], [9, 12], [9, 11], [9, 10], [9, 9], [9, 8], [9, 7], [9, 6], [9, 5], [9, 4], [9, 3], [9, 2], [10, 2], [9, 2], [8, 2], [8, 3], [8, 4], [8, 5], [8, 6], [7, 6], [6, 6], [6, 5], [5, 5], [4, 5], [4, 4], [4, 3], [4, 4], [4, 5], [4, 6], [4, 7], [4, 8], [4, 9], [4, 10], [4, 11], [4, 12], [4, 13], [3, 13], [2, 13]]}
META {"type": "geom", "shape": "line", "group": "offpath", "data": [[7, 4, 9, 4], [5, 4, 5, 3], [5, 3, 3, 3], [23, 13, 23, 7], [23, 7, 23, 13], [2, 6, 4, 6], [28, 8, 22, 8], [10, 5, 8, 5], [10, 7, 9, 7], [20, 12, 26, 12], [20, 5, 21, 5], [20, 9, 18, 9], [3, 2, 3, 4], [3, 4, 5, 4], [3, 3, 3, 2], [29, 12, 29, 11], [29, 5, 29, 3], [29, 9, 25, 9], [29, 7, 27, 7], [29, 11, 29, 12], [29, 3, 29, 7], [6, 12, 6, 11], [6, 11, 6, 12], [8, 5, 10, 5], [13, 12, 13, 11], [13, 5, 13, 3], [13, 9, 13, 7], [13, 7, 13, 9], [13, 11, 15, 11], [13, 3, 13, 5], [16, 4, 15, 4], [22, 6, 21, 6], [22, 8, 28, 8], [19, 10, 19, 11], [19, 8, 17, 8], [19, 7, 25, 7], [19, 11, 19, 7], [4, 6, 2, 6], [27, 7, 27, 11], [27, 11, 21, 11], [21, 6, 22, 6], [21, 10, 25, 10], [21, 5, 20, 5], [21, 11, 21, 10], [17, 2, 17, 3], [17, 8, 19, 8], [17, 3, 17, 2], [18, 9, 20, 9], [15, 12, 13, 12], [15, 10, 15, 12], [15, 4, 16, 4], [15, 11, 15, 10], [15, 3, 25, 3], [26, 12, 20, 12], [9, 7, 10, 7], [9, 4, 7, 4], [25, 10, 19, 10], [25, 5, 29, 5], [25, 9, 29, 9], [25, 7, 25, 5], [25, 3, 15, 3]]}
