XXXXXXXXXXXXXXXX
XXXXXXXXXXXXXXXX
XXXXXXX---XXXXXX
XXXXXXX---XXXXXX
XXXXXXXX-----XXX
XXX}XXXX-----XXX
XXX-XXXX--#---XX
XX--XXX-----#-XX
XX-------#----XX
XX--#---------XX
XX-----XX-----XX
XX---#-XXXXX--XX
XX-----XXXXX--XX
XXX-X--XXX--XXXX
XXX-XX------XXXX
XXX--XXX-----XXX
XXXX--XX--XX-XXX
XXXXX--X---X--XX
XXXXX---------XX
XXXXXX-----X--XX
XXX-XX-###-XX-XX
XXX--X------X-XX
XX-#--#-------XX
XX---------##-XX
XX--X--XX-----XX
XX-XXX--X-----XX
XX-XXX---X----XX
XX-XXX-XXX----XX
XX-----XXXX--XXX
XX-{-X-XXXXXXXXX
XXXXXXXXXXXXXXXX
XXXXXXXXXXXXXXXX
META {"type": "solver", "id": "pysat-rc2-boolonly", "objective": 0}
META {"type": "geom", "shape": "path", "group": "path", "data": [[29, 3, 29, 4], [29, 4, 28, 4], [28, 4, 28, 6], [28, 6, 29, 6], [29, 6, 23, 6], [23, 6, 23, 10], [23, 10, 27, 10], [27, 10, 17, 10], [17, 10, 17, 8], [17, 8, 19, 8], [19, 8, 19, 10], [19, 10, 19, 6], [19, 6, 21, 6], [21, 6, 17, 6], [17, 6, 17, 5], [17, 5, 18, 5], [18, 5, 16, 5], [16, 5, 16, 4], [16, 4, 15, 4], [15, 4, 15, 3], [15, 3, 5, 3]]}
META {"type": "geom", "shape": "tile", "group": "path", "data": [[29, 3], [29, 4], [28, 4], [28, 5], [28, 6], [29, 6], [28, 6], [27, 6], [26, 6], [25, 6], [24, 6], [23, 6], [23, 7], [23, 8], [23, 9], [23, 10], [24, 10], [25, 10], [26, 10], [27, 10], [26, 10], [25, 10], [24, 10], [23, 10], [22, 10], [21, 10], [20, 10], [19, 10], [18, 10], [17, 10], [17, 9], [17, 8], [18, 8], [19, 8], [19, 9], [19, 10], [19, 9], [19, 8], [19, 7], [19, 6], [20, 6], [21, 6], [20, 6], [19, 6], [18, 6], [17, 6], [17, 5], [18, 5], [17, 5], [16, 5], [16, 4], [15, 4], [15, 3], [14, 3], [13, 3], [12, 3], [11, 3], [10, 3], [9, 3], [8, 3], [7, 3], [6, 3], [5, 3]]}
META {"type": "geom", "shape": "line", "group": "offpath", "data": [[17, 13, 27, 13], [28, 12, 24, 12], [10, 10, 10, 9], [10, 9, 10, 13], [10, 6, 8, 6], [10, 4, 12, 4], [10, 13, 12, 13], [10, 5, 10, 6], [22, 11, 21, 11], [22, 5, 24, 5], [13, 5, 12, 5], [9, 7, 9, 5], [9, 5, 8, 5], [11, 2, 11, 4], [11, 4, 11, 2], [8, 10, 10, 10], [8, 12, 8, 10], [8, 6, 8, 8], [8, 8, 2, 8], [8, 5, 10, 5], [12, 12, 8, 12], [12, 4, 10, 4], [12, 13, 12, 12], [12, 5, 13, 5], [23, 7, 21, 7], [27, 13, 17, 13], [4, 12, 6, 12], [24, 2, 24, 3], [24, 12, 28, 12], [24, 9, 24, 13], [24, 3, 24, 2], [24, 13, 24, 9], [24, 5, 22, 5], [25, 9, 21, 9], [3, 9, 7, 9], [3, 7, 3, 9], [18, 7, 19, 7], [2, 7, 3, 7], [2, 8, 2, 7], [6, 12, 4, 12], [21, 11, 22, 11], [21, 9, 25, 9], [21, 7, 23, 7], [19, 12, 19, 13], [19, 7, 18, 7], [19, 13, 19, 12], [7, 9, 7, 7], [7, 7, 9, 7], [16, 9, 16, 8], [16, 8, 16, 9]]}
