XXXXXXXXXXXXXXXX
XXXXXXXXXXXXXXXX
XX}XXXXX-XXX--XX
XX-XXXXX-XXX--XX
XX-XXX--X---#-XX
XX---XXXX-----XX
XX----XXX##---XX
XX-#--XXX--#--XX
XX------------XX
XX---#---##-XXXX
XX##---------XXX
XX-----XX----XXX
XX--XX--X-----XX
XX---XX----##-XX
XX-#--XX-#----XX
XX-----X------XX
XX--X-----##--XX
XXXXX--------XXX
XXXXX---XX--XXXX
XXX------X-XXXXX
XXX---X---XXXXXX
XXXX-XX-#--XXXXX
XXXX--X----XXXXX
XXXX--XX---XXXXX
XX-----X-----XXX
XX---X-------XXX
XX---XXXXX---XXX
XX---XXXXX##-XXX
XX----XXXX----XX
XXX-{-XXX---X-XX
XXXXXXXXXXXXXXXX
XXXXXXXXXXXXXXXX
META {"type": "solver", "id": "pysat-rc2", "objective": 0}
META {"type": "geom", "shape": "path", "group": "path", "data": [[29, 4, 19, 4], [19, 4, 19, 8], [19, 8, 20, 8], [20, 8, 20, 7], [20, 7, 22, 7], [22, 7, 16, 7], [16, 7, 16, 5], [16, 5, 20, 5], [20, 5, 14, 5], [14, 5, 14, 4], [14, 4, 15, 4], [15, 4, 13, 4], [13, 4, 13, 2], [13, 2, 11, 2], [11, 2, 11, 6], [11, 6, 12, 6], [12, 6, 8, 6], [8, 6, 8, 2], [8, 2, 2, 2]]}
META {"type": "geom", "shape": "tile", "group": "path", "data": [[29, 4], [28, 4], [27, 4], [26, 4], [25, 4], [24, 4], [23, 4], [22, 4], [21, 4], [20, 4], [19, 4], [19, 5], [19, 6], [19, 7], [19, 8], [20, 8], [20, 7], [21, 7], [22, 7], [21, 7], [20, 7], [19, 7], [18, 7], [17, 7], [16, 7], [16, 6], [16, 5], [17, 5], [18, 5], [19, 5], [20, 5], [19, 5], [18, 5], [17, 5], [16, 5], [15, 5], [14, 5], [14, 4], [15, 4], [14, 4], [13, 4], [13, 3], [13, 2], [12, 2], [11, 2], [11, 3], [11, 4], [11, 5], [11, 6], [12, 6], [11, 6], [10, 6], [9, 6], [8, 6], [8, 5], [8, 4], [8, 3], [8, 2], [7, 2], [6, 2], [5, 2], [4, 2], [3, 2], [2, 2]]}
META {"type": "geom", "shape": "line", "group": "offpath", "data": [[12, 13, 16, 13], [12, 12, 12, 13], [28, 13, 29, 13], [28, 2, 24, 2], [16, 3, 15, 3], [16, 13, 16, 12], [16, 2, 16, 3], [16, 12, 14, 12], [17, 9, 15, 9], [17, 10, 19, 10], [17, 11, 18, 11], [14, 10, 10, 10], [14, 12, 14, 10], [5, 3, 6, 3], [5, 2, 9, 2], [5, 10, 4, 10], [5, 4, 5, 2], [11, 4, 5, 4], [6, 3, 5, 3], [20, 3, 19, 3], [3, 13, 2, 13], [3, 8, 2, 8], [3, 12, 3, 13], [22, 8, 22, 10], [22, 10, 26, 10], [7, 9, 7, 10], [7, 13, 7, 12], [7, 10, 7, 9], [7, 12, 7, 13], [24, 6, 25, 6], [24, 8, 22, 8], [24, 2, 28, 2], [24, 12, 24, 8], [26, 10, 26, 12], [26, 12, 24, 12], [9, 2, 9, 4], [9, 4, 11, 4], [4, 6, 4, 7], [4, 7, 4, 6], [4, 9, 4, 11], [4, 10, 5, 10], [4, 11, 4, 9], [18, 11, 17, 11], [19, 3, 20, 3], [19, 6, 15, 6], [19, 10, 17, 10], [10, 7, 8, 7], [10, 10, 10, 12], [10, 12, 12, 12], [2, 13, 2, 12], [2, 8, 3, 8], [2, 12, 3, 12], [25, 6, 24, 6], [8, 7, 10, 7], [15, 3, 15, 2], [15, 6, 19, 6], [15, 9, 17, 9], [15, 2, 16, 2], [21, 9, 21, 10], [21, 10, 21, 9], [29, 9, 29, 11], [29, 13, 28, 13], [29, 11, 29, 9]]}
