XXXXXXXXXXXXXXXX
XXXXXXXXXXXXXXXX
XX}XXXXX-----XXX
XX-XXXXX--#--XXX
XX---XXX-----XXX
XXX------#---XXX
XXXXX------X-XXX
XXXXX-XXX--XXXXX
XXXXX-XXX--XXXXX
XXX---XXX--XXXXX
XXX---XXX-----XX
XXX-------XX--XX
XXX--------X-XXX
XX--X---XX-XXXXX
XX-XXX---X-XXXXX
XX-XXX##---XXXXX
XX--------#--XXX
XX--X--------XXX
XX-XX---X--X-XXX
XX--XX-XX-XX-XXX
XX--XX--X--X--XX
XXX--X--------XX
XXX--XXXX-----XX
XXX---XXX-----XX
XXXX--XXX-XX--XX
XXXX------XXXXXX
XXXX##-----XXXXX
XXXX-----X-XXXXX
XXXX--XXXX--XXXX
XX--{-XXXXX-XXXX
XXXXXXXXXXXXXXXX
XXXXXXXXXXXXXXXX
META {"type": "solver", "id": "pysat-rc2", "objective": 0}
META {"type": "geom", "shape": "path", "group": "path", "data": [[29, 4, 27, 4], [27, 4, 27, 8], [27, 8, 25, 8], [25, 8, 25, 9], [25, 9, 15, 9], [15, 9, 15, 10], [15, 10, 15, 8], [15, 8, 17, 8], [17, 8, 17, 12], [17, 12, 16, 12], [16, 12, 16, 11], [16, 11, 17, 11], [17, 11, 17, 5], [17, 5, 18, 5], [18, 5, 18, 7], [18, 7, 16, 7], [16, 7, 16, 9], [16, 9, 26, 9], [26, 9, 26, 10], [26, 10, 26, 6], [26, 6, 27, 6], [27, 6, 25, 6], [25, 6, 25, 4], [25, 4, 21, 4], [21, 4, 21, 3], [21, 3, 23, 3], [23, 3, 19, 3], [19, 3, 19, 2], [19, 2, 13, 2], [13, 2, 13, 3], [13, 3, 9, 3], [9, 3, 9, 5], [9, 5, 13, 5], [13, 5, 13, 7], [13, 7, 11, 7], [11, 7, 11, 9], [11, 9, 12, 9], [12, 9, 6, 9], [6, 9, 6, 5], [6, 5, 5, 5], [5, 5, 5, 3], [5, 3, 4, 3], [4, 3, 4, 2], [4, 2, 2, 2]]}
META {"type": "geom", "shape": "tile", "group": "path", "data": [[29, 4], [28, 4], [27, 4], [27, 5], [27, 6], [27, 7], [27, 8], [26, 8], [25, 8], [25, 9], [24, 9], [23, 9], [22, 9], [21, 9], [20, 9], [19, 9], [18, 9], [17, 9], [16, 9], [15, 9], [15, 10], [15, 9], [15, 8], [16, 8], [17, 8], [17, 9], [17, 10], [17, 11], [17, 12], [16, 12], [16, 11], [17, 11], [17, 10], [17, 9], [17, 8], [17, 7], [17, 6], [17, 5], [18, 5], [18, 6], [18, 7], [17, 7], [16, 7], [16, 8], [16, 9], [17, 9], [18, 9], [19, 9], [20, 9], [21, 9], [22, 9], [23, 9], [24, 9], [25, 9], [26, 9], [26, 10], [26, 9], [26, 8], [26, 7], [26, 6], [27, 6], [26, 6], [25, 6], [25, 5], [25, 4], [24, 4], [23, 4], [22, 4], [21, 4], [21, 3], [22, 3], [23, 3], [22, 3], [21, 3], [20, 3], [19, 3], [19, 2], [18, 2], [17, 2], [16, 2], [15, 2], [14, 2], [13, 2], [13, 3], [12, 3], [11, 3], [10, 3], [9, 3], [9, 4], [9, 5], [10, 5], [11, 5], [12, 5], [13, 5], [13, 6], [13, 7], [12, 7], [11, 7], [11, 8], [11, 9], [12, 9], [11, 9], [10, 9], [9, 9], [8, 9], [7, 9], [6, 9], [6, 8], [6, 7], [6, 6], [6, 5], [5, 5], [5, 4], [5, 3], [4, 3], [4, 2], [3, 2], [2, 2]]}
META {"type": "geom", "shape": "line", "group": "offpath", "data": [[24, 12, 24, 13], [24, 13, 20, 13], [20, 6, 20, 7], [20, 12, 24, 12], [20, 13, 20, 12], [20, 7, 20, 6], [11, 12, 12, 12], [11, 13, 11, 12], [17, 3, 16, 3], [16, 3, 17, 3], [23, 5, 25, 5], [23, 11, 21, 11], [29, 11, 28, 11], [5, 10, 5, 12], [5, 4, 4, 4], [5, 12, 5, 10], [5, 7, 6, 7], [6, 10, 4, 10], [6, 8, 6, 10], [6, 7, 5, 7], [28, 4, 28, 5], [28, 5, 28, 4], [28, 11, 29, 11], [22, 4, 22, 3], [22, 3, 22, 4], [8, 10, 8, 9], [8, 9, 8, 10], [12, 12, 10, 12], [27, 7, 25, 7], [3, 8, 3, 9], [3, 9, 3, 8], [10, 12, 10, 13], [10, 13, 11, 13], [2, 8, 6, 8], [2, 12, 2, 8], [9, 10, 9, 9], [9, 9, 9, 10], [21, 11, 23, 11], [25, 5, 23, 5], [25, 7, 27, 7], [4, 10, 4, 12], [4, 4, 5, 4], [4, 12, 2, 12]]}
