XXXXXXXXXXXXXXXX
XXXXXXXXXXXXXXXX
XXXX---XXXXXXXXX
XX---#-XXXXXX}XX
XX-----XXXX---XX
XX--X--XXXX---XX
XXXXXX------#-XX
XXXXXX##------XX
XXXXXX--X--X--XX
XXX-----XX-XXXXX
XX---##--X-XXXXX
XX##-------XXXXX
XX------------XX
XX--##-XXX----XX
XX-----XXX-#--XX
XX-#---XXX---XXX
XX---XXXXX--XXXX
XXX--XXXXXX--XXX
XXX--XXXXXX--XXX
XXX-----XXX---XX
XX--##--XXX---XX
XX-----#-----XXX
XXX-------XXXXXX
XXXXXX--#-XXXXXX
XXXXXX----XXXXXX
XXXXX-#-------XX
XX---------XX-XX
XX-#---XXX--X-XX
XX---XXXXXX---XX
XXX--XXXXXX-{-XX
XXXXXXXXXXXXXXXX
XXXXXXXXXXXXXXXX
META {"type": "solver", "id": "pysat-rc2", "objective": 0}
META {"type": "geom", "shape": "path", "group": "path", "data": [[29, 12, 29, 13], [29, 13, 25, 13], [25, 13, 25, 7], [25, 7, 26, 7], [26, 7, 22, 7], [22, 7, 22, 3], [22, 3, 22, 9], [22, 9, 21, 9], [21, 9, 21, 8], [21, 8, 21, 12], [21, 12, 17, 12], [17, 12, 17, 11], [17, 11, 15, 11], [15, 11, 15, 10], [15, 10, 16, 10], [16, 10, 6, 10], [6, 10, 6, 11], [6, 11, 4, 11], [4, 11, 4, 13], [4, 13, 8, 13], [8, 13, 8, 12], [8, 12, 7, 12], [7, 12, 7, 13], [7, 13, 3, 13]]}
META {"type": "geom", "shape": "tile", "group": "path", "data": [[29, 12], [29, 13], [28, 13], [27, 13], [26, 13], [25, 13], [25, 12], [25, 11], [25, 10], [25, 9], [25, 8], [25, 7], [26, 7], [25, 7], [24, 7], [23, 7], [22, 7], [22, 6], [22, 5], [22, 4], [22, 3], [22, 4], [22, 5], [22, 6], [22, 7], [22, 8], [22, 9], [21, 9], [21, 8], [21, 9], [21, 10], [21, 11], [21, 12], [20, 12], [19, 12], [18, 12], [17, 12], [17, 11], [16, 11], [15, 11], [15, 10], [16, 10], [15, 10], [14, 10], [13, 10], [12, 10], [11, 10], [10, 10], [9, 10], [8, 10], [7, 10], [6, 10], [6, 11], [5, 11], [4, 11], [4, 12], [4, 13], [5, 13], [6, 13], [7, 13], [8, 13], [8, 12], [7, 12], [7, 13], [6, 13], [5, 13], [4, 13], [3, 13]]}
META {"type": "geom", "shape": "line", "group": "offpath", "data": [[5, 3, 5, 2], [5, 2, 5, 3], [15, 6, 11, 6], [11, 5, 12, 5], [11, 9, 12, 9], [11, 4, 12, 4], [11, 6, 11, 4], [13, 3, 13, 2], [13, 2, 13, 3], [3, 4, 4, 4], [3, 2, 3, 4], [10, 4, 10, 2], [10, 2, 10, 4], [16, 4, 14, 4], [16, 2, 16, 4], [18, 4, 18, 3], [18, 3, 18, 4], [28, 4, 26, 4], [28, 3, 29, 3], [28, 2, 28, 4], [22, 4, 21, 4], [12, 5, 11, 5], [12, 13, 14, 13], [12, 9, 11, 9], [12, 4, 12, 2], [12, 3, 14, 3], [12, 2, 16, 2], [12, 12, 12, 13], [14, 13, 14, 12], [14, 4, 14, 6], [14, 3, 12, 3], [14, 6, 15, 6], [14, 12, 12, 12], [8, 9, 8, 10], [8, 10, 8, 9], [8, 7, 8, 6], [8, 6, 9, 6], [20, 3, 20, 2], [20, 2, 20, 3], [25, 5, 27, 5], [25, 10, 27, 10], [27, 5, 25, 5], [27, 10, 25, 10], [21, 4, 22, 4], [21, 2, 21, 6], [21, 6, 21, 2], [2, 4, 2, 6], [2, 6, 2, 4], [9, 7, 8, 7], [9, 6, 9, 7], [26, 4, 26, 2], [26, 2, 28, 2], [29, 3, 28, 3], [23, 7, 23, 6], [23, 6, 23, 7], [4, 4, 4, 2], [4, 2, 3, 2]]}
