XXXXXXXXXXXXXXXX
XXXXXXXXXXXXXXXX
XXXX}XXXX-----XX
XX---XXXX-XX--XX
XX---------X--XX
XX##--------XXXX
XX---#-------XXX
XX-----XX--X-XXX
XXXX---XX-XX--XX
XXXX##--X--X--XX
XXXX----XX--#-XX
XX--#----X----XX
XX-----X--#---XX
XX-#-#-XX---#-XX
XX------X-----XX
XX----X-------XX
XX-XXXXXXXXXX-XX
XX-XXXXXXXXXX-XX
XX-XXXXXXXXX--XX
XX-XXXX-XXXX--XX
XX------XXX--XXX
XX----------XXXX
XXXXX--#----XXXX
XXXXX-----#--XXX
XXX-----X----XXX
XXX----XX-----XX
XX-{-X--X--##-XX
XXXXXXX-------XX
XXXXXXX--X---XXX
XXXXXXXXXXXXXXXX
XXXXXXXXXXXXXXXX
XXXXXXXXXXXXXXXX
META {"type": "solver", "id": "pysat-rc2", "objective": 0}
META {"type": "geom", "shape": "path", "group": "path", "data": [[26, 3, 26, 2], [26, 2, 26, 4], [26, 4, 24, 4], [24, 4, 24, 3], [24, 3, 24, 7], [24, 7, 23, 7], [23, 7, 23, 9], [23, 9, 27, 9], [27, 9, 21, 9], [21, 9, 21, 11], [21, 11, 25, 11], [25, 11, 25, 13], [25, 13, 27, 13], [27, 13, 27, 7], [27, 7, 26, 7], [26, 7, 26, 6], [26, 6, 20, 6], [20, 6, 20, 2], [20, 2, 21, 2], [21, 2, 11, 2], [11, 2, 11, 3], [11, 3, 12, 3], [12, 3, 12, 2], [12, 2, 12, 6], [12, 6, 14, 6], [14, 6, 14, 7], [14, 7, 15, 7], [15, 7, 15, 13], [15, 13, 19, 13], [19, 13, 19, 12], [19, 12, 18, 12], [18, 12, 18, 13], [18, 13, 8, 13], [8, 13, 8, 12], [8, 12, 6, 12], [6, 12, 6, 6], [6, 6, 4, 6], [4, 6, 4, 2], [4, 2, 3, 2], [3, 2, 3, 4], [3, 4, 2, 4]]}
META {"type": "geom", "shape": "tile", "group": "path", "data": [[26, 3], [26, 2], [26, 3], [26, 4], [25, 4], [24, 4], [24, 3], [24, 4], [24, 5], [24, 6], [24, 7], [23, 7], [23, 8], [23, 9], [24, 9], [25, 9], [26, 9], [27, 9], [26, 9], [25, 9], [24, 9], [23, 9], [22, 9], [21, 9], [21, 10], [21, 11], [22, 11], [23, 11], [24, 11], [25, 11], [25, 12], [25, 13], [26, 13], [27, 13], [27, 12], [27, 11], [27, 10], [27, 9], [27, 8], [27, 7], [26, 7], [26, 6], [25, 6], [24, 6], [23, 6], [22, 6], [21, 6], [20, 6], [20, 5], [20, 4], [20, 3], [20, 2], [21, 2], [20, 2], [19, 2], [18, 2], [17, 2], [16, 2], [15, 2], [14, 2], [13, 2], [12, 2], [11, 2], [11, 3], [12, 3], [12, 2], [12, 3], [12, 4], [12, 5], [12, 6], [13, 6], [14, 6], [14, 7], [15, 7], [15, 8], [15, 9], [15, 10], [15, 11], [15, 12], [15, 13], [16, 13], [17, 13], [18, 13], [19, 13], [19, 12], [18, 12], [18, 13], [17, 13], [16, 13], [15, 13], [14, 13], [13, 13], [12, 13], [11, 13], [10, 13], [9, 13], [8, 13], [8, 12], [7, 12], [6, 12], [6, 11], [6, 10], [6, 9], [6, 8], [6, 7], [6, 6], [5, 6], [4, 6], [4, 5], [4, 4], [4, 3], [4, 2], [3, 2], [3, 3], [3, 4], [2, 4]]}
META {"type": "geom", "shape": "line", "group": "offpath", "data": [[12, 13, 12, 11], [12, 5, 10, 5], [12, 8, 12, 9], [12, 9, 12, 8], [12, 12, 11, 12], [12, 11, 12, 13], [9, 7, 11, 7], [27, 11, 28, 11], [15, 12, 14, 12], [15, 3, 14, 3], [21, 4, 20, 4], [21, 8, 23, 8], [21, 3, 20, 3], [11, 5, 12, 5], [11, 7, 11, 5], [11, 12, 12, 12], [20, 4, 21, 4], [20, 12, 20, 11], [20, 3, 21, 3], [20, 11, 20, 12], [6, 2, 7, 2], [6, 7, 4, 7], [25, 12, 23, 12], [7, 2, 6, 2], [7, 9, 7, 10], [7, 10, 7, 9], [23, 8, 21, 8], [23, 12, 25, 12], [10, 5, 10, 7], [10, 7, 9, 7], [4, 13, 4, 12], [4, 7, 6, 7], [4, 12, 2, 12], [28, 7, 28, 8], [28, 8, 28, 7], [28, 12, 28, 10], [28, 10, 28, 12], [28, 11, 27, 11], [2, 13, 4, 13], [2, 12, 2, 13], [3, 13, 3, 12], [3, 12, 3, 13], [14, 13, 14, 9], [14, 9, 14, 13], [14, 12, 15, 12], [14, 3, 15, 3]]}
