--------------------------------
--------------------------------
-------------------X--------XX--
----------------------Q---------
-------------------------X------
----------------------------Q---
--------------------X-----------
------------------------XX------
--XXXXXX--X------------------Q--
-------------X----XX------------
-----------------------X--------
----------------------------Q---
------XX--<>------Q-------------
-----XXX--[]-----------XX-------
-{--XXXX--[]----------XXX-----}-
XXXXXXXXXXXXXXXXXXXXXXXXXXXXXXXX
META {"type": "solver", "id": "clingo-be", "objective": 0}
META {"type": "geom", "shape": "path", "group": "path", "data": [[14, 1, 10, 5], [10, 5, 11, 6], [11, 6, 7, 10], [7, 10, 6, 10], [6, 10, 7, 9], [7, 9, 8, 9], [8, 9, 9, 9], [9, 9, 10, 10], [10, 10, 11, 11], [11, 11, 7, 7], [7, 7, 3, 7], [3, 7, 4, 6], [4, 6, 5, 5], [5, 5, 6, 6], [6, 6, 7, 5], [7, 5, 3, 6], [3, 6, 4, 5], [4, 5, 5, 4], [5, 4, 6, 5], [6, 5, 7, 4], [7, 4, 4, 7], [4, 7, 5, 7], [5, 7, 6, 7], [6, 7, 7, 6], [7, 6, 3, 3], [3, 3, 4, 2], [4, 2, 5, 1], [5, 1, 6, 0], [6, 0, 7, 0], [7, 0, 8, 1], [8, 1, 9, 2], [9, 2, 10, 1], [10, 1, 11, 2], [11, 2, 12, 2], [12, 2, 13, 2], [13, 2, 14, 3], [14, 3, 12, 5], [12, 5, 10, 7], [10, 7, 11, 8], [11, 8, 12, 9], [12, 9, 13, 8], [13, 8, 14, 8], [14, 8, 14, 9], [14, 9, 10, 9], [10, 9, 11, 10], [11, 10, 7, 13], [7, 13, 8, 13], [8, 13, 4, 17], [4, 17, 5, 16], [5, 16, 6, 17], [6, 17, 7, 18], [7, 18, 8, 18], [8, 18, 4, 19], [4, 19, 5, 20], [5, 20, 1, 21], [1, 21, 2, 20], [2, 20, 3, 20], [3, 20, 4, 21], [4, 21, 5, 22], [5, 22, 6, 22], [6, 22, 7, 22], [7, 22, 8, 22], [8, 22, 9, 23], [9, 23, 5, 23], [5, 23, 6, 24], [6, 24, 2, 25], [2, 25, 3, 25], [3, 25, 0, 28], [0, 28, 1, 28], [1, 28, 0, 27], [0, 27, 1, 26], [1, 26, 2, 27], [2, 27, 3, 26], [3, 26, 4, 27], [4, 27, 5, 26], [5, 26, 6, 25], [6, 25, 6, 26], [6, 26, 7, 27], [7, 27, 8, 27], [8, 27, 9, 28], [9, 28, 10, 28], [10, 28, 6, 27], [6, 27, 7, 28], [7, 28, 8, 28], [8, 28, 9, 29], [9, 29, 10, 30], [10, 30, 11, 31], [11, 31, 12, 31], [12, 31, 13, 31], [13, 31, 14, 30]]}
META {"type": "geom", "shape": "tile", "group": "path", "data": [[14, 1], [13, 1], [13, 2], [12, 2], [12, 3], [11, 3], [11, 4], [10, 4], [10, 5], [11, 5], [11, 6], [10, 6], [10, 7], [9, 7], [9, 8], [8, 8], [8, 9], [7, 9], [7, 10], [6, 10], [7, 10], [7, 9], [8, 9], [9, 9], [10, 9], [10, 10], [11, 10], [11, 11], [10, 11], [10, 10], [9, 10], [9, 9], [8, 9], [8, 8], [7, 8], [7, 7], [6, 7], [5, 7], [4, 7], [3, 7], [4, 7], [4, 6], [5, 6], [5, 5], [6, 5], [6, 6], [7, 6], [7, 5], [6, 5], [5, 5], [4, 5], [3, 5], [3, 6], [4, 6], [4, 5], [5, 5], [5, 4], [6, 4], [6, 5], [7, 5], [7, 4], [6, 4], [6, 5], [5, 5], [5, 6], [4, 6], [4, 7], [5, 7], [6, 7], [7, 7], [7, 6], [6, 6], [6, 5], [5, 5], [5, 4], [4, 4], [4, 3], [3, 3], [4, 3], [4, 2], [5, 2], [5, 1], [6, 1], [6, 0], [7, 0], [8, 0], [8, 1], [9, 1], [9, 2], [10, 2], [10, 1], [11, 1], [11, 2], [12, 2], [13, 2], [14, 2], [14, 3], [13, 3], [13, 4], [12, 4], [12, 5], [11, 5], [11, 6], [10, 6], [10, 7], [11, 7], [11, 8], [12, 8], [12, 9], [13, 9], [13, 8], [14, 8], [14, 9], [13, 9], [12, 9], [11, 9], [10, 9], [11, 9], [11, 10], [10, 10], [10, 11], [9, 11], [9, 12], [8, 12], [8, 13], [7, 13], [8, 13], [7, 13], [7, 14], [6, 14], [6, 15], [5, 15], [5, 16], [4, 16], [4, 17], [5, 17], [5, 16], [6, 16], [6, 17], [7, 17], [7, 18], [8, 18], [7, 18], [6, 18], [5, 18], [4, 18], [4, 19], [5, 19], [5, 20], [4, 20], [3, 20], [2, 20], [1, 20], [1, 21], [2, 21], [2, 20], [3, 20], [4, 20], [4, 21], [5, 21], [5, 22], [6, 22], [7, 22], [8, 22], [9, 22], [9, 23], [8, 23], [7, 23], [6, 23], [5, 23], [6, 23], [6, 24], [5, 24], [4, 24], [3, 24], [2, 24], [2, 25], [3, 25], [2, 25], [2, 26], [1, 26], [1, 27], [0, 27], [0, 28], [1, 28], [0, 28], [0, 27], [1, 27], [1, 26], [2, 26], [2, 27], [3, 27], [3, 26], [4, 26], [4, 27], [5, 27], [5, 26], [6, 26], [6, 25], [6, 26], [7, 26], [7, 27], [8, 27], [9, 27], [9, 28], [10, 28], [9, 28], [8, 28], [7, 28], [6, 28], [6, 27], [7, 27], [7, 28], [8, 28], [9, 28], [9, 29], [10, 29], [10, 30], [11, 30], [11, 31], [12, 31], [13, 31], [14, 31], [14, 30]]}
META {"type": "geom", "shape": "line", "group": "offpath", "data": [[5, 18, 6, 19], [5, 2, 6, 3], [5, 29, 6, 29], [5, 3, 6, 4], [1, 29, 0, 30], [1, 23, 2, 22], [1, 19, 0, 20], [14, 27, 11, 29], [14, 18, 11, 16], [14, 12, 10, 13], [14, 15, 12, 17], [14, 2, 12, 4], [14, 29, 10, 25], [14, 0, 11, 0], [14, 25, 13, 26], [14, 17, 13, 18], [14, 26, 11, 23], [14, 21, 11, 24], [14, 14, 10, 14], [14, 28, 11, 30], [14, 19, 13, 19], [14, 20, 10, 20], [9, 5, 10, 4], [9, 25, 10, 26], [9, 7, 10, 8], [9, 21, 10, 22], [7, 2, 3, 5], [7, 29, 3, 29], [7, 3, 4, 3], [7, 20, 8, 21], [12, 13, 13, 12], [12, 22, 13, 21], [12, 4, 13, 3], [12, 15, 13, 14], [12, 29, 13, 28], [12, 23, 8, 19], [12, 0, 13, 1], [12, 25, 13, 25], [12, 17, 13, 16], [12, 16, 13, 17], [12, 26, 13, 27], [12, 3, 13, 4], [12, 21, 13, 22], [12, 30, 13, 30], [12, 19, 13, 20], [12, 24, 8, 25], [11, 22, 12, 21], [11, 4, 12, 3], [11, 15, 12, 16], [11, 29, 12, 30], [11, 23, 12, 24], [11, 0, 12, 0], [11, 25, 12, 25], [11, 7, 9, 5], [11, 16, 12, 15], [11, 26, 12, 26], [11, 21, 12, 22], [11, 30, 12, 29], [11, 14, 12, 13], [11, 19, 12, 19], [11, 24, 12, 23], [4, 18, 5, 18], [4, 4, 5, 3], [4, 29, 5, 29], [4, 3, 5, 2], [4, 28, 3, 28], [13, 1, 14, 0], [13, 27, 14, 28], [13, 18, 14, 18], [13, 22, 10, 19], [13, 4, 9, 7], [13, 12, 14, 12], [13, 25, 14, 25], [13, 17, 14, 17], [13, 16, 14, 15], [13, 26, 14, 26], [13, 3, 14, 2], [13, 21, 14, 21], [13, 30, 14, 29], [13, 14, 14, 14], [13, 28, 14, 27], [13, 19, 14, 20], [13, 20, 14, 19], [6, 4, 7, 3], [6, 29, 7, 29], [6, 3, 7, 2], [6, 19, 7, 20], [3, 29, 4, 28], [3, 5, 4, 4], [3, 28, 4, 29], [0, 30, 1, 29], [0, 24, 1, 23], [0, 20, 1, 19], [10, 13, 11, 14], [10, 22, 11, 22], [10, 8, 11, 7], [10, 4, 11, 4], [10, 25, 11, 26], [10, 26, 11, 25], [10, 14, 11, 15], [10, 19, 11, 19], [10, 20, 11, 21], [8, 25, 9, 25], [8, 21, 9, 21], [8, 19, 4, 18], [2, 22, 0, 24]]}
