XXXXXXXXXXXXXXXX
XXXXXXXXXXXXXXXX
XX}XXXX-----XXXX
XX-XXXX--#--XXXX
XX-----#------XX
XX-#-------X--XX
XX---XX-#-XXX-XX
XXX--XX---XXX-XX
XXXX--X---XXX-XX
XXXX----X----XXX
XXX--#-XX-XXXXXX
XX------X-XXXXXX
XX--#-#---XXXXXX
XXX-------XXXXXX
XXX--X------XXXX
XXXXXXXX-#---XXX
XXXXXXXX-----XXX
XXXX-------#-XXX
XXX-#-#-------XX
XXX-------#---XX
XX---X-XX-----XX
XXXXXX--X--#--XX
XXXXXX---#----XX
XXX-----------XX
XXX--XXX--XX--XX
XXX-XXXXX--X-XXX
XXX-XXXXX---XXXX
XX--XXX-----XXXX
XX--XXX------XXX
XX-X---XX--{-XXX
XXXXXXXXXXXXXXXX
XXXXXXXXXXXXXXXX
META {"type": "solver", "id": "pysat-rc2", "objective": 0}
META {"type": "geom", "shape": "path", "group": "path", "data": [[29, 11, 29, 9], [29, 9, 23, 9], [23, 9, 23, 3], [23, 3, 23, 13], [23, 13, 24, 13], [24, 13, 24, 12], [24, 12, 25, 12], [25, 12, 15, 12], [15, 12, 15, 10], [15, 10, 14, 10], [14, 10, 14, 11], [14, 11, 16, 11], [16, 11, 16, 12], [16, 12, 16, 8], [16, 8, 12, 8], [12, 8, 12, 9], [12, 9, 14, 9], [14, 9, 4, 9], [4, 9, 4, 8], [4, 8, 5, 8], [5, 8, 5, 10], [5, 10, 5, 4], [5, 4, 4, 4], [4, 4, 4, 2], [4, 2, 2, 2]]}
META {"type": "geom", "shape": "tile", "group": "path", "data": [[29, 11], [29, 10], [29, 9], [28, 9], [27, 9], [26, 9], [25, 9], [24, 9], [23, 9], [23, 8], [23, 7], [23, 6], [23, 5], [23, 4], [23, 3], [23, 4], [23, 5], [23, 6], [23, 7], [23, 8], [23, 9], [23, 10], [23, 11], [23, 12], [23, 13], [24, 13], [24, 12], [25, 12], [24, 12], [23, 12], [22, 12], [21, 12], [20, 12], [19, 12], [18, 12], [17, 12], [16, 12], [15, 12], [15, 11], [15, 10], [14, 10], [14, 11], [15, 11], [16, 11], [16, 12], [16, 11], [16, 10], [16, 9], [16, 8], [15, 8], [14, 8], [13, 8], [12, 8], [12, 9], [13, 9], [14, 9], [13, 9], [12, 9], [11, 9], [10, 9], [9, 9], [8, 9], [7, 9], [6, 9], [5, 9], [4, 9], [4, 8], [5, 8], [5, 9], [5, 10], [5, 9], [5, 8], [5, 7], [5, 6], [5, 5], [5, 4], [4, 4], [4, 3], [4, 2], [3, 2], [2, 2]]}
META {"type": "geom", "shape": "line", "group": "offpath", "data": [[12, 2, 11, 2], [21, 9, 21, 10], [21, 10, 20, 10], [21, 13, 21, 12], [21, 12, 21, 13], [24, 4, 24, 3], [24, 8, 24, 9], [24, 9, 24, 8], [24, 3, 24, 4], [19, 4, 19, 3], [19, 9, 21, 9], [19, 7, 19, 9], [19, 13, 19, 11], [19, 11, 19, 13], [19, 3, 18, 3], [11, 2, 12, 2], [11, 5, 13, 5], [20, 4, 19, 4], [20, 9, 20, 13], [20, 10, 20, 9], [20, 13, 18, 13], [20, 3, 20, 4], [4, 6, 5, 6], [4, 13, 8, 13], [4, 11, 2, 11], [29, 4, 29, 6], [29, 2, 27, 2], [29, 6, 29, 4], [27, 8, 28, 8], [27, 7, 28, 7], [27, 2, 29, 2], [18, 7, 19, 7], [18, 13, 18, 7], [18, 3, 20, 3], [7, 4, 7, 3], [7, 8, 8, 8], [7, 3, 7, 4], [3, 7, 2, 7], [3, 10, 3, 11], [3, 11, 3, 10], [2, 7, 3, 7], [2, 11, 4, 11], [5, 6, 4, 6], [10, 4, 10, 3], [10, 3, 10, 4], [17, 4, 17, 10], [17, 10, 17, 4], [14, 4, 13, 4], [14, 6, 13, 6], [8, 4, 8, 5], [8, 8, 7, 8], [8, 9, 8, 7], [8, 7, 8, 9], [8, 5, 8, 4], [8, 13, 4, 13], [13, 4, 14, 4], [13, 9, 13, 3], [13, 5, 11, 5], [13, 6, 14, 6], [13, 3, 13, 9], [28, 8, 27, 8], [28, 7, 27, 7]]}
