XXXXXXXXXXXXXXXX
XXXXXXXXXXXXXXXX
XXX--XXXXXXX}XXX
XX----XXXX---XXX
XXX---XXXX---XXX
XXX--XXXX-#---XX
XXX-XXXXX-----XX
XXX-XXXXX---#-XX
XX--XXXX--#---XX
XX--XXXX-----XXX
XXX------#-XXXXX
XXX--XX----XXXXX
XXX---X----XXXXX
XXXX---XX---XXXX
XXXX----X-X-XXXX
XXXXXX----XXXXXX
XXXXXX##---XXXXX
XXXX-------XXXXX
XXXXX-------XXXX
XX-XX--X----XXXX
XX--X-XX-----XXX
XXX----X-----XXX
XXX##----###--XX
XXX---X-------XX
XX-#--XXX---XXXX
XX----XXX-#--XXX
XX--#--------XXX
XX-------#-#-XXX
XX---XXX------XX
XX-{-XXX--X---XX
XXXXXXXXXXXXXXXX
XXXXXXXXXXXXXXXX
META {"type": "solver", "id": "pysat-rc2", "objective": 0}
META {"type": "geom", "shape": "path", "group": "path", "data": [[29, 3, 25, 3], [25, 3, 25, 2], [25, 2, 29, 2], [29, 2, 29, 4], [29, 4, 27, 4], [27, 4, 27, 2], [27, 2, 27, 8], [27, 8, 29, 8], [29, 8, 29, 9], [29, 9, 28, 9], [28, 9, 28, 8], [28, 8, 26, 8], [26, 8, 26, 12], [26, 12, 25, 12], [25, 12, 25, 11], [25, 11, 26, 11], [26, 11, 26, 5], [26, 5, 27, 5], [27, 5, 17, 5], [17, 5, 17, 4], [17, 4, 17, 10], [17, 10, 21, 10], [21, 10, 21, 12], [21, 12, 21, 8], [21, 8, 15, 8], [15, 8, 15, 9], [15, 9, 21, 9], [21, 9, 11, 9], [11, 9, 11, 10], [11, 10, 13, 10], [13, 10, 9, 10], [9, 10, 9, 12], [9, 12, 8, 12], [8, 12, 8, 13], [8, 13, 8, 11], [8, 11, 9, 11], [9, 11, 3, 11], [3, 11, 3, 12], [3, 12, 3, 10], [3, 10, 4, 10], [4, 10, 4, 12], [4, 12, 2, 12]]}
META {"type": "geom", "shape": "tile", "group": "path", "data": [[29, 3], [28, 3], [27, 3], [26, 3], [25, 3], [25, 2], [26, 2], [27, 2], [28, 2], [29, 2], [29, 3], [29, 4], [28, 4], [27, 4], [27, 3], [27, 2], [27, 3], [27, 4], [27, 5], [27, 6], [27, 7], [27, 8], [28, 8], [29, 8], [29, 9], [28, 9], [28, 8], [27, 8], [26, 8], [26, 9], [26, 10], [26, 11], [26, 12], [25, 12], [25, 11], [26, 11], [26, 10], [26, 9], [26, 8], [26, 7], [26, 6], [26, 5], [27, 5], [26, 5], [25, 5], [24, 5], [23, 5], [22, 5], [21, 5], [20, 5], [19, 5], [18, 5], [17, 5], [17, 4], [17, 5], [17, 6], [17, 7], [17, 8], [17, 9], [17, 10], [18, 10], [19, 10], [20, 10], [21, 10], [21, 11], [21, 12], [21, 11], [21, 10], [21, 9], [21, 8], [20, 8], [19, 8], [18, 8], [17, 8], [16, 8], [15, 8], [15, 9], [16, 9], [17, 9], [18, 9], [19, 9], [20, 9], [21, 9], [20, 9], [19, 9], [18, 9], [17, 9], [16, 9], [15, 9], [14, 9], [13, 9], [12, 9], [11, 9], [11, 10], [12, 10], [13, 10], [12, 10], [11, 10], [10, 10], [9, 10], [9, 11], [9, 12], [8, 12], [8, 13], [8, 12], [8, 11], [9, 11], [8, 11], [7, 11], [6, 11], [5, 11], [4, 11], [3, 11], [3, 12], [3, 11], [3, 10], [4, 10], [4, 11], [4, 12], [3, 12], [2, 12]]}
META {"type": "geom", "shape": "line", "group": "offpath", "data": [[3, 5, 4, 5], [15, 7, 14, 7], [22, 6, 21, 6], [22, 7, 22, 8], [22, 8, 23, 8], [17, 7, 18, 7], [24, 4, 24, 5], [24, 5, 24, 4], [2, 3, 2, 4], [2, 4, 2, 3], [20, 3, 21, 3], [20, 8, 20, 12], [20, 12, 20, 8], [20, 2, 19, 2], [10, 7, 10, 3], [10, 3, 12, 3], [10, 8, 8, 8], [10, 4, 10, 8], [13, 9, 13, 11], [13, 11, 13, 9], [14, 7, 15, 7], [14, 4, 10, 4], [14, 5, 14, 4], [4, 5, 3, 5], [25, 4, 23, 4], [19, 2, 20, 2], [23, 7, 22, 7], [23, 8, 23, 7], [23, 4, 25, 4], [18, 7, 17, 7], [18, 11, 18, 5], [18, 5, 18, 11], [12, 7, 10, 7], [12, 3, 12, 5], [12, 8, 12, 7], [12, 5, 14, 5], [29, 13, 29, 11], [29, 11, 29, 13], [8, 3, 8, 2], [8, 8, 12, 8], [8, 2, 8, 3], [21, 6, 22, 6], [21, 3, 20, 3]]}
