XXXXXXXXXXXXXXXX
XXXXXXXXXXXXXXXX
XXXX--XXXXXXX}XX
XX-----XXXXXX-XX
XX##---XXX----XX
XX------------XX
XXX---X---X---XX
XXX---XXXXXXXXXX
XXX---XXXXXXXXXX
XX--XXXXXX---XXX
XX--XXXXX-----XX
XX--XXX----##-XX
XX--XXXX------XX
XX----XX-----XXX
XX-X---XX---XXXX
XX-XX---XX---XXX
XX--X-#--XX--XXX
XX--------XX--XX
XX-#-#-XX--XX-XX
XX------XX--XXXX
XXX---#--XX--XXX
XXX-------X--XXX
XXX-------XX-XXX
XXX----XX--X--XX
XXX-----X-----XX
XXX--XX--##-#-XX
XXX-XXXX------XX
XXX-XXXX------XX
XXX--XXX---X-XXX
XX-{-XXXXXXXXXXX
XXXXXXXXXXXXXXXX
XXXXXXXXXXXXXXXX
META {"type": "solver", "id": "pysat-rc2", "objective": 0}
META {"type": "geom", "shape": "path", "group": "path", "data": [[29, 3, 19, 3], [19, 3, 19, 2], [19, 2, 9, 2], [9, 2, 9, 3], [9, 3, 5, 3], [5, 3, 5, 13], [5, 13, 6, 13], [6, 13, 6, 11], [6, 11, 4, 11], [4, 11, 4, 13], [4, 13, 2, 13]]}
META {"type": "geom", "shape": "tile", "group": "path", "data": [[29, 3], [28, 3], [27, 3], [26, 3], [25, 3], [24, 3], [23, 3], [22, 3], [21, 3], [20, 3], [19, 3], [19, 2], [18, 2], [17, 2], [16, 2], [15, 2], [14, 2], [13, 2], [12, 2], [11, 2], [10, 2], [9, 2], [9, 3], [8, 3], [7, 3], [6, 3], [5, 3], [5, 4], [5, 5], [5, 6], [5, 7], [5, 8], [5, 9], [5, 10], [5, 11], [5, 12], [5, 13], [6, 13], [6, 12], [6, 11], [5, 11], [4, 11], [4, 12], [4, 13], [3, 13], [2, 13]]}
META {"type": "geom", "shape": "line", "group": "offpath", "data": [[6, 7, 5, 7], [6, 12, 4, 12], [6, 8, 5, 8], [26, 9, 28, 9], [26, 10, 26, 8], [26, 12, 28, 12], [26, 8, 28, 8], [29, 4, 28, 4], [25, 7, 25, 8], [25, 8, 25, 7], [14, 6, 14, 4], [14, 4, 14, 6], [5, 7, 6, 7], [5, 8, 6, 8], [3, 6, 3, 2], [3, 2, 3, 6], [12, 12, 12, 8], [12, 8, 11, 8], [17, 6, 19, 6], [17, 12, 15, 12], [17, 8, 16, 8], [22, 9, 22, 3], [22, 3, 22, 9], [24, 13, 23, 13], [24, 12, 24, 13], [13, 12, 12, 12], [13, 8, 13, 12], [16, 3, 16, 2], [16, 2, 16, 3], [16, 12, 16, 11], [16, 11, 16, 12], [16, 8, 17, 8], [23, 13, 23, 12], [23, 12, 24, 12], [4, 12, 6, 12], [28, 9, 26, 9], [28, 10, 26, 10], [28, 12, 26, 12], [28, 8, 28, 10], [28, 4, 29, 4], [10, 11, 9, 11], [11, 8, 13, 8], [19, 6, 17, 6], [8, 3, 8, 5], [8, 5, 8, 3], [15, 5, 15, 7], [15, 7, 15, 5], [15, 12, 17, 12], [9, 11, 10, 11]]}
