XXXXXXXXXXXXXXXX
XXXXXXXXXXXXXXXX
XX}XXX--------XX
XX-XXXXXXXX---XX
XX-XXXXXXXX-X-XX
XX-XXXXX---XX-XX
XX-XXX------X-XX
XX------------XX
XX-----#####--XX
XXXXXX-------XXX
XXXXXXX-----XXXX
XXXX--XX----XXXX
XXX-#--X--#--XXX
XXX----XX----XXX
XXX-----XX---XXX
XX--#---XX----XX
XX-------X----XX
XX-X--#-----XXXX
XXXX----XXX-XXXX
XXXX----XXX-XXXX
XXX--X--XXXXXXXX
XX---XXXXXXXXXXX
XX-#--XXXXXXXXXX
XX----XXXX----XX
XXX---XXXX---XXX
XXX---------XXXX
XXX---#---#-XXXX
XXX-----X---XXXX
XXX##--XXX----XX
XXX--{-XXX--XXXX
XXXXXXXXXXXXXXXX
XXXXXXXXXXXXXXXX
META {"type": "solver", "id": "pysat-rc2", "objective": 0}
META {"type": "geom", "shape": "path", "group": "path", "data": [[29, 5, 29, 6], [29, 6, 27, 6], [27, 6, 27, 7], [27, 7, 25, 7], [25, 7, 25, 3], [25, 3, 23, 3], [23, 3, 23, 5], [23, 5, 22, 5], [22, 5, 22, 4], [22, 4, 16, 4], [16, 4, 16, 8], [16, 8, 17, 8], [17, 8, 17, 7], [17, 7, 17, 11], [17, 11, 19, 11], [19, 11, 9, 11], [9, 11, 9, 12], [9, 12, 7, 12], [7, 12, 7, 2], [7, 2, 8, 2], [8, 2, 2, 2]]}
META {"type": "geom", "shape": "tile", "group": "path", "data": [[29, 5], [29, 6], [28, 6], [27, 6], [27, 7], [26, 7], [25, 7], [25, 6], [25, 5], [25, 4], [25, 3], [24, 3], [23, 3], [23, 4], [23, 5], [22, 5], [22, 4], [21, 4], [20, 4], [19, 4], [18, 4], [17, 4], [16, 4], [16, 5], [16, 6], [16, 7], [16, 8], [17, 8], [17, 7], [17, 8], [17, 9], [17, 10], [17, 11], [18, 11], [19, 11], [18, 11], [17, 11], [16, 11], [15, 11], [14, 11], [13, 11], [12, 11], [11, 11], [10, 11], [9, 11], [9, 12], [8, 12], [7, 12], [7, 11], [7, 10], [7, 9], [7, 8], [7, 7], [7, 6], [7, 5], [7, 4], [7, 3], [7, 2], [8, 2], [7, 2], [6, 2], [5, 2], [4, 2], [3, 2], [2, 2]]}
META {"type": "geom", "shape": "line", "group": "offpath", "data": [[11, 10, 9, 10], [14, 12, 14, 10], [14, 10, 14, 12], [9, 9, 13, 9], [9, 10, 11, 10], [16, 6, 12, 6], [16, 3, 12, 3], [16, 12, 16, 10], [16, 10, 17, 10], [24, 3, 24, 5], [24, 5, 24, 3], [3, 12, 2, 12], [5, 9, 7, 9], [5, 10, 7, 10], [5, 8, 7, 8], [27, 9, 25, 9], [27, 10, 27, 11], [27, 11, 27, 9], [28, 6, 28, 5], [28, 5, 28, 6], [21, 3, 20, 3], [21, 4, 21, 2], [21, 2, 21, 4], [26, 9, 26, 7], [26, 3, 26, 5], [26, 7, 26, 9], [26, 5, 26, 3], [26, 8, 25, 8], [15, 2, 17, 2], [6, 7, 7, 7], [6, 11, 7, 11], [25, 9, 25, 11], [25, 10, 23, 10], [25, 8, 26, 8], [25, 11, 23, 11], [29, 10, 27, 10], [29, 11, 29, 10], [2, 12, 3, 12], [13, 9, 9, 9], [13, 12, 12, 12], [13, 10, 13, 12], [12, 9, 12, 8], [12, 6, 16, 6], [12, 3, 16, 3], [12, 12, 16, 12], [12, 8, 12, 9], [7, 9, 5, 9], [7, 3, 8, 3], [7, 7, 6, 7], [7, 4, 8, 4], [7, 10, 5, 10], [7, 8, 5, 8], [7, 11, 6, 11], [18, 6, 18, 7], [18, 7, 20, 7], [17, 4, 17, 5], [17, 5, 17, 4], [17, 2, 15, 2], [17, 10, 13, 10], [8, 13, 8, 12], [8, 3, 7, 3], [8, 4, 7, 4], [8, 12, 8, 13], [23, 10, 25, 10], [23, 11, 29, 11], [20, 6, 18, 6], [20, 3, 21, 3], [20, 7, 20, 6]]}
