XXXXXXXXXXXXXXXX
XXXXXXXXXXXXXXXX
XXX---XXX}XXX-XX
XXX-------XXX-XX
XX-XXX------XXXX
XX-XXX##--#--XXX
XXXXXX--#----XXX
XXXXXX-----#--XX
XXXXXXXX------XX
XXXXXXXX------XX
XXXXXX-----XXXXX
XXXXXX--X---XXXX
XXXX---XX---XXXX
XXXX##--XXX-XXXX
XXXX-----XX---XX
XXXXXXX---X-#-XX
XXXXXXXXX-----XX
XXXXX-XXX-----XX
XXXX--XXX-###-XX
XXXX--XXX-----XX
XXXX--XXX-----XX
XXXX--------XXXX
XXX---------XXXX
XX--#---XX---XXX
XX------XX-#-XXX
XXX--#---X---XXX
XXX----X--#---XX
XXX---XX----{-XX
XXXX---X---XXXXX
XXXXXX-----XXXXX
XXXXXXXXXXXXXXXX
XXXXXXXXXXXXXXXX
META {"type": "solver", "id": "pysat-rc2", "objective": 0}
META {"type": "geom", "shape": "path", "group": "path", "data": [[27, 12, 27, 8], [27, 8, 29, 8], [29, 8, 25, 8], [25, 8, 25, 6], [25, 6, 21, 6], [21, 6, 21, 4], [21, 4, 22, 4], [22, 4, 18, 4], [18, 4, 18, 5], [18, 5, 24, 5], [24, 5, 24, 7], [24, 7, 25, 7], [25, 7, 21, 7], [21, 7, 21, 11], [21, 11, 19, 11], [19, 11, 19, 13], [19, 13, 20, 13], [20, 13, 20, 9], [20, 9, 22, 9], [22, 9, 22, 11], [22, 11, 23, 11], [23, 11, 23, 10], [23, 10, 19, 10], [19, 10, 19, 9], [19, 9, 15, 9], [15, 9, 15, 7], [15, 7, 13, 7], [13, 7, 13, 6], [13, 6, 14, 6], [14, 6, 10, 6], [10, 6, 10, 10], [10, 10, 12, 10], [12, 10, 12, 11], [12, 11, 11, 11], [11, 11, 11, 9], [11, 9, 12, 9], [12, 9, 2, 9]]}
META {"type": "geom", "shape": "tile", "group": "path", "data": [[27, 12], [27, 11], [27, 10], [27, 9], [27, 8], [28, 8], [29, 8], [28, 8], [27, 8], [26, 8], [25, 8], [25, 7], [25, 6], [24, 6], [23, 6], [22, 6], [21, 6], [21, 5], [21, 4], [22, 4], [21, 4], [20, 4], [19, 4], [18, 4], [18, 5], [19, 5], [20, 5], [21, 5], [22, 5], [23, 5], [24, 5], [24, 6], [24, 7], [25, 7], [24, 7], [23, 7], [22, 7], [21, 7], [21, 8], [21, 9], [21, 10], [21, 11], [20, 11], [19, 11], [19, 12], [19, 13], [20, 13], [20, 12], [20, 11], [20, 10], [20, 9], [21, 9], [22, 9], [22, 10], [22, 11], [23, 11], [23, 10], [22, 10], [21, 10], [20, 10], [19, 10], [19, 9], [18, 9], [17, 9], [16, 9], [15, 9], [15, 8], [15, 7], [14, 7], [13, 7], [13, 6], [14, 6], [13, 6], [12, 6], [11, 6], [10, 6], [10, 7], [10, 8], [10, 9], [10, 10], [11, 10], [12, 10], [12, 11], [11, 11], [11, 10], [11, 9], [12, 9], [11, 9], [10, 9], [9, 9], [8, 9], [7, 9], [6, 9], [5, 9], [4, 9], [3, 9], [2, 9]]}
META {"type": "geom", "shape": "line", "group": "offpath", "data": [[21, 8, 22, 8], [4, 2, 5, 2], [20, 12, 19, 12], [5, 12, 5, 11], [5, 2, 4, 2], [5, 8, 3, 8], [5, 11, 6, 11], [22, 8, 21, 8], [28, 5, 28, 4], [28, 10, 28, 8], [28, 8, 28, 10], [28, 4, 24, 4], [9, 13, 7, 13], [9, 11, 8, 11], [24, 2, 23, 2], [24, 4, 24, 2], [6, 6, 7, 6], [6, 12, 5, 12], [6, 11, 6, 12], [2, 5, 3, 5], [2, 3, 2, 5], [2, 4, 3, 4], [10, 7, 11, 7], [3, 5, 3, 9], [3, 9, 3, 3], [3, 8, 5, 8], [3, 3, 2, 3], [3, 4, 2, 4], [16, 12, 17, 12], [23, 2, 23, 3], [23, 3, 27, 3], [29, 6, 29, 10], [29, 10, 29, 6], [15, 8, 14, 8], [7, 6, 6, 6], [7, 13, 9, 13], [11, 7, 10, 7], [17, 12, 16, 12], [19, 5, 19, 4], [19, 12, 20, 12], [19, 4, 19, 5], [27, 5, 28, 5], [27, 3, 27, 5], [27, 11, 25, 11], [8, 11, 9, 11], [25, 12, 25, 10], [25, 10, 25, 12], [25, 3, 25, 4], [25, 4, 25, 3], [25, 11, 27, 11], [14, 8, 15, 8]]}
