--------------------------------
--------------------------------
-------X------------------------
--XXX-----XX--------------------
--------------------------------
---------------X-----XXX--XXXX--
----Q---------------------------
--------Q-----------------------
------------Q-----X------X------
--------------------------------
---------X----------------------
--------------------------------
------X---------------X---------
-----XX--Q-----<>-----XX--------
-{--XXX--------[]-----XXX-----}-
XXXXXXX------XXXXXXXXXXXXXXXXXXX
META {"type": "solver", "id": "pysat-rc2", "objective": 0}
META {"type": "geom", "shape": "path", "group": "path", "data": [[14, 1, 10, 5], [10, 5, 11, 4], [11, 4, 12, 5], [12, 5, 8, 9], [8, 9, 9, 9], [9, 9, 5, 13], [5, 13, 6, 14], [6, 14, 7, 14], [7, 14, 8, 14], [8, 14, 9, 13], [9, 13, 10, 12], [10, 12, 11, 13], [11, 13, 12, 12], [12, 12, 13, 13], [13, 13, 14, 14], [14, 14, 10, 14], [10, 14, 11, 15], [11, 15, 12, 15], [12, 15, 11, 16], [11, 16, 12, 17], [12, 17, 13, 18], [13, 18, 14, 19], [14, 19, 11, 22], [11, 22, 7, 18], [7, 18, 4, 21], [4, 21, 3, 20], [3, 20, 4, 19], [4, 19, 5, 20], [5, 20, 6, 20], [6, 20, 7, 21], [7, 21, 8, 22], [8, 22, 9, 22], [9, 22, 10, 23], [10, 23, 11, 24], [11, 24, 12, 23], [12, 23, 8, 23], [8, 23, 9, 24], [9, 24, 10, 25], [10, 25, 11, 25], [11, 25, 12, 24], [12, 24, 13, 25], [13, 25, 14, 25], [14, 25, 13, 24], [13, 24, 11, 26], [11, 26, 12, 26], [12, 26, 13, 26], [13, 26, 14, 27], [14, 27, 11, 30], [11, 30, 12, 31], [12, 31, 13, 30], [13, 30, 14, 30]]}
META {"type": "geom", "shape": "tile", "group": "path", "data": [[14, 1], [13, 1], [13, 2], [12, 2], [12, 3], [11, 3], [11, 4], [10, 4], [10, 5], [11, 5], [11, 4], [12, 4], [12, 5], [11, 5], [11, 6], [10, 6], [10, 7], [9, 7], [9, 8], [8, 8], [8, 9], [9, 9], [8, 9], [8, 10], [7, 10], [7, 11], [6, 11], [6, 12], [5, 12], [5, 13], [6, 13], [6, 14], [7, 14], [8, 14], [9, 14], [9, 13], [10, 13], [10, 12], [11, 12], [11, 13], [12, 13], [12, 12], [13, 12], [13, 13], [14, 13], [14, 14], [13, 14], [12, 14], [11, 14], [10, 14], [11, 14], [11, 15], [12, 15], [11, 15], [11, 16], [12, 16], [12, 17], [13, 17], [13, 18], [14, 18], [14, 19], [13, 19], [13, 20], [12, 20], [12, 21], [11, 21], [11, 22], [10, 22], [10, 21], [9, 21], [9, 20], [8, 20], [8, 19], [7, 19], [7, 18], [6, 18], [6, 19], [5, 19], [5, 20], [4, 20], [4, 21], [3, 21], [3, 20], [4, 20], [4, 19], [5, 19], [5, 20], [6, 20], [7, 20], [7, 21], [8, 21], [8, 22], [9, 22], [10, 22], [10, 23], [11, 23], [11, 24], [12, 24], [12, 23], [11, 23], [10, 23], [9, 23], [8, 23], [9, 23], [9, 24], [10, 24], [10, 25], [11, 25], [12, 25], [12, 24], [13, 24], [13, 25], [14, 25], [13, 25], [13, 24], [12, 24], [12, 25], [11, 25], [11, 26], [12, 26], [13, 26], [14, 26], [14, 27], [13, 27], [13, 28], [12, 28], [12, 29], [11, 29], [11, 30], [12, 30], [12, 31], [13, 31], [13, 30], [14, 30]]}
META {"type": "geom", "shape": "line", "group": "offpath", "data": [[13, 3, 14, 3], [13, 1, 14, 0], [13, 17, 14, 17], [13, 29, 14, 29], [13, 27, 14, 26], [13, 21, 14, 21], [13, 28, 14, 28], [13, 4, 11, 6], [13, 31, 14, 31], [1, 9, 2, 10], [1, 11, 2, 11], [1, 19, 2, 20], [1, 1, 2, 2], [1, 15, 2, 16], [1, 7, 0, 8], [1, 23, 2, 23], [1, 4, 2, 3], [1, 13, 2, 13], [1, 31, 2, 30], [5, 10, 6, 11], [5, 7, 6, 8], [5, 25, 6, 24], [5, 4, 2, 6], [14, 26, 10, 30], [14, 3, 12, 4], [14, 17, 11, 20], [14, 0, 10, 1], [14, 29, 10, 29], [14, 21, 10, 20], [14, 28, 12, 28], [14, 31, 13, 31], [11, 2, 12, 2], [11, 19, 12, 18], [11, 6, 7, 3], [11, 0, 12, 1], [11, 29, 12, 29], [11, 20, 12, 20], [11, 8, 12, 9], [11, 28, 12, 27], [7, 12, 3, 9], [7, 3, 8, 3], [7, 25, 4, 25], [8, 3, 9, 3], [8, 6, 9, 7], [0, 12, 1, 11], [0, 3, 1, 4], [0, 6, 1, 7], [0, 1, 1, 1], [0, 15, 1, 15], [0, 30, 1, 31], [0, 8, 1, 9], [0, 13, 1, 13], [12, 18, 13, 17], [12, 9, 8, 6], [12, 2, 13, 3], [12, 1, 13, 1], [12, 29, 13, 29], [12, 20, 13, 21], [12, 27, 13, 27], [12, 28, 13, 28], [12, 4, 13, 4], [6, 11, 7, 12], [6, 8, 2, 4], [6, 24, 7, 25], [4, 26, 2, 26], [4, 11, 5, 10], [4, 15, 0, 15], [4, 29, 3, 30], [4, 27, 0, 30], [4, 25, 5, 25], [4, 5, 5, 4], [4, 23, 1, 23], [4, 8, 5, 7], [4, 28, 3, 27], [4, 22, 1, 19], [2, 26, 3, 26], [2, 2, 0, 3], [2, 11, 0, 13], [2, 3, 0, 1], [2, 6, 3, 5], [2, 10, 0, 12], [2, 16, 3, 15], [2, 20, 3, 21], [2, 30, 3, 29], [2, 23, 3, 24], [2, 4, 0, 6], [2, 13, 3, 12], [9, 3, 10, 2], [9, 7, 10, 7], [3, 9, 4, 8], [3, 26, 4, 26], [3, 12, 4, 11], [3, 15, 4, 15], [3, 29, 4, 28], [3, 27, 4, 27], [3, 30, 4, 29], [3, 5, 4, 5], [3, 21, 4, 22], [3, 24, 4, 23], [10, 2, 11, 2], [10, 1, 11, 0], [10, 29, 11, 28], [10, 20, 11, 19], [10, 7, 11, 8], [10, 30, 11, 29]]}
