--------------------------------
--------------------------------
--------------XX----------------
--------------------------X-----
----------------------Q---------
-----X--X----X--Q---------------
--------------------------XQQX--
---------------------X----------
--------------------XX----------
----X--------------XXX----------
------------X-----XXXX----------
-----------------XXXXX----<>----
------XXX-------XXXXXX----[]----
---------------XXXXXXX----[]----
-{------------XXXXXXXX----[]--}-
XXXXXXX--XXXXXXXXXXXXXXXXXXXXXXX
META {"type": "solver", "id": "pysat-rc2", "objective": 0}
META {"type": "geom", "shape": "path", "group": "path", "data": [[14, 1, 12, 2], [12, 2, 13, 3], [13, 3, 14, 4], [14, 4, 10, 0], [10, 0, 11, 0], [11, 0, 12, 1], [12, 1, 13, 2], [13, 2, 14, 2], [14, 2, 10, 5], [10, 5, 11, 6], [11, 6, 11, 7], [11, 7, 7, 3], [7, 3, 8, 4], [8, 4, 4, 8], [4, 8, 0, 9], [0, 9, 1, 10], [1, 10, 2, 11], [2, 11, 3, 12], [3, 12, 4, 13], [4, 13, 0, 14], [0, 14, 1, 14], [1, 14, 0, 15], [0, 15, 1, 16], [1, 16, 2, 16], [2, 16, 3, 17], [3, 17, 4, 18], [4, 18, 5, 17], [5, 17, 6, 16], [6, 16, 7, 16], [7, 16, 8, 16], [8, 16, 9, 16], [9, 16, 10, 17], [10, 17, 6, 21], [6, 21, 2, 21], [2, 21, 3, 20], [3, 20, 4, 19], [4, 19, 5, 19], [5, 19, 6, 18], [6, 18, 7, 17], [7, 17, 8, 18], [8, 18, 9, 18], [9, 18, 7, 20], [7, 20, 3, 16], [3, 16, 4, 16], [4, 16, 0, 17], [0, 17, 1, 18], [1, 18, 2, 17], [2, 17, 3, 18], [3, 18, 4, 17], [4, 17, 5, 18], [5, 18, 6, 17], [6, 17, 7, 18], [7, 18, 8, 19], [8, 19, 5, 22], [5, 22, 6, 22], [6, 22, 7, 23], [7, 23, 8, 23], [8, 23, 9, 24], [9, 24, 10, 24], [10, 24, 11, 23], [11, 23, 12, 22], [12, 22, 13, 22], [13, 22, 14, 22], [14, 22, 10, 26], [10, 26, 7, 26], [7, 26, 8, 25], [8, 25, 9, 26], [9, 26, 10, 27], [10, 27, 6, 31], [6, 31, 7, 31], [7, 31, 8, 30], [8, 30, 9, 31], [9, 31, 10, 30], [10, 30, 11, 30], [11, 30, 12, 31], [12, 31, 13, 30], [13, 30, 14, 30]]}
META {"type": "geom", "shape": "tile", "group": "path", "data": [[14, 1], [13, 1], [13, 2], [12, 2], [13, 2], [13, 3], [14, 3], [14, 4], [13, 4], [13, 3], [12, 3], [12, 2], [11, 2], [11, 1], [10, 1], [10, 0], [11, 0], [12, 0], [12, 1], [13, 1], [13, 2], [14, 2], [13, 2], [13, 3], [12, 3], [12, 4], [11, 4], [11, 5], [10, 5], [11, 5], [11, 6], [11, 7], [10, 7], [10, 6], [9, 6], [9, 5], [8, 5], [8, 4], [7, 4], [7, 3], [8, 3], [8, 4], [7, 4], [7, 5], [6, 5], [6, 6], [5, 6], [5, 7], [4, 7], [4, 8], [3, 8], [2, 8], [1, 8], [0, 8], [0, 9], [1, 9], [1, 10], [2, 10], [2, 11], [3, 11], [3, 12], [4, 12], [4, 13], [3, 13], [2, 13], [1, 13], [0, 13], [0, 14], [1, 14], [0, 14], [0, 15], [1, 15], [1, 16], [2, 16], [3, 16], [3, 17], [4, 17], [4, 18], [5, 18], [5, 17], [6, 17], [6, 16], [7, 16], [8, 16], [9, 16], [10, 16], [10, 17], [9, 17], [9, 18], [8, 18], [8, 19], [7, 19], [7, 20], [6, 20], [6, 21], [5, 21], [4, 21], [3, 21], [2, 21], [3, 21], [3, 20], [4, 20], [4, 19], [5, 19], [6, 19], [6, 18], [7, 18], [7, 17], [8, 17], [8, 18], [9, 18], [8, 18], [8, 19], [7, 19], [7, 20], [6, 20], [6, 19], [5, 19], [5, 18], [4, 18], [4, 17], [3, 17], [3, 16], [4, 16], [3, 16], [2, 16], [1, 16], [0, 16], [0, 17], [1, 17], [1, 18], [2, 18], [2, 17], [3, 17], [3, 18], [4, 18], [4, 17], [5, 17], [5, 18], [6, 18], [6, 17], [7, 17], [7, 18], [8, 18], [8, 19], [7, 19], [7, 20], [6, 20], [6, 21], [5, 21], [5, 22], [6, 22], [7, 22], [7, 23], [8, 23], [9, 23], [9, 24], [10, 24], [11, 24], [11, 23], [12, 23], [12, 22], [13, 22], [14, 22], [13, 22], [13, 23], [12, 23], [12, 24], [11, 24], [11, 25], [10, 25], [10, 26], [9, 26], [8, 26], [7, 26], [8, 26], [8, 25], [9, 25], [9, 26], [10, 26], [10, 27], [9, 27], [9, 28], [8, 28], [8, 29], [7, 29], [7, 30], [6, 30], [6, 31], [7, 31], [8, 31], [8, 30], [9, 30], [9, 31], [10, 31], [10, 30], [11, 30], [12, 30], [12, 31], [13, 31], [13, 30], [14, 30]]}
META {"type": "geom", "shape": "line", "group": "offpath", "data": [[14, 24, 14, 23], [14, 23, 14, 24], [14, 6, 12, 4], [14, 5, 14, 6], [14, 0, 12, 0], [14, 12, 10, 15], [14, 13, 13, 12], [14, 31, 11, 28], [14, 29, 10, 28], [14, 3, 11, 5], [14, 9, 11, 12], [6, 9, 7, 8], [2, 26, 0, 26], [2, 23, 3, 22], [2, 27, 3, 28], [2, 3, 3, 4], [2, 25, 3, 24], [7, 4, 8, 5], [7, 8, 8, 9], [12, 30, 13, 31], [12, 5, 13, 6], [12, 15, 8, 12], [12, 0, 13, 1], [12, 12, 13, 13], [12, 4, 13, 4], [12, 29, 13, 28], [12, 9, 13, 9], [13, 1, 14, 0], [13, 28, 14, 29], [13, 6, 14, 5], [13, 12, 14, 13], [13, 4, 14, 3], [13, 13, 14, 12], [13, 31, 14, 31], [13, 9, 14, 9], [8, 5, 9, 6], [8, 12, 9, 12], [8, 9, 9, 8], [1, 26, 2, 25], [1, 22, 2, 23], [1, 4, 2, 3], [1, 27, 2, 27], [1, 25, 2, 26], [5, 26, 1, 22], [5, 28, 3, 27], [5, 27, 1, 26], [11, 28, 12, 29], [11, 5, 12, 5], [11, 15, 12, 15], [11, 12, 12, 12], [11, 8, 7, 4], [11, 29, 12, 30], [11, 9, 12, 9], [4, 26, 5, 27], [4, 5, 0, 5], [4, 29, 5, 28], [4, 25, 5, 26], [3, 24, 4, 25], [3, 28, 4, 29], [3, 22, 0, 24], [3, 4, 4, 5], [3, 27, 4, 26], [0, 26, 1, 27], [0, 24, 1, 25], [0, 5, 1, 4], [10, 28, 11, 29], [10, 15, 11, 15], [10, 7, 11, 8], [10, 9, 11, 9], [9, 6, 10, 7], [9, 12, 6, 9], [9, 8, 10, 9]]}
