--------------------------------
--------------------------------
-------------Q------------XQQX--
----------Q---------------------
--------------------------------
-----------------X--XQX-----XX--
----------X---------------------
-------X------X-----------------
-------------XX--<>-------------
------------XXX--[]-------------
-----------XXXX--[]-------------
----------XXXXX--[]-------------
---------XXXXXX--[]-------------
--------XXXXXXX--[]-------------
-{-----XXXXXXXX--[]-----------}-
XXXXXXXXXXXXXXXXXXXXXXXXX--XXXXX
META {"type": "solver", "id": "pysat-rc2", "objective": 0}
META {"type": "geom", "shape": "path", "group": "path", "data": [[14, 1, 12, 1], [12, 1, 13, 1], [13, 1, 14, 0], [14, 0, 11, 3], [11, 3, 12, 2], [12, 2, 13, 3], [13, 3, 14, 4], [14, 4, 12, 5], [12, 5, 13, 6], [13, 6, 14, 5], [14, 5, 12, 7], [12, 7, 13, 7], [13, 7, 9, 8], [9, 8, 10, 8], [10, 8, 11, 8], [11, 8, 12, 8], [12, 8, 9, 11], [9, 11, 7, 13], [7, 13, 3, 16], [3, 16, 4, 17], [4, 17, 0, 17], [0, 17, 1, 18], [1, 18, 2, 18], [2, 18, 3, 19], [3, 19, 4, 20], [4, 20, 0, 20], [0, 20, 1, 20], [1, 20, 2, 19], [2, 19, 3, 18], [3, 18, 4, 19], [4, 19, 5, 19], [5, 19, 6, 19], [6, 19, 7, 18], [7, 18, 7, 17], [7, 17, 3, 21], [3, 21, 4, 21], [4, 21, 0, 22], [0, 22, 1, 23], [1, 23, 2, 22], [2, 22, 3, 22], [3, 22, 4, 23], [4, 23, 5, 23], [5, 23, 6, 23], [6, 23, 7, 24], [7, 24, 8, 25], [8, 25, 9, 26], [9, 26, 10, 27], [10, 27, 11, 28], [11, 28, 12, 28], [12, 28, 13, 28], [13, 28, 14, 29], [14, 29, 10, 30], [10, 30, 11, 31], [11, 31, 12, 31], [12, 31, 13, 31], [13, 31, 14, 31], [14, 31, 13, 30], [13, 30, 14, 30]]}
META {"type": "geom", "shape": "tile", "group": "path", "data": [[14, 1], [13, 1], [12, 1], [13, 1], [14, 1], [14, 0], [13, 0], [13, 1], [12, 1], [12, 2], [11, 2], [11, 3], [12, 3], [12, 2], [13, 2], [13, 3], [14, 3], [14, 4], [13, 4], [13, 5], [12, 5], [13, 5], [13, 6], [14, 6], [14, 5], [13, 5], [13, 6], [12, 6], [12, 7], [13, 7], [12, 7], [11, 7], [10, 7], [9, 7], [9, 8], [10, 8], [11, 8], [12, 8], [11, 8], [11, 9], [10, 9], [10, 10], [9, 10], [9, 11], [8, 11], [8, 12], [7, 12], [7, 13], [6, 13], [6, 14], [5, 14], [5, 15], [4, 15], [4, 16], [3, 16], [4, 16], [4, 17], [3, 17], [2, 17], [1, 17], [0, 17], [1, 17], [1, 18], [2, 18], [3, 18], [3, 19], [4, 19], [4, 20], [3, 20], [2, 20], [1, 20], [0, 20], [1, 20], [2, 20], [2, 19], [3, 19], [3, 18], [4, 18], [4, 19], [5, 19], [6, 19], [7, 19], [7, 18], [7, 17], [6, 17], [6, 18], [5, 18], [5, 19], [4, 19], [4, 20], [3, 20], [3, 21], [4, 21], [3, 21], [2, 21], [1, 21], [0, 21], [0, 22], [1, 22], [1, 23], [2, 23], [2, 22], [3, 22], [4, 22], [4, 23], [5, 23], [6, 23], [7, 23], [7, 24], [8, 24], [8, 25], [9, 25], [9, 26], [10, 26], [10, 27], [11, 27], [11, 28], [12, 28], [13, 28], [14, 28], [14, 29], [13, 29], [12, 29], [11, 29], [10, 29], [10, 30], [11, 30], [11, 31], [12, 31], [13, 31], [14, 31], [13, 31], [13, 30], [14, 30]]}
META {"type": "geom", "shape": "line", "group": "offpath", "data": [[0, 28, 1, 29], [0, 12, 1, 13], [4, 9, 5, 8], [4, 29, 1, 31], [4, 13, 5, 13], [4, 15, 5, 14], [4, 11, 5, 10], [7, 12, 8, 12], [6, 7, 4, 9], [6, 14, 2, 10], [6, 13, 7, 12], [8, 12, 4, 15], [14, 19, 11, 21], [14, 23, 14, 24], [14, 28, 11, 30], [14, 24, 12, 22], [14, 21, 11, 23], [14, 20, 13, 19], [14, 2, 12, 3], [12, 3, 13, 2], [12, 23, 13, 22], [12, 30, 13, 29], [12, 22, 13, 23], [12, 21, 13, 21], [11, 23, 12, 23], [11, 30, 12, 30], [11, 21, 12, 21], [3, 30, 4, 29], [3, 13, 4, 13], [13, 19, 14, 19], [13, 23, 14, 23], [13, 29, 14, 28], [13, 22, 14, 21], [13, 21, 14, 20], [13, 2, 14, 2], [2, 31, 3, 30], [2, 10, 1, 11], [2, 12, 3, 13], [5, 10, 4, 11], [5, 14, 6, 14], [5, 13, 6, 13], [5, 8, 6, 7], [1, 31, 2, 31], [1, 29, 1, 28], [1, 28, 0, 28], [1, 13, 0, 12], [1, 11, 2, 12]]}
