XXXXXXXXXXXXXXXX
XXXXXXXXXXXXXXXX
XXXXX-XXX}XXXXXX
XXX---XXX-XXXXXX
XX---X----XXXXXX
XX##-XXXX-XXX-XX
XX---XXXX-----XX
XX-XXXXXX-----XX
XX-XXXXX----#-XX
XX-XXXXX##----XX
XX---XXX---X--XX
XXX-------XX--XX
XXX-#------XXXXX
XXX---XX----XXXX
XX-#---X-----XXX
XX---X--XXXX-XXX
XX--XX---XXX--XX
XX---X-#-XXX--XX
XXX------XXX--XX
XXX-#---------XX
XXX----#--X---XX
XX---#----XXXXXX
XX-#-------XXXXX
XX----#----XXXXX
XXX-----XXXXXXXX
XXX-----XXXXXXXX
XXX##---XXXXXXXX
XXX--#-------XXX
XXX-----------XX
XXXXX-X-{-XX--XX
XXXXXXXXXXXXXXXX
XXXXXXXXXXXXXXXX
META {"type": "solver", "id": "pysat-rc2", "objective": 0}
META {"type": "geom", "shape": "path", "group": "path", "data": [[29, 8, 27, 8], [27, 8, 27, 12], [27, 12, 27, 6], [27, 6, 28, 6], [28, 6, 24, 6], [24, 6, 24, 7], [24, 7, 24, 3], [24, 3, 23, 3], [23, 3, 23, 2], [23, 2, 21, 2], [21, 2, 21, 4], [21, 4, 25, 4], [25, 4, 25, 3], [25, 3, 25, 7], [25, 7, 21, 7], [21, 7, 21, 9], [21, 9, 19, 9], [19, 9, 19, 13], [19, 13, 20, 13], [20, 13, 16, 13], [16, 13, 16, 12], [16, 12, 20, 12], [20, 12, 14, 12], [14, 12, 14, 8], [14, 8, 10, 8], [10, 8, 10, 10], [10, 10, 6, 10], [6, 10, 6, 9], [6, 9, 8, 9], [8, 9, 2, 9]]}
META {"type": "geom", "shape": "tile", "group": "path", "data": [[29, 8], [28, 8], [27, 8], [27, 9], [27, 10], [27, 11], [27, 12], [27, 11], [27, 10], [27, 9], [27, 8], [27, 7], [27, 6], [28, 6], [27, 6], [26, 6], [25, 6], [24, 6], [24, 7], [24, 6], [24, 5], [24, 4], [24, 3], [23, 3], [23, 2], [22, 2], [21, 2], [21, 3], [21, 4], [22, 4], [23, 4], [24, 4], [25, 4], [25, 3], [25, 4], [25, 5], [25, 6], [25, 7], [24, 7], [23, 7], [22, 7], [21, 7], [21, 8], [21, 9], [20, 9], [19, 9], [19, 10], [19, 11], [19, 12], [19, 13], [20, 13], [19, 13], [18, 13], [17, 13], [16, 13], [16, 12], [17, 12], [18, 12], [19, 12], [20, 12], [19, 12], [18, 12], [17, 12], [16, 12], [15, 12], [14, 12], [14, 11], [14, 10], [14, 9], [14, 8], [13, 8], [12, 8], [11, 8], [10, 8], [10, 9], [10, 10], [9, 10], [8, 10], [7, 10], [6, 10], [6, 9], [7, 9], [8, 9], [7, 9], [6, 9], [5, 9], [4, 9], [3, 9], [2, 9]]}
META {"type": "geom", "shape": "line", "group": "offpath", "data": [[27, 3, 27, 4], [27, 11, 28, 11], [27, 4, 28, 4], [9, 13, 5, 13], [9, 12, 9, 13], [14, 6, 14, 4], [14, 4, 13, 4], [13, 4, 15, 4], [6, 12, 7, 12], [12, 6, 11, 6], [28, 3, 27, 3], [28, 5, 29, 5], [28, 11, 27, 11], [28, 13, 29, 13], [28, 4, 28, 3], [16, 6, 22, 6], [16, 8, 16, 6], [4, 3, 4, 4], [4, 4, 3, 4], [3, 3, 4, 3], [3, 5, 3, 3], [3, 4, 3, 5], [11, 3, 11, 9], [11, 9, 11, 3], [11, 6, 12, 6], [11, 13, 11, 12], [11, 12, 9, 12], [19, 7, 18, 7], [17, 4, 18, 4], [17, 2, 17, 4], [15, 6, 15, 7], [15, 7, 15, 6], [15, 4, 15, 2], [15, 2, 17, 2], [29, 9, 29, 7], [29, 7, 29, 9], [29, 5, 28, 5], [29, 13, 28, 13], [26, 5, 22, 5], [18, 7, 19, 7], [18, 8, 16, 8], [18, 5, 20, 5], [18, 4, 18, 8], [5, 13, 11, 13], [20, 6, 14, 6], [20, 5, 18, 5], [20, 4, 20, 6], [7, 12, 6, 12], [22, 6, 22, 4], [22, 5, 26, 5], [22, 4, 20, 4]]}
