XXXXXXXXXXXXXXXX
X0---XX--XX--1XX
XXX----X-XX-XXXX
XXX----X----XXXX
X---XX-X-XX--XXX
X---XX---XX----X
XX----------XX-X
X----------XXXXX
X----------XXXXX
X-------XXX-XX-X
XX-----X-------X
X--X--X-XX-----X
XXXXXXXXXXXXXXXX
XXXXXXXXXXXXXXXX
X2------XX----3X
XXXXXXXXXXXXXXXX
META {"type": "solver", "id": "pysat-rc2", "objective": 0}
META {"type": "geom", "shape": "path", "group": "path", "data": [[1, 1, 1, 2], [1, 2, 1, 3], [1, 3, 2, 3], [2, 3, 3, 3], [3, 3, 4, 3], [4, 3, 4, 2], [4, 2, 5, 2], [5, 2, 6, 2], [6, 2, 6, 3], [6, 3, 6, 4], [6, 4, 7, 4], [7, 4, 7, 5], [7, 5, 6, 5], [6, 5, 6, 6], [6, 6, 7, 6], [7, 6, 7, 7], [7, 7, 7, 8], [7, 8, 8, 8], [8, 8, 8, 9], [8, 9, 8, 10], [8, 10, 7, 10], [7, 10, 6, 10], [6, 10, 6, 11], [6, 11, 5, 11], [5, 11, 4, 11], [4, 11, 3, 11], [3, 11, 2, 11], [2, 11, 1, 11], [1, 11, 1, 12], [1, 12, 1, 13]]}
META {"type": "geom", "shape": "tile", "group": "path", "data": [[1, 1], [1, 2], [1, 3], [2, 3], [3, 3], [4, 3], [4, 2], [5, 2], [6, 2], [6, 3], [6, 4], [7, 4], [7, 5], [6, 5], [6, 6], [7, 6], [7, 7], [7, 8], [8, 8], [8, 9], [8, 10], [7, 10], [6, 10], [6, 11], [5, 11], [4, 11], [3, 11], [2, 11], [1, 11], [1, 12], [1, 13]]}
META {"type": "geom", "shape": "line", "group": "offpath", "data": [[9, 7, 8, 7], [9, 3, 9, 4], [9, 2, 9, 1], [9, 1, 9, 2], [9, 4, 9, 3], [9, 5, 10, 5], [9, 6, 8, 6], [7, 3, 7, 2], [7, 2, 7, 3], [4, 6, 5, 6], [4, 12, 5, 12], [5, 14, 6, 14], [5, 6, 4, 6], [5, 12, 4, 12], [11, 2, 10, 2], [11, 4, 11, 5], [11, 5, 11, 4], [11, 13, 11, 12], [11, 12, 10, 12], [11, 10, 10, 10], [6, 14, 5, 14], [8, 7, 9, 7], [8, 4, 8, 5], [8, 5, 8, 4], [8, 6, 9, 6], [3, 4, 3, 5], [3, 5, 3, 4], [3, 6, 2, 6], [10, 2, 11, 2], [10, 9, 10, 8], [10, 5, 9, 5], [10, 8, 10, 9], [10, 13, 11, 13], [10, 12, 10, 13], [10, 10, 11, 10], [2, 6, 3, 6]]}
