XXXXXXXXXXXXXXXX
XX0--XX---XX--1X
XXXXXXXX--XX-XXX
XXXXXXXX-----XXX
X----XX--------X
XX-----XXXX-X-XX
X-----X----X---X
XX--XX-XXX-X--XX
XXX-XX-----X--XX
XXX-XX-----X--XX
XX-X---XXXX-XXXX
X-X---XXXXXXXXXX
XXXXX-XXXXXXXXXX
XXXXX--XX--XXXXX
X2------------3X
XXXXXXXXXXXXXXXX
META {"type": "solver", "id": "pysat-rc2", "objective": 0}
META {"type": "geom", "shape": "path", "group": "path", "data": [[14, 1, 14, 2], [14, 2, 14, 3], [14, 3, 14, 4], [14, 4, 14, 5], [14, 5, 13, 5], [13, 5, 13, 6], [13, 6, 14, 6], [14, 6, 14, 7], [14, 7, 14, 8], [14, 8, 14, 9], [14, 9, 13, 9], [13, 9, 13, 10], [13, 10, 14, 10], [14, 10, 14, 11], [14, 11, 14, 12], [14, 12, 14, 13], [14, 13, 14, 14]]}
META {"type": "geom", "shape": "tile", "group": "path", "data": [[14, 1], [14, 2], [14, 3], [14, 4], [14, 5], [13, 5], [13, 6], [14, 6], [14, 7], [14, 8], [14, 9], [13, 9], [13, 10], [14, 10], [14, 11], [14, 12], [14, 13], [14, 14]]}
META {"type": "geom", "shape": "line", "group": "offpath", "data": [[7, 6, 8, 6], [7, 3, 7, 2], [7, 2, 7, 3], [7, 12, 8, 12], [5, 5, 5, 6], [5, 6, 5, 5], [4, 13, 4, 12], [4, 12, 4, 13], [1, 7, 1, 8], [1, 8, 1, 7], [9, 3, 8, 3], [9, 10, 8, 10], [6, 5, 6, 4], [6, 7, 6, 8], [6, 13, 6, 12], [6, 4, 6, 5], [6, 12, 6, 13], [6, 8, 6, 7], [8, 6, 7, 6], [8, 3, 9, 3], [8, 10, 9, 10], [8, 12, 7, 12], [10, 5, 10, 4], [10, 4, 10, 5]]}
