XXXXXXXXXXXXXXXX
X0-XX-XX-XX--XXX
XXX--------X--1X
XXXXX-XXXXXXXXXX
XXXXX-XXXXXXXXXX
X----X---------X
X-X-----X-XXXX-X
X-----XXXXXXXXXX
X-----XXXXXXXXXX
XX----------XX-X
XX------XXX---XX
XX--XX-X-------X
XXX-XX-X--XX-XXX
XXX-XX-X--XX-XXX
X2--XX----XX--3X
XXXXXXXXXXXXXXXX
META {"type": "solver", "id": "pysat-rc2", "objective": 0}
META {"type": "geom", "shape": "path", "group": "path", "data": [[14, 1, 14, 2], [14, 2, 14, 3], [14, 3, 13, 3], [13, 3, 12, 3], [12, 3, 11, 3], [11, 3, 10, 3], [10, 3, 10, 4], [10, 4, 10, 5], [10, 5, 10, 6], [10, 6, 9, 6], [9, 6, 9, 7], [9, 7, 9, 8], [9, 8, 9, 9], [9, 9, 9, 10], [9, 10, 9, 11], [9, 11, 10, 11], [10, 11, 11, 11], [11, 11, 11, 12], [11, 12, 12, 12], [12, 12, 13, 12], [13, 12, 14, 12], [14, 12, 14, 13], [14, 13, 14, 14]]}
META {"type": "geom", "shape": "tile", "group": "path", "data": [[14, 1], [14, 2], [14, 3], [13, 3], [12, 3], [11, 3], [10, 3], [10, 4], [10, 5], [10, 6], [9, 6], [9, 7], [9, 8], [9, 9], [9, 10], [9, 11], [10, 11], [11, 11], [11, 12], [12, 12], [13, 12], [14, 12], [14, 13], [14, 14]]}
META {"type": "geom", "shape": "line", "group": "offpath", "data": [[7, 1, 7, 2], [7, 2, 7, 1], [12, 6, 11, 6], [12, 8, 11, 8], [9, 5, 9, 4], [9, 4, 9, 5], [9, 2, 9, 3], [9, 3, 9, 2], [11, 10, 11, 9], [11, 9, 11, 10], [11, 6, 12, 6], [11, 8, 12, 8]]}
