XXXXXXXXXXXXXXXX
X0------XX--X-1X
XXX-XXXXXXXX-XXX
XXXXXXXXXXXX-XXX
XXXXXXXXXX---XXX
XX--XX-XX---X--X
XXX---------X--X
XXX----XX---X-XX
X--X--XXXXX-X--X
X---X-XXXXX-X-XX
XX--X------X---X
X---X-------X--X
XXX----XXX---XXX
XXX----------XXX
X2--XX-XX-----3X
XXXXXXXXXXXXXXXX
META {"type": "solver", "id": "pysat-rc2", "objective": 0}
META {"type": "geom", "shape": "path", "group": "path", "data": [[14, 1, 14, 2], [14, 2, 14, 3], [14, 3, 13, 3], [13, 3, 13, 4], [13, 4, 13, 5], [13, 5, 13, 6], [13, 6, 13, 7], [13, 7, 13, 8], [13, 8, 13, 9], [13, 9, 13, 10], [13, 10, 14, 10], [14, 10, 14, 11], [14, 11, 14, 12], [14, 12, 14, 13], [14, 13, 14, 14]]}
META {"type": "geom", "shape": "tile", "group": "path", "data": [[14, 1], [14, 2], [14, 3], [13, 3], [13, 4], [13, 5], [13, 6], [13, 7], [13, 8], [13, 9], [13, 10], [14, 10], [14, 11], [14, 12], [14, 13], [14, 14]]}
META {"type": "geom", "shape": "line", "group": "offpath", "data": [[10, 3, 9, 3], [10, 6, 11, 6], [10, 5, 10, 6], [12, 12, 13, 12], [12, 6, 12, 5], [12, 5, 11, 5], [9, 3, 10, 3], [6, 4, 7, 4], [6, 3, 6, 4], [6, 11, 6, 10], [6, 10, 6, 11], [13, 12, 12, 12], [7, 4, 7, 3], [7, 3, 6, 3], [1, 6, 1, 5], [1, 5, 1, 6], [11, 2, 11, 1], [11, 1, 11, 2], [11, 6, 12, 6], [11, 5, 10, 5]]}
