XXXXXXXXXXXXXXXX
X0-------XX---1X
XXX---X-----XXXX
XXX-X-X-XXX-XXXX
X-----X--------X
X--X--X--------X
X-----------XX-X
XXXXXXXXXXXXXXXX
XXXXXXXXXXXXXXXX
XXXXXXXXXXXXXXXX
X-XX--XXX-XX---X
X-----XXX------X
XXXX------XX-XXX
XXXX-X----XX-XXX
X2-----XX-XX--3X
XXXXXXXXXXXXXXXX
META {"type": "solver", "id": "pysat-rc2", "objective": 0}
META {"type": "geom", "shape": "path", "group": "path", "data": [[1, 1, 1, 2], [1, 2, 1, 3], [1, 3, 1, 4], [1, 4, 1, 5], [1, 5, 1, 6], [1, 6, 1, 7], [1, 7, 1, 8], [1, 8, 2, 8], [2, 8, 2, 9], [2, 9, 2, 10], [2, 10, 2, 11], [2, 11, 1, 11], [1, 11, 1, 12], [1, 12, 1, 13], [1, 13, 1, 14]]}
META {"type": "geom", "shape": "path", "group": "path", "data": [[14, 1, 14, 2], [14, 2, 14, 3], [14, 3, 14, 4], [14, 4, 13, 4], [13, 4, 12, 4], [12, 4, 12, 5], [12, 5, 12, 6], [12, 6, 12, 7], [12, 7, 12, 8], [12, 8, 12, 9], [12, 9, 11, 9], [11, 9, 11, 10], [11, 10, 11, 11], [11, 11, 11, 12], [11, 12, 12, 12], [12, 12, 13, 12], [13, 12, 14, 12], [14, 12, 14, 13], [14, 13, 14, 14]]}
META {"type": "geom", "shape": "tile", "group": "reachable", "data": [[1, 1], [1, 2], [1, 3], [2, 3], [1, 4], [2, 4], [1, 5], [3, 3], [2, 5], [1, 6], [4, 3], [1, 7], [3, 5], [4, 2], [4, 4], [2, 7], [1, 8], [4, 5], [5, 2], [4, 1], [5, 4], [2, 8], [3, 7], [5, 5], [5, 1], [6, 2], [6, 4], [2, 9], [4, 7], [6, 5], [6, 1], [6, 3], [2, 10], [5, 7], [4, 8], [6, 6], [2, 11], [5, 8], [4, 9], [6, 7], [1, 11], [3, 11], [5, 9], [4, 10], [6, 8], [1, 12], [4, 11], [5, 10], [6, 9], [1, 13], [5, 11], [4, 12], [6, 10], [5, 12], [4, 13], [6, 11], [5, 13], [4, 14], [5, 14], [6, 14]]}
