XXXXXXXXXXXXXXXX
XXXXX-------1XXX
X0----X---XXXXXX
XXXXXX----XXXXXX
XXXXXX-XXX-----X
XXXXXX-XXX-XXX-X
X-XXX-X--------X
XXXXXXXXX------X
XXXXXXXXX------X
X-XX-----------X
X-XX-XXX-X-----X
X--------X-----X
XXX-XX-X-X---XXX
XXX-XX-------XXX
X2--XX---XX---3X
XXXXXXXXXXXXXXXX
META {"type": "solver", "id": "pysat-rc2", "objective": 0}
META {"type": "geom", "shape": "path", "group": "path", "data": [[2, 1, 2, 2], [2, 2, 2, 3], [2, 3, 2, 4], [2, 4, 2, 5], [2, 5, 1, 5], [1, 5, 1, 6], [1, 6, 1, 7], [1, 7, 1, 8], [1, 8, 1, 9], [1, 9, 1, 10], [1, 10, 1, 11], [1, 11, 1, 12]]}
META {"type": "geom", "shape": "path", "group": "path", "data": [[14, 1, 14, 2], [14, 2, 14, 3], [14, 3, 13, 3], [13, 3, 12, 3], [12, 3, 11, 3], [11, 3, 11, 4], [11, 4, 11, 5], [11, 5, 11, 6], [11, 6, 11, 7], [11, 7, 11, 8], [11, 8, 12, 8], [12, 8, 13, 8], [13, 8, 13, 9], [13, 9, 13, 10], [13, 10, 13, 11], [13, 11, 13, 12], [13, 12, 14, 12], [14, 12, 14, 13], [14, 13, 14, 14]]}
META {"type": "geom", "shape": "tile", "group": "reachable", "data": [[2, 1], [2, 2], [2, 3], [2, 4], [2, 5], [1, 5], [1, 6], [1, 7], [2, 7], [1, 8], [2, 8], [1, 9], [3, 7], [2, 9], [1, 10], [3, 8], [3, 6], [1, 11], [3, 9], [4, 6], [5, 6]]}
