--------------------------------
--------------------------------
--------------------------------
--------------------------------
------------XX------------------
---Q-----Q-------X--------XXX---
----------------------XX--------
--------------------------------
------XX--X-----XX----XX--------
-----------------------------X--
--------------------------------
---Q-------<>----------X--------
-----------[]--X-----------X----
-------XX--[]------XX-----XX----
-{----XXX--[]-----XXX----XXX--}-
XXXXXXXXXXXXXXXXXXXXXXXXXXXXXXXX
META {"type": "solver", "id": "pysat-rc2", "objective": 0}
META {"type": "geom", "shape": "path", "group": "path", "data": [[14, 1, 12, 3], [12, 3, 13, 2], [13, 2, 14, 3], [14, 3, 10, 7], [10, 7, 11, 8], [11, 8, 12, 9], [12, 9, 13, 10], [13, 10, 14, 9], [14, 9, 14, 10], [14, 10, 10, 11], [10, 11, 6, 15], [6, 15, 7, 15], [7, 15, 8, 15], [8, 15, 9, 16], [9, 16, 10, 16], [10, 16, 11, 17], [11, 17, 12, 18], [12, 18, 13, 18], [13, 18, 9, 21], [9, 21, 10, 21], [10, 21, 11, 21], [11, 21, 12, 22], [12, 22, 13, 23], [13, 23, 14, 24], [14, 24, 13, 25], [13, 25, 10, 27], [10, 27, 11, 28], [11, 28, 12, 28], [12, 28, 13, 28], [13, 28, 14, 29], [14, 29, 11, 31], [11, 31, 12, 31], [12, 31, 13, 30], [13, 30, 14, 31], [14, 31, 13, 31], [13, 31, 14, 30]]}
META {"type": "geom", "shape": "tile", "group": "path", "data": [[14, 1], [13, 1], [13, 2], [12, 2], [12, 3], [13, 3], [13, 2], [14, 2], [14, 3], [13, 3], [13, 4], [12, 4], [12, 5], [11, 5], [11, 6], [10, 6], [10, 7], [11, 7], [11, 8], [12, 8], [12, 9], [13, 9], [13, 10], [14, 10], [14, 9], [14, 10], [13, 10], [12, 10], [11, 10], [10, 10], [10, 11], [9, 11], [9, 12], [8, 12], [8, 13], [7, 13], [7, 14], [6, 14], [6, 15], [7, 15], [8, 15], [9, 15], [9, 16], [10, 16], [11, 16], [11, 17], [12, 17], [12, 18], [13, 18], [12, 18], [12, 19], [11, 19], [11, 20], [10, 20], [10, 21], [9, 21], [10, 21], [11, 21], [12, 21], [12, 22], [13, 22], [13, 23], [14, 23], [14, 24], [13, 24], [13, 25], [12, 25], [12, 26], [11, 26], [11, 27], [10, 27], [11, 27], [11, 28], [12, 28], [13, 28], [14, 28], [14, 29], [13, 29], [13, 30], [12, 30], [12, 31], [11, 31], [12, 31], [13, 31], [13, 30], [14, 30], [14, 31], [13, 31], [14, 31], [14, 30]]}
META {"type": "geom", "shape": "line", "group": "offpath", "data": [[1, 10, 2, 10], [1, 6, 2, 5], [1, 23, 2, 22], [1, 19, 2, 18], [1, 14, 2, 13], [1, 22, 2, 23], [1, 12, 2, 12], [9, 26, 10, 26], [9, 23, 10, 22], [9, 13, 10, 14], [9, 24, 10, 25], [9, 12, 10, 12], [14, 0, 11, 0], [14, 23, 11, 20], [14, 13, 12, 13], [14, 14, 10, 13], [14, 28, 10, 29], [14, 22, 10, 23], [14, 4, 12, 4], [14, 2, 10, 3], [14, 17, 10, 17], [14, 16, 13, 17], [14, 5, 11, 7], [13, 1, 14, 2], [13, 29, 14, 28], [13, 0, 14, 0], [13, 13, 14, 13], [13, 14, 14, 14], [13, 21, 14, 22], [13, 4, 14, 5], [13, 24, 14, 23], [13, 17, 14, 17], [13, 16, 14, 16], [13, 5, 14, 4], [6, 11, 7, 10], [6, 24, 7, 25], [6, 12, 7, 11], [6, 8, 7, 7], [6, 16, 7, 17], [6, 7, 7, 6], [5, 13, 6, 12], [5, 22, 1, 19], [5, 15, 6, 16], [5, 24, 6, 24], [5, 12, 6, 11], [5, 8, 6, 7], [7, 10, 5, 12], [7, 11, 8, 12], [7, 6, 4, 8], [7, 28, 8, 29], [7, 25, 8, 26], [7, 17, 3, 13], [7, 16, 4, 14], [7, 7, 6, 8], [4, 9, 1, 12], [4, 3, 0, 6], [4, 14, 5, 13], [4, 28, 0, 24], [4, 21, 5, 22], [4, 25, 5, 24], [4, 15, 5, 15], [4, 17, 0, 21], [4, 8, 5, 8], [0, 11, 1, 10], [0, 6, 1, 6], [0, 14, 1, 14], [0, 21, 1, 22], [0, 24, 1, 23], [3, 10, 4, 9], [3, 13, 0, 11], [3, 14, 4, 15], [3, 21, 4, 21], [3, 4, 4, 3], [3, 24, 4, 25], [3, 12, 0, 14], [3, 17, 4, 17], [12, 29, 13, 29], [12, 0, 13, 0], [12, 26, 8, 25], [12, 23, 13, 24], [12, 19, 11, 19], [12, 13, 13, 13], [12, 14, 13, 14], [12, 21, 13, 21], [12, 4, 13, 4], [12, 2, 13, 1], [12, 17, 13, 16], [12, 8, 12, 7], [12, 7, 10, 5], [12, 5, 13, 5], [2, 10, 3, 10], [2, 23, 3, 24], [2, 13, 3, 14], [2, 18, 3, 17], [2, 22, 3, 21], [2, 12, 3, 12], [2, 5, 3, 4], [11, 20, 12, 21], [11, 0, 12, 0], [11, 26, 12, 26], [11, 30, 12, 29], [11, 19, 12, 19], [11, 14, 12, 14], [11, 27, 7, 28], [11, 18, 12, 17], [11, 22, 12, 23], [11, 4, 12, 5], [11, 2, 12, 2], [11, 15, 7, 16], [11, 7, 12, 8], [8, 29, 4, 28], [8, 11, 9, 12], [8, 26, 9, 26], [8, 25, 9, 24], [8, 12, 9, 13], [10, 29, 11, 30], [10, 3, 10, 2], [10, 26, 11, 27], [10, 23, 9, 23], [10, 13, 11, 14], [10, 14, 11, 15], [10, 22, 11, 22], [10, 25, 11, 26], [10, 2, 11, 2], [10, 12, 8, 11], [10, 17, 11, 18], [10, 5, 11, 4]]}
