--------------------------------
--------------------------------
--------------------------------
--------------------------------
--------------------------------
--------------------------------
--------------------------------
--------------------------------
--------------X--------X--------
---------X----------------------
--------------------------------
--X---------------Q----XX-------
------<>--X--X--------XXX--Q----
------[]-----XX------XXXX-------
-{----[]-----XXX----XXXXX-----}-
XXXXXXXXXXXXXXXXXXXXXXXXXXXXXXXX
META {"type": "solver", "id": "pysat-rc2-boolonly", "objective": 0}
META {"type": "geom", "shape": "path", "group": "path", "data": [[14, 1, 14, 2], [14, 2, 10, 6], [10, 6, 11, 6], [11, 6, 8, 9], [8, 9, 5, 12], [5, 12, 6, 13], [6, 13, 7, 14], [7, 14, 3, 17], [3, 17, 4, 17], [4, 17, 5, 18], [5, 18, 6, 19], [6, 19, 7, 20], [7, 20, 8, 21], [8, 21, 9, 22], [9, 22, 10, 23], [10, 23, 9, 23], [9, 23, 10, 24], [10, 24, 6, 23], [6, 23, 7, 23], [7, 23, 3, 26], [3, 26, 4, 27], [4, 27, 5, 28], [5, 28, 6, 29], [6, 29, 7, 30], [7, 30, 8, 31], [8, 31, 9, 30], [9, 30, 10, 30], [10, 30, 11, 29], [11, 29, 12, 30], [12, 30, 13, 30], [13, 30, 14, 31], [14, 31, 13, 31], [13, 31, 14, 30]]}
META {"type": "geom", "shape": "tile", "group": "path", "data": [[14, 1], [14, 2], [13, 2], [13, 3], [12, 3], [12, 4], [11, 4], [11, 5], [10, 5], [10, 6], [11, 6], [10, 6], [10, 7], [9, 7], [9, 8], [8, 8], [8, 9], [7, 9], [7, 10], [6, 10], [6, 11], [5, 11], [5, 12], [6, 12], [6, 13], [7, 13], [7, 14], [6, 14], [6, 15], [5, 15], [5, 16], [4, 16], [4, 17], [3, 17], [4, 17], [5, 17], [5, 18], [6, 18], [6, 19], [7, 19], [7, 20], [8, 20], [8, 21], [9, 21], [9, 22], [10, 22], [10, 23], [9, 23], [10, 23], [10, 24], [9, 24], [8, 24], [7, 24], [6, 24], [6, 23], [7, 23], [6, 23], [6, 24], [5, 24], [5, 25], [4, 25], [4, 26], [3, 26], [4, 26], [4, 27], [5, 27], [5, 28], [6, 28], [6, 29], [7, 29], [7, 30], [8, 30], [8, 31], [9, 31], [9, 30], [10, 30], [11, 30], [11, 29], [12, 29], [12, 30], [13, 30], [14, 30], [14, 31], [13, 31], [14, 31], [14, 30]]}
META {"type": "geom", "shape": "line", "group": "offpath", "data": [[13, 29, 14, 28], [13, 17, 14, 17], [13, 28, 14, 27], [13, 19, 14, 19], [13, 20, 11, 19], [11, 28, 12, 28], [11, 19, 12, 18], [12, 16, 13, 17], [12, 18, 13, 19], [12, 29, 13, 29], [12, 28, 13, 28], [14, 18, 12, 16], [14, 17, 14, 18], [14, 28, 11, 28], [14, 19, 13, 20], [14, 27, 12, 29]]}
