--------------------------------
--------------------------------
----------------------Q---------
---------------------------Q----
----------------XX--------------
--------------------------------
--------------------------Q-----
------------------XXXXXX--------
--------------------------------
--------------------------------
-----------Q----XX----------XX--
---------------XXX-----<>-------
--------------XXXX-----[]-------
-------------XXXXX-----[]-------
-{----------XXXXXX-----[]-----}-
XXXXX----XXXXXXXXXXXXXXXXXXXXXXX
META {"type": "solver", "id": "pysat-rc2-boolonly", "objective": 0}
META {"type": "geom", "shape": "path", "group": "path", "data": [[14, 1, 13, 0], [13, 0, 14, 0], [14, 0, 11, 2], [11, 2, 12, 1], [12, 1, 13, 2], [13, 2, 14, 2], [14, 2, 10, 6], [10, 6, 11, 7], [11, 7, 12, 8], [12, 8, 13, 8], [13, 8, 14, 9], [14, 9, 12, 10], [12, 10, 13, 9], [13, 9, 14, 10], [14, 10, 13, 11], [13, 11, 14, 11], [14, 11, 12, 12], [12, 12, 13, 12], [13, 12, 9, 11], [9, 11, 5, 15], [5, 15, 6, 14], [6, 14, 7, 14], [7, 14, 8, 15], [8, 15, 9, 16], [9, 16, 8, 17], [8, 17, 9, 17], [9, 17, 7, 17], [7, 17, 8, 18], [8, 18, 9, 19], [9, 19, 10, 20], [10, 20, 11, 21], [11, 21, 12, 22], [12, 22, 13, 22], [13, 22, 14, 22], [14, 22, 10, 23], [10, 23, 8, 24], [8, 24, 9, 25], [9, 25, 10, 25], [10, 25, 11, 25], [11, 25, 12, 26], [12, 26, 13, 26], [13, 26, 14, 27], [14, 27, 12, 27], [12, 27, 13, 27], [13, 27, 14, 26], [14, 26, 12, 28], [12, 28, 13, 29], [13, 29, 14, 29], [14, 29, 11, 31], [11, 31, 12, 31], [12, 31, 13, 31], [13, 31, 14, 30]]}
META {"type": "geom", "shape": "tile", "group": "path", "data": [[14, 1], [13, 1], [13, 0], [14, 0], [13, 0], [13, 1], [12, 1], [12, 2], [11, 2], [12, 2], [12, 1], [13, 1], [13, 2], [14, 2], [13, 2], [13, 3], [12, 3], [12, 4], [11, 4], [11, 5], [10, 5], [10, 6], [11, 6], [11, 7], [12, 7], [12, 8], [13, 8], [14, 8], [14, 9], [13, 9], [13, 10], [12, 10], [13, 10], [13, 9], [14, 9], [14, 10], [13, 10], [13, 11], [14, 11], [13, 11], [13, 12], [12, 12], [13, 12], [12, 12], [11, 12], [10, 12], [9, 12], [9, 11], [8, 11], [8, 12], [7, 12], [7, 13], [6, 13], [6, 14], [5, 14], [5, 15], [6, 15], [6, 14], [7, 14], [8, 14], [8, 15], [9, 15], [9, 16], [8, 16], [8, 17], [9, 17], [8, 17], [7, 17], [8, 17], [8, 18], [9, 18], [9, 19], [10, 19], [10, 20], [11, 20], [11, 21], [12, 21], [12, 22], [13, 22], [14, 22], [13, 22], [12, 22], [11, 22], [10, 22], [10, 23], [9, 23], [9, 24], [8, 24], [9, 24], [9, 25], [10, 25], [11, 25], [12, 25], [12, 26], [13, 26], [14, 26], [14, 27], [13, 27], [12, 27], [13, 27], [14, 27], [14, 26], [13, 26], [13, 27], [12, 27], [12, 28], [13, 28], [13, 29], [14, 29], [13, 29], [13, 30], [12, 30], [12, 31], [11, 31], [12, 31], [13, 31], [14, 31], [14, 30]]}
META {"type": "geom", "shape": "line", "group": "offpath", "data": [[11, 3, 12, 3], [11, 28, 12, 29], [1, 17, 2, 16], [1, 22, 0, 22], [1, 28, 2, 27], [1, 18, 2, 19], [1, 21, 2, 20], [13, 19, 14, 19], [13, 3, 14, 3], [13, 28, 14, 28], [13, 20, 14, 20], [13, 21, 14, 21], [13, 30, 14, 31], [7, 28, 8, 28], [7, 30, 8, 29], [8, 29, 9, 29], [8, 28, 9, 28], [2, 19, 3, 20], [2, 25, 3, 26], [2, 27, 1, 28], [2, 20, 3, 21], [2, 16, 3, 16], [5, 29, 6, 30], [5, 19, 6, 20], [5, 22, 6, 22], [5, 28, 6, 28], [5, 26, 1, 22], [5, 24, 6, 23], [9, 29, 5, 28], [9, 28, 5, 29], [4, 22, 5, 22], [4, 20, 5, 19], [4, 23, 5, 24], [4, 26, 5, 26], [12, 29, 13, 28], [12, 3, 13, 3], [12, 18, 13, 19], [12, 20, 13, 21], [12, 30, 13, 30], [3, 17, 0, 17], [3, 20, 4, 20], [3, 16, 0, 16], [3, 26, 4, 26], [3, 21, 4, 22], [0, 17, 1, 18], [0, 22, 1, 21], [0, 16, 1, 17], [14, 19, 12, 18], [14, 3, 11, 3], [14, 31, 12, 30], [14, 28, 11, 28], [14, 20, 13, 20], [14, 21, 12, 20], [6, 22, 2, 25], [6, 28, 7, 28], [6, 20, 3, 17], [6, 23, 4, 23], [6, 30, 7, 30]]}
