--------------------------------
--------------------------------
--------------------------------
--------------------------------
-----------XXX--X--------Q------
-----------------------------Q--
---XXX--X-----------XX----------
-----------------Q--------------
------------------------X----X--
--------------------<>----------
---------X----------[]----------
--------XX----------[]------X---
-------XXX-----X----[]----------
------XXXX-----XX---[]----------
-{---XXXXX-----XXX--[]--------}-
XXXXXXXXXXXXX--XXXXXXXXXXXXXXXXX
META {"type": "solver", "id": "pysat-rc2", "objective": 0}
META {"type": "geom", "shape": "path", "group": "path", "data": [[14, 1, 13, 2], [13, 2, 14, 3], [14, 3, 12, 3], [12, 3, 13, 3], [13, 3, 14, 4], [14, 4, 10, 7], [10, 7, 11, 7], [11, 7, 7, 3], [7, 3, 8, 2], [8, 2, 9, 2], [9, 2, 10, 3], [10, 3, 11, 3], [11, 3, 12, 2], [12, 2, 13, 1], [13, 1, 14, 2], [14, 2, 10, 5], [10, 5, 11, 6], [11, 6, 12, 6], [12, 6, 9, 9], [9, 9, 5, 10], [5, 10, 6, 10], [6, 10, 7, 11], [7, 11, 8, 11], [8, 11, 9, 12], [9, 12, 10, 13], [10, 13, 11, 13], [11, 13, 12, 12], [12, 12, 13, 13], [13, 13, 14, 12], [14, 12, 11, 15], [11, 15, 7, 15], [7, 15, 8, 15], [8, 15, 9, 16], [9, 16, 10, 16], [10, 16, 11, 16], [11, 16, 12, 16], [12, 16, 8, 20], [8, 20, 4, 17], [4, 17, 5, 18], [5, 18, 6, 17], [6, 17, 2, 16], [2, 16, 3, 16], [3, 16, 0, 14], [0, 14, 1, 14], [1, 14, 2, 14], [2, 14, 3, 13], [3, 13, 0, 16], [0, 16, 1, 17], [1, 17, 2, 18], [2, 18, 3, 19], [3, 19, 4, 19], [4, 19, 5, 20], [5, 20, 1, 24], [1, 24, 2, 23], [2, 23, 3, 24], [3, 24, 4, 23], [4, 23, 5, 24], [5, 24, 6, 24], [6, 24, 7, 24], [7, 24, 3, 20], [3, 20, 4, 20], [4, 20, 5, 21], [5, 21, 1, 25], [1, 25, 2, 24], [2, 24, 3, 25], [3, 25, 0, 28], [0, 28, 1, 27], [1, 27, 2, 27], [2, 27, 3, 26], [3, 26, 4, 26], [4, 26, 5, 26], [5, 26, 6, 27], [6, 27, 7, 28], [7, 28, 8, 28], [8, 28, 9, 28], [9, 28, 10, 27], [10, 27, 11, 27], [11, 27, 12, 26], [12, 26, 13, 25], [13, 25, 14, 24], [14, 24, 14, 25], [14, 25, 12, 27], [12, 27, 13, 26], [13, 26, 14, 27], [14, 27, 13, 28], [13, 28, 14, 28], [14, 28, 11, 30], [11, 30, 12, 31], [12, 31, 13, 31], [13, 31, 14, 30]]}
META {"type": "geom", "shape": "tile", "group": "path", "data": [[14, 1], [13, 1], [13, 2], [14, 2], [14, 3], [13, 3], [12, 3], [13, 3], [14, 3], [14, 4], [13, 4], [13, 5], [12, 5], [12, 6], [11, 6], [11, 7], [10, 7], [11, 7], [10, 7], [10, 6], [9, 6], [9, 5], [8, 5], [8, 4], [7, 4], [7, 3], [8, 3], [8, 2], [9, 2], [10, 2], [10, 3], [11, 3], [12, 3], [12, 2], [13, 2], [13, 1], [14, 1], [14, 2], [13, 2], [13, 3], [12, 3], [12, 4], [11, 4], [11, 5], [10, 5], [11, 5], [11, 6], [12, 6], [11, 6], [11, 7], [10, 7], [10, 8], [9, 8], [9, 9], [8, 9], [7, 9], [6, 9], [5, 9], [5, 10], [6, 10], [7, 10], [7, 11], [8, 11], [9, 11], [9, 12], [10, 12], [10, 13], [11, 13], [12, 13], [12, 12], [13, 12], [13, 13], [14, 13], [14, 12], [13, 12], [13, 13], [12, 13], [12, 14], [11, 14], [11, 15], [10, 15], [9, 15], [8, 15], [7, 15], [8, 15], [9, 15], [9, 16], [10, 16], [11, 16], [12, 16], [11, 16], [11, 17], [10, 17], [10, 18], [9, 18], [9, 19], [8, 19], [8, 20], [7, 20], [7, 19], [6, 19], [6, 18], [5, 18], [5, 17], [4, 17], [5, 17], [5, 18], [6, 18], [6, 17], [5, 17], [4, 17], [3, 17], [2, 17], [2, 16], [3, 16], [2, 16], [2, 15], [1, 15], [1, 14], [0, 14], [1, 14], [2, 14], [3, 14], [3, 13], [2, 13], [2, 14], [1, 14], [1, 15], [0, 15], [0, 16], [1, 16], [1, 17], [2, 17], [2, 18], [3, 18], [3, 19], [4, 19], [5, 19], [5, 20], [4, 20], [4, 21], [3, 21], [3, 22], [2, 22], [2, 23], [1, 23], [1, 24], [2, 24], [2, 23], [3, 23], [3, 24], [4, 24], [4, 23], [5, 23], [5, 24], [6, 24], [7, 24], [6, 24], [6, 23], [5, 23], [5, 22], [4, 22], [4, 21], [3, 21], [3, 20], [4, 20], [5, 20], [5, 21], [4, 21], [4, 22], [3, 22], [3, 23], [2, 23], [2, 24], [1, 24], [1, 25], [2, 25], [2, 24], [3, 24], [3, 25], [2, 25], [2, 26], [1, 26], [1, 27], [0, 27], [0, 28], [1, 28], [1, 27], [2, 27], [3, 27], [3, 26], [4, 26], [5, 26], [6, 26], [6, 27], [7, 27], [7, 28], [8, 28], [9, 28], [10, 28], [10, 27], [11, 27], [12, 27], [12, 26], [13, 26], [13, 25], [14, 25], [14, 24], [14, 25], [13, 25], [13, 26], [12, 26], [12, 27], [13, 27], [13, 26], [14, 26], [14, 27], [13, 27], [13, 28], [14, 28], [13, 28], [13, 29], [12, 29], [12, 30], [11, 30], [12, 30], [12, 31], [13, 31], [14, 31], [14, 30]]}
META {"type": "geom", "shape": "line", "group": "offpath", "data": [[4, 3, 5, 3], [4, 29, 0, 30], [4, 9, 5, 8], [4, 4, 5, 4], [7, 29, 5, 30], [7, 22, 8, 21], [5, 5, 4, 4], [5, 3, 1, 6], [5, 30, 6, 30], [5, 8, 1, 4], [5, 4, 5, 5], [0, 11, 1, 11], [0, 30, 1, 30], [3, 12, 1, 13], [3, 11, 0, 11], [3, 2, 4, 3], [3, 30, 4, 29], [3, 8, 4, 9], [14, 23, 12, 25], [14, 31, 12, 29], [14, 26, 12, 28], [14, 29, 10, 29], [14, 22, 10, 22], [6, 30, 7, 29], [1, 13, 2, 12], [1, 11, 2, 10], [1, 6, 2, 7], [1, 30, 2, 29], [1, 4, 2, 3], [8, 21, 7, 22], [9, 29, 10, 28], [2, 12, 3, 12], [2, 3, 3, 2], [2, 10, 3, 11], [2, 29, 3, 30], [2, 7, 3, 8], [10, 28, 9, 29], [10, 29, 11, 29], [10, 22, 11, 23], [13, 24, 14, 23], [13, 23, 14, 22], [13, 27, 14, 26], [13, 30, 14, 31], [13, 29, 14, 29], [12, 24, 13, 23], [12, 25, 13, 24], [12, 30, 13, 29], [12, 28, 13, 27], [12, 29, 13, 30], [11, 23, 12, 24], [11, 29, 12, 30]]}
