--------------------------------
--------------------------------
--------------------------------
------------X----------X--------
-------------------X------------
---------------X----------------
-------X------------------------
------------------------XX------
----------XX--XQQX--------------
--XQXQX-------------------------
----------XX--------------------
-----------------------X--------
------<>--------------XX--------
------[]----XX-------XXX--------
-{----[]---XXX------XXXX------}-
XXXXXXXXXXXXXXXXXXXXXXXXXXXXXXXX
META {"type": "solver", "id": "pysat-rc2", "objective": 0}
META {"type": "geom", "shape": "path", "group": "path", "data": [[14, 1, 12, 1], [12, 1, 13, 1], [13, 1, 14, 2], [14, 2, 10, 1], [10, 1, 11, 2], [11, 2, 12, 3], [12, 3, 13, 2], [13, 2, 14, 3], [14, 3, 10, 7], [10, 7, 11, 6], [11, 6, 7, 10], [7, 10, 3, 14], [3, 14, 4, 15], [4, 15, 0, 11], [0, 11, 1, 11], [1, 11, 2, 12], [2, 12, 0, 13], [0, 13, 1, 14], [1, 14, 2, 15], [2, 15, 3, 16], [3, 16, 4, 16], [4, 16, 5, 17], [5, 17, 6, 18], [6, 18, 7, 17], [7, 17, 5, 19], [5, 19, 6, 19], [6, 19, 7, 18], [7, 18, 8, 19], [8, 19, 9, 18], [9, 18, 10, 19], [10, 19, 11, 18], [11, 18, 12, 18], [12, 18, 13, 18], [13, 18, 14, 17], [14, 17, 12, 15], [12, 15, 13, 15], [13, 15, 14, 16], [14, 16, 10, 17], [10, 17, 11, 16], [11, 16, 12, 16], [12, 16, 13, 16], [13, 16, 14, 15], [14, 15, 10, 16], [10, 16, 11, 17], [11, 17, 12, 17], [12, 17, 13, 17], [13, 17, 14, 18], [14, 18, 10, 18], [10, 18, 11, 19], [11, 19, 12, 20], [12, 20, 13, 20], [13, 20, 12, 21], [12, 21, 8, 25], [8, 25, 9, 26], [9, 26, 10, 27], [10, 27, 11, 28], [11, 28, 12, 29], [12, 29, 13, 28], [13, 28, 14, 29], [14, 29, 14, 28], [14, 28, 10, 29], [10, 29, 11, 30], [11, 30, 12, 31], [12, 31, 13, 30], [13, 30, 14, 31], [14, 31, 13, 31], [13, 31, 14, 30]]}
META {"type": "geom", "shape": "tile", "group": "path", "data": [[14, 1], [13, 1], [12, 1], [13, 1], [14, 1], [14, 2], [13, 2], [12, 2], [11, 2], [10, 2], [10, 1], [11, 1], [11, 2], [12, 2], [12, 3], [13, 3], [13, 2], [14, 2], [14, 3], [13, 3], [13, 4], [12, 4], [12, 5], [11, 5], [11, 6], [10, 6], [10, 7], [11, 7], [11, 6], [10, 6], [10, 7], [9, 7], [9, 8], [8, 8], [8, 9], [7, 9], [7, 10], [6, 10], [6, 11], [5, 11], [5, 12], [4, 12], [4, 13], [3, 13], [3, 14], [4, 14], [4, 15], [3, 15], [3, 14], [2, 14], [2, 13], [1, 13], [1, 12], [0, 12], [0, 11], [1, 11], [2, 11], [2, 12], [1, 12], [1, 13], [0, 13], [1, 13], [1, 14], [2, 14], [2, 15], [3, 15], [3, 16], [4, 16], [5, 16], [5, 17], [6, 17], [6, 18], [7, 18], [7, 17], [6, 17], [6, 18], [5, 18], [5, 19], [6, 19], [7, 19], [7, 18], [8, 18], [8, 19], [9, 19], [9, 18], [10, 18], [10, 19], [11, 19], [11, 18], [12, 18], [13, 18], [14, 18], [14, 17], [13, 17], [13, 16], [12, 16], [12, 15], [13, 15], [14, 15], [14, 16], [13, 16], [12, 16], [11, 16], [10, 16], [10, 17], [11, 17], [11, 16], [12, 16], [13, 16], [14, 16], [14, 15], [13, 15], [12, 15], [11, 15], [10, 15], [10, 16], [11, 16], [11, 17], [12, 17], [13, 17], [14, 17], [14, 18], [13, 18], [12, 18], [11, 18], [10, 18], [11, 18], [11, 19], [12, 19], [12, 20], [13, 20], [12, 20], [12, 21], [11, 21], [11, 22], [10, 22], [10, 23], [9, 23], [9, 24], [8, 24], [8, 25], [9, 25], [9, 26], [10, 26], [10, 27], [11, 27], [11, 28], [12, 28], [12, 29], [13, 29], [13, 28], [14, 28], [14, 29], [14, 28], [13, 28], [12, 28], [11, 28], [10, 28], [10, 29], [11, 29], [11, 30], [12, 30], [12, 31], [13, 31], [13, 30], [14, 30], [14, 31], [13, 31], [14, 31], [14, 30]]}
META {"type": "geom", "shape": "line", "group": "offpath", "data": [[13, 3, 14, 4], [13, 9, 14, 9], [13, 25, 14, 25], [13, 14, 14, 14], [13, 0, 14, 0], [7, 3, 8, 3], [7, 21, 8, 22], [7, 15, 5, 14], [7, 11, 3, 7], [7, 16, 6, 16], [3, 9, 4, 8], [3, 24, 4, 23], [3, 19, 0, 22], [3, 7, 4, 6], [3, 25, 4, 25], [0, 22, 1, 22], [5, 9, 6, 10], [5, 24, 6, 24], [5, 7, 1, 10], [5, 26, 6, 25], [5, 2, 6, 2], [5, 14, 6, 14], [11, 4, 12, 4], [11, 1, 12, 0], [11, 13, 12, 14], [11, 26, 12, 25], [11, 11, 12, 10], [11, 14, 12, 13], [1, 22, 2, 23], [1, 10, 2, 9], [14, 9, 10, 12], [14, 4, 10, 0], [14, 26, 11, 26], [14, 25, 14, 26], [14, 14, 10, 13], [14, 0, 10, 4], [8, 3, 4, 2], [8, 22, 9, 22], [8, 13, 9, 14], [9, 22, 10, 23], [9, 14, 10, 14], [2, 9, 3, 9], [2, 24, 3, 24], [2, 23, 2, 24], [2, 26, 3, 25], [2, 20, 3, 19], [6, 24, 2, 20], [6, 10, 7, 11], [6, 25, 2, 26], [6, 2, 7, 3], [6, 14, 7, 15], [6, 16, 7, 16], [10, 23, 7, 21], [10, 4, 11, 4], [10, 13, 11, 14], [10, 14, 11, 13], [10, 12, 11, 11], [10, 0, 11, 1], [4, 23, 5, 24], [4, 6, 5, 7], [4, 8, 5, 9], [4, 25, 5, 26], [4, 2, 5, 2], [12, 4, 13, 3], [12, 10, 13, 9], [12, 13, 8, 13], [12, 25, 13, 25], [12, 14, 13, 14], [12, 0, 13, 0]]}
