--------------------------------
--------------------------------
--------------------------------
--------------------------------
--------------------------------
------------XXX--XX--X----------
-------------------------XXX----
------------XXX-----------------
---------Q---------X------------
------------------XX---Q-----X--
-----------------XXX------------
------<>---Q----XXXX------------
------[]-------XXXXX-----XQX----
------[]------XXXXXX------------
-{----[]-----XXXXXXX----------}-
XXXXXXXXXXXXXXXXXXXXXXXXXXXXXXXX
META {"type": "solver", "id": "pysat-rc2-boolonly", "objective": 0}
META {"type": "geom", "shape": "path", "group": "path", "data": [[14, 1, 14, 2], [14, 2, 10, 6], [10, 6, 7, 8], [7, 8, 8, 8], [8, 8, 9, 8], [9, 8, 10, 7], [10, 7, 6, 8], [6, 8, 7, 9], [7, 9, 3, 12], [3, 12, 4, 13], [4, 13, 1, 16], [1, 16, 2, 16], [2, 16, 3, 17], [3, 17, 4, 17], [4, 17, 1, 20], [1, 20, 2, 19], [2, 19, 3, 19], [3, 19, 4, 19], [4, 19, 5, 19], [5, 19, 6, 18], [6, 18, 7, 19], [7, 19, 3, 18], [3, 18, 4, 18], [4, 18, 1, 21], [1, 21, 2, 22], [2, 22, 3, 21], [3, 21, 4, 21], [4, 21, 2, 20], [2, 20, 3, 20], [3, 20, 4, 20], [4, 20, 5, 20], [5, 20, 6, 21], [6, 21, 7, 20], [7, 20, 8, 21], [8, 21, 9, 20], [9, 20, 10, 20], [10, 20, 11, 20], [11, 20, 12, 20], [12, 20, 13, 20], [13, 20, 14, 21], [14, 21, 12, 23], [12, 23, 13, 24], [13, 24, 14, 23], [14, 23, 10, 24], [10, 24, 11, 25], [11, 25, 7, 29], [7, 29, 8, 29], [8, 29, 4, 28], [4, 28, 5, 27], [5, 27, 1, 31], [1, 31, 2, 31], [2, 31, 3, 30], [3, 30, 4, 29], [4, 29, 5, 29], [5, 29, 6, 30], [6, 30, 7, 31], [7, 31, 8, 30], [8, 30, 9, 30], [9, 30, 10, 29], [10, 29, 11, 30], [11, 30, 12, 29], [12, 29, 13, 30], [13, 30, 14, 30]]}
META {"type": "geom", "shape": "tile", "group": "path", "data": [[14, 1], [14, 2], [13, 2], [13, 3], [12, 3], [12, 4], [11, 4], [11, 5], [10, 5], [10, 6], [9, 6], [9, 7], [8, 7], [8, 8], [7, 8], [8, 8], [9, 8], [10, 8], [10, 7], [9, 7], [8, 7], [7, 7], [6, 7], [6, 8], [7, 8], [7, 9], [6, 9], [6, 10], [5, 10], [5, 11], [4, 11], [4, 12], [3, 12], [4, 12], [4, 13], [3, 13], [3, 14], [2, 14], [2, 15], [1, 15], [1, 16], [2, 16], [3, 16], [3, 17], [4, 17], [3, 17], [3, 18], [2, 18], [2, 19], [1, 19], [1, 20], [2, 20], [2, 19], [3, 19], [4, 19], [5, 19], [6, 19], [6, 18], [7, 18], [7, 19], [6, 19], [5, 19], [4, 19], [3, 19], [3, 18], [4, 18], [3, 18], [3, 19], [2, 19], [2, 20], [1, 20], [1, 21], [2, 21], [2, 22], [3, 22], [3, 21], [4, 21], [3, 21], [3, 20], [2, 20], [3, 20], [4, 20], [5, 20], [6, 20], [6, 21], [7, 21], [7, 20], [8, 20], [8, 21], [9, 21], [9, 20], [10, 20], [11, 20], [12, 20], [13, 20], [14, 20], [14, 21], [13, 21], [13, 22], [12, 22], [12, 23], [13, 23], [13, 24], [14, 24], [14, 23], [13, 23], [12, 23], [11, 23], [10, 23], [10, 24], [11, 24], [11, 25], [10, 25], [10, 26], [9, 26], [9, 27], [8, 27], [8, 28], [7, 28], [7, 29], [8, 29], [7, 29], [6, 29], [5, 29], [4, 29], [4, 28], [5, 28], [5, 27], [4, 27], [4, 28], [3, 28], [3, 29], [2, 29], [2, 30], [1, 30], [1, 31], [2, 31], [3, 31], [3, 30], [4, 30], [4, 29], [5, 29], [6, 29], [6, 30], [7, 30], [7, 31], [8, 31], [8, 30], [9, 30], [10, 30], [10, 29], [11, 29], [11, 30], [12, 30], [12, 29], [13, 29], [13, 30], [14, 30]]}
META {"type": "geom", "shape": "line", "group": "offpath", "data": [[8, 15, 9, 15], [8, 14, 9, 14], [8, 23, 8, 24], [8, 24, 9, 24], [8, 18, 4, 15], [9, 15, 10, 15], [9, 14, 10, 13], [9, 27, 10, 28], [9, 24, 10, 25], [9, 17, 6, 17], [14, 12, 12, 11], [14, 9, 12, 9], [14, 31, 13, 31], [14, 10, 12, 12], [14, 27, 13, 26], [14, 25, 10, 22], [14, 29, 11, 31], [14, 24, 13, 25], [14, 22, 10, 26], [14, 8, 10, 9], [14, 11, 12, 10], [2, 15, 3, 14], [2, 10, 3, 11], [2, 26, 3, 26], [11, 15, 9, 17], [11, 14, 12, 13], [11, 9, 12, 8], [11, 31, 12, 30], [11, 27, 9, 27], [11, 29, 12, 28], [11, 22, 12, 22], [11, 26, 7, 23], [6, 15, 7, 15], [6, 16, 7, 16], [6, 17, 7, 17], [0, 8, 1, 9], [10, 15, 11, 15], [10, 9, 11, 9], [10, 25, 11, 26], [10, 28, 11, 29], [10, 16, 6, 15], [10, 13, 11, 14], [10, 22, 11, 22], [10, 26, 11, 27], [1, 9, 2, 10], [1, 27, 2, 26], [7, 15, 8, 14], [7, 23, 8, 23], [7, 16, 8, 15], [7, 17, 8, 18], [5, 25, 3, 25], [5, 16, 6, 16], [5, 26, 1, 27], [3, 14, 4, 14], [3, 25, 4, 24], [3, 11, 4, 12], [3, 26, 4, 26], [13, 12, 14, 12], [13, 9, 14, 9], [13, 31, 14, 31], [13, 23, 14, 22], [13, 10, 14, 11], [13, 27, 14, 27], [13, 25, 14, 24], [13, 29, 14, 29], [13, 13, 10, 16], [13, 8, 14, 8], [13, 11, 14, 10], [13, 26, 14, 25], [12, 12, 13, 13], [12, 9, 13, 9], [12, 30, 13, 29], [12, 10, 13, 10], [12, 28, 13, 27], [12, 13, 13, 12], [12, 22, 13, 23], [12, 8, 13, 8], [12, 11, 13, 11], [4, 15, 5, 16], [4, 12, 0, 8], [4, 14, 2, 15], [4, 24, 5, 25], [4, 26, 5, 26]]}
