XXXXXXXXXXXXXXXX
X0----XX--X---1X
XXXXX-XX-----XXX
XXXXX---XXX--XXX
X-----X-XXX-X--X
X-X----------XXX
X-X-------XX-XXX
X-X------XXXX--X
X-X-X--X-XXXX--X
XX--X-X---XX-XXX
XXX-X-X-XXXXXXXX
XXXX--X-XXXXXXXX
XXXX------XXXXXX
XXX-XXXXXX-XXXXX
X2------------3X
XXXXXXXXXXXXXXXX
META {"type": "solver", "id": "pysat-rc2-boolonly", "objective": 0}
META {"type": "geom", "shape": "path", "group": "path", "data": [[1, 1, 1, 2], [1, 2, 1, 3], [1, 3, 1, 4], [1, 4, 1, 5], [1, 5, 2, 5], [2, 5, 3, 5], [3, 5, 3, 6], [3, 6, 3, 7], [3, 7, 4, 7], [4, 7, 5, 7], [5, 7, 5, 8], [5, 8, 5, 9], [5, 9, 5, 10], [5, 10, 5, 11], [5, 11, 4, 11], [4, 11, 3, 11], [3, 11, 2, 11], [2, 11, 1, 11], [1, 11, 1, 12], [1, 12, 1, 13], [1, 13, 1, 14]]}
META {"type": "geom", "shape": "path", "group": "path", "data": [[14, 1, 14, 2], [14, 2, 14, 3], [14, 3, 14, 4], [14, 4, 14, 5], [14, 5, 14, 6], [14, 6, 14, 7], [14, 7, 14, 8], [14, 8, 14, 9], [14, 9, 14, 10], [14, 10, 14, 11], [14, 11, 14, 12], [14, 12, 14, 13], [14, 13, 14, 14]]}
META {"type": "geom", "shape": "tile", "group": "reachable", "data": [[1, 1], [1, 2], [1, 3], [1, 4], [1, 5], [2, 5], [3, 5], [4, 5], [3, 6], [3, 7], [5, 5], [4, 4], [4, 7], [5, 4], [4, 3], [6, 5], [5, 6], [5, 7], [5, 3], [4, 2], [6, 4], [6, 6], [7, 5], [6, 7], [5, 8], [4, 1], [6, 3], [7, 4], [7, 6], [8, 5], [6, 8], [5, 9], [7, 7], [5, 1], [7, 3], [8, 6], [9, 5], [6, 9], [5, 10], [7, 8], [6, 1], [8, 3], [10, 5], [5, 11], [8, 8], [7, 1], [9, 3], [11, 5], [4, 11], [5, 12], [9, 8], [8, 1], [10, 3], [9, 2], [12, 5], [11, 4], [3, 11], [6, 12], [9, 7], [9, 9], [12, 4], [12, 6], [2, 11], [3, 12], [10, 7], [12, 7], [1, 11], [2, 10], [2, 12], [11, 7], [12, 8], [1, 12], [2, 9], [12, 9], [1, 13], [1, 9], [2, 8], [1, 8]]}
