XXXXXXXXXXXXXXXX
XXX-X--X------1X
XXX----------XXX
X0-------X-X-XXX
XXX------X-X---X
XXX------X-X--XX
XXXX-XXX-------X
XXXX------XX--XX
X---XXX-XXXXX-XX
X---XXX-XXXXX--X
XX-----X-XX----X
X-X-----XXXX--XX
XXXXXXX-XXXXXXXX
XXXXXXX--XXXXXXX
X2------------3X
XXXXXXXXXXXXXXXX
META {"type": "solver", "id": "pysat-rc2-boolonly", "objective": 0}
META {"type": "geom", "shape": "path", "group": "path", "data": [[3, 1, 3, 2], [3, 2, 3, 3], [3, 3, 2, 3], [2, 3, 2, 4], [2, 4, 2, 5], [2, 5, 2, 6], [2, 6, 2, 7], [2, 7, 2, 8], [2, 8, 1, 8], [1, 8, 1, 9], [1, 9, 1, 10], [1, 10, 1, 11], [1, 11, 1, 12], [1, 12, 1, 13], [1, 13, 1, 14]]}
META {"type": "geom", "shape": "path", "group": "path", "data": [[14, 1, 14, 2], [14, 2, 14, 3], [14, 3, 14, 4], [14, 4, 14, 5], [14, 5, 14, 6], [14, 6, 14, 7], [14, 7, 14, 8], [14, 8, 14, 9], [14, 9, 14, 10], [14, 10, 14, 11], [14, 11, 14, 12], [14, 12, 14, 13], [14, 13, 14, 14]]}
META {"type": "geom", "shape": "tile", "group": "reachable", "data": [[3, 1], [3, 2], [3, 3], [2, 3], [4, 3], [3, 4], [1, 3], [2, 4], [4, 4], [3, 5], [5, 3], [2, 5], [4, 5], [3, 6], [5, 4], [1, 5], [2, 6], [4, 6], [3, 7], [5, 5], [6, 4], [1, 6], [2, 7], [4, 7], [3, 8], [5, 6], [7, 4], [2, 8], [4, 8], [5, 7], [7, 5], [1, 8], [2, 9], [5, 8], [7, 6], [1, 9], [2, 10], [6, 8], [7, 7], [1, 10], [3, 10], [2, 11], [7, 8], [6, 9], [8, 7], [1, 11], [2, 12], [4, 10], [7, 9], [6, 10], [9, 7], [1, 12], [3, 12], [5, 10], [6, 11], [1, 13], [4, 12], [6, 12], [5, 12], [4, 13], [7, 12], [6, 13], [5, 13], [4, 14], [7, 13], [6, 14], [8, 13], [9, 13], [10, 13], [9, 14], [10, 14], [11, 13], [10, 12], [11, 12], [10, 11]]}
