XXXXXXXXXXXXXXXX
X0---XX-XX--1XXX
XXX--------XXXXX
XXX------X-XXXXX
X--------X-XXX-X
X-XXX----X-XXXXX
X-----X--X-XXXXX
XX--XX-X-X-XXX-X
X-XXXXX-X-XXXX-X
XXXXXXX-X-XXXX-X
XXXXX---X-----XX
X---------X-XX-X
XXXX-XX----XXXXX
XXXX-XX----XXXXX
X2---XX-------3X
XXXXXXXXXXXXXXXX
META {"type": "solver", "id": "pysat-rc2", "objective": 0}
META {"type": "geom", "shape": "path", "group": "path", "data": [[1, 1, 1, 2], [1, 2, 1, 3], [1, 3, 1, 4], [1, 4, 2, 4], [2, 4, 2, 5], [2, 5, 2, 6], [2, 6, 2, 7], [2, 7, 2, 8], [2, 8, 2, 9], [2, 9, 2, 10], [2, 10, 1, 10], [1, 10, 1, 11], [1, 11, 1, 12]]}
META {"type": "geom", "shape": "path", "group": "path", "data": [[14, 1, 14, 2], [14, 2, 14, 3], [14, 3, 14, 4], [14, 4, 13, 4], [13, 4, 12, 4], [12, 4, 11, 4], [11, 4, 11, 5], [11, 5, 11, 6], [11, 6, 11, 7], [11, 7, 11, 8], [11, 8, 11, 9], [11, 9, 12, 9], [12, 9, 12, 10], [12, 10, 13, 10], [13, 10, 14, 10], [14, 10, 14, 11], [14, 11, 14, 12], [14, 12, 14, 13], [14, 13, 14, 14]]}
META {"type": "geom", "shape": "tile", "group": "reachable", "data": [[1, 1], [1, 2], [1, 3], [2, 3], [1, 4], [2, 4], [3, 3], [3, 4], [2, 5], [4, 3], [3, 5], [2, 6], [4, 4], [4, 2], [3, 6], [2, 7], [4, 5], [4, 1], [1, 7], [3, 7], [2, 8], [4, 6], [5, 5], [5, 1], [3, 8], [2, 9], [4, 7], [5, 6], [6, 5], [6, 1], [2, 10], [4, 8], [5, 7], [6, 4], [6, 2], [1, 10], [3, 10], [5, 8], [6, 7], [6, 3], [7, 2], [1, 11], [4, 10], [6, 8], [7, 3], [5, 10], [7, 8], [6, 10], [7, 10]]}
