XXXXXXXXXXXXXXXX
XXXXXXXXXXXXXXXX
XXXX}XXXXX---XXX
XX---XXXX-----XX
XX--#----#--X-XX
XXX--------XX-XX
XXX--#-##---X-XX
XXX-------#---XX
XX----X-------XX
XX---XX--X--X-XX
XX-#--X-XXXXX-XX
XX------XXXXX-XX
XX---#---XXXX-XX
XX##---#-XXX--XX
XX--#----XXX-XXX
XXX---#-----XXXX
XXX-------#-XXXX
XXXX--------XXXX
XXXX-#--------XX
XXXX---#-##---XX
XXXX--------XXXX
XXXX-------XXXXX
XXXXX--XX-XXXXXX
XXXXX---X--XXXXX
XXXXXXX----XXXXX
XXXXXXXXXX--XXXX
XXXXXXXXXX--XXXX
XXXXXX-----XXXXX
XX-------XXXXXXX
XX----{-XXXXXXXX
XXXXXXXXXXXXXXXX
XXXXXXXXXXXXXXXX
META {"type": "solver", "id": "pysat-rc2", "objective": 0}
META {"type": "geom", "shape": "path", "group": "path", "data": [[29, 6, 29, 7], [29, 7, 27, 7], [27, 7, 27, 6], [27, 6, 27, 10], [27, 10, 23, 10], [23, 10, 23, 9], [23, 9, 24, 9], [24, 9, 24, 7], [24, 7, 23, 7], [23, 7, 23, 5], [23, 5, 19, 5], [19, 5, 19, 4], [19, 4, 15, 4], [15, 4, 15, 3], [15, 3, 15, 5], [15, 5, 17, 5], [17, 5, 13, 5], [13, 5, 13, 4], [13, 4, 13, 6], [13, 6, 11, 6], [11, 6, 11, 7], [11, 7, 7, 7], [7, 7, 7, 3], [7, 3, 9, 3], [9, 3, 9, 2], [9, 2, 9, 4], [9, 4, 5, 4], [5, 4, 5, 3], [5, 3, 3, 3], [3, 3, 3, 4], [3, 4, 2, 4]]}
META {"type": "geom", "shape": "tile", "group": "path", "data": [[29, 6], [29, 7], [28, 7], [27, 7], [27, 6], [27, 7], [27, 8], [27, 9], [27, 10], [26, 10], [25, 10], [24, 10], [23, 10], [23, 9], [24, 9], [24, 8], [24, 7], [23, 7], [23, 6], [23, 5], [22, 5], [21, 5], [20, 5], [19, 5], [19, 4], [18, 4], [17, 4], [16, 4], [15, 4], [15, 3], [15, 4], [15, 5], [16, 5], [17, 5], [16, 5], [15, 5], [14, 5], [13, 5], [13, 4], [13, 5], [13, 6], [12, 6], [11, 6], [11, 7], [10, 7], [9, 7], [8, 7], [7, 7], [7, 6], [7, 5], [7, 4], [7, 3], [8, 3], [9, 3], [9, 2], [9, 3], [9, 4], [8, 4], [7, 4], [6, 4], [5, 4], [5, 3], [4, 3], [3, 3], [3, 4], [2, 4]]}
META {"type": "geom", "shape": "line", "group": "offpath", "data": [[10, 4, 10, 5], [10, 5, 10, 4], [15, 7, 14, 7], [15, 11, 15, 7], [7, 8, 9, 8], [7, 5, 8, 5], [18, 7, 18, 13], [18, 13, 19, 13], [3, 13, 3, 9], [3, 9, 3, 13], [20, 4, 21, 4], [20, 10, 20, 4], [4, 3, 4, 2], [4, 10, 4, 11], [4, 7, 5, 7], [4, 8, 5, 8], [4, 2, 4, 3], [4, 11, 4, 10], [6, 10, 6, 9], [6, 9, 5, 9], [16, 3, 14, 3], [29, 4, 28, 4], [8, 7, 8, 13], [8, 13, 8, 7], [8, 2, 12, 2], [8, 5, 7, 5], [12, 3, 11, 3], [12, 6, 12, 8], [12, 8, 12, 6], [12, 2, 8, 2], [19, 13, 19, 11], [19, 11, 15, 11], [11, 3, 12, 3], [14, 3, 16, 3], [14, 7, 18, 7], [28, 4, 29, 4], [9, 10, 9, 11], [9, 8, 7, 8], [9, 11, 9, 10], [5, 10, 6, 10], [5, 7, 4, 7], [5, 8, 4, 8], [5, 9, 5, 10], [21, 4, 21, 10], [21, 10, 20, 10], [25, 10, 25, 11], [25, 11, 25, 10]]}
