XXXXXXXXXXXXXXXX
XXXXXXXXXXXXXXXX
XXX}XXXXX----XXX
XXX--XXXX----XXX
XX-#-XXXXX---XXX
XX---XXXXX-XXXXX
XX--#--XXX-XXXXX
XXX----XXX-XXXXX
XXX--#--------XX
XXX-----####--XX
XXXXX--------XXX
XXXXX-------XXXX
XXXXX-##----XXXX
XXXXX-------XXXX
XXXXXX--XXX---XX
XXX-XX--XXXX--XX
XXX--XXXXXXX--XX
XXX---XXXXXXX-XX
XXX##--XXXXXX-XX
XXX--X-XXXXXX-XX
XX---XXXXXXXX-XX
XX##--XXXXX---XX
XX----XXXXX##-XX
XX##--XXXXX---XX
XX--#------#--XX
XXX---XX-#---XXX
XXXX---X----XXXX
XXXX----#----XXX
XXXX---------XXX
XXXX---{-XX--XXX
XXXXXXXXXXXXXXXX
XXXXXXXXXXXXXXXX
META {"type": "solver", "id": "pysat-rc2", "objective": 0}
META {"type": "geom", "shape": "path", "group": "path", "data": [[29, 7, 29, 8], [29, 8, 28, 8], [28, 8, 28, 12], [28, 12, 27, 12], [27, 12, 29, 12], [29, 12, 29, 11], [29, 11, 25, 11], [25, 11, 25, 10], [25, 10, 25, 12], [25, 12, 23, 12], [23, 12, 23, 11], [23, 11, 23, 13], [23, 13, 24, 13], [24, 13, 14, 13], [14, 13, 14, 11], [14, 11, 10, 11], [10, 11, 10, 5], [10, 5, 9, 5], [9, 5, 9, 7], [9, 7, 8, 7], [8, 7, 8, 13], [8, 13, 9, 13], [9, 13, 9, 12], [9, 12, 8, 12], [8, 12, 8, 6], [8, 6, 6, 6], [6, 6, 6, 5], [6, 5, 7, 5], [7, 5, 7, 3], [7, 3, 9, 3], [9, 3, 5, 3], [5, 3, 5, 2], [5, 2, 5, 4], [5, 4, 3, 4], [3, 4, 3, 3], [3, 3, 2, 3]]}
META {"type": "geom", "shape": "tile", "group": "path", "data": [[29, 7], [29, 8], [28, 8], [28, 9], [28, 10], [28, 11], [28, 12], [27, 12], [28, 12], [29, 12], [29, 11], [28, 11], [27, 11], [26, 11], [25, 11], [25, 10], [25, 11], [25, 12], [24, 12], [23, 12], [23, 11], [23, 12], [23, 13], [24, 13], [23, 13], [22, 13], [21, 13], [20, 13], [19, 13], [18, 13], [17, 13], [16, 13], [15, 13], [14, 13], [14, 12], [14, 11], [13, 11], [12, 11], [11, 11], [10, 11], [10, 10], [10, 9], [10, 8], [10, 7], [10, 6], [10, 5], [9, 5], [9, 6], [9, 7], [8, 7], [8, 8], [8, 9], [8, 10], [8, 11], [8, 12], [8, 13], [9, 13], [9, 12], [8, 12], [8, 11], [8, 10], [8, 9], [8, 8], [8, 7], [8, 6], [7, 6], [6, 6], [6, 5], [7, 5], [7, 4], [7, 3], [8, 3], [9, 3], [8, 3], [7, 3], [6, 3], [5, 3], [5, 2], [5, 3], [5, 4], [4, 4], [3, 4], [3, 3], [2, 3]]}
META {"type": "geom", "shape": "line", "group": "offpath", "data": [[23, 4, 23, 5], [23, 5, 21, 5], [2, 12, 4, 12], [7, 4, 9, 4], [19, 4, 23, 4], [19, 6, 18, 6], [6, 2, 4, 2], [16, 4, 17, 4], [16, 12, 14, 12], [17, 4, 16, 4], [9, 4, 7, 4], [21, 4, 19, 4], [21, 5, 21, 4], [21, 13, 21, 11], [21, 11, 21, 13], [29, 4, 25, 4], [29, 5, 29, 4], [13, 7, 15, 7], [25, 3, 25, 5], [25, 4, 25, 3], [25, 5, 29, 5], [15, 7, 13, 7], [15, 12, 15, 13], [15, 13, 15, 12], [20, 2, 20, 4], [20, 4, 20, 2], [14, 12, 16, 12], [8, 3, 8, 4], [8, 4, 8, 3], [4, 2, 6, 2], [4, 12, 2, 12], [18, 6, 19, 6]]}
