XXXXXXXXXXXXXXXX
X--}XXX-----X--X
X-XXXXXXXXXX---X
X-XXXXXXXXXX-XXX
X---XX-------XXX
XX----X-X-XXX--X
X-------X-----XX
XX---XX-X------X
XX--XXXX--XX--XX
X-X-XXXX-XXXXXXX
X---XXX-XXXXXXXX
XX--XXX-XXXX{--X
XX------XXXXXX-X
X-------XXXXXX-X
X----XX--------X
XXXXXXXXXXXXXXXX
META {"type": "solver", "id": "pysat-rc2-boolonly", "objective": 0}
META {"type": "geom", "shape": "path", "group": "path", "data": [[11, 12, 11, 13], [11, 13, 11, 14], [11, 14, 12, 14], [12, 14, 13, 14], [13, 14, 14, 14], [14, 14, 14, 13], [14, 13, 14, 12], [14, 12, 14, 11], [14, 11, 14, 10], [14, 10, 14, 9], [14, 9, 14, 8], [14, 8, 14, 7], [14, 7, 13, 7], [13, 7, 12, 7], [12, 7, 12, 6], [12, 6, 12, 5], [12, 5, 12, 4], [12, 4, 12, 3], [12, 3, 11, 3], [11, 3, 10, 3], [10, 3, 9, 3], [9, 3, 8, 3], [8, 3, 7, 3], [7, 3, 6, 3], [6, 3, 5, 3], [5, 3, 4, 3], [4, 3, 4, 2], [4, 2, 4, 1], [4, 1, 3, 1], [3, 1, 2, 1], [2, 1, 1, 1], [1, 1, 1, 2], [1, 2, 1, 3]]}
