XXXXXXXXXXXXXXXX
XXXXXXXXXXXXXXXX
XX-------XXX}XXX
XX--##---XXX-XXX
XX-----#------XX
XX##------X---XX
XX------XXXX--XX
XX----#-XXXXXXXX
XX--X---XXXXXXXX
XXX-XX--XXXXXXXX
XXX--X----XXXXXX
XXX---###-XXXXXX
XX--#-----XXXXXX
XX--------XXXXXX
XX##----#--XXXXX
XX--#------XXXXX
XXX--------XXXXX
XXX-----##---XXX
XXXX-#-------XXX
XXXX---X--X---XX
XX-----XXXX---XX
XX-----XXXX---XX
XX-----XXXXXX-XX
XXX--------XX-XX
XXXX--------X-XX
XXXX----#-#---XX
XXX---#-------XX
XX-##---------XX
XX--------XXXXXX
XXX---{---XXXXXX
XXXXXXXXXXXXXXXX
XXXXXXXXXXXXXXXX
META {"type": "solver", "id": "pysat-rc2", "objective": 0}
META {"type": "geom", "shape": "path", "group": "path", "data": [[29, 6, 27, 6], [27, 6, 27, 5], [27, 5, 29, 5], [29, 5, 19, 5], [19, 5, 19, 4], [19, 4, 19, 6], [19, 6, 25, 6], [25, 6, 25, 4], [25, 4, 26, 4], [26, 4, 16, 4], [16, 4, 16, 10], [16, 10, 14, 10], [14, 10, 14, 9], [14, 9, 16, 9], [16, 9, 16, 3], [16, 3, 15, 3], [15, 3, 17, 3], [17, 3, 17, 7], [17, 7, 18, 7], [18, 7, 12, 7], [12, 7, 12, 5], [12, 5, 11, 5], [11, 5, 11, 3], [11, 3, 13, 3], [13, 3, 13, 2], [13, 2, 12, 2], [12, 2, 12, 3], [12, 3, 6, 3], [6, 3, 6, 7], [6, 7, 5, 7], [5, 7, 5, 9], [5, 9, 4, 9], [4, 9, 4, 13], [4, 13, 6, 13], [6, 13, 6, 12], [6, 12, 2, 12]]}
META {"type": "geom", "shape": "tile", "group": "path", "data": [[29, 6], [28, 6], [27, 6], [27, 5], [28, 5], [29, 5], [28, 5], [27, 5], [26, 5], [25, 5], [24, 5], [23, 5], [22, 5], [21, 5], [20, 5], [19, 5], [19, 4], [19, 5], [19, 6], [20, 6], [21, 6], [22, 6], [23, 6], [24, 6], [25, 6], [25, 5], [25, 4], [26, 4], [25, 4], [24, 4], [23, 4], [22, 4], [21, 4], [20, 4], [19, 4], [18, 4], [17, 4], [16, 4], [16, 5], [16, 6], [16, 7], [16, 8], [16, 9], [16, 10], [15, 10], [14, 10], [14, 9], [15, 9], [16, 9], [16, 8], [16, 7], [16, 6], [16, 5], [16, 4], [16, 3], [15, 3], [16, 3], [17, 3], [17, 4], [17, 5], [17, 6], [17, 7], [18, 7], [17, 7], [16, 7], [15, 7], [14, 7], [13, 7], [12, 7], [12, 6], [12, 5], [11, 5], [11, 4], [11, 3], [12, 3], [13, 3], [13, 2], [12, 2], [12, 3], [11, 3], [10, 3], [9, 3], [8, 3], [7, 3], [6, 3], [6, 4], [6, 5], [6, 6], [6, 7], [5, 7], [5, 8], [5, 9], [4, 9], [4, 10], [4, 11], [4, 12], [4, 13], [5, 13], [6, 13], [6, 12], [5, 12], [4, 12], [3, 12], [2, 12]]}
META {"type": "geom", "shape": "line", "group": "offpath", "data": [[27, 2, 28, 2], [27, 12, 25, 12], [17, 10, 18, 10], [17, 12, 17, 10], [10, 6, 8, 6], [10, 3, 10, 4], [10, 4, 10, 3], [10, 7, 10, 6], [24, 10, 23, 10], [8, 6, 8, 5], [8, 2, 6, 2], [8, 5, 8, 7], [8, 7, 10, 7], [6, 2, 8, 2], [3, 6, 3, 8], [3, 3, 3, 2], [3, 2, 3, 3], [3, 8, 3, 6], [13, 8, 12, 8], [2, 6, 2, 2], [2, 2, 4, 2], [29, 3, 28, 3], [29, 9, 29, 3], [29, 7, 23, 7], [21, 13, 19, 13], [21, 11, 21, 13], [19, 13, 19, 11], [19, 11, 21, 11], [12, 8, 13, 8], [4, 6, 2, 6], [4, 2, 4, 6], [22, 2, 20, 2], [23, 10, 24, 10], [23, 7, 29, 7], [28, 3, 28, 9], [28, 2, 27, 2], [28, 9, 29, 9], [20, 2, 22, 2], [20, 13, 20, 11], [20, 11, 20, 13], [25, 12, 27, 12], [18, 10, 18, 12], [18, 12, 17, 12], [5, 13, 5, 11], [5, 11, 5, 13]]}
