XXXXXXXXXXXXXXXX
XXXXXXXXXXXXXXXX
XX}XXXXXXX---XXX
XX-XXXXXX--#-XXX
XX----XXX-----XX
XXX-----------XX
XXX--#---X--#-XX
XXXX-----XX---XX
XXXX--XX--X---XX
XXXX---XX--X--XX
XX---#--XXXXX-XX
XX------XXXXX-XX
XX------XXX---XX
XX-#-#--XXX---XX
XX------XXX-X-XX
XXX-X-XX----XXXX
XXX-XXXX-----XXX
XXX-XXXX-#-X-XXX
XXX--XXX---XXXXX
XX---XXXX---XXXX
XXXX--XXX-#-XXXX
XXXX--XXX---XXXX
XXX---XXX-----XX
XXX---XXX---XXXX
XXX-X------XXXXX
XX--XX--X--XXXXX
XX---X-XXX-XXXXX
XX-X---XXX-XXXXX
XXXXX---------XX
XXXXX-X-----{-XX
XXXXXXXXXXXXXXXX
XXXXXXXXXXXXXXXX
META {"type": "solver", "id": "pysat-rc2", "objective": 0}
META {"type": "geom", "shape": "path", "group": "path", "data": [[29, 12, 29, 13], [29, 13, 29, 7], [29, 7, 28, 7], [28, 7, 28, 5], [28, 5, 27, 5], [27, 5, 27, 4], [27, 4, 27, 6], [27, 6, 28, 6], [28, 6, 24, 6], [24, 6, 24, 5], [24, 5, 20, 5], [20, 5, 20, 4], [20, 4, 18, 4], [18, 4, 18, 3], [18, 3, 14, 3], [14, 3, 14, 7], [14, 7, 10, 7], [10, 7, 10, 6], [10, 6, 14, 6], [14, 6, 14, 2], [14, 2, 10, 2], [10, 2, 10, 4], [10, 4, 14, 4], [14, 4, 4, 4], [4, 4, 4, 2], [4, 2, 2, 2]]}
META {"type": "geom", "shape": "tile", "group": "path", "data": [[29, 12], [29, 13], [29, 12], [29, 11], [29, 10], [29, 9], [29, 8], [29, 7], [28, 7], [28, 6], [28, 5], [27, 5], [27, 4], [27, 5], [27, 6], [28, 6], [27, 6], [26, 6], [25, 6], [24, 6], [24, 5], [23, 5], [22, 5], [21, 5], [20, 5], [20, 4], [19, 4], [18, 4], [18, 3], [17, 3], [16, 3], [15, 3], [14, 3], [14, 4], [14, 5], [14, 6], [14, 7], [13, 7], [12, 7], [11, 7], [10, 7], [10, 6], [11, 6], [12, 6], [13, 6], [14, 6], [14, 5], [14, 4], [14, 3], [14, 2], [13, 2], [12, 2], [11, 2], [10, 2], [10, 3], [10, 4], [11, 4], [12, 4], [13, 4], [14, 4], [13, 4], [12, 4], [11, 4], [10, 4], [9, 4], [8, 4], [7, 4], [6, 4], [5, 4], [4, 4], [4, 3], [4, 2], [3, 2], [2, 2]]}
META {"type": "geom", "shape": "line", "group": "offpath", "data": [[12, 5, 11, 5], [12, 11, 16, 11], [14, 13, 4, 13], [3, 10, 2, 10], [3, 9, 3, 10], [29, 9, 28, 9], [11, 5, 12, 5], [25, 2, 25, 3], [25, 3, 26, 3], [15, 9, 16, 9], [23, 3, 23, 5], [23, 5, 23, 3], [27, 2, 25, 2], [8, 11, 8, 13], [8, 13, 14, 13], [26, 2, 27, 2], [26, 3, 26, 4], [26, 4, 26, 2], [17, 12, 16, 12], [16, 11, 12, 11], [16, 12, 17, 12], [16, 9, 15, 9], [13, 11, 13, 13], [13, 13, 13, 11], [6, 10, 6, 11], [6, 3, 6, 4], [6, 11, 8, 11], [6, 4, 6, 3], [22, 3, 22, 5], [22, 5, 22, 3], [2, 10, 6, 10], [4, 3, 4, 5], [4, 5, 5, 5], [4, 13, 4, 9], [4, 9, 5, 9], [5, 3, 4, 3], [5, 5, 5, 3], [5, 9, 3, 9], [28, 9, 29, 9]]}
