XXXXXXXXXXXXXXXX
XXXXX---XX---XXX
X0------------1X
XXX----XXX-XXXXX
XXXXX------XXXXX
XXXXX---XXX----X
XXX--XXX---X-X-X
XX-X-----X-X-X-X
X-X------X-X-X-X
X-X-XX---X----XX
X-X-XX--X--X---X
XX------------XX
XXX-XX-XX-XX-XXX
XXX-XX-XX-XX-XXX
X2--XX-XX-XX--3X
XXXXXXXXXXXXXXXX
META {"type": "solver", "id": "pysat-rc2-boolonly", "objective": 0}
META {"type": "geom", "shape": "path", "group": "path", "data": [[2, 1, 2, 2], [2, 2, 2, 3], [2, 3, 2, 4], [2, 4, 3, 4], [3, 4, 3, 5], [3, 5, 3, 6], [3, 6, 2, 6], [2, 6, 2, 7], [2, 7, 2, 8], [2, 8, 2, 9], [2, 9, 2, 10], [2, 10, 1, 10], [1, 10, 1, 11], [1, 11, 2, 11], [2, 11, 2, 12], [2, 12, 2, 13], [2, 13, 2, 14]]}
META {"type": "geom", "shape": "tile", "group": "path", "data": [[2, 1], [2, 2], [2, 3], [2, 4], [3, 4], [3, 5], [3, 6], [2, 6], [2, 7], [2, 8], [2, 9], [2, 10], [1, 10], [1, 11], [2, 11], [2, 12], [2, 13], [2, 14]]}
META {"type": "geom", "shape": "line", "group": "offpath", "data": [[5, 5, 4, 5], [5, 6, 5, 7], [5, 7, 5, 6], [4, 5, 5, 5], [4, 8, 4, 9], [4, 6, 4, 7], [4, 9, 4, 8], [4, 7, 4, 6], [1, 5, 2, 5], [2, 5, 1, 5]]}
META {"type": "geom", "shape": "path", "group": "path", "data": [[14, 1, 14, 2], [14, 2, 14, 3], [14, 3, 13, 3], [13, 3, 12, 3], [12, 3, 11, 3], [11, 3, 10, 3], [10, 3, 9, 3], [9, 3, 8, 3], [8, 3, 8, 4], [8, 4, 8, 5], [8, 5, 8, 6], [8, 6, 8, 7], [8, 7, 9, 7], [9, 7, 9, 8], [9, 8, 8, 8], [8, 8, 7, 8], [7, 8, 6, 8], [6, 8, 6, 9], [6, 9, 6, 10], [6, 10, 7, 10], [7, 10, 8, 10], [8, 10, 9, 10], [9, 10, 9, 11], [9, 11, 9, 12], [9, 12, 9, 13], [9, 13, 10, 13], [10, 13, 10, 12], [10, 12, 11, 12], [11, 12, 12, 12], [12, 12, 13, 12], [13, 12, 14, 12], [14, 12, 14, 13], [14, 13, 14, 14]]}
META {"type": "geom", "shape": "tile", "group": "path", "data": [[14, 1], [14, 2], [14, 3], [13, 3], [12, 3], [11, 3], [10, 3], [9, 3], [8, 3], [8, 4], [8, 5], [8, 6], [8, 7], [9, 7], [9, 8], [8, 8], [7, 8], [6, 8], [6, 9], [6, 10], [7, 10], [8, 10], [9, 10], [9, 11], [9, 12], [9, 13], [10, 13], [10, 12], [11, 12], [12, 12], [13, 12], [14, 12], [14, 13], [14, 14]]}
META {"type": "geom", "shape": "line", "group": "offpath", "data": [[7, 12, 8, 12], [8, 12, 7, 12], [5, 12, 6, 12], [10, 6, 10, 7], [10, 7, 10, 6], [6, 12, 5, 12], [12, 6, 13, 6], [13, 6, 12, 6], [11, 5, 11, 4], [11, 4, 11, 5], [11, 6, 11, 7], [11, 7, 11, 6]]}
