XXXXXXXXXXXXXXXX
X0------------1X
XXXXX-XXX--XXXXX
XXXXX-----XXXXXX
X-----X--XXXXXXX
X--XXX---XXXXXXX
X---------XX---X
X-XXX-XXXX--XXXX
X-XXXX------XXXX
X-XXXX--XX-----X
XX------XX--X-XX
XX-XXX-----X-XXX
XXX-----X--X-XXX
XXX--------X-XXX
X2-----XX-----3X
XXXXXXXXXXXXXXXX
META {"type": "solver", "id": "pysat-rc2", "objective": 0}
META {"type": "geom", "shape": "path", "group": "path", "data": [[1, 1, 1, 2], [1, 2, 1, 3], [1, 3, 1, 4], [1, 4, 1, 5], [1, 5, 1, 6], [1, 6, 1, 7], [1, 7, 1, 8], [1, 8, 1, 9], [1, 9, 1, 10], [1, 10, 1, 11], [1, 11, 1, 12], [1, 12, 1, 13], [1, 13, 1, 14]]}
META {"type": "geom", "shape": "tile", "group": "path", "data": [[1, 1], [1, 2], [1, 3], [1, 4], [1, 5], [1, 6], [1, 7], [1, 8], [1, 9], [1, 10], [1, 11], [1, 12], [1, 13], [1, 14]]}
META {"type": "geom", "shape": "line", "group": "offpath", "data": [[4, 8, 4, 7], [4, 5, 4, 4], [4, 1, 5, 1], [4, 7, 5, 7], [4, 4, 4, 5], [4, 2, 4, 1], [14, 5, 14, 6], [14, 10, 13, 10], [14, 6, 14, 5], [14, 12, 13, 12], [3, 5, 2, 5], [8, 8, 8, 9], [8, 9, 8, 10], [8, 11, 9, 11], [8, 7, 8, 8], [8, 10, 8, 11], [6, 8, 5, 8], [6, 1, 6, 2], [6, 7, 6, 8], [6, 6, 5, 6], [6, 2, 6, 1], [12, 5, 13, 5], [12, 7, 13, 7], [12, 3, 12, 4], [12, 6, 11, 6], [12, 4, 12, 5], [13, 8, 13, 9], [13, 9, 13, 8], [13, 5, 13, 4], [13, 7, 13, 6], [13, 10, 14, 10], [13, 3, 12, 3], [13, 6, 12, 6], [13, 4, 13, 3], [13, 12, 14, 12], [2, 5, 3, 5], [9, 11, 10, 11], [9, 7, 8, 7], [9, 13, 10, 13], [9, 6, 9, 7], [10, 11, 10, 10], [10, 10, 11, 10], [10, 13, 9, 13], [10, 3, 10, 4], [10, 6, 9, 6], [10, 4, 10, 3], [5, 8, 4, 8], [5, 1, 5, 2], [5, 7, 6, 7], [5, 6, 6, 6], [5, 2, 4, 2], [11, 8, 11, 7], [11, 9, 11, 8], [11, 7, 12, 7], [11, 10, 11, 9], [11, 6, 10, 6]]}
META {"type": "geom", "shape": "path", "group": "path", "data": [[14, 1, 14, 2], [14, 2, 14, 3], [14, 3, 14, 4], [14, 4, 14, 5], [14, 5, 14, 6], [14, 6, 13, 6], [13, 6, 13, 7], [13, 7, 13, 8], [13, 8, 13, 9], [13, 9, 13, 10], [13, 10, 14, 10], [14, 10, 14, 11], [14, 11, 14, 12], [14, 12, 14, 13], [14, 13, 14, 14]]}
META {"type": "geom", "shape": "tile", "group": "path", "data": [[14, 1], [14, 2], [14, 3], [14, 4], [14, 5], [14, 6], [13, 6], [13, 7], [13, 8], [13, 9], [13, 10], [14, 10], [14, 11], [14, 12], [14, 13], [14, 14]]}
META {"type": "geom", "shape": "line", "group": "offpath", "data": [[12, 9, 11, 9], [10, 10, 11, 10], [11, 9, 12, 9], [11, 10, 10, 10]]}
