XXXXXXXXXXXXXXXX
X0---XXXX-XX--1X
XXX---XX-X---XXX
XXX---XX-----XXX
X--X--XX--XX--XX
XX--------XX---X
XX-X-XXX--XX--XX
XX-X-----XXXX-XX
X--X-----XXXX--X
XX------XXXX-XXX
XX------XXXX-XXX
XX--X--X-XX-X--X
XXXXXXXXXXXXXXXX
XXXXXXXXXXXXXXXX
X2------------3X
XXXXXXXXXXXXXXXX
META {"type": "solver", "id": "pysat-rc2", "objective": 0}
META {"type": "geom", "shape": "path", "group": "path", "data": [[1, 1, 1, 2], [1, 2, 1, 3], [1, 3, 2, 3], [2, 3, 2, 4], [2, 4, 3, 4], [3, 4, 3, 5], [3, 5, 4, 5], [4, 5, 5, 5], [5, 5, 5, 6], [5, 6, 5, 7], [5, 7, 5, 8], [5, 8, 4, 8], [4, 8, 4, 9], [4, 9, 3, 9], [3, 9, 3, 10], [3, 10, 2, 10], [2, 10, 2, 11], [2, 11, 2, 12], [2, 12, 1, 12], [1, 12, 1, 13], [1, 13, 1, 14]]}
META {"type": "geom", "shape": "tile", "group": "path", "data": [[1, 1], [1, 2], [1, 3], [2, 3], [2, 4], [3, 4], [3, 5], [4, 5], [5, 5], [5, 6], [5, 7], [5, 8], [4, 8], [4, 9], [3, 9], [3, 10], [2, 10], [2, 11], [2, 12], [1, 12], [1, 13], [1, 14]]}
META {"type": "geom", "shape": "line", "group": "offpath", "data": [[3, 12, 3, 11], [3, 11, 3, 12], [10, 4, 9, 4], [10, 3, 10, 4], [5, 2, 6, 2], [5, 4, 5, 3], [5, 3, 5, 2], [8, 2, 9, 2], [8, 5, 7, 5], [8, 7, 8, 8], [8, 6, 8, 5], [8, 8, 8, 7], [6, 2, 7, 2], [6, 4, 5, 4], [6, 9, 6, 8], [6, 8, 6, 9], [11, 5, 11, 6], [11, 6, 11, 5], [7, 2, 8, 2], [7, 5, 7, 4], [7, 7, 7, 6], [7, 6, 7, 7], [7, 4, 6, 4], [9, 2, 9, 3], [9, 5, 9, 6], [9, 6, 8, 6], [9, 4, 9, 5], [9, 3, 10, 3]]}
META {"type": "geom", "shape": "path", "group": "path", "data": [[14, 1, 14, 2], [14, 2, 14, 3], [14, 3, 14, 4], [14, 4, 14, 5], [14, 5, 14, 6], [14, 6, 14, 7], [14, 7, 14, 8], [14, 8, 14, 9], [14, 9, 14, 10], [14, 10, 14, 11], [14, 11, 14, 12], [14, 12, 14, 13], [14, 13, 14, 14]]}
META {"type": "geom", "shape": "tile", "group": "path", "data": [[14, 1], [14, 2], [14, 3], [14, 4], [14, 5], [14, 6], [14, 7], [14, 8], [14, 9], [14, 10], [14, 11], [14, 12], [14, 13], [14, 14]]}
META {"type": "geom", "shape": "line", "group": "offpath", "data": []}
