XXXXXXXXXXXXXXXX
X0------------1X
XXXX--X-XXXX-XXX
XXXX--X------XXX
X-----X-----X-XX
XX---X--X------X
X-XX------XXX--X
X-XX-----------X
X---XX--XX--XXXX
X-XXXXXXXXXXXXXX
X-XXXXXXXXXXXXXX
XXXXX--XX---XX-X
XXXXX------XXXXX
XXX--------XXXXX
X2----XX------3X
XXXXXXXXXXXXXXXX
META {"type": "solver", "id": "pysat-rc2", "objective": 0}
META {"type": "geom", "shape": "path", "group": "path", "data": [[1, 1, 1, 2], [1, 2, 1, 3], [1, 3, 1, 4], [1, 4, 1, 5], [1, 5, 1, 6], [1, 6, 1, 7], [1, 7, 1, 8], [1, 8, 1, 9], [1, 9, 1, 10], [1, 10, 1, 11], [1, 11, 1, 12], [1, 12, 1, 13], [1, 13, 1, 14]]}
META {"type": "geom", "shape": "tile", "group": "path", "data": [[1, 1], [1, 2], [1, 3], [1, 4], [1, 5], [1, 6], [1, 7], [1, 8], [1, 9], [1, 10], [1, 11], [1, 12], [1, 13], [1, 14]]}
META {"type": "geom", "shape": "line", "group": "offpath", "data": [[4, 10, 5, 10], [11, 6, 12, 6], [13, 7, 12, 7], [13, 3, 14, 3], [13, 9, 14, 9], [13, 6, 13, 5], [13, 5, 13, 6], [13, 8, 13, 9], [12, 7, 13, 7], [12, 6, 11, 6], [14, 3, 13, 3], [14, 4, 14, 5], [14, 9, 14, 8], [14, 5, 14, 4], [14, 12, 14, 11], [14, 8, 13, 8], [14, 11, 14, 12], [5, 10, 4, 10]]}
META {"type": "geom", "shape": "path", "group": "path", "data": [[14, 1, 14, 2], [14, 2, 14, 3], [14, 3, 14, 4], [14, 4, 14, 5], [14, 5, 13, 5], [13, 5, 13, 6], [13, 6, 13, 7], [13, 7, 13, 8], [13, 8, 14, 8], [14, 8, 14, 9], [14, 9, 14, 10], [14, 10, 14, 11], [14, 11, 14, 12], [14, 12, 14, 13], [14, 13, 14, 14]]}
META {"type": "geom", "shape": "tile", "group": "path", "data": [[14, 1], [14, 2], [14, 3], [14, 4], [14, 5], [13, 5], [13, 6], [13, 7], [13, 8], [14, 8], [14, 9], [14, 10], [14, 11], [14, 12], [14, 13], [14, 14]]}
META {"type": "geom", "shape": "line", "group": "offpath", "data": [[11, 9, 12, 9], [11, 10, 11, 9], [13, 9, 13, 10], [13, 10, 12, 10], [12, 9, 13, 9], [12, 10, 11, 10]]}
