XXXXXXXXXXXXXXXX
X0-----------XXX
XXX-XX-XXX---XXX
XXX-XX-XXXX---1X
X---XX-XXXX-XXXX
XX--XX--XX--XXXX
XXXXXXXX--X-XXXX
XXXXXXXX-X-XXXXX
X--XX----X-XXXXX
XX---XXX-X-----X
X--X-----X-----X
X---XXX-X-----XX
XXX-XXX----XXXXX
XXX-XXX-XX-XXXXX
X2------XX----3X
XXXXXXXXXXXXXXXX
META {"type": "solver", "id": "pysat-rc2", "objective": 0}
META {"type": "geom", "shape": "path", "group": "path", "data": [[1, 1, 1, 2], [1, 2, 1, 3], [1, 3, 1, 4], [1, 4, 1, 5], [1, 5, 1, 6], [1, 6, 1, 7], [1, 7, 1, 8], [1, 8, 1, 9], [1, 9, 1, 10], [1, 10, 1, 11], [1, 11, 2, 11], [2, 11, 2, 12], [2, 12, 3, 12], [3, 12, 3, 13], [3, 13, 3, 14]]}
META {"type": "geom", "shape": "tile", "group": "path", "data": [[1, 1], [1, 2], [1, 3], [1, 4], [1, 5], [1, 6], [1, 7], [1, 8], [1, 9], [1, 10], [1, 11], [2, 11], [2, 12], [3, 12], [3, 13], [3, 14]]}
META {"type": "geom", "shape": "line", "group": "offpath", "data": [[14, 12, 14, 13], [14, 13, 14, 12], [5, 6, 4, 6], [5, 11, 4, 11], [2, 6, 3, 6], [8, 6, 8, 7], [8, 7, 8, 6], [4, 6, 5, 6], [4, 11, 5, 11], [3, 6, 2, 6]]}
META {"type": "geom", "shape": "path", "group": "path", "data": [[14, 1, 14, 2], [14, 2, 14, 3], [14, 3, 14, 4], [14, 4, 14, 5], [14, 5, 14, 6], [14, 6, 14, 7], [14, 7, 13, 7], [13, 7, 12, 7], [12, 7, 12, 8], [12, 8, 12, 9], [12, 9, 12, 10], [12, 10, 13, 10], [13, 10, 14, 10], [14, 10, 14, 11], [14, 11, 14, 12], [14, 12, 14, 13], [14, 13, 14, 14]]}
META {"type": "geom", "shape": "tile", "group": "path", "data": [[14, 1], [14, 2], [14, 3], [14, 4], [14, 5], [14, 6], [14, 7], [13, 7], [12, 7], [12, 8], [12, 9], [12, 10], [13, 10], [14, 10], [14, 11], [14, 12], [14, 13], [14, 14]]}
META {"type": "geom", "shape": "line", "group": "offpath", "data": [[10, 12, 10, 13], [10, 10, 11, 10], [10, 2, 9, 2], [10, 5, 10, 6], [10, 6, 10, 5], [10, 11, 10, 12], [10, 13, 9, 13], [9, 12, 9, 11], [9, 10, 10, 10], [9, 2, 10, 2], [9, 11, 9, 10], [9, 13, 9, 12], [11, 10, 11, 11], [11, 11, 10, 11], [8, 10, 7, 10], [8, 2, 8, 1], [8, 1, 8, 2], [7, 10, 8, 10]]}
