XXXXXXXXXXXXXXXX
X0--------X--1XX
XXXXXXXXX---XXXX
XXXXXXXXXX--XXXX
X---XXXXXX---XXX
XX--XXXX--X--XXX
X--------------X
XX-XXXX-XXX--X-X
X-X--------X-X-X
XX-----X--X--X-X
XX-XXXXXXXXXX-XX
X--XXXXXXXXXX--X
XXX----------XXX
XXX--XX--XX--XXX
X2---XX--XX---3X
XXXXXXXXXXXXXXXX
META {"type": "solver", "id": "pysat-rc2", "objective": 0}
META {"type": "geom", "shape": "path", "group": "path", "data": [[1, 1, 1, 2], [1, 2, 1, 3], [1, 3, 1, 4], [1, 4, 1, 5], [1, 5, 1, 6], [1, 6, 1, 7], [1, 7, 1, 8], [1, 8, 1, 9], [1, 9, 2, 9], [2, 9, 2, 10], [2, 10, 2, 11], [2, 11, 1, 11], [1, 11, 1, 12], [1, 12, 1, 13]]}
META {"type": "geom", "shape": "tile", "group": "path", "data": [[1, 1], [1, 2], [1, 3], [1, 4], [1, 5], [1, 6], [1, 7], [1, 8], [1, 9], [2, 9], [2, 10], [2, 11], [1, 11], [1, 12], [1, 13]]}
META {"type": "geom", "shape": "line", "group": "offpath", "data": [[4, 2, 4, 1], [4, 1, 4, 2], [9, 14, 8, 14], [14, 11, 14, 12], [14, 12, 14, 11], [14, 8, 14, 7], [14, 7, 14, 8], [6, 11, 6, 10], [6, 12, 7, 12], [6, 2, 5, 2], [6, 10, 6, 11], [8, 14, 9, 14], [8, 3, 8, 4], [8, 8, 8, 9], [8, 9, 8, 8], [8, 7, 7, 7], [8, 4, 8, 3], [13, 3, 13, 4], [13, 4, 13, 3], [5, 2, 6, 2], [7, 12, 6, 12], [7, 7, 8, 7]]}
META {"type": "geom", "shape": "path", "group": "path", "data": [[14, 1, 14, 2], [14, 2, 14, 3], [14, 3, 14, 4], [14, 4, 13, 4], [13, 4, 12, 4], [12, 4, 12, 5], [12, 5, 12, 6], [12, 6, 12, 7], [12, 7, 13, 7], [13, 7, 13, 8], [13, 8, 12, 8], [12, 8, 12, 9], [12, 9, 12, 10], [12, 10, 12, 11], [12, 11, 13, 11], [13, 11, 14, 11], [14, 11, 14, 12], [14, 12, 14, 13], [14, 13, 14, 14]]}
META {"type": "geom", "shape": "tile", "group": "path", "data": [[14, 1], [14, 2], [14, 3], [14, 4], [13, 4], [12, 4], [12, 5], [12, 6], [12, 7], [13, 7], [13, 8], [12, 8], [12, 9], [12, 10], [12, 11], [13, 11], [14, 11], [14, 12], [14, 13], [14, 14]]}
META {"type": "geom", "shape": "line", "group": "offpath", "data": [[4, 3, 5, 3], [9, 3, 8, 3], [14, 8, 14, 7], [14, 7, 14, 8], [6, 2, 5, 2], [8, 3, 9, 3], [5, 2, 6, 2], [5, 3, 4, 3]]}
