XXXXXXXXXXXXXXXX
XXXXXXXXXXXXXXXX
XXXX---XXXX}XXXX
XX-----XXXX--XXX
XX--#--------XXX
XX-------XXXXXXX
XXX----#--XXXXXX
XXX-------XXXXXX
XXX---#---XXXXXX
XX-##---#-XXXXXX
XX-----------XXX
XX---X---XX---XX
XX--XX-#--X-#-XX
XX---X--------XX
XXX---#-------XX
XXX-#------##-XX
XXX------#----XX
XX---#-X-----XXX
XXX----XX-XXXXXX
XXX##---X--XXXXX
XXX-----XX-XXXXX
XXX--X---X-XXXXX
XXX--XXX--X--XXX
XXXX-XXX--XX-XXX
XXXX-XXX---X-XXX
XX------#----XXX
XX---#----XX-XXX
XX-----X---XXXXX
XX##---XXX-XXXXX
XX---{-XXX-XXXXX
XXXXXXXXXXXXXXXX
XXXXXXXXXXXXXXXX
META {"type": "solver", "id": "pysat-rc2-boolonly", "objective": 0}
META {"type": "geom", "shape": "path", "group": "path", "data": [[29, 5, 29, 6], [29, 6, 25, 6], [25, 6, 25, 7], [25, 7, 26, 7], [26, 7, 26, 9], [26, 9, 22, 9], [22, 9, 22, 8], [22, 8, 21, 8], [21, 8, 21, 6], [21, 6, 15, 6], [15, 6, 15, 5], [15, 5, 14, 5], [14, 5, 16, 5], [16, 5, 16, 3], [16, 3, 10, 3], [10, 3, 10, 2], [10, 2, 10, 12], [10, 12, 11, 12], [11, 12, 11, 11], [11, 11, 10, 11], [10, 11, 14, 11], [14, 11, 14, 7], [14, 7, 16, 7], [16, 7, 16, 8], [16, 8, 17, 8], [17, 8, 17, 12], [17, 12, 16, 12], [16, 12, 16, 10], [16, 10, 17, 10], [17, 10, 13, 10], [13, 10, 13, 6], [13, 6, 9, 6], [9, 6, 9, 5], [9, 5, 9, 7], [9, 7, 7, 7], [7, 7, 7, 3], [7, 3, 3, 3], [3, 3, 3, 2], [3, 2, 5, 2], [5, 2, 5, 8], [5, 8, 4, 8], [4, 8, 4, 12], [4, 12, 3, 12], [3, 12, 3, 11], [3, 11, 2, 11]]}
META {"type": "geom", "shape": "tile", "group": "path", "data": [[29, 5], [29, 6], [28, 6], [27, 6], [26, 6], [25, 6], [25, 7], [26, 7], [26, 8], [26, 9], [25, 9], [24, 9], [23, 9], [22, 9], [22, 8], [21, 8], [21, 7], [21, 6], [20, 6], [19, 6], [18, 6], [17, 6], [16, 6], [15, 6], [15, 5], [14, 5], [15, 5], [16, 5], [16, 4], [16, 3], [15, 3], [14, 3], [13, 3], [12, 3], [11, 3], [10, 3], [10, 2], [10, 3], [10, 4], [10, 5], [10, 6], [10, 7], [10, 8], [10, 9], [10, 10], [10, 11], [10, 12], [11, 12], [11, 11], [10, 11], [11, 11], [12, 11], [13, 11], [14, 11], [14, 10], [14, 9], [14, 8], [14, 7], [15, 7], [16, 7], [16, 8], [17, 8], [17, 9], [17, 10], [17, 11], [17, 12], [16, 12], [16, 11], [16, 10], [17, 10], [16, 10], [15, 10], [14, 10], [13, 10], [13, 9], [13, 8], [13, 7], [13, 6], [12, 6], [11, 6], [10, 6], [9, 6], [9, 5], [9, 6], [9, 7], [8, 7], [7, 7], [7, 6], [7, 5], [7, 4], [7, 3], [6, 3], [5, 3], [4, 3], [3, 3], [3, 2], [4, 2], [5, 2], [5, 3], [5, 4], [5, 5], [5, 6], [5, 7], [5, 8], [4, 8], [4, 9], [4, 10], [4, 11], [4, 12], [3, 12], [3, 11], [2, 11]]}
META {"type": "geom", "shape": "line", "group": "offpath", "data": [[29, 10, 27, 10], [14, 4, 13, 4], [14, 12, 13, 12], [8, 7, 8, 9], [8, 8, 8, 7], [8, 9, 6, 9], [9, 2, 13, 2], [21, 7, 19, 7], [21, 4, 21, 3], [21, 3, 21, 4], [21, 10, 19, 10], [6, 8, 8, 8], [6, 9, 6, 8], [20, 7, 21, 7], [20, 3, 22, 3], [20, 5, 20, 7], [24, 8, 24, 10], [24, 10, 24, 8], [26, 4, 26, 2], [26, 2, 26, 4], [23, 8, 23, 9], [23, 9, 23, 8], [27, 2, 25, 2], [27, 10, 29, 10], [19, 7, 19, 5], [19, 5, 20, 5], [19, 10, 21, 10], [2, 4, 2, 6], [2, 6, 2, 4], [25, 2, 27, 2], [11, 4, 11, 2], [11, 2, 11, 4], [12, 3, 12, 2], [12, 2, 12, 3], [22, 12, 22, 11], [22, 3, 20, 3], [22, 11, 22, 12], [13, 4, 14, 4], [13, 12, 14, 12], [13, 2, 9, 2]]}
