XXXXXXXXXXXXXXXX
XXXXXXXXXXXXXXXX
XX}XXXX---XXX-XX
XX--XXX-X-----XX
XX--XXXXX-----XX
XX--XXXXX--XX-XX
XX--XXXX-#--X-XX
XX-----------XXX
XX--#-----XXXXXX
XXX----##--XXXXX
XXXX-------XXXXX
XXXX-----XXXXXXX
XXX--#-#--XXXXXX
XXX-------XXXXXX
XXX-#-#---XXXXXX
XX------#---XXXX
XX---#------XXXX
XXX----#----XXXX
XXX-X----X---XXX
XXXXX---XX---XXX
XXXXX----X-#--XX
XXXX--#-------XX
XXXX----XXX---XX
XXX--#--XXX##-XX
XXX-----XXX---XX
XXX-#-------#-XX
XX-----XX-----XX
XX------X-----XX
XX---X---XX-{-XX
XXXXXXXXXXXXXXXX
XXXXXXXXXXXXXXXX
XXXXXXXXXXXXXXXX
META {"type": "solver", "id": "pysat-rc2", "objective": 0}
META {"type": "geom", "shape": "path", "group": "path", "data": [[28, 12, 26, 12], [26, 12, 26, 13], [26, 13, 26, 9], [26, 9, 25, 9], [25, 9, 27, 9], [27, 9, 27, 13], [27, 13, 28, 13], [28, 13, 28, 11], [28, 11, 24, 11], [24, 11, 24, 13], [24, 13, 20, 13], [20, 13, 20, 12], [20, 12, 18, 12], [18, 12, 22, 12], [22, 12, 22, 13], [22, 13, 22, 11], [22, 11, 21, 11], [21, 11, 21, 7], [21, 7, 25, 7], [25, 7, 25, 5], [25, 5, 27, 5], [27, 5, 27, 7], [27, 7, 28, 7], [28, 7, 28, 8], [28, 8, 28, 6], [28, 6, 22, 6], [22, 6, 22, 4], [22, 4, 24, 4], [24, 4, 24, 3], [24, 3, 23, 3], [23, 3, 23, 4], [23, 4, 21, 4], [21, 4, 21, 5], [21, 5, 17, 5], [17, 5, 17, 3], [17, 3, 18, 3], [18, 3, 12, 3], [12, 3, 12, 4], [12, 4, 13, 4], [13, 4, 13, 3], [13, 3, 13, 9], [13, 9, 12, 9], [12, 9, 12, 8], [12, 8, 10, 8], [10, 8, 10, 4], [10, 4, 9, 4], [9, 4, 9, 3], [9, 3, 3, 3], [3, 3, 3, 2], [3, 2, 2, 2]]}
META {"type": "geom", "shape": "tile", "group": "path", "data": [[28, 12], [27, 12], [26, 12], [26, 13], [26, 12], [26, 11], [26, 10], [26, 9], [25, 9], [26, 9], [27, 9], [27, 10], [27, 11], [27, 12], [27, 13], [28, 13], [28, 12], [28, 11], [27, 11], [26, 11], [25, 11], [24, 11], [24, 12], [24, 13], [23, 13], [22, 13], [21, 13], [20, 13], [20, 12], [19, 12], [18, 12], [19, 12], [20, 12], [21, 12], [22, 12], [22, 13], [22, 12], [22, 11], [21, 11], [21, 10], [21, 9], [21, 8], [21, 7], [22, 7], [23, 7], [24, 7], [25, 7], [25, 6], [25, 5], [26, 5], [27, 5], [27, 6], [27, 7], [28, 7], [28, 8], [28, 7], [28, 6], [27, 6], [26, 6], [25, 6], [24, 6], [23, 6], [22, 6], [22, 5], [22, 4], [23, 4], [24, 4], [24, 3], [23, 3], [23, 4], [22, 4], [21, 4], [21, 5], [20, 5], [19, 5], [18, 5], [17, 5], [17, 4], [17, 3], [18, 3], [17, 3], [16, 3], [15, 3], [14, 3], [13, 3], [12, 3], [12, 4], [13, 4], [13, 3], [13, 4], [13, 5], [13, 6], [13, 7], [13, 8], [13, 9], [12, 9], [12, 8], [11, 8], [10, 8], [10, 7], [10, 6], [10, 5], [10, 4], [9, 4], [9, 3], [8, 3], [7, 3], [6, 3], [5, 3], [4, 3], [3, 3], [3, 2], [2, 2]]}
META {"type": "geom", "shape": "line", "group": "offpath", "data": [[13, 5, 15, 5], [6, 8, 8, 8], [6, 10, 6, 11], [6, 11, 6, 10], [7, 12, 7, 2], [7, 5, 11, 5], [7, 7, 8, 7], [7, 2, 7, 12], [10, 10, 9, 10], [3, 9, 3, 13], [3, 13, 3, 9], [3, 12, 4, 12], [3, 7, 2, 7], [5, 3, 5, 2], [5, 2, 5, 3], [14, 9, 14, 7], [14, 7, 14, 9], [11, 5, 7, 5], [9, 10, 10, 10], [17, 9, 17, 11], [17, 4, 17, 6], [17, 6, 15, 6], [17, 11, 19, 11], [16, 4, 17, 4], [16, 2, 16, 4], [8, 3, 8, 2], [8, 8, 6, 8], [8, 7, 7, 7], [8, 2, 8, 3], [15, 9, 17, 9], [15, 5, 13, 5], [15, 2, 16, 2], [15, 6, 15, 2], [15, 11, 15, 9], [4, 9, 4, 13], [4, 13, 4, 9], [4, 12, 3, 12], [2, 7, 3, 7], [28, 4, 26, 4], [28, 2, 28, 4], [19, 11, 15, 11], [26, 4, 26, 6], [26, 2, 28, 2], [26, 6, 26, 2]]}
