XXXXXXXXXXXXXXXX
X---}XXX---XXXXX
XX-XXXXXXX-XXXXX
X--XXXXXXX---XXX
X-----XX---XX--X
X--X-X--XX-XX-XX
X-------XX-----X
X---XXX----X---X
X-XX-----XX----X
X-XX----XXXXX-XX
XX--X---XXXXX--X
XX--X---XXX{---X
X---X--XXXXXXXXX
X------XXXXXXXXX
X-XX-XX--------X
XXXXXXXXXXXXXXXX
META {"type": "solver", "id": "pysat-rc2", "objective": 0}
META {"type": "geom", "shape": "path", "group": "path", "data": [[11, 11, 11, 12], [11, 12, 11, 13], [11, 13, 11, 14], [11, 14, 10, 14], [10, 14, 10, 13], [10, 13, 9, 13], [9, 13, 8, 13], [8, 13, 8, 14], [8, 14, 7, 14], [7, 14, 6, 14], [6, 14, 6, 13], [6, 13, 7, 13], [7, 13, 7, 12], [7, 12, 6, 12], [6, 12, 6, 11], [6, 11, 6, 10], [6, 10, 7, 10], [7, 10, 7, 9], [7, 9, 7, 8], [7, 8, 8, 8], [8, 8, 8, 7], [8, 7, 7, 7], [7, 7, 6, 7], [6, 7, 6, 6], [6, 6, 6, 5], [6, 5, 6, 4], [6, 4, 6, 3], [6, 3, 6, 2], [6, 2, 6, 1], [6, 1, 5, 1], [5, 1, 5, 2], [5, 2, 4, 2], [4, 2, 4, 1], [4, 1, 3, 1], [3, 1, 3, 2], [3, 2, 2, 2], [2, 2, 1, 2], [1, 2, 1, 3], [1, 3, 1, 4]]}
META {"type": "geom", "shape": "tile", "group": "path", "data": [[11, 11], [11, 12], [11, 13], [11, 14], [10, 14], [10, 13], [9, 13], [8, 13], [8, 14], [7, 14], [6, 14], [6, 13], [7, 13], [7, 12], [6, 12], [6, 11], [6, 10], [7, 10], [7, 9], [7, 8], [8, 8], [8, 7], [7, 7], [6, 7], [6, 6], [6, 5], [6, 4], [6, 3], [6, 2], [6, 1], [5, 1], [5, 2], [4, 2], [4, 1], [3, 1], [3, 2], [2, 2], [1, 2], [1, 3], [1, 4]]}
META {"type": "geom", "shape": "line", "group": "offpath", "data": [[4, 4, 4, 5], [4, 5, 4, 4], [14, 13, 14, 12], [14, 10, 14, 9], [14, 9, 14, 10], [14, 12, 14, 13], [14, 1, 13, 1], [11, 3, 11, 2], [11, 6, 11, 5], [11, 7, 10, 7], [11, 2, 12, 2], [11, 5, 11, 6], [12, 3, 11, 3], [12, 6, 12, 5], [12, 2, 12, 3], [12, 5, 13, 5], [13, 6, 12, 6], [13, 1, 14, 1], [13, 5, 13, 6], [7, 2, 7, 1], [7, 1, 7, 2], [10, 6, 9, 6], [10, 7, 11, 7], [10, 5, 9, 5], [9, 6, 10, 6], [9, 1, 8, 1], [9, 5, 10, 5], [8, 12, 8, 11], [8, 1, 9, 1], [8, 11, 8, 12]]}
