XXXXXXXXXXXXXXXX
XXXXXXXXXXXXXXXX
XXXXXXX---XXXXXX
XXXX--XX--XXX}XX
XX-----X--XXX-XX
XXX-----XX----XX
XXXXX-XXXX--#-XX
XXXXX--XXXX---XX
XXX-XX-XXXX---XX
XX---X-XXXX---XX
XX-----XXXX---XX
XX---X-XXX-#--XX
XXXXXXX-------XX
XXXXXXX-------XX
XXX----X-XXX--XX
XXX---XX-XXX--XX
XX-----X-XXX--XX
XX-XXX-------XXX
XX-XXX##----XXXX
XX-----------XXX
XX--X--#--#--XXX
XXX-XX-------XXX
XXX--X--XX-#--XX
XXX---X-XX----XX
XXX--XX--X--X-XX
XXX---X-----XXXX
XX-----##---XXXX
XX---#------XXXX
XXX-------XXXXXX
XXX---X-{-XXXXXX
XXXXXXXXXXXXXXXX
XXXXXXXXXXXXXXXX
META {"type": "solver", "id": "pysat-rc2", "objective": 0}
META {"type": "geom", "shape": "path", "group": "path", "data": [[29, 8, 27, 8], [27, 8, 27, 6], [27, 6, 28, 6], [28, 6, 26, 6], [26, 6, 26, 2], [26, 2, 27, 2], [27, 2, 27, 4], [27, 4, 29, 4], [29, 4, 29, 5], [29, 5, 28, 5], [28, 5, 28, 3], [28, 3, 29, 3], [29, 3, 19, 3], [19, 3, 19, 2], [19, 2, 20, 2], [20, 2, 16, 2], [16, 2, 16, 6], [16, 6, 17, 6], [17, 6, 17, 12], [17, 12, 7, 12], [7, 12, 7, 11], [7, 11, 5, 11], [5, 11, 5, 13], [5, 13, 3, 13]]}
META {"type": "geom", "shape": "tile", "group": "path", "data": [[29, 8], [28, 8], [27, 8], [27, 7], [27, 6], [28, 6], [27, 6], [26, 6], [26, 5], [26, 4], [26, 3], [26, 2], [27, 2], [27, 3], [27, 4], [28, 4], [29, 4], [29, 5], [28, 5], [28, 4], [28, 3], [29, 3], [28, 3], [27, 3], [26, 3], [25, 3], [24, 3], [23, 3], [22, 3], [21, 3], [20, 3], [19, 3], [19, 2], [20, 2], [19, 2], [18, 2], [17, 2], [16, 2], [16, 3], [16, 4], [16, 5], [16, 6], [17, 6], [17, 7], [17, 8], [17, 9], [17, 10], [17, 11], [17, 12], [16, 12], [15, 12], [14, 12], [13, 12], [12, 12], [11, 12], [10, 12], [9, 12], [8, 12], [7, 12], [7, 11], [6, 11], [5, 11], [5, 12], [5, 13], [4, 13], [3, 13]]}
META {"type": "geom", "shape": "line", "group": "offpath", "data": [[23, 13, 24, 13], [23, 12, 23, 10], [23, 10, 27, 10], [23, 11, 23, 13], [15, 13, 15, 12], [15, 12, 15, 13], [9, 2, 11, 2], [29, 9, 25, 9], [26, 9, 26, 11], [26, 11, 26, 9], [22, 13, 22, 12], [22, 7, 21, 7], [22, 12, 23, 12], [22, 6, 22, 7], [21, 7, 25, 7], [21, 12, 21, 6], [21, 10, 21, 12], [21, 6, 22, 6], [4, 8, 2, 8], [4, 9, 4, 8], [14, 3, 16, 3], [2, 7, 2, 9], [2, 8, 2, 7], [2, 9, 4, 9], [3, 8, 3, 9], [3, 4, 3, 5], [3, 5, 3, 4], [3, 9, 3, 8], [8, 13, 8, 11], [8, 11, 8, 13], [13, 7, 12, 7], [13, 10, 11, 10], [13, 11, 12, 11], [10, 13, 10, 11], [10, 11, 10, 13], [5, 7, 5, 3], [5, 3, 5, 7], [12, 7, 13, 7], [12, 11, 13, 11], [16, 3, 14, 3], [24, 13, 22, 13], [24, 8, 25, 8], [11, 13, 11, 12], [11, 2, 9, 2], [11, 12, 11, 13], [11, 10, 13, 10], [25, 7, 25, 11], [25, 8, 24, 8], [25, 3, 25, 5], [25, 5, 25, 3], [25, 9, 29, 9], [25, 11, 23, 11], [27, 10, 21, 10]]}
