XXXXXXXXXXXXXXXX
XXXXXXXXXXXXXXXX
XXXXXX-----XXXXX
XX}XXX-----XXXXX
XX-----##---XXXX
XX--X-----X-XXXX
XXXXX----XXXXXXX
XXXXX--#--XXXXXX
XXXXXX----XXXXXX
XXXXXX--X--XXXXX
XXXXXX--XX-XXXXX
XXXX-XX--X--XXXX
XXX---X--XX-XXXX
XX--------X-XXXX
XXXXX---------XX
XXXXX---X---X-XX
XXX---#-XX--XXXX
XX-#-----X--XXXX
XX---X------XXXX
XX--XX-XX---XXXX
XX---X--XX--XXXX
XXX-----XXX---XX
XXX-----XXX---XX
XXX---#-XXX---XX
XXX---------#-XX
XX-XX--XX-----XX
XX--X-XXX-##--XX
XXX---XXX-----XX
XXX##-------XXXX
XXX--{--XXX-XXXX
XXXXXXXXXXXXXXXX
XXXXXXXXXXXXXXXX
META {"type": "solver", "id": "pysat-rc2", "objective": 0}
META {"type": "geom", "shape": "path", "group": "path", "data": [[29, 5, 29, 3], [29, 3, 29, 7], [29, 7, 28, 7], [28, 7, 28, 11], [28, 11, 27, 11], [27, 11, 27, 9], [27, 9, 28, 9], [28, 9, 24, 9], [24, 9, 24, 11], [24, 11, 25, 11], [25, 11, 25, 13], [25, 13, 21, 13], [21, 13, 21, 11], [21, 11, 11, 11], [11, 11, 11, 10], [11, 10, 9, 10], [9, 10, 9, 9], [9, 9, 7, 9], [7, 9, 7, 8], [7, 8, 8, 8], [8, 8, 8, 6], [8, 6, 2, 6], [2, 6, 2, 10], [2, 10, 4, 10], [4, 10, 4, 11], [4, 11, 4, 9], [4, 9, 5, 9], [5, 9, 5, 5], [5, 5, 4, 5], [4, 5, 4, 6], [4, 6, 4, 2], [4, 2, 5, 2], [5, 2, 3, 2]]}
META {"type": "geom", "shape": "tile", "group": "path", "data": [[29, 5], [29, 4], [29, 3], [29, 4], [29, 5], [29, 6], [29, 7], [28, 7], [28, 8], [28, 9], [28, 10], [28, 11], [27, 11], [27, 10], [27, 9], [28, 9], [27, 9], [26, 9], [25, 9], [24, 9], [24, 10], [24, 11], [25, 11], [25, 12], [25, 13], [24, 13], [23, 13], [22, 13], [21, 13], [21, 12], [21, 11], [20, 11], [19, 11], [18, 11], [17, 11], [16, 11], [15, 11], [14, 11], [13, 11], [12, 11], [11, 11], [11, 10], [10, 10], [9, 10], [9, 9], [8, 9], [7, 9], [7, 8], [8, 8], [8, 7], [8, 6], [7, 6], [6, 6], [5, 6], [4, 6], [3, 6], [2, 6], [2, 7], [2, 8], [2, 9], [2, 10], [3, 10], [4, 10], [4, 11], [4, 10], [4, 9], [5, 9], [5, 8], [5, 7], [5, 6], [5, 5], [4, 5], [4, 6], [4, 5], [4, 4], [4, 3], [4, 2], [5, 2], [4, 2], [3, 2]]}
META {"type": "geom", "shape": "line", "group": "offpath", "data": [[13, 3, 12, 3], [10, 6, 10, 7], [10, 7, 10, 6], [11, 8, 11, 7], [11, 7, 11, 8], [16, 4, 16, 5], [16, 5, 17, 5], [15, 11, 15, 9], [15, 9, 15, 11], [15, 13, 14, 13], [19, 2, 19, 3], [19, 3, 19, 2], [26, 13, 26, 12], [26, 2, 26, 3], [26, 3, 26, 2], [26, 12, 26, 13], [4, 3, 5, 3], [17, 4, 17, 8], [17, 10, 17, 11], [17, 5, 17, 4], [17, 11, 17, 10], [17, 8, 18, 8], [22, 6, 22, 7], [22, 7, 22, 3], [22, 3, 24, 3], [18, 4, 16, 4], [18, 8, 18, 6], [18, 6, 22, 6], [18, 2, 18, 4], [18, 3, 18, 2], [23, 5, 23, 3], [23, 3, 23, 5], [14, 13, 15, 13], [24, 3, 18, 3], [5, 3, 4, 3], [12, 3, 13, 3]]}
