XXXXXXXXXXXXXXXX
XXXXXXXXXXXXXXXX
XX}XXXXX-----XXX
XX-XXXXXX-#---XX
XX---XXXX-----XX
XXX--XXXX--#--XX
XXX-----------XX
XXX----#------XX
XXX-----------XX
XXX--XX-XXXXX-XX
XXX---X-XXXXXXXX
XX-#----XXX-XXXX
XX----XXXXX-XXXX
XX----XXXXX-XXXX
XX-X---XXXX-XXXX
XXXXXX-XXX-#--XX
XXXXXX-------XXX
XXX--XX--XX-XXXX
XXX---X--XX-XXXX
XXX##--#--X-XXXX
XXX----------XXX
XXX---X-X----XXX
XXXXXXXXX-----XX
XXXXXXXXXX--X-XX
XXXXXXX-XXX-XXXX
XXXXX---XXX--XXX
XXXXX---XXX--XXX
XXXXX##----#-XXX
XXXXX--------XXX
XXXXX--X-{---XXX
XXXXXXXXXXXXXXXX
XXXXXXXXXXXXXXXX
META {"type": "solver", "id": "pysat-rc2", "objective": 0}
META {"type": "geom", "shape": "path", "group": "path", "data": [[29, 9, 27, 9], [27, 9, 27, 7], [27, 7, 28, 7], [28, 7, 28, 5], [28, 5, 29, 5], [29, 5, 29, 6], [29, 6, 28, 6], [28, 6, 28, 12], [28, 12, 29, 12], [29, 12, 25, 12], [25, 12, 25, 11], [25, 11, 26, 11], [26, 11, 16, 11], [16, 11, 16, 12], [16, 12, 16, 6], [16, 6, 14, 6], [14, 6, 14, 4], [14, 4, 4, 4], [4, 4, 4, 2], [4, 2, 2, 2]]}
META {"type": "geom", "shape": "tile", "group": "path", "data": [[29, 9], [28, 9], [27, 9], [27, 8], [27, 7], [28, 7], [28, 6], [28, 5], [29, 5], [29, 6], [28, 6], [28, 7], [28, 8], [28, 9], [28, 10], [28, 11], [28, 12], [29, 12], [28, 12], [27, 12], [26, 12], [25, 12], [25, 11], [26, 11], [25, 11], [24, 11], [23, 11], [22, 11], [21, 11], [20, 11], [19, 11], [18, 11], [17, 11], [16, 11], [16, 12], [16, 11], [16, 10], [16, 9], [16, 8], [16, 7], [16, 6], [15, 6], [14, 6], [14, 5], [14, 4], [13, 4], [12, 4], [11, 4], [10, 4], [9, 4], [8, 4], [7, 4], [6, 4], [5, 4], [4, 4], [4, 3], [4, 2], [3, 2], [2, 2]]}
META {"type": "geom", "shape": "line", "group": "offpath", "data": [[3, 11, 4, 11], [3, 13, 3, 11], [28, 11, 29, 11], [6, 5, 8, 5], [4, 9, 2, 9], [4, 11, 4, 13], [4, 13, 4, 9], [4, 3, 10, 3], [26, 6, 25, 6], [15, 10, 16, 10], [15, 12, 15, 13], [15, 13, 15, 12], [2, 8, 2, 12], [2, 9, 2, 8], [2, 12, 8, 12], [17, 8, 17, 7], [17, 7, 17, 8], [9, 13, 3, 13], [13, 3, 12, 3], [8, 12, 8, 13], [8, 5, 6, 5], [8, 13, 9, 13], [18, 7, 16, 7], [25, 6, 26, 6], [27, 10, 29, 10], [27, 8, 27, 10], [12, 3, 13, 3], [14, 5, 10, 5], [5, 4, 5, 3], [5, 12, 5, 13], [5, 13, 5, 12], [5, 3, 5, 4], [29, 10, 29, 8], [29, 8, 27, 8], [29, 11, 28, 11], [10, 5, 14, 5], [10, 3, 4, 3], [20, 12, 22, 12], [16, 10, 15, 10], [16, 7, 18, 7], [21, 5, 21, 3], [21, 3, 21, 5], [23, 10, 23, 11], [23, 11, 23, 10], [22, 12, 20, 12]]}
