--------------------------------
--------------------------------
--------------------------------
--Q---------------Q-------------
------X------Q--------X------X--
-------------------------Q------
---------Q----------------------
-----------------------------X--
--------------X--XX-------------
-------------XX-----------------
------------XXX-----------------
-----------XXXX-----------------
----------XXXXX-----------------
---------XXXXXX----XX-----<>----
-{------XXXXXXX---XXX-----[]--}-
XXXXXXXXXXXXXXXXXXXXX---XXXXXXXX
META {"type": "solver", "id": "pysat-rc2-boolonly", "objective": 0}
META {"type": "geom", "shape": "path", "group": "path", "data": [[14, 1, 13, 1], [13, 1, 14, 0], [14, 0, 11, 2], [11, 2, 12, 3], [12, 3, 13, 3], [13, 3, 14, 4], [14, 4, 10, 8], [10, 8, 11, 8], [11, 8, 12, 9], [12, 9, 8, 5], [8, 5, 9, 6], [9, 6, 10, 7], [10, 7, 11, 7], [11, 7, 12, 7], [12, 7, 13, 7], [13, 7, 14, 7], [14, 7, 10, 11], [10, 11, 6, 15], [6, 15, 7, 14], [7, 14, 4, 14], [4, 14, 5, 15], [5, 15, 6, 16], [6, 16, 7, 17], [7, 17, 3, 13], [3, 13, 1, 12], [1, 12, 2, 11], [2, 11, 3, 10], [3, 10, 4, 11], [4, 11, 5, 10], [5, 10, 6, 11], [6, 11, 7, 11], [7, 11, 8, 12], [8, 12, 9, 12], [9, 12, 8, 13], [8, 13, 4, 17], [4, 17, 5, 18], [5, 18, 6, 18], [6, 18, 7, 18], [7, 18, 3, 22], [3, 22, 0, 22], [0, 22, 1, 22], [1, 22, 2, 23], [2, 23, 3, 24], [3, 24, 4, 25], [4, 25, 1, 28], [1, 28, 2, 28], [2, 28, 3, 29], [3, 29, 0, 26], [0, 26, 1, 27], [1, 27, 2, 26], [2, 26, 3, 26], [3, 26, 4, 27], [4, 27, 5, 27], [5, 27, 6, 28], [6, 28, 7, 27], [7, 27, 8, 28], [8, 28, 9, 28], [9, 28, 10, 29], [10, 29, 11, 29], [11, 29, 12, 29], [12, 29, 13, 28], [13, 28, 14, 28], [14, 28, 11, 28], [11, 28, 12, 28], [12, 28, 13, 29], [13, 29, 14, 30]]}
META {"type": "geom", "shape": "tile", "group": "path", "data": [[14, 1], [13, 1], [14, 1], [14, 0], [13, 0], [13, 1], [12, 1], [12, 2], [11, 2], [12, 2], [12, 3], [13, 3], [14, 3], [14, 4], [13, 4], [13, 5], [12, 5], [12, 6], [11, 6], [11, 7], [10, 7], [10, 8], [11, 8], [12, 8], [12, 9], [11, 9], [11, 8], [10, 8], [10, 7], [9, 7], [9, 6], [8, 6], [8, 5], [9, 5], [9, 6], [10, 6], [10, 7], [11, 7], [12, 7], [13, 7], [14, 7], [13, 7], [13, 8], [12, 8], [12, 9], [11, 9], [11, 10], [10, 10], [10, 11], [9, 11], [9, 12], [8, 12], [8, 13], [7, 13], [7, 14], [6, 14], [6, 15], [7, 15], [7, 14], [6, 14], [5, 14], [4, 14], [5, 14], [5, 15], [6, 15], [6, 16], [7, 16], [7, 17], [6, 17], [6, 16], [5, 16], [5, 15], [4, 15], [4, 14], [3, 14], [3, 13], [2, 13], [2, 12], [1, 12], [2, 12], [2, 11], [3, 11], [3, 10], [4, 10], [4, 11], [5, 11], [5, 10], [6, 10], [6, 11], [7, 11], [8, 11], [8, 12], [9, 12], [8, 12], [8, 13], [7, 13], [7, 14], [6, 14], [6, 15], [5, 15], [5, 16], [4, 16], [4, 17], [5, 17], [5, 18], [6, 18], [7, 18], [6, 18], [6, 19], [5, 19], [5, 20], [4, 20], [4, 21], [3, 21], [3, 22], [2, 22], [1, 22], [0, 22], [1, 22], [2, 22], [2, 23], [3, 23], [3, 24], [4, 24], [4, 25], [3, 25], [3, 26], [2, 26], [2, 27], [1, 27], [1, 28], [2, 28], [3, 28], [3, 29], [2, 29], [2, 28], [1, 28], [1, 27], [0, 27], [0, 26], [1, 26], [1, 27], [2, 27], [2, 26], [3, 26], [4, 26], [4, 27], [5, 27], [6, 27], [6, 28], [7, 28], [7, 27], [8, 27], [8, 28], [9, 28], [10, 28], [10, 29], [11, 29], [12, 29], [13, 29], [13, 28], [14, 28], [13, 28], [12, 28], [11, 28], [12, 28], [13, 28], [13, 29], [14, 29], [14, 30]]}
META {"type": "geom", "shape": "line", "group": "offpath", "data": [[14, 16, 10, 20], [14, 31, 12, 31], [14, 25, 10, 26], [14, 5, 10, 2], [14, 3, 11, 3], [14, 29, 11, 31], [14, 15, 14, 16], [1, 19, 2, 18], [1, 2, 2, 2], [10, 16, 11, 16], [10, 22, 11, 21], [10, 24, 11, 25], [10, 10, 11, 10], [10, 25, 11, 24], [10, 20, 11, 19], [10, 26, 11, 26], [10, 2, 11, 1], [12, 16, 13, 16], [12, 31, 13, 31], [12, 4, 13, 5], [12, 1, 13, 2], [12, 23, 13, 24], [12, 27, 8, 26], [12, 30, 13, 30], [12, 19, 8, 16], [12, 20, 8, 21], [12, 26, 8, 22], [12, 8, 13, 8], [9, 22, 10, 22], [9, 23, 10, 24], [9, 17, 10, 16], [9, 26, 10, 25], [11, 16, 12, 16], [11, 31, 12, 30], [11, 1, 12, 1], [11, 24, 12, 23], [11, 10, 10, 10], [11, 25, 12, 26], [11, 19, 12, 19], [11, 26, 12, 27], [11, 3, 12, 4], [11, 21, 12, 20], [3, 6, 2, 7], [8, 16, 9, 17], [8, 22, 9, 23], [8, 26, 9, 26], [8, 21, 9, 22], [0, 20, 1, 19], [0, 3, 1, 2], [5, 28, 6, 29], [2, 18, 0, 20], [2, 7, 3, 6], [2, 2, 0, 3], [6, 29, 5, 28], [13, 16, 14, 15], [13, 31, 14, 31], [13, 24, 14, 25], [13, 30, 14, 29], [13, 5, 14, 5], [13, 8, 12, 8], [13, 2, 14, 3]]}
