--------------------------------
--------------------------------
------------Q-------------------
-----------------Q--------------
-------X------------------------
--------------------------------
-------------XQQX-------X--XXX--
--------------------------------
--------------------X-----------
--------------------------------
-----------XX-------------------
---X------------XX--XX----------
---------------XXX--------<>----
------XX------XXXX--------[]----
-{---XXX-----XXXXX--------[]--}-
XXXXXXXXXXXXXXXXXXXXXXXXXXXXXXXX
META {"type": "solver", "id": "pysat-rc2", "objective": 0}
META {"type": "geom", "shape": "path", "group": "path", "data": [[14, 1, 12, 1], [12, 1, 13, 1], [13, 1, 14, 0], [14, 0, 12, 2], [12, 2, 13, 3], [13, 3, 14, 2], [14, 2, 10, 3], [10, 3, 6, 3], [6, 3, 7, 2], [7, 2, 8, 3], [8, 3, 9, 4], [9, 4, 10, 5], [10, 5, 11, 5], [11, 5, 12, 4], [12, 4, 13, 4], [13, 4, 14, 3], [14, 3, 10, 6], [10, 6, 11, 7], [11, 7, 12, 6], [12, 6, 8, 7], [8, 7, 9, 8], [9, 8, 10, 9], [10, 9, 11, 10], [11, 10, 12, 10], [12, 10, 13, 11], [13, 11, 14, 12], [14, 12, 11, 12], [11, 12, 12, 13], [12, 13, 13, 13], [13, 13, 9, 12], [9, 12, 5, 13], [5, 13, 2, 11], [2, 11, 3, 12], [3, 12, 4, 13], [4, 13, 5, 14], [5, 14, 1, 18], [1, 18, 2, 17], [2, 17, 0, 19], [0, 19, 1, 19], [1, 19, 2, 20], [2, 20, 3, 21], [3, 21, 4, 20], [4, 20, 5, 21], [5, 21, 6, 22], [6, 22, 7, 22], [7, 22, 8, 21], [8, 21, 9, 21], [9, 21, 10, 21], [10, 21, 9, 20], [9, 20, 10, 20], [10, 20, 8, 18], [8, 18, 9, 18], [9, 18, 10, 17], [10, 17, 7, 20], [7, 20, 4, 23], [4, 23, 5, 24], [5, 24, 1, 27], [1, 27, 2, 28], [2, 28, 3, 27], [3, 27, 4, 27], [4, 27, 5, 26], [5, 26, 6, 26], [6, 26, 7, 26], [7, 26, 8, 25], [8, 25, 9, 26], [9, 26, 10, 26], [10, 26, 11, 26], [11, 26, 8, 29], [8, 29, 9, 28], [9, 28, 10, 28], [10, 28, 11, 28], [11, 28, 12, 28], [12, 28, 13, 29], [13, 29, 14, 29], [14, 29, 11, 31], [11, 31, 12, 30], [12, 30, 13, 31], [13, 31, 14, 30]]}
META {"type": "geom", "shape": "tile", "group": "path", "data": [[14, 1], [13, 1], [12, 1], [13, 1], [14, 1], [14, 0], [13, 0], [13, 1], [12, 1], [12, 2], [13, 2], [13, 3], [14, 3], [14, 2], [13, 2], [12, 2], [11, 2], [10, 2], [10, 3], [9, 3], [8, 3], [7, 3], [6, 3], [7, 3], [7, 2], [8, 2], [8, 3], [9, 3], [9, 4], [10, 4], [10, 5], [11, 5], [12, 5], [12, 4], [13, 4], [14, 4], [14, 3], [13, 3], [13, 4], [12, 4], [12, 5], [11, 5], [11, 6], [10, 6], [11, 6], [11, 7], [12, 7], [12, 6], [11, 6], [10, 6], [9, 6], [8, 6], [8, 7], [9, 7], [9, 8], [10, 8], [10, 9], [11, 9], [11, 10], [12, 10], [13, 10], [13, 11], [14, 11], [14, 12], [13, 12], [12, 12], [11, 12], [12, 12], [12, 13], [13, 13], [12, 13], [11, 13], [10, 13], [9, 13], [9, 12], [8, 12], [7, 12], [6, 12], [5, 12], [5, 13], [4, 13], [4, 12], [3, 12], [3, 11], [2, 11], [3, 11], [3, 12], [4, 12], [4, 13], [5, 13], [5, 14], [4, 14], [4, 15], [3, 15], [3, 16], [2, 16], [2, 17], [1, 17], [1, 18], [2, 18], [2, 17], [1, 17], [1, 18], [0, 18], [0, 19], [1, 19], [2, 19], [2, 20], [3, 20], [3, 21], [4, 21], [4, 20], [5, 20], [5, 21], [6, 21], [6, 22], [7, 22], [8, 22], [8, 21], [9, 21], [10, 21], [9, 21], [9, 20], [10, 20], [9, 20], [9, 19], [8, 19], [8, 18], [9, 18], [10, 18], [10, 17], [9, 17], [9, 18], [8, 18], [8, 19], [7, 19], [7, 20], [6, 20], [6, 21], [5, 21], [5, 22], [4, 22], [4, 23], [5, 23], [5, 24], [4, 24], [4, 25], [3, 25], [3, 26], [2, 26], [2, 27], [1, 27], [2, 27], [2, 28], [3, 28], [3, 27], [4, 27], [5, 27], [5, 26], [6, 26], [7, 26], [8, 26], [8, 25], [9, 25], [9, 26], [10, 26], [11, 26], [10, 26], [10, 27], [9, 27], [9, 28], [8, 28], [8, 29], [9, 29], [9, 28], [10, 28], [11, 28], [12, 28], [13, 28], [13, 29], [14, 29], [13, 29], [13, 30], [12, 30], [12, 31], [11, 31], [12, 31], [12, 30], [13, 30], [13, 31], [14, 31], [14, 30]]}
META {"type": "geom", "shape": "line", "group": "offpath", "data": [[6, 7, 7, 6], [12, 22, 13, 23], [12, 7, 8, 11], [12, 11, 13, 10], [12, 23, 13, 24], [12, 8, 13, 8], [12, 14, 11, 15], [12, 12, 13, 12], [2, 31, 3, 30], [2, 15, 3, 16], [2, 26, 3, 25], [2, 8, 3, 7], [2, 14, 3, 14], [9, 15, 10, 16], [9, 13, 10, 14], [9, 11, 5, 7], [9, 6, 10, 7], [11, 22, 12, 22], [11, 15, 7, 12], [11, 13, 12, 14], [11, 11, 12, 11], [11, 8, 12, 8], [11, 24, 12, 23], [8, 5, 9, 6], [8, 13, 9, 13], [8, 11, 9, 11], [5, 29, 2, 31], [5, 28, 1, 25], [5, 15, 1, 14], [5, 16, 1, 15], [5, 7, 6, 7], [5, 27, 3, 28], [7, 6, 8, 5], [7, 12, 8, 13], [3, 30, 4, 29], [3, 25, 4, 26], [3, 28, 4, 28], [3, 16, 4, 16], [3, 7, 0, 10], [3, 14, 4, 14], [1, 25, 2, 26], [1, 15, 2, 15], [1, 9, 2, 8], [1, 14, 2, 14], [1, 12, 0, 11], [13, 22, 14, 22], [13, 30, 14, 31], [13, 21, 14, 20], [13, 25, 14, 24], [13, 28, 14, 28], [13, 20, 14, 21], [13, 23, 14, 23], [13, 10, 14, 9], [13, 8, 14, 8], [13, 12, 14, 11], [13, 24, 14, 25], [14, 22, 10, 25], [14, 21, 13, 20], [14, 25, 10, 22], [14, 31, 13, 30], [14, 28, 13, 28], [14, 20, 13, 21], [14, 9, 12, 7], [14, 11, 12, 12], [14, 23, 13, 22], [14, 8, 11, 11], [14, 24, 13, 25], [10, 22, 11, 22], [10, 25, 11, 24], [10, 16, 9, 15], [10, 7, 11, 8], [10, 14, 11, 13], [4, 29, 5, 29], [4, 28, 5, 28], [4, 16, 5, 16], [4, 26, 5, 27], [4, 14, 5, 15], [0, 11, 1, 12], [0, 10, 1, 9]]}
