--------------------------------
--------------------------------
-------XXXX---------------------
-------------XX--XXX---------Q--
--------------------------------
------X-------------------------
---------Q----------Q--X--XXXX--
------------X---X---------------
--------------------------------
----------------------------Q---
----------X----------<>---------
---------XX-------X--[]---------
--------XXX------XX--[]---------
-------XXXX-----XXX--[]---------
-{----XXXXX----XXXX--[]-------}-
XXXXXXXXXXXXXXXXXXXXXXXXXXXXXXXX
META {"type": "solver", "id": "pysat-rc2", "objective": 0}
META {"type": "geom", "shape": "path", "group": "path", "data": [[14, 1, 10, 1], [10, 1, 11, 1], [11, 1, 12, 2], [12, 2, 13, 3], [13, 3, 14, 4], [14, 4, 10, 7], [10, 7, 11, 8], [11, 8, 9, 10], [9, 10, 5, 9], [5, 9, 1, 13], [1, 13, 2, 14], [2, 14, 0, 16], [0, 16, 1, 17], [1, 17, 2, 18], [2, 18, 2, 19], [2, 19, 0, 19], [0, 19, 1, 19], [1, 19, 2, 20], [2, 20, 3, 21], [3, 21, 4, 22], [4, 22, 5, 23], [5, 23, 2, 21], [2, 21, 3, 20], [3, 20, 4, 19], [4, 19, 5, 20], [5, 20, 5, 19], [5, 19, 6, 18], [6, 18, 7, 19], [7, 19, 8, 20], [8, 20, 9, 19], [9, 19, 10, 18], [10, 18, 6, 22], [6, 22, 7, 22], [7, 22, 8, 23], [8, 23, 9, 22], [9, 22, 5, 26], [5, 26, 5, 27], [5, 27, 1, 28], [1, 28, 2, 29], [2, 29, 0, 28], [0, 28, 1, 27], [1, 27, 2, 28], [2, 28, 3, 28], [3, 28, 4, 29], [4, 29, 5, 29], [5, 29, 1, 26], [1, 26, 2, 26], [2, 26, 3, 26], [3, 26, 4, 25], [4, 25, 5, 24], [5, 24, 6, 24], [6, 24, 7, 25], [7, 25, 8, 26], [8, 26, 9, 25], [9, 25, 10, 25], [10, 25, 11, 26], [11, 26, 12, 27], [12, 27, 13, 26], [13, 26, 14, 25], [14, 25, 13, 25], [13, 25, 14, 24], [14, 24, 12, 26], [12, 26, 13, 27], [13, 27, 14, 26], [14, 26, 14, 27], [14, 27, 11, 27], [11, 27, 12, 28], [12, 28, 13, 29], [13, 29, 14, 30]]}
META {"type": "geom", "shape": "tile", "group": "path", "data": [[14, 1], [13, 1], [12, 1], [11, 1], [10, 1], [11, 1], [12, 1], [12, 2], [13, 2], [13, 3], [14, 3], [14, 4], [13, 4], [13, 5], [12, 5], [12, 6], [11, 6], [11, 7], [10, 7], [11, 7], [11, 8], [10, 8], [10, 9], [9, 9], [9, 10], [8, 10], [7, 10], [6, 10], [5, 10], [5, 9], [4, 9], [4, 10], [3, 10], [3, 11], [2, 11], [2, 12], [1, 12], [1, 13], [2, 13], [2, 14], [1, 14], [1, 15], [0, 15], [0, 16], [1, 16], [1, 17], [2, 17], [2, 18], [2, 19], [1, 19], [0, 19], [1, 19], [2, 19], [2, 20], [3, 20], [3, 21], [4, 21], [4, 22], [5, 22], [5, 23], [4, 23], [4, 22], [3, 22], [3, 21], [2, 21], [3, 21], [3, 20], [4, 20], [4, 19], [5, 19], [5, 20], [5, 19], [6, 19], [6, 18], [7, 18], [7, 19], [8, 19], [8, 20], [9, 20], [9, 19], [10, 19], [10, 18], [9, 18], [9, 19], [8, 19], [8, 20], [7, 20], [7, 21], [6, 21], [6, 22], [7, 22], [8, 22], [8, 23], [9, 23], [9, 22], [8, 22], [8, 23], [7, 23], [7, 24], [6, 24], [6, 25], [5, 25], [5, 26], [5, 27], [4, 27], [3, 27], [2, 27], [1, 27], [1, 28], [2, 28], [2, 29], [1, 29], [1, 28], [0, 28], [1, 28], [1, 27], [2, 27], [2, 28], [3, 28], [4, 28], [4, 29], [5, 29], [4, 29], [4, 28], [3, 28], [3, 27], [2, 27], [2, 26], [1, 26], [2, 26], [3, 26], [4, 26], [4, 25], [5, 25], [5, 24], [6, 24], [7, 24], [7, 25], [8, 25], [8, 26], [9, 26], [9, 25], [10, 25], [11, 25], [11, 26], [12, 26], [12, 27], [13, 27], [13, 26], [14, 26], [14, 25], [13, 25], [14, 25], [14, 24], [13, 24], [13, 25], [12, 25], [12, 26], [13, 26], [13, 27], [14, 27], [14, 26], [14, 27], [13, 27], [12, 27], [11, 27], [12, 27], [12, 28], [13, 28], [13, 29], [14, 29], [14, 30]]}
META {"type": "geom", "shape": "line", "group": "offpath", "data": [[7, 20, 8, 21], [7, 27, 8, 28], [7, 14, 8, 15], [7, 5, 8, 4], [12, 15, 13, 15], [12, 4, 13, 5], [12, 3, 13, 2], [12, 12, 13, 12], [12, 29, 13, 30], [12, 6, 13, 6], [12, 7, 8, 3], [12, 1, 13, 1], [5, 17, 6, 16], [5, 18, 6, 19], [5, 13, 6, 12], [5, 28, 3, 27], [11, 15, 12, 15], [11, 17, 7, 14], [11, 5, 12, 6], [11, 2, 12, 1], [11, 3, 12, 3], [11, 7, 12, 7], [9, 9, 10, 9], [9, 4, 10, 5], [9, 14, 10, 14], [9, 5, 10, 6], [9, 21, 5, 17], [8, 15, 9, 14], [8, 4, 9, 5], [8, 28, 7, 27], [8, 3, 9, 4], [8, 21, 9, 21], [13, 15, 11, 17], [13, 4, 14, 3], [13, 5, 14, 5], [13, 2, 14, 2], [13, 13, 14, 14], [13, 12, 14, 12], [13, 30, 14, 29], [13, 6, 9, 9], [13, 1, 14, 0], [14, 0, 10, 3], [14, 11, 12, 12], [14, 14, 14, 13], [14, 5, 13, 4], [14, 2, 12, 4], [14, 13, 13, 13], [14, 28, 12, 29], [14, 3, 11, 3], [14, 12, 14, 11], [14, 29, 14, 28], [4, 17, 5, 18], [4, 14, 5, 13], [4, 28, 5, 28], [4, 6, 3, 7], [6, 19, 7, 20], [6, 16, 2, 17], [6, 12, 2, 13], [6, 6, 7, 5], [10, 9, 6, 6], [10, 14, 11, 15], [10, 5, 11, 5], [10, 3, 11, 2], [10, 6, 11, 7], [0, 15, 1, 15], [0, 8, 1, 7], [1, 15, 2, 16], [1, 16, 2, 15], [1, 8, 0, 8], [1, 7, 1, 8], [2, 15, 3, 15], [2, 17, 1, 16], [2, 16, 3, 16], [2, 13, 0, 15], [3, 15, 4, 14], [3, 16, 4, 17], [3, 27, 4, 28], [3, 7, 4, 6]]}
