--------------------------------
--------------------------------
--------------------------------
----------------------XX--------
--------------------------------
-------------XXXX----------XX---
-------X-----------Q------------
-----------------------X--------
----------------------XX--------
------X--------------XXX--------
---X----------------XXXX--------
-------------------XXXXX--Q-----
------------------XXXXXX--------
---------<>------XXXXXXX--------
-{-------[]-----XXXXXXXX------}-
XXXXX--XXXXXXXXXXXXXXXXXXXXXXXXX
META {"type": "solver", "id": "pysat-rc2", "objective": 0}
META {"type": "geom", "shape": "path", "group": "path", "data": [[14, 1, 10, 4], [10, 4, 11, 5], [11, 5, 12, 5], [12, 5, 13, 6], [13, 6, 14, 7], [14, 7, 10, 10], [10, 10, 11, 11], [11, 11, 12, 12], [12, 12, 13, 12], [13, 12, 14, 11], [14, 11, 13, 11], [13, 11, 14, 12], [14, 12, 10, 8], [10, 8, 11, 8], [11, 8, 12, 9], [12, 9, 10, 11], [10, 11, 11, 12], [11, 12, 12, 13], [12, 13, 13, 14], [13, 14, 14, 15], [14, 15, 11, 18], [11, 18, 7, 22], [7, 22, 6, 23], [6, 23, 3, 25], [3, 25, 4, 25], [4, 25, 5, 24], [5, 24, 6, 24], [6, 24, 7, 24], [7, 24, 8, 24], [8, 24, 9, 25], [9, 25, 10, 26], [10, 26, 6, 29], [6, 29, 7, 29], [7, 29, 8, 30], [8, 30, 9, 31], [9, 31, 10, 31], [10, 31, 11, 30], [11, 30, 12, 30], [12, 30, 13, 30], [13, 30, 14, 29], [14, 29, 11, 31], [11, 31, 12, 31], [12, 31, 13, 31], [13, 31, 14, 30]]}
META {"type": "geom", "shape": "tile", "group": "path", "data": [[14, 1], [13, 1], [13, 2], [12, 2], [12, 3], [11, 3], [11, 4], [10, 4], [11, 4], [11, 5], [12, 5], [13, 5], [13, 6], [14, 6], [14, 7], [13, 7], [13, 8], [12, 8], [12, 9], [11, 9], [11, 10], [10, 10], [11, 10], [11, 11], [12, 11], [12, 12], [13, 12], [14, 12], [14, 11], [13, 11], [14, 11], [14, 12], [13, 12], [13, 11], [12, 11], [12, 10], [11, 10], [11, 9], [10, 9], [10, 8], [11, 8], [12, 8], [12, 9], [11, 9], [11, 10], [10, 10], [10, 11], [11, 11], [11, 12], [12, 12], [12, 13], [13, 13], [13, 14], [14, 14], [14, 15], [13, 15], [13, 16], [12, 16], [12, 17], [11, 17], [11, 18], [10, 18], [10, 19], [9, 19], [9, 20], [8, 20], [8, 21], [7, 21], [7, 22], [6, 22], [6, 23], [5, 23], [5, 24], [4, 24], [4, 25], [3, 25], [4, 25], [5, 25], [5, 24], [6, 24], [7, 24], [8, 24], [9, 24], [9, 25], [10, 25], [10, 26], [9, 26], [9, 27], [8, 27], [8, 28], [7, 28], [7, 29], [6, 29], [7, 29], [8, 29], [8, 30], [9, 30], [9, 31], [10, 31], [11, 31], [11, 30], [12, 30], [13, 30], [14, 30], [14, 29], [13, 29], [13, 30], [12, 30], [12, 31], [11, 31], [12, 31], [13, 31], [14, 31], [14, 30]]}
META {"type": "geom", "shape": "line", "group": "offpath", "data": [[12, 1, 13, 1], [12, 0, 13, 0], [12, 15, 13, 16], [12, 29, 13, 28], [12, 2, 13, 2], [12, 17, 10, 19], [12, 6, 13, 7], [12, 10, 8, 6], [10, 7, 11, 6], [10, 19, 6, 15], [10, 0, 11, 0], [10, 28, 11, 28], [10, 2, 11, 1], [10, 9, 11, 10], [10, 17, 11, 16], [10, 14, 11, 14], [0, 24, 1, 25], [0, 20, 1, 19], [0, 14, 1, 15], [5, 7, 1, 10], [5, 19, 3, 17], [5, 3, 6, 3], [5, 2, 6, 2], [5, 17, 6, 17], [4, 19, 5, 19], [4, 15, 0, 14], [4, 16, 0, 20], [4, 27, 1, 30], [4, 3, 5, 2], [4, 28, 0, 24], [4, 8, 5, 7], [4, 14, 1, 17], [4, 13, 1, 13], [13, 7, 14, 8], [13, 1, 14, 2], [13, 0, 14, 0], [13, 16, 9, 20], [13, 28, 14, 28], [13, 2, 14, 3], [13, 25, 14, 25], [1, 19, 2, 19], [1, 23, 2, 22], [1, 15, 2, 15], [1, 17, 2, 16], [1, 25, 2, 26], [1, 30, 2, 29], [1, 10, 2, 10], [1, 13, 2, 13], [8, 1, 9, 1], [8, 4, 9, 3], [8, 6, 4, 3], [8, 18, 9, 18], [8, 13, 9, 13], [7, 2, 8, 1], [7, 17, 8, 18], [7, 14, 8, 13], [7, 4, 8, 4], [3, 19, 4, 19], [3, 12, 4, 13], [3, 15, 4, 15], [3, 27, 4, 28], [3, 28, 4, 27], [3, 9, 4, 8], [3, 17, 4, 16], [3, 14, 4, 14], [14, 0, 10, 0], [14, 3, 10, 7], [14, 28, 10, 28], [14, 2, 11, 2], [14, 8, 10, 9], [14, 14, 14, 13], [14, 25, 13, 25], [14, 13, 14, 14], [9, 1, 10, 2], [9, 3, 5, 3], [9, 20, 5, 17], [9, 18, 10, 17], [9, 13, 10, 14], [11, 1, 12, 1], [11, 0, 12, 0], [11, 16, 12, 17], [11, 28, 12, 29], [11, 2, 12, 2], [11, 14, 12, 15], [11, 6, 12, 6], [11, 10, 12, 10], [6, 15, 7, 14], [6, 3, 7, 4], [6, 2, 7, 2], [6, 17, 7, 17], [2, 19, 3, 19], [2, 26, 3, 27], [2, 23, 1, 23], [2, 22, 2, 23], [2, 15, 3, 14], [2, 16, 3, 15], [2, 29, 3, 28], [2, 10, 3, 9], [2, 13, 3, 12]]}
