--------------------------------
--------------------------------
--------------------------------
----------------------------X---
----------X---------------------
--X-------------XXX-------------
---------------------Q----XXX---
--------XQXQQX--XXX-------------
--------------------------------
--------------------------------
--------------------------------
-------X--<>--------------------
------XX--[]-----X---------Q----
-----XXX--[]-----XX----XX-------
-{--XXXX--[]-----XXX--XXX-----}-
XXXXXXXXXXXXXXX--XXXXXXXXXXXXXXX
META {"type": "solver", "id": "pysat-rc2-boolonly", "objective": 0}
META {"type": "geom", "shape": "path", "group": "path", "data": [[14, 1, 13, 2], [13, 2, 14, 3], [14, 3, 10, 7], [10, 7, 6, 8], [6, 8, 6, 9], [6, 9, 6, 10], [6, 10, 6, 11], [6, 11, 6, 12], [6, 12, 6, 13], [6, 13, 6, 14], [6, 14, 7, 15], [7, 15, 8, 15], [8, 15, 9, 15], [9, 15, 10, 16], [10, 16, 11, 17], [11, 17, 9, 18], [9, 18, 10, 19], [10, 19, 11, 18], [11, 18, 12, 18], [12, 18, 12, 19], [12, 19, 13, 19], [13, 19, 12, 20], [12, 20, 13, 21], [13, 21, 14, 21], [14, 21, 12, 23], [12, 23, 12, 24], [12, 24, 12, 25], [12, 25, 13, 26], [13, 26, 14, 27], [14, 27, 12, 29], [12, 29, 13, 30], [13, 30, 14, 30]]}
META {"type": "geom", "shape": "tile", "group": "path", "data": [[14, 1], [13, 1], [13, 2], [14, 2], [14, 3], [13, 3], [13, 4], [12, 4], [12, 5], [11, 5], [11, 6], [10, 6], [10, 7], [9, 7], [8, 7], [7, 7], [6, 7], [6, 8], [6, 9], [6, 10], [6, 11], [6, 12], [6, 13], [6, 14], [7, 14], [7, 15], [8, 15], [9, 15], [10, 15], [10, 16], [11, 16], [11, 17], [10, 17], [10, 18], [9, 18], [10, 18], [10, 19], [11, 19], [11, 18], [12, 18], [12, 19], [13, 19], [12, 19], [12, 20], [13, 20], [13, 21], [14, 21], [13, 21], [13, 22], [12, 22], [12, 23], [12, 24], [12, 25], [13, 25], [13, 26], [14, 26], [14, 27], [13, 27], [13, 28], [12, 28], [12, 29], [13, 29], [13, 30], [14, 30]]}
META {"type": "geom", "shape": "line", "group": "offpath", "data": [[10, 11, 10, 10], [10, 10, 10, 11], [6, 17, 6, 16], [6, 16, 6, 17], [12, 22, 13, 22], [13, 22, 12, 22], [13, 14, 14, 14], [14, 13, 13, 14], [14, 14, 14, 13]]}
