--------------------------------
--------------------------------
-------XXX------------------Q---
--------------------------------
--------------------------------
---Q--XXX------------XX---------
------------------Q-------XXX---
--------------------------------
------X--------Q----------------
--------------------X-----------
-------------------XX-----X-----
----------XXXX----XXX-----------
------<>---------XXXX-----------
------[]--------XXXXX---XX------
-{----[]-------XXXXXX--XXX----}-
XXXXXXXXXXXXXXXXXXXXXXXXXXXXXXXX
META {"type": "solver", "id": "pysat-rc2", "objective": 0}
META {"type": "geom", "shape": "path", "group": "path", "data": [[14, 1, 10, 5], [10, 5, 11, 6], [11, 6, 9, 8], [9, 8, 10, 7], [10, 7, 11, 7], [11, 7, 7, 11], [7, 11, 8, 12], [8, 12, 9, 13], [9, 13, 10, 14], [10, 14, 11, 14], [11, 14, 12, 14], [12, 14, 13, 15], [13, 15, 11, 17], [11, 17, 9, 19], [9, 19, 6, 22], [6, 22, 7, 23], [7, 23, 8, 24], [8, 24, 9, 24], [9, 24, 10, 25], [10, 25, 11, 26], [11, 26, 12, 25], [12, 25, 8, 25], [8, 25, 9, 26], [9, 26, 7, 27], [7, 27, 8, 27], [8, 27, 9, 28], [9, 28, 10, 29], [10, 29, 11, 29], [11, 29, 12, 28], [12, 28, 13, 28], [13, 28, 14, 27], [14, 27, 11, 25], [11, 25, 12, 24], [12, 24, 8, 20], [8, 20, 4, 21], [4, 21, 0, 25], [0, 25, 1, 26], [1, 26, 2, 27], [2, 27, 3, 28], [3, 28, 4, 29], [4, 29, 5, 28], [5, 28, 2, 31], [2, 31, 3, 30], [3, 30, 4, 30], [4, 30, 5, 29], [5, 29, 6, 29], [6, 29, 7, 29], [7, 29, 8, 30], [8, 30, 9, 31], [9, 31, 10, 30], [10, 30, 11, 30], [11, 30, 12, 29], [12, 29, 13, 30], [13, 30, 14, 29], [14, 29, 10, 28], [10, 28, 11, 27], [11, 27, 12, 26], [12, 26, 13, 26], [13, 26, 14, 26], [14, 26, 13, 27], [13, 27, 14, 28], [14, 28, 11, 31], [11, 31, 12, 30], [12, 30, 13, 29], [13, 29, 14, 30]]}
META {"type": "geom", "shape": "tile", "group": "path", "data": [[14, 1], [13, 1], [13, 2], [12, 2], [12, 3], [11, 3], [11, 4], [10, 4], [10, 5], [11, 5], [11, 6], [10, 6], [10, 7], [9, 7], [9, 8], [10, 8], [10, 7], [11, 7], [10, 7], [10, 8], [9, 8], [9, 9], [8, 9], [8, 10], [7, 10], [7, 11], [8, 11], [8, 12], [9, 12], [9, 13], [10, 13], [10, 14], [11, 14], [12, 14], [13, 14], [13, 15], [12, 15], [12, 16], [11, 16], [11, 17], [10, 17], [10, 18], [9, 18], [9, 19], [8, 19], [8, 20], [7, 20], [7, 21], [6, 21], [6, 22], [7, 22], [7, 23], [8, 23], [8, 24], [9, 24], [10, 24], [10, 25], [11, 25], [11, 26], [12, 26], [12, 25], [11, 25], [10, 25], [9, 25], [8, 25], [9, 25], [9, 26], [8, 26], [8, 27], [7, 27], [8, 27], [9, 27], [9, 28], [10, 28], [10, 29], [11, 29], [12, 29], [12, 28], [13, 28], [14, 28], [14, 27], [13, 27], [13, 26], [12, 26], [12, 25], [11, 25], [12, 25], [12, 24], [11, 24], [11, 23], [10, 23], [10, 22], [9, 22], [9, 21], [8, 21], [8, 20], [7, 20], [6, 20], [5, 20], [4, 20], [4, 21], [3, 21], [3, 22], [2, 22], [2, 23], [1, 23], [1, 24], [0, 24], [0, 25], [1, 25], [1, 26], [2, 26], [2, 27], [3, 27], [3, 28], [4, 28], [4, 29], [5, 29], [5, 28], [4, 28], [4, 29], [3, 29], [3, 30], [2, 30], [2, 31], [3, 31], [3, 30], [4, 30], [5, 30], [5, 29], [6, 29], [7, 29], [8, 29], [8, 30], [9, 30], [9, 31], [10, 31], [10, 30], [11, 30], [12, 30], [12, 29], [13, 29], [13, 30], [14, 30], [14, 29], [13, 29], [12, 29], [11, 29], [10, 29], [10, 28], [11, 28], [11, 27], [12, 27], [12, 26], [13, 26], [14, 26], [13, 26], [13, 27], [14, 27], [14, 28], [13, 28], [13, 29], [12, 29], [12, 30], [11, 30], [11, 31], [12, 31], [12, 30], [13, 30], [13, 29], [14, 29], [14, 30]]}
META {"type": "geom", "shape": "line", "group": "offpath", "data": [[11, 1, 12, 2], [11, 0, 12, 1], [11, 8, 12, 9], [11, 9, 12, 10], [4, 3, 0, 7], [4, 28, 5, 27], [4, 6, 0, 2], [4, 22, 0, 23], [4, 8, 3, 9], [4, 18, 5, 18], [4, 7, 1, 4], [4, 17, 5, 17], [4, 26, 5, 26], [8, 8, 9, 9], [13, 1, 14, 2], [13, 0, 14, 0], [13, 4, 14, 4], [13, 2, 14, 3], [13, 8, 14, 8], [13, 10, 14, 9], [13, 13, 14, 14], [13, 12, 14, 12], [13, 31, 14, 31], [3, 16, 4, 17], [3, 6, 4, 7], [3, 22, 4, 22], [3, 2, 4, 3], [3, 29, 4, 28], [3, 17, 4, 18], [3, 9, 4, 8], [3, 26, 4, 26], [3, 5, 4, 6], [10, 1, 11, 1], [10, 10, 6, 7], [9, 9, 10, 10], [5, 27, 3, 29], [5, 18, 1, 17], [5, 17, 6, 16], [5, 26, 2, 26], [6, 16, 7, 15], [6, 7, 7, 8], [7, 15, 3, 16], [7, 8, 8, 8], [2, 4, 3, 5], [2, 22, 3, 22], [2, 2, 3, 2], [2, 18, 3, 17], [2, 26, 3, 26], [2, 5, 3, 6], [12, 1, 13, 0], [12, 0, 13, 1], [12, 2, 13, 2], [12, 10, 13, 10], [12, 9, 13, 8], [12, 12, 13, 13], [1, 1, 2, 2], [1, 4, 2, 5], [1, 28, 0, 28], [1, 8, 1, 7], [1, 7, 0, 6], [1, 23, 2, 22], [1, 17, 2, 18], [1, 9, 0, 10], [1, 5, 2, 4], [0, 28, 1, 28], [0, 6, 1, 5], [0, 2, 1, 1], [0, 10, 1, 9], [0, 7, 1, 8], [0, 23, 1, 23], [14, 0, 12, 0], [14, 4, 14, 5], [14, 3, 13, 4], [14, 11, 14, 10], [14, 2, 11, 0], [14, 8, 11, 8], [14, 10, 14, 11], [14, 14, 12, 12], [14, 9, 11, 9], [14, 13, 13, 12], [14, 12, 14, 13], [14, 31, 13, 31], [14, 5, 10, 1]]}
