--------------------------------
--------------------------------
--------------------------------
-----X--------------------------
-------------X-------XQQX-------
----------------X---------------
---------------------------Q----
-----X--------------X-----------
-------------------XX-----------
----------XXX-----XXX--Q--------
-----------------XXXX-----------
----------------XXXXX-----------
-----<>---X----XXXXXX--Q--X-----
-----[]-------XXXXXXX-----------
-{---[]------XXXXXXXX---------}-
XXXXXXXXXXXXXXXXXXXXXXXX--XXXXXX
META {"type": "solver", "id": "pysat-rc2", "objective": 0}
META {"type": "geom", "shape": "path", "group": "path", "data": [[14, 1, 10, 0], [10, 0, 11, 1], [11, 1, 12, 2], [12, 2, 13, 1], [13, 1, 14, 0], [14, 0, 10, 4], [10, 4, 11, 4], [11, 4, 12, 4], [12, 4, 13, 3], [13, 3, 14, 2], [14, 2, 10, 5], [10, 5, 11, 6], [11, 6, 9, 8], [9, 8, 10, 8], [10, 8, 11, 9], [11, 9, 12, 8], [12, 8, 13, 9], [13, 9, 14, 9], [14, 9, 12, 9], [12, 9, 13, 10], [13, 10, 14, 10], [14, 10, 10, 14], [10, 14, 11, 15], [11, 15, 7, 16], [7, 16, 8, 15], [8, 15, 9, 16], [9, 16, 10, 16], [10, 16, 7, 13], [7, 13, 8, 12], [8, 12, 8, 11], [8, 11, 8, 10], [8, 10, 8, 9], [8, 9, 9, 9], [9, 9, 10, 9], [10, 9, 11, 10], [11, 10, 10, 11], [10, 11, 11, 12], [11, 12, 12, 12], [12, 12, 13, 12], [13, 12, 14, 11], [14, 11, 12, 11], [12, 11, 13, 11], [13, 11, 14, 12], [14, 12, 12, 13], [12, 13, 13, 13], [13, 13, 9, 17], [9, 17, 6, 19], [6, 19, 7, 19], [7, 19, 4, 16], [4, 16, 0, 20], [0, 20, 1, 21], [1, 21, 2, 22], [2, 22, 3, 23], [3, 23, 0, 26], [0, 26, 1, 27], [1, 27, 2, 28], [2, 28, 3, 27], [3, 27, 4, 28], [4, 28, 5, 27], [5, 27, 1, 31], [1, 31, 2, 31], [2, 31, 3, 30], [3, 30, 4, 29], [4, 29, 5, 28], [5, 28, 6, 28], [6, 28, 7, 29], [7, 29, 8, 28], [8, 28, 9, 28], [9, 28, 10, 28], [10, 28, 11, 28], [11, 28, 12, 28], [12, 28, 13, 29], [13, 29, 14, 30]]}
META {"type": "geom", "shape": "tile", "group": "path", "data": [[14, 1], [13, 1], [12, 1], [11, 1], [10, 1], [10, 0], [11, 0], [11, 1], [12, 1], [12, 2], [13, 2], [13, 1], [14, 1], [14, 0], [13, 0], [13, 1], [12, 1], [12, 2], [11, 2], [11, 3], [10, 3], [10, 4], [11, 4], [12, 4], [13, 4], [13, 3], [14, 3], [14, 2], [13, 2], [13, 3], [12, 3], [12, 4], [11, 4], [11, 5], [10, 5], [11, 5], [11, 6], [10, 6], [10, 7], [9, 7], [9, 8], [10, 8], [11, 8], [11, 9], [12, 9], [12, 8], [13, 8], [13, 9], [14, 9], [13, 9], [12, 9], [13, 9], [13, 10], [14, 10], [13, 10], [13, 11], [12, 11], [12, 12], [11, 12], [11, 13], [10, 13], [10, 14], [11, 14], [11, 15], [10, 15], [9, 15], [8, 15], [7, 15], [7, 16], [8, 16], [8, 15], [9, 15], [9, 16], [10, 16], [9, 16], [9, 15], [8, 15], [8, 14], [7, 14], [7, 13], [8, 13], [8, 12], [8, 11], [8, 10], [8, 9], [9, 9], [10, 9], [11, 9], [11, 10], [10, 10], [10, 11], [11, 11], [11, 12], [12, 12], [13, 12], [14, 12], [14, 11], [13, 11], [12, 11], [13, 11], [14, 11], [14, 12], [13, 12], [13, 13], [12, 13], [13, 13], [12, 13], [12, 14], [11, 14], [11, 15], [10, 15], [10, 16], [9, 16], [9, 17], [8, 17], [8, 18], [7, 18], [7, 19], [6, 19], [7, 19], [6, 19], [6, 18], [5, 18], [5, 17], [4, 17], [4, 16], [3, 16], [3, 17], [2, 17], [2, 18], [1, 18], [1, 19], [0, 19], [0, 20], [1, 20], [1, 21], [2, 21], [2, 22], [3, 22], [3, 23], [2, 23], [2, 24], [1, 24], [1, 25], [0, 25], [0, 26], [1, 26], [1, 27], [2, 27], [2, 28], [3, 28], [3, 27], [4, 27], [4, 28], [5, 28], [5, 27], [4, 27], [4, 28], [3, 28], [3, 29], [2, 29], [2, 30], [1, 30], [1, 31], [2, 31], [3, 31], [3, 30], [4, 30], [4, 29], [5, 29], [5, 28], [6, 28], [7, 28], [7, 29], [8, 29], [8, 28], [9, 28], [10, 28], [11, 28], [12, 28], [13, 28], [13, 29], [14, 29], [14, 30]]}
META {"type": "geom", "shape": "line", "group": "offpath", "data": [[4, 26, 5, 25], [4, 7, 5, 6], [4, 18, 5, 19], [7, 23, 8, 23], [7, 25, 8, 26], [7, 18, 8, 18], [12, 27, 13, 27], [12, 29, 13, 28], [12, 30, 13, 31], [8, 23, 5, 20], [8, 26, 9, 26], [8, 18, 4, 18], [13, 28, 14, 28], [13, 27, 14, 27], [13, 8, 14, 8], [13, 31, 14, 31], [10, 29, 11, 30], [10, 25, 11, 26], [10, 30, 11, 29], [1, 24, 2, 23], [1, 6, 2, 5], [1, 12, 2, 13], [1, 25, 2, 25], [6, 5, 3, 8], [6, 20, 2, 20], [6, 25, 7, 25], [6, 18, 7, 18], [11, 29, 12, 29], [11, 26, 7, 23], [11, 30, 12, 30], [9, 26, 10, 25], [5, 20, 6, 20], [5, 19, 6, 18], [5, 6, 6, 5], [5, 25, 6, 25], [2, 5, 1, 6], [2, 23, 3, 24], [2, 20, 3, 21], [2, 13, 3, 13], [2, 25, 3, 26], [3, 8, 4, 7], [3, 21, 3, 22], [3, 22, 0, 25], [3, 26, 4, 26], [3, 24, 0, 24], [3, 13, 1, 12], [0, 24, 1, 24], [0, 25, 1, 25], [14, 28, 10, 29], [14, 27, 12, 27], [14, 8, 13, 8], [14, 31, 10, 30]]}
