--------------------------------
--------------------------------
------------------XX------------
-----------XQX------------------
--------------------------------
----------------XQX------Q------
-------Q--Q---------------------
--------------------------------
-----------------XX----X--------
----------XX----XXX--------X----
--XX-----------XXXX-------------
--------------XXXXX--<>---------
-------XX----XXXXXX--[]---X-----
------------XXXXXXX--[]---------
-{---------XXXXXXXX--[]-------}-
XXXXXXXXXXXXXXXXXXXXXXXXXXXXXXXX
META {"type": "solver", "id": "pysat-rc2", "objective": 0}
META {"type": "geom", "shape": "path", "group": "path", "data": [[14, 1, 10, 0], [10, 0, 11, 0], [11, 0, 12, 0], [12, 0, 13, 1], [13, 1, 14, 0], [14, 0, 11, 2], [11, 2, 12, 2], [12, 2, 13, 2], [13, 2, 14, 2], [14, 2, 12, 4], [12, 4, 13, 5], [13, 5, 14, 5], [14, 5, 13, 6], [13, 6, 14, 7], [14, 7, 12, 6], [12, 6, 13, 7], [13, 7, 14, 6], [14, 6, 10, 7], [10, 7, 11, 8], [11, 8, 7, 4], [7, 4, 8, 3], [8, 3, 9, 2], [9, 2, 9, 3], [9, 3, 5, 7], [5, 7, 1, 8], [1, 8, 2, 8], [2, 8, 3, 8], [3, 8, 4, 8], [4, 8, 5, 8], [5, 8, 6, 8], [6, 8, 7, 9], [7, 9, 8, 8], [8, 8, 9, 9], [9, 9, 10, 8], [10, 8, 11, 9], [11, 9, 12, 9], [12, 9, 13, 9], [13, 9, 14, 8], [14, 8, 14, 9], [14, 9, 10, 12], [10, 12, 11, 13], [11, 13, 7, 12], [7, 12, 8, 11], [8, 11, 4, 10], [4, 10, 5, 10], [5, 10, 1, 10], [1, 10, 2, 11], [2, 11, 0, 13], [0, 13, 1, 14], [1, 14, 2, 15], [2, 15, 3, 15], [3, 15, 4, 16], [4, 16, 0, 17], [0, 17, 1, 18], [1, 18, 1, 19], [1, 19, 1, 20], [1, 20, 2, 21], [2, 21, 3, 20], [3, 20, 4, 21], [4, 21, 5, 20], [5, 20, 6, 19], [6, 19, 7, 20], [7, 20, 8, 21], [8, 21, 9, 21], [9, 21, 10, 22], [10, 22, 6, 23], [6, 23, 7, 23], [7, 23, 3, 24], [3, 24, 4, 25], [4, 25, 0, 21], [0, 21, 1, 21], [1, 21, 2, 20], [2, 20, 3, 19], [3, 19, 4, 18], [4, 18, 0, 14], [0, 14, 1, 15], [1, 15, 2, 16], [2, 16, 3, 16], [3, 16, 4, 15], [4, 15, 5, 15], [5, 15, 6, 14], [6, 14, 7, 13], [7, 13, 8, 14], [8, 14, 9, 13], [9, 13, 10, 14], [10, 14, 7, 17], [7, 17, 6, 18], [6, 18, 7, 18], [7, 18, 3, 22], [3, 22, 4, 22], [4, 22, 5, 23], [5, 23, 6, 24], [6, 24, 7, 25], [7, 25, 8, 26], [8, 26, 9, 26], [9, 26, 10, 25], [10, 25, 11, 26], [11, 26, 7, 26], [7, 26, 8, 27], [8, 27, 4, 31], [4, 31, 5, 30], [5, 30, 6, 30], [6, 30, 7, 29], [7, 29, 8, 28], [8, 28, 9, 29], [9, 29, 10, 29], [10, 29, 11, 29], [11, 29, 12, 29], [12, 29, 13, 28], [13, 28, 14, 28], [14, 28, 10, 31], [10, 31, 11, 30], [11, 30, 12, 31], [12, 31, 13, 30], [13, 30, 14, 29], [14, 29, 11, 31], [11, 31, 12, 30], [12, 30, 13, 31], [13, 31, 14, 31], [14, 31, 10, 27], [10, 27, 11, 27], [11, 27, 12, 28], [12, 28, 13, 29], [13, 29, 14, 30]]}
META {"type": "geom", "shape": "tile", "group": "path", "data": [[14, 1], [13, 1], [12, 1], [11, 1], [10, 1], [10, 0], [11, 0], [12, 0], [13, 0], [13, 1], [14, 1], [14, 0], [13, 0], [13, 1], [12, 1], [12, 2], [11, 2], [12, 2], [13, 2], [14, 2], [13, 2], [13, 3], [12, 3], [12, 4], [13, 4], [13, 5], [14, 5], [13, 5], [13, 6], [14, 6], [14, 7], [13, 7], [13, 6], [12, 6], [13, 6], [13, 7], [14, 7], [14, 6], [13, 6], [12, 6], [11, 6], [10, 6], [10, 7], [11, 7], [11, 8], [10, 8], [10, 7], [9, 7], [9, 6], [8, 6], [8, 5], [7, 5], [7, 4], [8, 4], [8, 3], [9, 3], [9, 2], [9, 3], [8, 3], [8, 4], [7, 4], [7, 5], [6, 5], [6, 6], [5, 6], [5, 7], [4, 7], [3, 7], [2, 7], [1, 7], [1, 8], [2, 8], [3, 8], [4, 8], [5, 8], [6, 8], [7, 8], [7, 9], [8, 9], [8, 8], [9, 8], [9, 9], [10, 9], [10, 8], [11, 8], [11, 9], [12, 9], [13, 9], [14, 9], [14, 8], [14, 9], [13, 9], [13, 10], [12, 10], [12, 11], [11, 11], [11, 12], [10, 12], [11, 12], [11, 13], [10, 13], [9, 13], [8, 13], [7, 13], [7, 12], [8, 12], [8, 11], [7, 11], [6, 11], [5, 11], [4, 11], [4, 10], [5, 10], [4, 10], [3, 10], [2, 10], [1, 10], [2, 10], [2, 11], [1, 11], [1, 12], [0, 12], [0, 13], [1, 13], [1, 14], [2, 14], [2, 15], [3, 15], [4, 15], [4, 16], [3, 16], [2, 16], [1, 16], [0, 16], [0, 17], [1, 17], [1, 18], [1, 19], [1, 20], [2, 20], [2, 21], [3, 21], [3, 20], [4, 20], [4, 21], [5, 21], [5, 20], [6, 20], [6, 19], [7, 19], [7, 20], [8, 20], [8, 21], [9, 21], [10, 21], [10, 22], [9, 22], [8, 22], [7, 22], [6, 22], [6, 23], [7, 23], [6, 23], [5, 23], [4, 23], [3, 23], [3, 24], [4, 24], [4, 25], [3, 25], [3, 24], [2, 24], [2, 23], [1, 23], [1, 22], [0, 22], [0, 21], [1, 21], [2, 21], [2, 20], [3, 20], [3, 19], [4, 19], [4, 18], [3, 18], [3, 17], [2, 17], [2, 16], [1, 16], [1, 15], [0, 15], [0, 14], [1, 14], [1, 15], [2, 15], [2, 16], [3, 16], [4, 16], [4, 15], [5, 15], [6, 15], [6, 14], [7, 14], [7, 13], [8, 13], [8, 14], [9, 14], [9, 13], [10, 13], [10, 14], [9, 14], [9, 15], [8, 15], [8, 16], [7, 16], [7, 17], [6, 17], [6, 18], [7, 18], [6, 18], [6, 19], [5, 19], [5, 20], [4, 20], [4, 21], [3, 21], [3, 22], [4, 22], [5, 22], [5, 23], [6, 23], [6, 24], [7, 24], [7, 25], [8, 25], [8, 26], [9, 26], [10, 26], [10, 25], [11, 25], [11, 26], [10, 26], [9, 26], [8, 26], [7, 26], [8, 26], [8, 27], [7, 27], [7, 28], [6, 28], [6, 29], [5, 29], [5, 30], [4, 30], [4, 31], [5, 31], [5, 30], [6, 30], [7, 30], [7, 29], [8, 29], [8, 28], [9, 28], [9, 29], [10, 29], [11, 29], [12, 29], [13, 29], [13, 28], [14, 28], [13, 28], [13, 29], [12, 29], [12, 30], [11, 30], [11, 31], [10, 31], [11, 31], [11, 30], [12, 30], [12, 31], [13, 31], [13, 30], [14, 30], [14, 29], [13, 29], [13, 30], [12, 30], [12, 31], [11, 31], [12, 31], [12, 30], [13, 30], [13, 31], [14, 31], [13, 31], [13, 30], [12, 30], [12, 29], [11, 29], [11, 28], [10, 28], [10, 27], [11, 27], [12, 27], [12, 28], [13, 28], [13, 29], [14, 29], [14, 30]]}
META {"type": "geom", "shape": "line", "group": "offpath", "data": [[3, 18, 4, 17], [9, 15, 6, 17], [9, 5, 10, 6], [8, 15, 9, 15], [8, 5, 9, 5], [8, 10, 7, 10], [1, 11, 2, 12], [1, 17, 2, 17], [14, 4, 13, 3], [14, 26, 13, 25], [14, 24, 12, 25], [14, 23, 13, 23], [14, 10, 10, 10], [11, 7, 7, 6], [11, 10, 12, 11], [2, 12, 2, 13], [2, 13, 0, 11], [2, 17, 3, 18], [13, 25, 14, 26], [13, 3, 14, 4], [13, 24, 14, 24], [13, 23, 14, 23], [13, 10, 14, 10], [12, 25, 13, 24], [12, 11, 13, 10], [0, 11, 1, 11], [10, 6, 11, 7], [10, 10, 11, 10], [7, 16, 8, 15], [7, 6, 8, 5], [7, 10, 8, 10], [6, 17, 7, 16], [4, 17, 1, 17]]}
