--------------------------------
--------------------------------
-----XX-----X--XXX---Q----------
-------------------------Q------
--------------------------------
--------------X---X--X----------
--------------------------------
-----------X------------X----X--
-----------------------XX-------
---X------------------XXX-------
--------XQX--Q-------XXXX-------
--------------------XXXXX-------
----<>-------------XXXXXX-------
----[]------------XXXXXXX-------
-{--[]-----------XXXXXXXX-----}-
XXXXXXXXXXXXXXXXXXXXXXXXXXXXXXXX
META {"type": "solver", "id": "pysat-rc2", "objective": 0}
META {"type": "geom", "shape": "path", "group": "path", "data": [[14, 1, 10, 5], [10, 5, 11, 5], [11, 5, 7, 8], [7, 8, 8, 9], [8, 9, 9, 10], [9, 10, 5, 6], [5, 6, 6, 6], [6, 6, 7, 7], [7, 7, 8, 8], [8, 8, 9, 8], [9, 8, 5, 12], [5, 12, 6, 13], [6, 13, 7, 13], [7, 13, 8, 12], [8, 12, 9, 12], [9, 12, 10, 12], [10, 12, 11, 13], [11, 13, 12, 13], [12, 13, 13, 14], [13, 14, 14, 14], [14, 14, 11, 17], [11, 17, 12, 17], [12, 17, 13, 17], [13, 17, 11, 15], [11, 15, 12, 14], [12, 14, 13, 15], [13, 15, 14, 15], [14, 15, 10, 11], [10, 11, 11, 12], [11, 12, 12, 12], [12, 12, 13, 13], [13, 13, 14, 12], [14, 12, 14, 13], [14, 13, 10, 16], [10, 16, 11, 16], [11, 16, 12, 16], [12, 16, 13, 16], [13, 16, 14, 16], [14, 16, 10, 20], [10, 20, 7, 18], [7, 18, 8, 19], [8, 19, 9, 18], [9, 18, 10, 19], [10, 19, 11, 19], [11, 19, 7, 23], [7, 23, 3, 27], [3, 27, 4, 28], [4, 28, 5, 27], [5, 27, 6, 28], [6, 28, 7, 28], [7, 28, 8, 29], [8, 29, 9, 30], [9, 30, 10, 30], [10, 30, 11, 30], [11, 30, 12, 30], [12, 30, 13, 30], [13, 30, 14, 30]]}
META {"type": "geom", "shape": "tile", "group": "path", "data": [[14, 1], [13, 1], [13, 2], [12, 2], [12, 3], [11, 3], [11, 4], [10, 4], [10, 5], [11, 5], [10, 5], [10, 6], [9, 6], [9, 7], [8, 7], [8, 8], [7, 8], [8, 8], [8, 9], [9, 9], [9, 10], [8, 10], [8, 9], [7, 9], [7, 8], [6, 8], [6, 7], [5, 7], [5, 6], [6, 6], [7, 6], [7, 7], [8, 7], [8, 8], [9, 8], [8, 8], [8, 9], [7, 9], [7, 10], [6, 10], [6, 11], [5, 11], [5, 12], [6, 12], [6, 13], [7, 13], [8, 13], [8, 12], [9, 12], [10, 12], [11, 12], [11, 13], [12, 13], [13, 13], [13, 14], [14, 14], [13, 14], [13, 15], [12, 15], [12, 16], [11, 16], [11, 17], [12, 17], [13, 17], [12, 17], [12, 16], [11, 16], [11, 15], [12, 15], [12, 14], [13, 14], [13, 15], [14, 15], [13, 15], [13, 14], [12, 14], [12, 13], [11, 13], [11, 12], [10, 12], [10, 11], [11, 11], [11, 12], [12, 12], [13, 12], [13, 13], [14, 13], [14, 12], [14, 13], [13, 13], [13, 14], [12, 14], [12, 15], [11, 15], [11, 16], [10, 16], [11, 16], [12, 16], [13, 16], [14, 16], [13, 16], [13, 17], [12, 17], [12, 18], [11, 18], [11, 19], [10, 19], [10, 20], [9, 20], [9, 19], [8, 19], [8, 18], [7, 18], [8, 18], [8, 19], [9, 19], [9, 18], [10, 18], [10, 19], [11, 19], [10, 19], [10, 20], [9, 20], [9, 21], [8, 21], [8, 22], [7, 22], [7, 23], [6, 23], [6, 24], [5, 24], [5, 25], [4, 25], [4, 26], [3, 26], [3, 27], [4, 27], [4, 28], [5, 28], [5, 27], [6, 27], [6, 28], [7, 28], [8, 28], [8, 29], [9, 29], [9, 30], [10, 30], [11, 30], [12, 30], [13, 30], [14, 30]]}
META {"type": "geom", "shape": "line", "group": "offpath", "data": [[1, 15, 1, 14], [1, 14, 2, 13], [1, 6, 1, 5], [1, 17, 0, 16], [1, 18, 2, 18], [1, 5, 0, 6], [1, 21, 0, 22], [1, 12, 0, 11], [1, 25, 2, 25], [12, 26, 13, 27], [12, 10, 13, 11], [12, 6, 13, 7], [12, 8, 13, 9], [12, 18, 8, 22], [12, 2, 13, 2], [12, 1, 13, 0], [14, 10, 10, 7], [14, 6, 11, 9], [14, 0, 13, 1], [14, 27, 12, 26], [14, 28, 13, 28], [14, 8, 11, 8], [14, 2, 12, 2], [14, 11, 14, 10], [14, 3, 11, 0], [10, 7, 11, 7], [10, 17, 11, 18], [10, 3, 11, 4], [13, 7, 14, 6], [13, 0, 14, 0], [13, 27, 14, 27], [13, 28, 14, 28], [13, 2, 14, 3], [13, 11, 14, 11], [13, 1, 14, 2], [13, 9, 14, 8], [11, 7, 12, 6], [11, 4, 7, 3], [11, 0, 12, 1], [11, 8, 12, 8], [11, 18, 12, 18], [11, 9, 12, 10], [7, 14, 8, 13], [7, 10, 8, 10], [7, 17, 8, 17], [7, 3, 8, 3], [7, 1, 8, 2], [9, 13, 5, 17], [9, 17, 10, 17], [9, 2, 10, 3], [9, 9, 7, 10], [3, 15, 4, 15], [3, 22, 4, 21], [3, 14, 4, 14], [3, 17, 4, 18], [3, 12, 4, 11], [6, 14, 7, 14], [6, 24, 2, 23], [6, 11, 3, 14], [6, 16, 7, 17], [6, 1, 7, 1], [8, 22, 5, 25], [8, 10, 9, 9], [8, 13, 9, 13], [8, 17, 9, 17], [8, 2, 9, 2], [8, 3, 5, 0], [5, 15, 6, 14], [5, 0, 6, 1], [5, 17, 6, 16], [5, 11, 6, 11], [5, 25, 6, 24], [4, 15, 5, 15], [4, 14, 2, 14], [4, 18, 0, 17], [4, 21, 1, 18], [4, 11, 5, 11], [0, 22, 1, 21], [0, 6, 1, 6], [0, 17, 1, 17], [0, 11, 1, 12], [0, 16, 1, 15], [0, 25, 1, 25], [2, 14, 3, 15], [2, 13, 3, 12], [2, 23, 3, 22], [2, 18, 3, 17], [2, 25, 0, 25]]}
