--------------------------------
--------------------------------
--------------------------XX----
--------------------------------
--------------X----XX-----------
----------X------------XQQXQX---
--------------------------------
--------------------------------
------------------------Q-------
-------------------X------------
------------------XX------------
-----------------XXX---Q--------
----------------XXXX------------
----------<>---XXXXX------XX----
-{--------[]--XXXXXX-----XXX--}-
XXXXXX--XXXXXXXXXXXXXXXXXXXXXXXX
META {"type": "solver", "id": "pysat-rc2", "objective": 0}
META {"type": "geom", "shape": "path", "group": "path", "data": [[14, 1, 12, 1], [12, 1, 13, 1], [13, 1, 14, 0], [14, 0, 10, 4], [10, 4, 11, 3], [11, 3, 12, 4], [12, 4, 13, 4], [13, 4, 14, 5], [14, 5, 10, 9], [10, 9, 11, 9], [11, 9, 12, 10], [12, 10, 8, 14], [8, 14, 9, 15], [9, 15, 10, 15], [10, 15, 11, 14], [11, 14, 12, 13], [12, 13, 13, 12], [13, 12, 14, 12], [14, 12, 14, 13], [14, 13, 11, 15], [11, 15, 12, 15], [12, 15, 8, 19], [8, 19, 4, 22], [4, 22, 5, 21], [5, 21, 6, 21], [6, 21, 7, 20], [7, 20, 8, 21], [8, 21, 9, 20], [9, 20, 10, 21], [10, 21, 11, 22], [11, 22, 12, 22], [12, 22, 13, 22], [13, 22, 14, 21], [14, 21, 12, 23], [12, 23, 13, 23], [13, 23, 14, 22], [14, 22, 14, 23], [14, 23, 12, 24], [12, 24, 13, 25], [13, 25, 13, 24], [13, 24, 14, 24], [14, 24, 10, 25], [10, 25, 11, 25], [11, 25, 12, 26], [12, 26, 12, 27], [12, 27, 10, 29], [10, 29, 11, 29], [11, 29, 12, 30], [12, 30, 13, 30], [13, 30, 14, 29], [14, 29, 12, 29], [12, 29, 13, 29], [13, 29, 14, 30]]}
META {"type": "geom", "shape": "tile", "group": "path", "data": [[14, 1], [13, 1], [12, 1], [13, 1], [14, 1], [14, 0], [13, 0], [13, 1], [12, 1], [12, 2], [11, 2], [11, 3], [10, 3], [10, 4], [11, 4], [11, 3], [12, 3], [12, 4], [13, 4], [14, 4], [14, 5], [13, 5], [13, 6], [12, 6], [12, 7], [11, 7], [11, 8], [10, 8], [10, 9], [11, 9], [12, 9], [12, 10], [11, 10], [11, 11], [10, 11], [10, 12], [9, 12], [9, 13], [8, 13], [8, 14], [9, 14], [9, 15], [10, 15], [11, 15], [11, 14], [12, 14], [12, 13], [13, 13], [13, 12], [14, 12], [14, 13], [13, 13], [13, 14], [12, 14], [12, 15], [11, 15], [12, 15], [11, 15], [11, 16], [10, 16], [10, 17], [9, 17], [9, 18], [8, 18], [8, 19], [7, 19], [7, 20], [6, 20], [6, 21], [5, 21], [5, 22], [4, 22], [5, 22], [5, 21], [6, 21], [7, 21], [7, 20], [8, 20], [8, 21], [9, 21], [9, 20], [10, 20], [10, 21], [11, 21], [11, 22], [12, 22], [13, 22], [14, 22], [14, 21], [13, 21], [13, 22], [12, 22], [12, 23], [13, 23], [14, 23], [14, 22], [14, 23], [13, 23], [13, 24], [12, 24], [13, 24], [13, 25], [13, 24], [14, 24], [13, 24], [12, 24], [11, 24], [10, 24], [10, 25], [11, 25], [12, 25], [12, 26], [12, 27], [11, 27], [11, 28], [10, 28], [10, 29], [11, 29], [12, 29], [12, 30], [13, 30], [14, 30], [14, 29], [13, 29], [12, 29], [13, 29], [14, 29], [14, 30]]}
META {"type": "geom", "shape": "line", "group": "offpath", "data": [[13, 28, 14, 28], [13, 31, 14, 31], [13, 2, 14, 3], [13, 3, 14, 2], [5, 14, 6, 13], [11, 16, 10, 17], [11, 1, 12, 2], [11, 12, 12, 11], [4, 10, 1, 13], [4, 28, 0, 27], [4, 25, 3, 24], [4, 26, 3, 26], [4, 23, 0, 24], [4, 24, 4, 23], [4, 27, 3, 27], [0, 28, 1, 28], [0, 17, 1, 17], [0, 11, 1, 11], [0, 19, 1, 20], [0, 24, 1, 24], [0, 27, 1, 26], [3, 10, 4, 10], [3, 28, 4, 28], [3, 14, 0, 11], [3, 26, 4, 26], [3, 23, 4, 24], [3, 19, 0, 19], [3, 20, 0, 17], [3, 24, 4, 25], [3, 27, 4, 27], [6, 13, 7, 12], [6, 17, 7, 17], [1, 13, 2, 13], [1, 28, 2, 28], [1, 17, 2, 18], [1, 11, 2, 10], [1, 26, 1, 27], [1, 20, 2, 20], [1, 24, 2, 23], [1, 27, 0, 28], [12, 28, 13, 28], [12, 31, 13, 31], [12, 11, 8, 15], [12, 2, 13, 3], [9, 16, 10, 16], [9, 18, 5, 14], [9, 12, 10, 13], [7, 17, 8, 17], [7, 12, 8, 13], [8, 13, 9, 12], [8, 15, 9, 16], [8, 17, 9, 18], [10, 13, 11, 12], [10, 0, 11, 1], [10, 16, 11, 16], [10, 17, 6, 17], [14, 28, 12, 28], [14, 31, 12, 31], [14, 2, 13, 2], [14, 3, 10, 0], [2, 13, 3, 14], [2, 10, 3, 10], [2, 28, 3, 28], [2, 18, 3, 19], [2, 23, 3, 23], [2, 20, 3, 20]]}
