XXXXXXXXXXXXXXXX
X0--XX--X--XX-1X
XXX------X---XXX
XXX-X------XXXXX
XXX-X-XXX-XXXXXX
XX--X----XXXXXXX
X--X--XX-XXXXX-X
X---XXXXX------X
X---XXXXX----X-X
XXXX--XX-XXX-X-X
XXXX-X-------X-X
X----X--XXXXX--X
XXXX-X-------XXX
XXXX-X-----X-XXX
X2-------XX---3X
XXXXXXXXXXXXXXXX
META {"type": "solver", "id": "pysat-rc2", "objective": 0}
META {"type": "geom", "shape": "path", "group": "path", "data": [[14, 1, 14, 2], [14, 2, 14, 3], [14, 3, 14, 4], [14, 4, 14, 5], [14, 5, 14, 6], [14, 6, 13, 6], [13, 6, 13, 7], [13, 7, 14, 7], [14, 7, 14, 8], [14, 8, 13, 8], [13, 8, 12, 8], [12, 8, 12, 9], [12, 9, 12, 10], [12, 10, 12, 11], [12, 11, 12, 12], [12, 12, 13, 12], [13, 12, 14, 12], [14, 12, 14, 13], [14, 13, 14, 14]]}
META {"type": "geom", "shape": "tile", "group": "path", "data": [[14, 1], [14, 2], [14, 3], [14, 4], [14, 5], [14, 6], [13, 6], [13, 7], [14, 7], [14, 8], [13, 8], [12, 8], [12, 9], [12, 10], [12, 11], [12, 12], [13, 12], [14, 12], [14, 13], [14, 14]]}
META {"type": "geom", "shape": "line", "group": "offpath", "data": [[12, 4, 13, 4], [9, 12, 10, 12], [13, 10, 13, 9], [13, 9, 13, 10], [13, 4, 12, 4], [10, 10, 10, 9], [10, 9, 10, 10], [10, 12, 9, 12]]}
