XXXXXXXXXXXXXXXX
XXXX-X--------1X
XXXX--XXXXXXXXXX
X0--X-XXXXXXXXXX
XXXX-X-----XXXXX
XXXX--XXX---XX-X
X---XX---XXX--XX
XX--XX-X----X--X
XX--XX-X-XXX--XX
X--X---X------XX
X--X----XX-----X
X--X----XX---XXX
XXX-----XX---XXX
XXX-XX--XX---XXX
X2--XX--XX----3X
XXXXXXXXXXXXXXXX
META {"type": "solver", "id": "pysat-rc2", "objective": 0}
META {"type": "geom", "shape": "path", "group": "path", "data": [[14, 1, 14, 2], [14, 2, 14, 3], [14, 3, 13, 3], [13, 3, 12, 3], [12, 3, 12, 4], [12, 4, 12, 5], [12, 5, 12, 6], [12, 6, 11, 6], [11, 6, 10, 6], [10, 6, 10, 5], [10, 5, 10, 4], [10, 4, 9, 4], [9, 4, 9, 5], [9, 5, 9, 6], [9, 6, 8, 6], [8, 6, 7, 6], [7, 6, 6, 6], [6, 6, 6, 7], [6, 7, 6, 8], [6, 8, 7, 8], [7, 8, 8, 8], [8, 8, 9, 8], [9, 8, 9, 9], [9, 9, 9, 10], [9, 10, 9, 11], [9, 11, 9, 12], [9, 12, 9, 13], [9, 13, 10, 13], [10, 13, 10, 12], [10, 12, 11, 12], [11, 12, 11, 11], [11, 11, 11, 10], [11, 10, 12, 10], [12, 10, 13, 10], [13, 10, 13, 11], [13, 11, 14, 11], [14, 11, 14, 12], [14, 12, 14, 13], [14, 13, 14, 14]]}
META {"type": "geom", "shape": "tile", "group": "path", "data": [[14, 1], [14, 2], [14, 3], [13, 3], [12, 3], [12, 4], [12, 5], [12, 6], [11, 6], [10, 6], [10, 5], [10, 4], [9, 4], [9, 5], [9, 6], [8, 6], [7, 6], [6, 6], [6, 7], [6, 8], [7, 8], [8, 8], [9, 8], [9, 9], [9, 10], [9, 11], [9, 12], [9, 13], [10, 13], [10, 12], [11, 12], [11, 11], [11, 10], [12, 10], [13, 10], [13, 11], [14, 11], [14, 12], [14, 13], [14, 14]]}
META {"type": "geom", "shape": "line", "group": "offpath", "data": [[11, 7, 10, 7], [13, 12, 12, 12], [13, 6, 13, 7], [13, 7, 13, 6], [6, 13, 7, 13], [7, 13, 6, 13], [7, 10, 7, 9], [7, 9, 7, 10], [8, 13, 8, 12], [8, 12, 8, 13], [12, 12, 13, 12], [10, 7, 11, 7]]}
