XXXXXXXXXXXXXXXX
X0-X-X-----X--1X
XXX-X--XXX--XXXX
XXX-X-------XXXX
X---X----------X
XX------------XX
X-XXXX-XXXX----X
X-XXXX-XXXX---XX
X-XXXXX----X-XXX
X--XXXX--XXXXXXX
XX-XXX-X-XXXXXXX
X-X-----X----XXX
XXXXXXX--X---XXX
XXXXXXX------XXX
X2------------3X
XXXXXXXXXXXXXXXX
META {"type": "solver", "id": "pysat-rc2", "objective": 0}
META {"type": "geom", "shape": "path", "group": "path", "data": [[14, 1, 14, 2], [14, 2, 14, 3], [14, 3, 14, 4], [14, 4, 14, 5], [14, 5, 14, 6], [14, 6, 14, 7], [14, 7, 14, 8], [14, 8, 13, 8], [13, 8, 13, 9], [13, 9, 13, 10], [13, 10, 13, 11], [13, 11, 12, 11], [12, 11, 12, 10], [12, 10, 11, 10], [11, 10, 11, 11], [11, 11, 11, 12], [11, 12, 12, 12], [12, 12, 13, 12], [13, 12, 14, 12], [14, 12, 14, 13], [14, 13, 14, 14]]}
META {"type": "geom", "shape": "tile", "group": "path", "data": [[14, 1], [14, 2], [14, 3], [14, 4], [14, 5], [14, 6], [14, 7], [14, 8], [13, 8], [13, 9], [13, 10], [13, 11], [12, 11], [12, 10], [11, 10], [11, 11], [11, 12], [12, 12], [13, 12], [14, 12], [14, 13], [14, 14]]}
META {"type": "geom", "shape": "line", "group": "offpath", "data": [[1, 8, 1, 7], [1, 6, 2, 6], [1, 9, 1, 8], [1, 10, 1, 9], [1, 7, 1, 6], [2, 6, 3, 6], [2, 10, 1, 10], [2, 11, 2, 10], [11, 6, 11, 5], [11, 5, 11, 6], [11, 7, 12, 7], [7, 6, 6, 6], [3, 8, 3, 9], [3, 6, 3, 7], [3, 9, 3, 10], [3, 10, 3, 11], [3, 7, 3, 8], [3, 11, 2, 11], [12, 7, 11, 7], [6, 6, 7, 6]]}
