XXXXXXXXXXXXXXXX
XXX-XX-XX-----1X
XXX-XX-------XXX
X0-----X-----XXX
XXXX-X-X-------X
XXXX-X-X--X---XX
X----X--X------X
XXXXX-------XXXX
XXXXX-XXXX--XXXX
X-XXX-XXXXX----X
X-XXXX-XXXX----X
XXXXXX-----XXXXX
XXXXXX-XXX-XXXXX
XXX----------XXX
X2-------XX---3X
XXXXXXXXXXXXXXXX
META {"type": "solver", "id": "pysat-rc2", "objective": 0}
META {"type": "geom", "shape": "path", "group": "path", "data": [[3, 1, 3, 2], [3, 2, 3, 3], [3, 3, 3, 4], [3, 4, 3, 5], [3, 5, 3, 6], [3, 6, 2, 6], [2, 6, 2, 7], [2, 7, 2, 8], [2, 8, 3, 8], [3, 8, 4, 8], [4, 8, 5, 8], [5, 8, 5, 9], [5, 9, 4, 9], [4, 9, 4, 10], [4, 10, 3, 10], [3, 10, 2, 10], [2, 10, 1, 10], [1, 10, 1, 11], [1, 11, 1, 12], [1, 12, 1, 13], [1, 13, 1, 14]]}
META {"type": "geom", "shape": "tile", "group": "path", "data": [[3, 1], [3, 2], [3, 3], [3, 4], [3, 5], [3, 6], [2, 6], [2, 7], [2, 8], [3, 8], [4, 8], [5, 8], [5, 9], [4, 9], [4, 10], [3, 10], [2, 10], [1, 10], [1, 11], [1, 12], [1, 13], [1, 14]]}
META {"type": "geom", "shape": "line", "group": "offpath", "data": [[9, 5, 8, 5], [13, 9, 13, 10], [13, 10, 12, 10], [13, 6, 13, 5], [13, 3, 14, 3], [13, 4, 13, 3], [13, 8, 13, 9], [13, 11, 13, 12], [13, 12, 14, 12], [13, 5, 13, 4], [8, 5, 9, 5], [11, 9, 11, 8], [11, 10, 11, 9], [11, 6, 12, 6], [11, 8, 11, 7], [11, 7, 11, 6], [7, 9, 6, 9], [7, 10, 7, 11], [7, 6, 7, 5], [7, 11, 7, 10], [7, 5, 7, 6], [4, 6, 5, 6], [4, 11, 5, 11], [4, 12, 4, 11], [14, 6, 14, 7], [14, 3, 14, 4], [14, 4, 14, 5], [14, 8, 13, 8], [14, 11, 13, 11], [14, 12, 14, 11], [14, 7, 14, 8], [14, 5, 14, 6], [6, 9, 7, 9], [6, 3, 6, 4], [6, 13, 5, 13], [6, 4, 6, 3], [6, 11, 6, 12], [6, 12, 6, 11], [5, 6, 4, 6], [5, 13, 6, 13], [5, 11, 5, 12], [5, 12, 4, 12], [12, 10, 11, 10], [12, 6, 13, 6]]}
META {"type": "geom", "shape": "path", "group": "path", "data": [[14, 1, 14, 2], [14, 2, 14, 3], [14, 3, 13, 3], [13, 3, 13, 4], [13, 4, 14, 4], [14, 4, 14, 5], [14, 5, 14, 6], [14, 6, 14, 7], [14, 7, 14, 8], [14, 8, 13, 8], [13, 8, 13, 9], [13, 9, 13, 10], [13, 10, 13, 11], [13, 11, 14, 11], [14, 11, 14, 12], [14, 12, 14, 13], [14, 13, 14, 14]]}
META {"type": "geom", "shape": "tile", "group": "path", "data": [[14, 1], [14, 2], [14, 3], [13, 3], [13, 4], [14, 4], [14, 5], [14, 6], [14, 7], [14, 8], [13, 8], [13, 9], [13, 10], [13, 11], [14, 11], [14, 12], [14, 13], [14, 14]]}
META {"type": "geom", "shape": "line", "group": "offpath", "data": [[13, 6, 12, 6], [11, 6, 11, 7], [11, 7, 11, 6], [12, 6, 13, 6]]}
