--------------------------------
--------------------------------
-----------------X--X-----------
-----------X--------------------
--------------------------------
---------------------XX---XQQX--
--------XX----------------------
--------------------------------
---XXX-------X--Q----------X----
--------------------XX----------
----------X--------XXX----------
------------------XXXX----------
-----<>----------XXXXX----------
-----[]---------XXXXXX----------
-{---[]--------XXXXXXX--------}-
XXXXXXXXXXXXXXXXXXXXXXXXXXXXXXXX
META {"type": "solver", "id": "pysat-rc2", "objective": 0}
META {"type": "geom", "shape": "path", "group": "path", "data": [[14, 1, 14, 2], [14, 2, 11, 5], [11, 5, 11, 6], [11, 6, 11, 7], [11, 7, 12, 8], [12, 8, 13, 9], [13, 9, 14, 10], [14, 10, 14, 11], [14, 11, 14, 12], [14, 12, 14, 13], [14, 13, 14, 14], [14, 14, 12, 16], [12, 16, 8, 20], [8, 20, 8, 21], [8, 21, 8, 22], [8, 22, 9, 23], [9, 23, 10, 24], [10, 24, 11, 25], [11, 25, 12, 26], [12, 26, 13, 27], [13, 27, 14, 28], [14, 28, 14, 29], [14, 29, 14, 30]]}
