--------------------------------
--------------------------------
--------------------------------
-----X--------------------------
--------------------------------
--------X--XXXX-----------------
--------------------------------
------------------X--X----------
---XQX--X--Q--------------------
--------------------------------
--------------------XX----------
-------------------XXX-------X--
----<>-------Q----XXXX----X-----
----[]-----------XXXXX---XX-----
-{--[]----------XXXXXX--XXX---}-
XXXXXXXXXXXXXXXXXXXXXXXXXXXXXXXX
META {"type": "solver", "id": "pysat-rc2", "objective": 0}
META {"type": "geom", "shape": "path", "group": "path", "data": [[14, 1, 11, 4], [11, 4, 11, 5], [11, 5, 11, 6], [11, 6, 12, 7], [12, 7, 13, 8], [13, 8, 14, 9], [14, 9, 14, 10], [14, 10, 14, 11], [14, 11, 14, 12], [14, 12, 14, 13], [14, 13, 14, 14], [14, 14, 14, 15], [14, 15, 13, 16], [13, 16, 9, 20], [9, 20, 9, 21], [9, 21, 9, 22], [9, 22, 10, 23], [10, 23, 11, 24], [11, 24, 12, 25], [12, 25, 11, 26], [11, 26, 11, 27], [11, 27, 12, 28], [12, 28, 13, 29], [13, 29, 14, 30]]}
