XXXXXXXXXXXXXXXX
X0--XX--------1X
XXX----------XXX
XXX---------XXXX
X------X----XXXX
XX-----X-XXX-XXX
X-X-XX-X-----XXX
XX-XXXX-XXX---XX
X--XXXX----XXX-X
X------X-X-XXX-X
XXXXX-X--X----XX
XXXXX----X-X--XX
XXXXX-XX-X-X-XXX
XXXX--XX-X-X-XXX
X2------------3X
XXXXXXXXXXXXXXXX
META {"type": "solver", "id": "pysat-rc2-boolonly", "objective": 0}
META {"type": "geom", "shape": "path", "group": "path", "data": [[1, 1, 1, 2], [1, 2, 1, 3], [1, 3, 2, 3], [2, 3, 2, 4], [2, 4, 2, 5], [2, 5, 2, 6], [2, 6, 1, 6], [1, 6, 1, 7], [1, 7, 1, 8], [1, 8, 1, 9], [1, 9, 1, 10], [1, 10, 1, 11], [1, 11, 1, 12], [1, 12, 1, 13], [1, 13, 1, 14]]}
META {"type": "geom", "shape": "path", "group": "path", "data": [[14, 1, 14, 2], [14, 2, 14, 3], [14, 3, 14, 4], [14, 4, 14, 5], [14, 5, 14, 6], [14, 6, 14, 7], [14, 7, 14, 8], [14, 8, 14, 9], [14, 9, 14, 10], [14, 10, 14, 11], [14, 11, 14, 12], [14, 12, 14, 13], [14, 13, 14, 14]]}
META {"type": "geom", "shape": "tile", "group": "reachable", "data": [[1, 1], [1, 2], [1, 3], [2, 3], [3, 3], [2, 4], [3, 4], [2, 5], [4, 3], [3, 5], [2, 6], [4, 4], [5, 3], [4, 2], [1, 6], [3, 6], [2, 7], [4, 5], [5, 4], [5, 2], [4, 1], [6, 3], [1, 7], [3, 7], [2, 8], [4, 6], [5, 5], [1, 8], [3, 8], [2, 9], [5, 6], [1, 9], [3, 9], [2, 10], [4, 8], [6, 6], [1, 10], [3, 10], [2, 11], [4, 9], [5, 8], [1, 11], [3, 11], [2, 12], [4, 10], [6, 8], [1, 12], [4, 11], [6, 9], [1, 13], [6, 10], [6, 11], [7, 11], [6, 12], [5, 12], [7, 12], [7, 13]]}
