--------------------------------
--------------------------------
--Q-----------------------Q-----
--------XXX--XQX----------------
--------------------------------
--XXXX---------------------X----
--------------------------------
--------XX----------------------
--------------------------------
--------------------------------
--------<>----------------Q-----
---XQX--[]----------------------
--------[]----X--X--------------
--------[]---XX--XX-------------
-{------[]--XXX--XXX----------}-
XXXXXXXXXXXXXXXXXXXXXXXXXXXXXXXX
META {"type": "solver", "id": "pysat-rc2", "objective": 0}
META {"type": "geom", "shape": "path", "group": "path", "data": [[14, 1, 10, 0], [10, 0, 11, 1], [11, 1, 12, 1], [12, 1, 13, 2], [13, 2, 14, 3], [14, 3, 13, 4], [13, 4, 14, 5], [14, 5, 11, 7], [11, 7, 12, 7], [12, 7, 13, 6], [13, 6, 14, 7], [14, 7, 12, 6], [12, 6, 13, 5], [13, 5, 14, 6], [14, 6, 10, 5], [10, 5, 7, 2], [7, 2, 8, 3], [8, 3, 9, 4], [9, 4, 10, 4], [10, 4, 6, 8], [6, 8, 2, 4], [2, 4, 3, 3], [3, 3, 4, 4], [4, 4, 0, 7], [0, 7, 1, 8], [1, 8, 2, 9], [2, 9, 0, 10], [0, 10, 1, 11], [1, 11, 2, 12], [2, 12, 3, 11], [3, 11, 4, 12], [4, 12, 5, 11], [5, 11, 6, 10], [6, 10, 7, 11], [7, 11, 8, 11], [8, 11, 9, 11], [9, 11, 10, 10], [10, 10, 11, 10], [11, 10, 12, 10], [12, 10, 13, 10], [13, 10, 14, 10], [14, 10, 10, 14], [10, 14, 11, 14], [11, 14, 9, 16], [9, 16, 10, 16], [10, 16, 11, 17], [11, 17, 7, 14], [7, 14, 8, 14], [8, 14, 9, 14], [9, 14, 10, 15], [10, 15, 11, 16], [11, 16, 12, 16], [12, 16, 13, 16], [13, 16, 14, 16], [14, 16, 10, 17], [10, 17, 11, 18], [11, 18, 12, 19], [12, 19, 13, 20], [13, 20, 14, 20], [14, 20, 10, 21], [10, 21, 11, 21], [11, 21, 12, 21], [12, 21, 13, 22], [13, 22, 14, 21], [14, 21, 12, 20], [12, 20, 13, 19], [13, 19, 10, 22], [10, 22, 11, 22], [11, 22, 12, 22], [12, 22, 13, 23], [13, 23, 14, 24], [14, 24, 10, 24], [10, 24, 11, 25], [11, 25, 12, 24], [12, 24, 13, 25], [13, 25, 14, 26], [14, 26, 11, 26], [11, 26, 12, 27], [12, 27, 13, 28], [13, 28, 14, 29], [14, 29, 10, 28], [10, 28, 11, 28], [11, 28, 12, 28], [12, 28, 13, 27], [13, 27, 14, 28], [14, 28, 10, 29], [10, 29, 11, 29], [11, 29, 12, 30], [12, 30, 13, 31], [13, 31, 14, 31], [14, 31, 10, 30], [10, 30, 11, 30], [11, 30, 12, 29], [12, 29, 13, 29], [13, 29, 14, 30]]}
META {"type": "geom", "shape": "tile", "group": "path", "data": [[14, 1], [13, 1], [12, 1], [11, 1], [10, 1], [10, 0], [11, 0], [11, 1], [12, 1], [13, 1], [13, 2], [14, 2], [14, 3], [13, 3], [13, 4], [14, 4], [14, 5], [13, 5], [13, 6], [12, 6], [12, 7], [11, 7], [12, 7], [13, 7], [13, 6], [14, 6], [14, 7], [13, 7], [13, 6], [12, 6], [13, 6], [13, 5], [14, 5], [14, 6], [13, 6], [12, 6], [11, 6], [10, 6], [10, 5], [9, 5], [9, 4], [8, 4], [8, 3], [7, 3], [7, 2], [8, 2], [8, 3], [9, 3], [9, 4], [10, 4], [9, 4], [9, 5], [8, 5], [8, 6], [7, 6], [7, 7], [6, 7], [6, 8], [5, 8], [5, 7], [4, 7], [4, 6], [3, 6], [3, 5], [2, 5], [2, 4], [3, 4], [3, 3], [4, 3], [4, 4], [3, 4], [3, 5], [2, 5], [2, 6], [1, 6], [1, 7], [0, 7], [1, 7], [1, 8], [2, 8], [2, 9], [1, 9], [1, 10], [0, 10], [1, 10], [1, 11], [2, 11], [2, 12], [3, 12], [3, 11], [4, 11], [4, 12], [5, 12], [5, 11], [6, 11], [6, 10], [7, 10], [7, 11], [8, 11], [9, 11], [10, 11], [10, 10], [11, 10], [12, 10], [13, 10], [14, 10], [13, 10], [13, 11], [12, 11], [12, 12], [11, 12], [11, 13], [10, 13], [10, 14], [11, 14], [10, 14], [10, 15], [9, 15], [9, 16], [10, 16], [11, 16], [11, 17], [10, 17], [10, 16], [9, 16], [9, 15], [8, 15], [8, 14], [7, 14], [8, 14], [9, 14], [10, 14], [10, 15], [11, 15], [11, 16], [12, 16], [13, 16], [14, 16], [13, 16], [12, 16], [11, 16], [10, 16], [10, 17], [11, 17], [11, 18], [12, 18], [12, 19], [13, 19], [13, 20], [14, 20], [13, 20], [12, 20], [11, 20], [10, 20], [10, 21], [11, 21], [12, 21], [13, 21], [13, 22], [14, 22], [14, 21], [13, 21], [13, 20], [12, 20], [13, 20], [13, 19], [12, 19], [12, 20], [11, 20], [11, 21], [10, 21], [10, 22], [11, 22], [12, 22], [13, 22], [13, 23], [14, 23], [14, 24], [13, 24], [12, 24], [11, 24], [10, 24], [11, 24], [11, 25], [12, 25], [12, 24], [13, 24], [13, 25], [14, 25], [14, 26], [13, 26], [12, 26], [11, 26], [12, 26], [12, 27], [13, 27], [13, 28], [14, 28], [14, 29], [13, 29], [12, 29], [11, 29], [10, 29], [10, 28], [11, 28], [12, 28], [13, 28], [13, 27], [14, 27], [14, 28], [13, 28], [12, 28], [11, 28], [10, 28], [10, 29], [11, 29], [12, 29], [12, 30], [13, 30], [13, 31], [14, 31], [13, 31], [12, 31], [11, 31], [10, 31], [10, 30], [11, 30], [12, 30], [12, 29], [13, 29], [14, 29], [14, 30]]}
META {"type": "geom", "shape": "line", "group": "offpath", "data": [[7, 27, 8, 27], [6, 9, 4, 8], [3, 4, 4, 3], [3, 26, 4, 27], [3, 5, 4, 5], [5, 8, 6, 9], [9, 26, 7, 27], [9, 8, 8, 7], [9, 9, 8, 8], [13, 24, 14, 23], [13, 3, 14, 4], [13, 26, 14, 25], [13, 1, 14, 2], [12, 2, 13, 1], [12, 3, 13, 3], [12, 23, 13, 24], [4, 3, 0, 2], [4, 27, 0, 26], [4, 8, 5, 8], [4, 5, 0, 6], [14, 4, 12, 3], [14, 2, 12, 2], [14, 25, 13, 26], [14, 23, 12, 23], [1, 4, 2, 5], [1, 2, 0, 3], [1, 24, 2, 25], [1, 12, 2, 13], [1, 26, 0, 25], [1, 7, 2, 6], [1, 10, 2, 10], [1, 13, 2, 14], [1, 9, 2, 8], [1, 16, 2, 15], [8, 7, 9, 8], [8, 27, 9, 26], [8, 8, 9, 9], [2, 6, 3, 5], [2, 14, 1, 13], [2, 15, 1, 16], [2, 10, 0, 12], [2, 13, 0, 11], [2, 8, 0, 9], [2, 25, 3, 26], [2, 5, 3, 4], [0, 6, 1, 7], [0, 2, 1, 2], [0, 11, 1, 10], [0, 3, 1, 4], [0, 12, 1, 12], [0, 26, 1, 26], [0, 25, 1, 24], [0, 9, 1, 9]]}
