--------------------------------
--------------------------------
-----------------Q--X---XXX--X--
--------------------------------
--------------------------------
--------------X--X--------------
----------XX--------------------
----------------------------XX--
--------------X------<>--Q------
---------------------[]---------
---------XX------XX--[]---------
----------------XXX--[]---------
---------XX----XXXX--[]---------
--------------XXXXX--[]---------
-{-----------XXXXXX--[]-------}-
XXXXX---XXXXXXXXXXXXXXXXXXXXXXXX
META {"type": "solver", "id": "pysat-rc2", "objective": 0}
META {"type": "geom", "shape": "path", "group": "path", "data": [[14, 1, 10, 1], [10, 1, 11, 1], [11, 1, 12, 2], [12, 2, 13, 3], [13, 3, 14, 4], [14, 4, 10, 8], [10, 8, 11, 7], [11, 7, 12, 8], [12, 8, 13, 9], [13, 9, 14, 10], [14, 10, 13, 11], [13, 11, 14, 12], [14, 12, 11, 15], [11, 15, 7, 14], [7, 14, 3, 11], [3, 11, 4, 10], [4, 10, 5, 11], [5, 11, 2, 13], [2, 13, 3, 12], [3, 12, 4, 11], [4, 11, 5, 10], [5, 10, 2, 7], [2, 7, 3, 6], [3, 6, 4, 5], [4, 5, 5, 4], [5, 4, 6, 3], [6, 3, 7, 4], [7, 4, 8, 4], [8, 4, 9, 5], [9, 5, 10, 6], [10, 6, 11, 6], [11, 6, 12, 7], [12, 7, 13, 8], [13, 8, 14, 9], [14, 9, 13, 10], [13, 10, 14, 11], [14, 11, 10, 15], [10, 15, 11, 14], [11, 14, 12, 14], [12, 14, 8, 18], [8, 18, 9, 18], [9, 18, 5, 22], [5, 22, 6, 21], [6, 21, 7, 22], [7, 22, 5, 23], [5, 23, 6, 24], [6, 24, 7, 25], [7, 25, 4, 27], [4, 27, 5, 28], [5, 28, 6, 28], [6, 28, 6, 29], [6, 29, 4, 29], [4, 29, 5, 29], [5, 29, 6, 30], [6, 30, 7, 30], [7, 30, 8, 29], [8, 29, 9, 28], [9, 28, 10, 27], [10, 27, 11, 27], [11, 27, 12, 27], [12, 27, 13, 28], [13, 28, 14, 29], [14, 29, 10, 30], [10, 30, 11, 30], [11, 30, 12, 30], [12, 30, 13, 29], [13, 29, 14, 30]]}
META {"type": "geom", "shape": "tile", "group": "path", "data": [[14, 1], [13, 1], [12, 1], [11, 1], [10, 1], [11, 1], [12, 1], [12, 2], [13, 2], [13, 3], [14, 3], [14, 4], [13, 4], [13, 5], [12, 5], [12, 6], [11, 6], [11, 7], [10, 7], [10, 8], [11, 8], [11, 7], [12, 7], [12, 8], [13, 8], [13, 9], [14, 9], [14, 10], [13, 10], [13, 11], [14, 11], [14, 12], [13, 12], [13, 13], [12, 13], [12, 14], [11, 14], [11, 15], [10, 15], [9, 15], [8, 15], [7, 15], [7, 14], [6, 14], [6, 13], [5, 13], [5, 12], [4, 12], [4, 11], [3, 11], [4, 11], [4, 10], [5, 10], [5, 11], [4, 11], [4, 12], [3, 12], [3, 13], [2, 13], [3, 13], [3, 12], [4, 12], [4, 11], [5, 11], [5, 10], [4, 10], [4, 9], [3, 9], [3, 8], [2, 8], [2, 7], [3, 7], [3, 6], [4, 6], [4, 5], [5, 5], [5, 4], [6, 4], [6, 3], [7, 3], [7, 4], [8, 4], [9, 4], [9, 5], [10, 5], [10, 6], [11, 6], [12, 6], [12, 7], [13, 7], [13, 8], [14, 8], [14, 9], [13, 9], [13, 10], [14, 10], [14, 11], [13, 11], [13, 12], [12, 12], [12, 13], [11, 13], [11, 14], [10, 14], [10, 15], [11, 15], [11, 14], [12, 14], [11, 14], [11, 15], [10, 15], [10, 16], [9, 16], [9, 17], [8, 17], [8, 18], [9, 18], [8, 18], [8, 19], [7, 19], [7, 20], [6, 20], [6, 21], [5, 21], [5, 22], [6, 22], [6, 21], [7, 21], [7, 22], [6, 22], [6, 23], [5, 23], [6, 23], [6, 24], [7, 24], [7, 25], [6, 25], [6, 26], [5, 26], [5, 27], [4, 27], [5, 27], [5, 28], [6, 28], [6, 29], [5, 29], [4, 29], [5, 29], [6, 29], [6, 30], [7, 30], [8, 30], [8, 29], [9, 29], [9, 28], [10, 28], [10, 27], [11, 27], [12, 27], [13, 27], [13, 28], [14, 28], [14, 29], [13, 29], [12, 29], [11, 29], [10, 29], [10, 30], [11, 30], [12, 30], [13, 30], [13, 29], [14, 29], [14, 30]]}
META {"type": "geom", "shape": "line", "group": "offpath", "data": [[5, 21, 6, 22], [13, 0, 14, 0], [13, 27, 14, 28], [13, 13, 12, 12], [13, 2, 14, 3], [13, 1, 14, 2], [13, 26, 14, 26], [9, 16, 10, 16], [9, 10, 7, 10], [9, 17, 9, 16], [1, 24, 0, 23], [1, 20, 0, 19], [1, 18, 2, 19], [1, 13, 2, 14], [1, 26, 0, 27], [1, 17, 1, 18], [1, 25, 0, 24], [2, 19, 3, 18], [2, 14, 3, 15], [10, 16, 8, 16], [14, 3, 12, 1], [14, 0, 13, 1], [14, 2, 13, 2], [14, 28, 11, 28], [14, 26, 11, 26], [3, 22, 4, 22], [3, 18, 4, 17], [3, 15, 4, 14], [12, 12, 13, 13], [12, 28, 13, 27], [12, 1, 13, 0], [12, 26, 13, 26], [4, 22, 5, 21], [4, 14, 0, 18], [4, 17, 0, 13], [0, 24, 1, 25], [0, 23, 1, 24], [0, 19, 1, 20], [0, 18, 1, 17], [0, 27, 1, 26], [0, 13, 1, 13], [7, 21, 3, 22], [7, 10, 8, 9], [6, 22, 7, 21], [11, 28, 12, 28], [11, 26, 12, 26], [8, 9, 9, 10], [8, 16, 9, 17]]}
