--------------------------------
--------------------------------
---------------------------Q----
--------------------------------
--------------------------------
----------------------------Q---
-----------------------XX-------
--XXXX--------------------------
--------------------------------
--------------------------XQQX--
--------------------------------
--------------------------------
----XX---------X--X----X--------
---------<>---XX--XX---XX-------
-{-------[]--XXX--XXX--XXX----}-
XXXXX--XXXXXXXXXXXXXXXXXXXXXXXXX
META {"type": "solver", "id": "pysat-rc2", "objective": 0}
META {"type": "geom", "shape": "path", "group": "path", "data": [[14, 1, 10, 0], [10, 0, 11, 0], [11, 0, 12, 1], [12, 1, 13, 0], [13, 0, 14, 0], [14, 0, 10, 4], [10, 4, 11, 5], [11, 5, 7, 9], [7, 9, 8, 10], [8, 10, 9, 11], [9, 11, 10, 12], [10, 12, 11, 11], [11, 11, 12, 12], [12, 12, 13, 12], [13, 12, 14, 11], [14, 11, 10, 14], [10, 14, 11, 13], [11, 13, 12, 14], [12, 14, 8, 14], [8, 14, 9, 14], [9, 14, 10, 13], [10, 13, 11, 12], [11, 12, 12, 13], [12, 13, 13, 13], [13, 13, 11, 15], [11, 15, 7, 19], [7, 19, 8, 20], [8, 20, 9, 20], [9, 20, 10, 19], [10, 19, 11, 20], [11, 20, 12, 20], [12, 20, 13, 20], [13, 20, 11, 18], [11, 18, 7, 22], [7, 22, 8, 22], [8, 22, 9, 22], [9, 22, 10, 22], [10, 22, 11, 21], [11, 21, 12, 22], [12, 22, 13, 22], [13, 22, 14, 21], [14, 21, 14, 22], [14, 22, 11, 19], [11, 19, 12, 19], [12, 19, 8, 23], [8, 23, 9, 23], [9, 23, 10, 24], [10, 24, 11, 23], [11, 23, 7, 27], [7, 27, 8, 27], [8, 27, 5, 25], [5, 25, 6, 25], [6, 25, 7, 26], [7, 26, 8, 25], [8, 25, 9, 25], [9, 25, 10, 26], [10, 26, 11, 27], [11, 27, 12, 26], [12, 26, 13, 27], [13, 27, 14, 28], [14, 28, 11, 26], [11, 26, 12, 25], [12, 25, 13, 25], [13, 25, 10, 27], [10, 27, 11, 28], [11, 28, 12, 27], [12, 27, 13, 28], [13, 28, 14, 27], [14, 27, 13, 26], [13, 26, 14, 26], [14, 26, 12, 28], [12, 28, 13, 29], [13, 29, 14, 29], [14, 29, 11, 31], [11, 31, 12, 31], [12, 31, 13, 31], [13, 31, 14, 31], [14, 31, 10, 31], [10, 31, 11, 30], [11, 30, 12, 29], [12, 29, 13, 30], [13, 30, 14, 30]]}
META {"type": "geom", "shape": "tile", "group": "path", "data": [[14, 1], [13, 1], [12, 1], [11, 1], [10, 1], [10, 0], [11, 0], [12, 0], [12, 1], [13, 1], [13, 0], [14, 0], [13, 0], [13, 1], [12, 1], [12, 2], [11, 2], [11, 3], [10, 3], [10, 4], [11, 4], [11, 5], [10, 5], [10, 6], [9, 6], [9, 7], [8, 7], [8, 8], [7, 8], [7, 9], [8, 9], [8, 10], [9, 10], [9, 11], [10, 11], [10, 12], [11, 12], [11, 11], [12, 11], [12, 12], [13, 12], [14, 12], [14, 11], [13, 11], [13, 12], [12, 12], [12, 13], [11, 13], [11, 14], [10, 14], [11, 14], [11, 13], [12, 13], [12, 14], [11, 14], [10, 14], [9, 14], [8, 14], [9, 14], [10, 14], [10, 13], [11, 13], [11, 12], [12, 12], [12, 13], [13, 13], [12, 13], [12, 14], [11, 14], [11, 15], [10, 15], [10, 16], [9, 16], [9, 17], [8, 17], [8, 18], [7, 18], [7, 19], [8, 19], [8, 20], [9, 20], [10, 20], [10, 19], [11, 19], [11, 20], [12, 20], [13, 20], [12, 20], [12, 19], [11, 19], [11, 18], [10, 18], [10, 19], [9, 19], [9, 20], [8, 20], [8, 21], [7, 21], [7, 22], [8, 22], [9, 22], [10, 22], [11, 22], [11, 21], [12, 21], [12, 22], [13, 22], [14, 22], [14, 21], [14, 22], [13, 22], [13, 21], [12, 21], [12, 20], [11, 20], [11, 19], [12, 19], [11, 19], [11, 20], [10, 20], [10, 21], [9, 21], [9, 22], [8, 22], [8, 23], [9, 23], [10, 23], [10, 24], [11, 24], [11, 23], [10, 23], [10, 24], [9, 24], [9, 25], [8, 25], [8, 26], [7, 26], [7, 27], [8, 27], [7, 27], [7, 26], [6, 26], [6, 25], [5, 25], [6, 25], [7, 25], [7, 26], [8, 26], [8, 25], [9, 25], [10, 25], [10, 26], [11, 26], [11, 27], [12, 27], [12, 26], [13, 26], [13, 27], [14, 27], [14, 28], [13, 28], [13, 27], [12, 27], [12, 26], [11, 26], [12, 26], [12, 25], [13, 25], [12, 25], [12, 26], [11, 26], [11, 27], [10, 27], [11, 27], [11, 28], [12, 28], [12, 27], [13, 27], [13, 28], [14, 28], [14, 27], [13, 27], [13, 26], [14, 26], [13, 26], [13, 27], [12, 27], [12, 28], [13, 28], [13, 29], [14, 29], [13, 29], [13, 30], [12, 30], [12, 31], [11, 31], [12, 31], [13, 31], [14, 31], [13, 31], [12, 31], [11, 31], [10, 31], [11, 31], [11, 30], [12, 30], [12, 29], [13, 29], [13, 30], [14, 30]]}
META {"type": "geom", "shape": "line", "group": "offpath", "data": [[2, 22, 3, 23], [2, 3, 3, 2], [2, 5, 3, 5], [2, 29, 3, 30], [11, 2, 12, 3], [11, 8, 12, 9], [11, 6, 12, 7], [11, 4, 8, 4], [11, 25, 12, 24], [11, 17, 12, 16], [9, 5, 10, 6], [9, 4, 10, 3], [3, 30, 4, 30], [3, 2, 4, 3], [3, 5, 4, 4], [3, 23, 4, 24], [13, 2, 14, 3], [13, 3, 14, 2], [13, 6, 14, 7], [13, 17, 14, 17], [1, 30, 2, 29], [1, 22, 2, 22], [8, 6, 9, 5], [8, 4, 9, 4], [8, 29, 4, 28], [7, 28, 8, 29], [14, 2, 10, 2], [14, 3, 14, 4], [14, 7, 10, 7], [14, 4, 12, 2], [14, 17, 11, 17], [6, 2, 2, 5], [6, 3, 6, 2], [6, 28, 7, 28], [6, 5, 5, 6], [6, 4, 2, 3], [5, 24, 5, 23], [5, 3, 6, 3], [5, 6, 6, 5], [5, 4, 6, 4], [5, 23, 1, 22], [5, 29, 6, 28], [10, 2, 11, 2], [10, 3, 11, 4], [10, 7, 11, 8], [10, 6, 11, 6], [4, 24, 5, 24], [4, 30, 5, 29], [4, 3, 5, 4], [4, 28, 1, 30], [4, 4, 5, 3], [12, 24, 11, 25], [12, 2, 13, 2], [12, 3, 13, 3], [12, 9, 12, 10], [12, 7, 13, 6], [12, 10, 8, 6], [12, 16, 13, 17]]}
