XXXXXXXXXXXXXXXX
XX0---XX------1X
XXXX-----XXX-XXX
XXXX-X-X-----XXX
X----X-X--XXX-XX
X-XX-X-X-X----XX
X-XX--X--X--XXXX
X--------X--XXXX
X---XXX-------XX
XXX-XXX--XX-X-XX
XXX----X-XX---XX
X--XXX-X---XX-XX
XXXXXX-X-XXXXXXX
XXXXXX---XXXXXXX
X2-XX-----XX--3X
XXXXXXXXXXXXXXXX
META {"type": "solver", "id": "pysat-rc2", "objective": 0}
META {"type": "geom", "shape": "path", "group": "path", "data": [[1, 2, 1, 3], [1, 3, 1, 4], [1, 4, 2, 4], [2, 4, 3, 4], [3, 4, 4, 4], [4, 4, 4, 3], [4, 3, 4, 2], [4, 2, 4, 1], [4, 1, 5, 1], [5, 1, 6, 1], [6, 1, 7, 1], [7, 1, 7, 2], [7, 2, 7, 3], [7, 3, 7, 4], [7, 4, 7, 5], [7, 5, 7, 6], [7, 6, 7, 7], [7, 7, 7, 8], [7, 8, 6, 8], [6, 8, 5, 8], [5, 8, 4, 8], [4, 8, 3, 8], [3, 8, 3, 9], [3, 9, 3, 10], [3, 10, 3, 11], [3, 11, 3, 12], [3, 12, 2, 12], [2, 12, 1, 12], [1, 12, 1, 13], [1, 13, 1, 14]]}
META {"type": "geom", "shape": "tile", "group": "path", "data": [[1, 2], [1, 3], [1, 4], [2, 4], [3, 4], [4, 4], [4, 3], [4, 2], [4, 1], [5, 1], [6, 1], [7, 1], [7, 2], [7, 3], [7, 4], [7, 5], [7, 6], [7, 7], [7, 8], [6, 8], [5, 8], [4, 8], [3, 8], [3, 9], [3, 10], [3, 11], [3, 12], [2, 12], [1, 12], [1, 13], [1, 14]]}
META {"type": "geom", "shape": "line", "group": "offpath", "data": [[1, 10, 1, 11], [1, 9, 1, 8], [1, 8, 1, 9], [1, 11, 1, 10], [2, 7, 2, 6], [2, 6, 2, 7], [9, 11, 8, 11], [9, 13, 8, 13], [7, 10, 8, 10], [8, 10, 7, 10], [8, 11, 9, 11], [8, 13, 9, 13], [4, 6, 5, 6], [10, 12, 10, 13], [10, 13, 10, 12], [6, 4, 5, 4], [6, 10, 6, 11], [6, 11, 6, 10], [5, 4, 6, 4], [5, 6, 4, 6], [5, 12, 5, 13], [5, 13, 5, 12]]}
