XXXXXXXXXXXXXXXX
X0--XX--X-X-X-1X
XXXX--X------XXX
XXXXXX--XXX--XXX
XXXXXX--XXXXX--X
X-XX----XXXXXX-X
XXXXX-XX-XXXXX-X
XXXXX-XX--XXX--X
X-XXX-XX--XXX--X
XX------------XX
XX----XXX-X---XX
X---X----X-X-X-X
XXX-X--XXXXXXXXX
XXX-X--XXXXXXXXX
X2------------3X
XXXXXXXXXXXXXXXX
META {"type": "solver", "id": "pysat-rc2", "objective": 0}
META {"type": "geom", "shape": "path", "group": "path", "data": [[14, 1, 14, 2], [14, 2, 14, 3], [14, 3, 13, 3], [13, 3, 12, 3], [12, 3, 11, 3], [11, 3, 10, 3], [10, 3, 9, 3], [9, 3, 9, 4], [9, 4, 10, 4], [10, 4, 10, 5], [10, 5, 11, 5], [11, 5, 12, 5], [12, 5, 13, 5], [13, 5, 14, 5], [14, 5, 14, 6], [14, 6, 14, 7], [14, 7, 14, 8], [14, 8, 14, 9], [14, 9, 14, 10], [14, 10, 14, 11], [14, 11, 14, 12], [14, 12, 14, 13], [14, 13, 14, 14]]}
META {"type": "geom", "shape": "tile", "group": "path", "data": [[14, 1], [14, 2], [14, 3], [13, 3], [12, 3], [11, 3], [10, 3], [9, 3], [9, 4], [10, 4], [10, 5], [11, 5], [12, 5], [13, 5], [14, 5], [14, 6], [14, 7], [14, 8], [14, 9], [14, 10], [14, 11], [14, 12], [14, 13], [14, 14]]}
META {"type": "geom", "shape": "line", "group": "offpath", "data": [[11, 1, 11, 2], [11, 2, 11, 1], [5, 14, 4, 14], [5, 5, 6, 5], [6, 14, 7, 14], [6, 5, 5, 5], [8, 14, 8, 13], [8, 9, 9, 9], [8, 5, 7, 5], [8, 13, 8, 14], [8, 8, 9, 8], [7, 14, 6, 14], [7, 9, 7, 8], [7, 5, 8, 5], [7, 8, 7, 9], [9, 9, 8, 9], [9, 5, 9, 6], [9, 12, 9, 11], [9, 11, 9, 12], [9, 8, 8, 8], [9, 6, 9, 5], [3, 12, 3, 11], [3, 11, 3, 12], [3, 6, 4, 6], [3, 7, 3, 6], [2, 10, 2, 11], [2, 11, 2, 10], [2, 8, 2, 7], [2, 7, 2, 8], [4, 14, 5, 14], [4, 6, 4, 7], [4, 7, 3, 7]]}
