XXXXXXXXXXXXXXXX
X0-X-X-XX--XX-1X
XXX-X--XX----XXX
XXX----XX--XXXXX
X--X-XXXXXXXXXXX
X-X--XXXXXXXXX-X
X-X------XXXX--X
X-X----XXXXX-XXX
X------XXXXX-XXX
X-------------XX
X------XXXX-XX-X
X-----------XX-X
XXXX--X----XXXXX
XXXX---XXX-XXXXX
X2------------3X
XXXXXXXXXXXXXXXX
META {"type": "solver", "id": "pysat-rc2", "objective": 0}
META {"type": "geom", "shape": "path", "group": "path", "data": [[14, 1, 14, 2], [14, 2, 14, 3], [14, 3, 14, 4], [14, 4, 14, 5], [14, 5, 14, 6], [14, 6, 14, 7], [14, 7, 14, 8], [14, 8, 14, 9], [14, 9, 14, 10], [14, 10, 14, 11], [14, 11, 14, 12], [14, 12, 14, 13], [14, 13, 14, 14]]}
META {"type": "geom", "shape": "tile", "group": "path", "data": [[14, 1], [14, 2], [14, 3], [14, 4], [14, 5], [14, 6], [14, 7], [14, 8], [14, 9], [14, 10], [14, 11], [14, 12], [14, 13], [14, 14]]}
META {"type": "geom", "shape": "line", "group": "offpath", "data": [[3, 6, 3, 5], [3, 3, 3, 4], [3, 4, 3, 3], [3, 5, 3, 6], [10, 6, 9, 6], [10, 1, 9, 1], [10, 3, 11, 3], [10, 4, 10, 5], [10, 5, 10, 6], [10, 2, 10, 3], [10, 11, 11, 11], [7, 1, 8, 1], [7, 3, 7, 4], [7, 4, 7, 3], [8, 6, 8, 5], [8, 1, 7, 1], [8, 3, 8, 2], [8, 4, 9, 4], [8, 5, 8, 4], [8, 2, 8, 3], [1, 9, 1, 10], [1, 10, 1, 9], [11, 9, 11, 10], [11, 10, 11, 9], [11, 1, 11, 2], [11, 3, 11, 4], [11, 4, 10, 4], [11, 5, 12, 5], [11, 2, 11, 1], [11, 11, 10, 11], [6, 8, 6, 7], [6, 7, 6, 8], [6, 3, 5, 3], [6, 4, 6, 5], [6, 5, 6, 4], [5, 3, 6, 3], [12, 8, 12, 7], [12, 7, 12, 8], [12, 4, 13, 4], [12, 5, 11, 5], [13, 6, 13, 5], [13, 4, 12, 4], [13, 5, 13, 6], [9, 6, 8, 6], [9, 13, 9, 12], [9, 10, 9, 11], [9, 1, 10, 1], [9, 3, 9, 2], [9, 4, 9, 3], [9, 2, 10, 2], [9, 11, 9, 10], [9, 12, 9, 13]]}
