XXXXXXXXXXXXXXXX
X---}XXXXX-X---X
X--XXXXXX---X-XX
X--XXXXX-XXX-X-X
X----XXX-------X
XX--X---XXX----X
XX-------------X
X-------XX-----X
XX--X-XXXXX----X
XX--X-XXXXXXXX-X
X---X---XXXXXX-X
X-------XXX{---X
XXXXXX--XXXXXXXX
XXXXXX--XXXXXXXX
X--------------X
XXXXXXXXXXXXXXXX
META {"type": "solver", "id": "pysat-rc2", "objective": 0}
META {"type": "geom", "shape": "path", "group": "path", "data": [[11, 11, 11, 12], [11, 12, 11, 13], [11, 13, 11, 14], [11, 14, 10, 14], [10, 14, 9, 14], [9, 14, 8, 14], [8, 14, 8, 13], [8, 13, 8, 12], [8, 12, 8, 11], [8, 11, 7, 11], [7, 11, 7, 10], [7, 10, 6, 10], [6, 10, 6, 9], [6, 9, 6, 8], [6, 8, 6, 7], [6, 7, 6, 6], [6, 6, 6, 5], [6, 5, 7, 5], [7, 5, 7, 4], [7, 4, 7, 3], [7, 3, 7, 2], [7, 2, 6, 2], [6, 2, 6, 3], [6, 3, 5, 3], [5, 3, 4, 3], [4, 3, 4, 2], [4, 2, 4, 1], [4, 1, 3, 1], [3, 1, 2, 1], [2, 1, 2, 2], [2, 2, 1, 2], [1, 2, 1, 3], [1, 3, 1, 4]]}
META {"type": "geom", "shape": "tile", "group": "path", "data": [[11, 11], [11, 12], [11, 13], [11, 14], [10, 14], [9, 14], [8, 14], [8, 13], [8, 12], [8, 11], [7, 11], [7, 10], [6, 10], [6, 9], [6, 8], [6, 7], [6, 6], [6, 5], [7, 5], [7, 4], [7, 3], [7, 2], [6, 2], [6, 3], [5, 3], [4, 3], [4, 2], [4, 1], [3, 1], [2, 1], [2, 2], [1, 2], [1, 3], [1, 4]]}
META {"type": "geom", "shape": "line", "group": "offpath", "data": [[11, 6, 10, 6], [11, 3, 11, 2], [11, 5, 10, 5], [11, 2, 11, 3], [11, 7, 12, 7], [10, 6, 10, 7], [10, 3, 9, 3], [10, 5, 11, 5], [10, 2, 9, 2], [10, 7, 11, 7], [12, 6, 11, 6], [12, 7, 12, 6], [9, 3, 10, 3], [9, 2, 10, 2], [5, 13, 5, 14], [5, 11, 6, 11], [5, 14, 6, 14], [5, 12, 5, 13], [4, 13, 4, 14], [4, 11, 4, 10], [4, 14, 4, 13], [4, 10, 4, 11], [4, 12, 3, 12], [6, 13, 6, 12], [6, 11, 5, 11], [6, 14, 6, 13], [6, 12, 5, 12], [2, 10, 2, 9], [2, 9, 2, 10], [7, 6, 7, 7], [7, 7, 7, 6], [3, 12, 4, 12], [14, 13, 14, 12], [14, 3, 14, 4], [14, 4, 14, 3], [14, 1, 14, 2], [14, 2, 14, 1], [14, 10, 14, 9], [14, 7, 14, 8], [14, 9, 14, 10], [14, 8, 14, 7], [14, 12, 14, 13]]}
