XXXXXXXXXXXXXXXX
XXXXXXXXXXXXXXXX
XXXX-XXX}XXXXXXX
XXXX-----XXX-XXX
XX--X----XXX--XX
XXXXXXX----XX-XX
XXXXXXX##---X-XX
XXXXXXX--#----XX
XXXX----------XX
XXXX-X--#-#-XXXX
XXXX-XX-----XXXX
XXX---X-----XXXX
XXX-------#-XXXX
XX---XX------XXX
XX----X----#-XXX
XX-------#----XX
XX--XX--------XX
XX--XX--#-#-XXXX
XXX--X-------XXX
XXX--------#-XXX
XXX-#-#------XXX
XXX-------#--XXX
XX---X-X------XX
XX-XXXXXX-----XX
XX-XXXXXXX----XX
XX-XXX--XX-##-XX
XX-------X----XX
XXXX-#----X---XX
XXXX----XXXX--XX
XXXXX-{-XXXXXXXX
XXXXXXXXXXXXXXXX
XXXXXXXXXXXXXXXX
META {"type": "solver", "id": "pysat-rc2", "objective": 0}
META {"type": "geom", "shape": "path", "group": "path", "data": [[29, 6, 29, 5], [29, 5, 28, 5], [28, 5, 28, 4], [28, 4, 26, 4], [26, 4, 26, 2], [26, 2, 22, 2], [22, 2, 22, 4], [22, 4, 21, 4], [21, 4, 21, 3], [21, 3, 11, 3], [11, 3, 11, 5], [11, 5, 12, 5], [12, 5, 12, 9], [12, 9, 8, 9], [8, 9, 14, 9], [14, 9, 14, 10], [14, 10, 16, 10], [16, 10, 16, 6], [16, 6, 15, 6], [15, 6, 15, 2], [15, 2, 17, 2], [17, 2, 13, 2], [13, 2, 13, 4], [13, 4, 15, 4], [15, 4, 15, 8], [15, 8, 16, 8], [16, 8, 10, 8], [10, 8, 10, 7], [10, 7, 10, 11], [10, 11, 6, 11], [6, 11, 6, 9], [6, 9, 5, 9], [5, 9, 5, 7], [5, 7, 3, 7], [3, 7, 3, 8], [3, 8, 2, 8]]}
META {"type": "geom", "shape": "tile", "group": "path", "data": [[29, 6], [29, 5], [28, 5], [28, 4], [27, 4], [26, 4], [26, 3], [26, 2], [25, 2], [24, 2], [23, 2], [22, 2], [22, 3], [22, 4], [21, 4], [21, 3], [20, 3], [19, 3], [18, 3], [17, 3], [16, 3], [15, 3], [14, 3], [13, 3], [12, 3], [11, 3], [11, 4], [11, 5], [12, 5], [12, 6], [12, 7], [12, 8], [12, 9], [11, 9], [10, 9], [9, 9], [8, 9], [9, 9], [10, 9], [11, 9], [12, 9], [13, 9], [14, 9], [14, 10], [15, 10], [16, 10], [16, 9], [16, 8], [16, 7], [16, 6], [15, 6], [15, 5], [15, 4], [15, 3], [15, 2], [16, 2], [17, 2], [16, 2], [15, 2], [14, 2], [13, 2], [13, 3], [13, 4], [14, 4], [15, 4], [15, 5], [15, 6], [15, 7], [15, 8], [16, 8], [15, 8], [14, 8], [13, 8], [12, 8], [11, 8], [10, 8], [10, 7], [10, 8], [10, 9], [10, 10], [10, 11], [9, 11], [8, 11], [7, 11], [6, 11], [6, 10], [6, 9], [5, 9], [5, 8], [5, 7], [4, 7], [3, 7], [3, 8], [2, 8]]}
META {"type": "geom", "shape": "line", "group": "offpath", "data": [[8, 13, 4, 13], [22, 8, 18, 8], [22, 10, 22, 8], [2, 4, 3, 4], [4, 13, 8, 13], [4, 6, 3, 6], [20, 11, 24, 11], [26, 8, 27, 8], [26, 12, 28, 12], [11, 10, 10, 10], [11, 7, 11, 11], [11, 11, 11, 7], [24, 10, 22, 10], [24, 11, 20, 11], [24, 12, 24, 10], [28, 12, 26, 12], [18, 8, 18, 12], [18, 10, 18, 6], [18, 6, 19, 6], [18, 4, 19, 4], [18, 12, 24, 12], [3, 6, 4, 6], [3, 4, 2, 4], [19, 10, 18, 10], [19, 5, 21, 5], [19, 6, 19, 10], [19, 4, 18, 4], [10, 10, 11, 10], [27, 8, 26, 8], [27, 13, 27, 11], [27, 11, 27, 13], [21, 5, 19, 5], [21, 11, 21, 12], [21, 12, 21, 11], [16, 3, 16, 2], [16, 2, 16, 3]]}
