XXXXXXXXXXXXXXXX
XXXXXXXXXXXXXXXX
XXXXXXX--XXXX}XX
XX-------XXXX-XX
XX---X--------XX
XXXX-XXX--#--XXX
XXXX-XXXX---XXXX
XXX--XXXX---XXXX
XXX--XXXX---XXXX
XXX--XXXX-----XX
XXX-#------#--XX
XX-----X-X----XX
XX----XXXX----XX
XX-----XXX----XX
XX##---XXX--XXXX
XX---#-------XXX
XXX----------XXX
XXXX------#---XX
XXXX----#-----XX
XXX---#-------XX
XXX-----------XX
XX---#-##-X---XX
XX-#------XXXXXX
XX-------XXXXXXX
XX---##-XXXXXXXX
XX-------XXXXXXX
XX-##----XXX--XX
XX----XX------XX
XXX----X------XX
XXX------{--XXXX
XXXXXXXXXXXXXXXX
XXXXXXXXXXXXXXXX
META {"type": "solver", "id": "pysat-rc2", "objective": 0}
META {"type": "geom", "shape": "path", "group": "path", "data": [[29, 9, 29, 3], [29, 3, 27, 3], [27, 3, 27, 5], [27, 5, 25, 5], [25, 5, 29, 5], [29, 5, 29, 11], [29, 11, 27, 11], [27, 11, 27, 13], [27, 13, 28, 13], [28, 13, 26, 13], [26, 13, 26, 12], [26, 12, 28, 12], [28, 12, 28, 8], [28, 8, 29, 8], [29, 8, 25, 8], [25, 8, 25, 2], [25, 2, 27, 2], [27, 2, 21, 2], [21, 2, 21, 4], [21, 4, 11, 4], [11, 4, 11, 6], [11, 6, 10, 6], [10, 6, 10, 10], [10, 10, 6, 10], [6, 10, 6, 11], [6, 11, 6, 9], [6, 9, 4, 9], [4, 9, 4, 13], [4, 13, 2, 13]]}
META {"type": "geom", "shape": "tile", "group": "path", "data": [[29, 9], [29, 8], [29, 7], [29, 6], [29, 5], [29, 4], [29, 3], [28, 3], [27, 3], [27, 4], [27, 5], [26, 5], [25, 5], [26, 5], [27, 5], [28, 5], [29, 5], [29, 6], [29, 7], [29, 8], [29, 9], [29, 10], [29, 11], [28, 11], [27, 11], [27, 12], [27, 13], [28, 13], [27, 13], [26, 13], [26, 12], [27, 12], [28, 12], [28, 11], [28, 10], [28, 9], [28, 8], [29, 8], [28, 8], [27, 8], [26, 8], [25, 8], [25, 7], [25, 6], [25, 5], [25, 4], [25, 3], [25, 2], [26, 2], [27, 2], [26, 2], [25, 2], [24, 2], [23, 2], [22, 2], [21, 2], [21, 3], [21, 4], [20, 4], [19, 4], [18, 4], [17, 4], [16, 4], [15, 4], [14, 4], [13, 4], [12, 4], [11, 4], [11, 5], [11, 6], [10, 6], [10, 7], [10, 8], [10, 9], [10, 10], [9, 10], [8, 10], [7, 10], [6, 10], [6, 11], [6, 10], [6, 9], [5, 9], [4, 9], [4, 10], [4, 11], [4, 12], [4, 13], [3, 13], [2, 13]]}
META {"type": "geom", "shape": "line", "group": "offpath", "data": [[15, 12, 21, 12], [15, 4, 15, 2], [15, 8, 17, 8], [15, 3, 16, 3], [15, 2, 15, 4], [19, 3, 19, 5], [19, 5, 20, 5], [17, 13, 17, 11], [17, 11, 11, 11], [17, 8, 15, 8], [14, 4, 14, 6], [14, 6, 18, 6], [14, 5, 14, 4], [26, 7, 22, 7], [26, 6, 25, 6], [8, 11, 8, 9], [8, 9, 8, 11], [7, 4, 3, 4], [7, 11, 7, 9], [7, 3, 7, 4], [7, 9, 7, 11], [13, 13, 9, 13], [13, 3, 7, 3], [16, 3, 15, 3], [9, 4, 9, 3], [9, 13, 9, 9], [9, 3, 13, 3], [9, 9, 10, 9], [2, 7, 4, 7], [27, 10, 29, 10], [3, 4, 9, 4], [3, 3, 4, 3], [3, 6, 4, 6], [22, 7, 26, 7], [22, 5, 23, 5], [5, 12, 5, 11], [5, 11, 5, 12], [24, 4, 24, 2], [24, 2, 24, 4], [20, 13, 21, 13], [20, 7, 20, 13], [20, 3, 19, 3], [20, 5, 20, 3], [10, 12, 10, 13], [10, 13, 10, 12], [10, 8, 11, 8], [10, 9, 10, 5], [10, 5, 14, 5], [21, 12, 15, 12], [21, 13, 17, 13], [25, 6, 26, 6], [18, 13, 18, 9], [18, 7, 20, 7], [18, 6, 18, 7], [18, 9, 18, 13], [4, 4, 4, 2], [4, 7, 2, 7], [4, 3, 3, 3], [4, 6, 3, 6], [4, 2, 4, 4], [11, 13, 13, 13], [11, 11, 11, 13], [11, 8, 10, 8], [23, 5, 22, 5], [29, 10, 27, 10]]}
