XXXXXXXXXXXXXXXX
XXXXXXXXXXXXXXXX
XX}XXXXXXXX--XXX
XX-XXXXX-----XXX
XX-XXXXX##---XXX
XX--XXXX---X-XXX
XX--XXXXXXXX--XX
XX--XXXXXXXX--XX
XX-----XXXXX--XX
XX-#---XXXXXX-XX
XX-----XXX--XXXX
XXX------XX-XXXX
XXXX--#---X-XXXX
XXXXX---#--X--XX
XXXXX------XXXXX
XXXX-#---X--XXXX
XXXX-----XX-XXXX
XX-----#--X-XXXX
XX---------X--XX
XX-XX---#-XX--XX
XX--X------X--XX
XXX-----------XX
XXX---###-##--XX
XXXX----------XX
XXXX-----X--#-XX
XXXX-----XX---XX
XXX-------X---XX
XX--#-#-------XX
XX-------XXX--XX
XX-{-X---XXX--XX
XXXXXXXXXXXXXXXX
XXXXXXXXXXXXXXXX
META {"type": "solver", "id": "pysat-rc2", "objective": 0}
META {"type": "geom", "shape": "path", "group": "path", "data": [[29, 3, 29, 4], [29, 4, 29, 2], [29, 2, 27, 2], [27, 2, 27, 3], [27, 3, 26, 3], [26, 3, 26, 9], [26, 9, 27, 9], [27, 9, 27, 13], [27, 13, 29, 13], [29, 13, 29, 12], [29, 12, 25, 12], [25, 12, 25, 11], [25, 11, 27, 11], [27, 11, 27, 7], [27, 7, 23, 7], [23, 7, 29, 7], [29, 7, 29, 6], [29, 6, 28, 6], [28, 6, 28, 2], [28, 2, 28, 8], [28, 8, 29, 8], [29, 8, 23, 8], [23, 8, 23, 4], [23, 4, 21, 4], [21, 4, 21, 3], [21, 3, 22, 3], [22, 3, 22, 5], [22, 5, 16, 5], [16, 5, 16, 4], [16, 4, 16, 8], [16, 8, 18, 8], [18, 8, 18, 2], [18, 2, 17, 2], [17, 2, 17, 6], [17, 6, 13, 6], [13, 6, 13, 7], [13, 7, 11, 7], [11, 7, 11, 3], [11, 3, 10, 3], [10, 3, 10, 2], [10, 2, 10, 6], [10, 6, 8, 6], [8, 6, 8, 2], [8, 2, 2, 2]]}
META {"type": "geom", "shape": "tile", "group": "path", "data": [[29, 3], [29, 4], [29, 3], [29, 2], [28, 2], [27, 2], [27, 3], [26, 3], [26, 4], [26, 5], [26, 6], [26, 7], [26, 8], [26, 9], [27, 9], [27, 10], [27, 11], [27, 12], [27, 13], [28, 13], [29, 13], [29, 12], [28, 12], [27, 12], [26, 12], [25, 12], [25, 11], [26, 11], [27, 11], [27, 10], [27, 9], [27, 8], [27, 7], [26, 7], [25, 7], [24, 7], [23, 7], [24, 7], [25, 7], [26, 7], [27, 7], [28, 7], [29, 7], [29, 6], [28, 6], [28, 5], [28, 4], [28, 3], [28, 2], [28, 3], [28, 4], [28, 5], [28, 6], [28, 7], [28, 8], [29, 8], [28, 8], [27, 8], [26, 8], [25, 8], [24, 8], [23, 8], [23, 7], [23, 6], [23, 5], [23, 4], [22, 4], [21, 4], [21, 3], [22, 3], [22, 4], [22, 5], [21, 5], [20, 5], [19, 5], [18, 5], [17, 5], [16, 5], [16, 4], [16, 5], [16, 6], [16, 7], [16, 8], [17, 8], [18, 8], [18, 7], [18, 6], [18, 5], [18, 4], [18, 3], [18, 2], [17, 2], [17, 3], [17, 4], [17, 5], [17, 6], [16, 6], [15, 6], [14, 6], [13, 6], [13, 7], [12, 7], [11, 7], [11, 6], [11, 5], [11, 4], [11, 3], [10, 3], [10, 2], [10, 3], [10, 4], [10, 5], [10, 6], [9, 6], [8, 6], [8, 5], [8, 4], [8, 3], [8, 2], [7, 2], [6, 2], [5, 2], [4, 2], [3, 2], [2, 2]]}
META {"type": "geom", "shape": "line", "group": "offpath", "data": [[3, 8, 3, 12], [3, 10, 5, 10], [3, 12, 3, 8], [24, 11, 24, 10], [24, 8, 24, 4], [24, 10, 24, 11], [24, 4, 24, 8], [18, 3, 17, 3], [14, 9, 14, 10], [14, 10, 13, 10], [21, 8, 20, 8], [21, 10, 20, 10], [19, 7, 19, 5], [19, 5, 19, 7], [17, 3, 18, 3], [8, 13, 8, 12], [8, 12, 8, 13], [6, 2, 6, 3], [6, 3, 6, 2], [6, 13, 6, 12], [6, 12, 6, 13], [4, 11, 4, 10], [4, 10, 4, 12], [4, 12, 2, 12], [22, 13, 22, 12], [22, 12, 22, 13], [15, 8, 15, 6], [15, 6, 15, 8], [28, 13, 28, 12], [28, 12, 28, 13], [13, 9, 14, 9], [13, 13, 13, 12], [13, 10, 13, 9], [13, 12, 13, 13], [5, 2, 5, 3], [5, 3, 5, 2], [5, 10, 3, 10], [25, 8, 25, 4], [25, 4, 25, 8], [12, 5, 12, 4], [12, 4, 12, 5], [2, 11, 4, 11], [2, 12, 2, 11], [20, 8, 21, 8], [20, 10, 21, 10]]}
