--------------------------------
--------------------------------
----------------------XXXX--XX--
---X----------------------------
--------------------------------
----------------XX--------------
--------------------------------
-----------X--------------------
---------------X----------------
-----<>-------------------------
-----[]--------------XXX--------
--Q--[]-----X--Q----------------
-----[]----XX--------------Q----
-----[]---XXX----------XX-------
-{---[]--XXXX---------XXX-----}-
XXXXXXXXXXXXXXXXXXXXXXXXXXXXXXXX
META {"type": "solver", "id": "pysat-rc2", "objective": 0}
META {"type": "geom", "shape": "path", "group": "path", "data": [[14, 1, 10, 2], [10, 2, 6, 3], [6, 3, 7, 4], [7, 4, 8, 5], [8, 5, 7, 5], [7, 5, 8, 6], [8, 6, 4, 10], [4, 10, 5, 11], [5, 11, 6, 11], [6, 11, 3, 14], [3, 14, 4, 15], [4, 15, 5, 14], [5, 14, 6, 15], [6, 15, 7, 15], [7, 15, 3, 15], [3, 15, 4, 16], [4, 16, 0, 20], [0, 20, 1, 20], [1, 20, 2, 19], [2, 19, 3, 18], [3, 18, 4, 17], [4, 17, 0, 21], [0, 21, 1, 22], [1, 22, 0, 23], [0, 23, 1, 23], [1, 23, 0, 24], [0, 24, 1, 25], [1, 25, 0, 26], [0, 26, 1, 26], [1, 26, 2, 26], [2, 26, 3, 25], [3, 25, 4, 24], [4, 24, 5, 23], [5, 23, 6, 23], [6, 23, 7, 22], [7, 22, 8, 23], [8, 23, 9, 23], [9, 23, 7, 21], [7, 21, 8, 22], [8, 22, 9, 21], [9, 21, 5, 20], [5, 20, 6, 20], [6, 20, 7, 20], [7, 20, 8, 21], [8, 21, 9, 22], [9, 22, 6, 19], [6, 19, 7, 18], [7, 18, 8, 17], [8, 17, 9, 16], [9, 16, 10, 15], [10, 15, 10, 14], [10, 14, 11, 13], [11, 13, 12, 13], [12, 13, 13, 13], [13, 13, 14, 14], [14, 14, 11, 16], [11, 16, 12, 15], [12, 15, 13, 16], [13, 16, 14, 16], [14, 16, 14, 17], [14, 17, 10, 20], [10, 20, 11, 20], [11, 20, 12, 19], [12, 19, 13, 19], [13, 19, 14, 19], [14, 19, 14, 20], [14, 20, 11, 23], [11, 23, 12, 23], [12, 23, 8, 26], [8, 26, 9, 27], [9, 27, 10, 28], [10, 28, 11, 27], [11, 27, 7, 23], [7, 23, 8, 24], [8, 24, 9, 24], [9, 24, 10, 24], [10, 24, 11, 24], [11, 24, 12, 24], [12, 24, 8, 28], [8, 28, 9, 29], [9, 29, 10, 29], [10, 29, 11, 29], [11, 29, 12, 29], [12, 29, 13, 29], [13, 29, 14, 29], [14, 29, 14, 30]]}
META {"type": "geom", "shape": "tile", "group": "path", "data": [[14, 1], [13, 1], [12, 1], [11, 1], [10, 1], [10, 2], [9, 2], [8, 2], [7, 2], [6, 2], [6, 3], [7, 3], [7, 4], [8, 4], [8, 5], [7, 5], [8, 5], [8, 6], [7, 6], [7, 7], [6, 7], [6, 8], [5, 8], [5, 9], [4, 9], [4, 10], [5, 10], [5, 11], [6, 11], [5, 11], [5, 12], [4, 12], [4, 13], [3, 13], [3, 14], [4, 14], [4, 15], [5, 15], [5, 14], [6, 14], [6, 15], [7, 15], [6, 15], [5, 15], [4, 15], [3, 15], [4, 15], [4, 16], [3, 16], [3, 17], [2, 17], [2, 18], [1, 18], [1, 19], [0, 19], [0, 20], [1, 20], [2, 20], [2, 19], [3, 19], [3, 18], [4, 18], [4, 17], [3, 17], [3, 18], [2, 18], [2, 19], [1, 19], [1, 20], [0, 20], [0, 21], [1, 21], [1, 22], [0, 22], [0, 23], [1, 23], [0, 23], [0, 24], [1, 24], [1, 25], [0, 25], [0, 26], [1, 26], [2, 26], [3, 26], [3, 25], [4, 25], [4, 24], [5, 24], [5, 23], [6, 23], [7, 23], [7, 22], [8, 22], [8, 23], [9, 23], [8, 23], [8, 22], [7, 22], [7, 21], [8, 21], [8, 22], [9, 22], [9, 21], [8, 21], [7, 21], [6, 21], [5, 21], [5, 20], [6, 20], [7, 20], [8, 20], [8, 21], [9, 21], [9, 22], [8, 22], [8, 21], [7, 21], [7, 20], [6, 20], [6, 19], [7, 19], [7, 18], [8, 18], [8, 17], [9, 17], [9, 16], [10, 16], [10, 15], [10, 14], [11, 14], [11, 13], [12, 13], [13, 13], [14, 13], [14, 14], [13, 14], [13, 15], [12, 15], [12, 16], [11, 16], [12, 16], [12, 15], [13, 15], [13, 16], [14, 16], [14, 17], [13, 17], [13, 18], [12, 18], [12, 19], [11, 19], [11, 20], [10, 20], [11, 20], [12, 20], [12, 19], [13, 19], [14, 19], [14, 20], [13, 20], [13, 21], [12, 21], [12, 22], [11, 22], [11, 23], [12, 23], [11, 23], [11, 24], [10, 24], [10, 25], [9, 25], [9, 26], [8, 26], [9, 26], [9, 27], [10, 27], [10, 28], [11, 28], [11, 27], [10, 27], [10, 26], [9, 26], [9, 25], [8, 25], [8, 24], [7, 24], [7, 23], [8, 23], [8, 24], [9, 24], [10, 24], [11, 24], [12, 24], [11, 24], [11, 25], [10, 25], [10, 26], [9, 26], [9, 27], [8, 27], [8, 28], [9, 28], [9, 29], [10, 29], [11, 29], [12, 29], [13, 29], [14, 29], [14, 30]]}
META {"type": "geom", "shape": "line", "group": "offpath", "data": [[9, 18, 10, 18], [9, 11, 10, 11], [9, 13, 10, 13], [13, 14, 14, 13], [13, 31, 14, 31], [13, 17, 14, 18], [13, 27, 14, 28], [13, 15, 14, 15], [13, 3, 14, 2], [13, 20, 14, 21], [13, 22, 9, 18], [13, 0, 14, 0], [13, 28, 14, 27], [2, 3, 0, 4], [0, 27, 1, 28], [0, 4, 1, 4], [0, 29, 1, 29], [12, 14, 13, 15], [12, 17, 13, 17], [12, 4, 13, 3], [12, 21, 13, 22], [12, 30, 13, 31], [12, 20, 13, 20], [12, 28, 13, 27], [11, 14, 12, 14], [11, 4, 12, 4], [11, 21, 12, 20], [11, 18, 12, 17], [11, 30, 12, 30], [11, 11, 9, 11], [11, 28, 12, 28], [10, 31, 11, 30], [10, 27, 11, 28], [10, 18, 11, 18], [10, 11, 11, 11], [10, 12, 9, 13], [10, 13, 11, 14], [1, 4, 2, 3], [1, 29, 0, 29], [1, 28, 0, 27], [14, 31, 10, 27], [14, 27, 10, 31], [14, 4, 14, 3], [14, 21, 12, 21], [14, 18, 11, 21], [14, 15, 13, 14], [14, 3, 14, 4], [14, 2, 11, 4], [14, 0, 13, 0], [14, 13, 10, 12], [14, 28, 13, 28]]}
