--------------------------------
--------------------------------
-----------------------Q--------
--------------------------------
--------------------------------
---------------XXXX----Q---XXX--
------------X-------------------
--------------------------------
--------------------X---Q-------
---------XX---X-------------Q---
--------XXX---------------------
-------XXXX---------------------
------XXXXX------XX-------------
-----XXXXXX------------<>-------
-{--XXXXXXX------------[]-----}-
XXXXXXXXXXXXXXXXXX---XXXXXXXXXXX
META {"type": "solver", "id": "pysat-rc2", "objective": 0}
META {"type": "geom", "shape": "path", "group": "path", "data": [[14, 1, 10, 5], [10, 5, 11, 6], [11, 6, 7, 9], [7, 9, 8, 10], [8, 10, 4, 9], [4, 9, 5, 8], [5, 8, 6, 7], [6, 7, 7, 8], [7, 8, 8, 9], [8, 9, 4, 13], [4, 13, 5, 14], [5, 14, 6, 14], [6, 14, 7, 15], [7, 15, 8, 14], [8, 14, 4, 15], [4, 15, 3, 16], [3, 16, 4, 16], [4, 16, 1, 18], [1, 18, 2, 18], [2, 18, 3, 18], [3, 18, 4, 17], [4, 17, 0, 21], [0, 21, 1, 20], [1, 20, 2, 21], [2, 21, 3, 21], [3, 21, 4, 21], [4, 21, 5, 21], [5, 21, 6, 20], [6, 20, 7, 20], [7, 20, 3, 19], [3, 19, 4, 18], [4, 18, 0, 22], [0, 22, 1, 21], [1, 21, 2, 22], [2, 22, 3, 23], [3, 23, 4, 22], [4, 22, 5, 22], [5, 22, 6, 23], [6, 23, 7, 24], [7, 24, 3, 28], [3, 28, 4, 29], [4, 29, 2, 27], [2, 27, 3, 27], [3, 27, 4, 27], [4, 27, 1, 25], [1, 25, 2, 25], [2, 25, 3, 24], [3, 24, 4, 24], [4, 24, 5, 25], [5, 25, 6, 26], [6, 26, 7, 27], [7, 27, 8, 28], [8, 28, 7, 29], [7, 29, 8, 29], [8, 29, 9, 29], [9, 29, 10, 29], [10, 29, 11, 29], [11, 29, 12, 28], [12, 28, 13, 29], [13, 29, 14, 30]]}
META {"type": "geom", "shape": "tile", "group": "path", "data": [[14, 1], [13, 1], [13, 2], [12, 2], [12, 3], [11, 3], [11, 4], [10, 4], [10, 5], [11, 5], [11, 6], [10, 6], [10, 7], [9, 7], [9, 8], [8, 8], [8, 9], [7, 9], [8, 9], [8, 10], [7, 10], [6, 10], [5, 10], [4, 10], [4, 9], [5, 9], [5, 8], [6, 8], [6, 7], [7, 7], [7, 8], [8, 8], [8, 9], [7, 9], [7, 10], [6, 10], [6, 11], [5, 11], [5, 12], [4, 12], [4, 13], [5, 13], [5, 14], [6, 14], [7, 14], [7, 15], [8, 15], [8, 14], [7, 14], [6, 14], [5, 14], [4, 14], [4, 15], [3, 15], [3, 16], [4, 16], [3, 16], [3, 17], [2, 17], [2, 18], [1, 18], [2, 18], [3, 18], [4, 18], [4, 17], [3, 17], [3, 18], [2, 18], [2, 19], [1, 19], [1, 20], [0, 20], [0, 21], [1, 21], [1, 20], [2, 20], [2, 21], [3, 21], [4, 21], [5, 21], [6, 21], [6, 20], [7, 20], [6, 20], [5, 20], [4, 20], [3, 20], [3, 19], [4, 19], [4, 18], [3, 18], [3, 19], [2, 19], [2, 20], [1, 20], [1, 21], [0, 21], [0, 22], [1, 22], [1, 21], [2, 21], [2, 22], [3, 22], [3, 23], [4, 23], [4, 22], [5, 22], [6, 22], [6, 23], [7, 23], [7, 24], [6, 24], [6, 25], [5, 25], [5, 26], [4, 26], [4, 27], [3, 27], [3, 28], [4, 28], [4, 29], [3, 29], [3, 28], [2, 28], [2, 27], [3, 27], [4, 27], [3, 27], [3, 26], [2, 26], [2, 25], [1, 25], [2, 25], [3, 25], [3, 24], [4, 24], [5, 24], [5, 25], [6, 25], [6, 26], [7, 26], [7, 27], [8, 27], [8, 28], [7, 28], [7, 29], [8, 29], [9, 29], [10, 29], [11, 29], [12, 29], [12, 28], [13, 28], [13, 29], [14, 29], [14, 30]]}
META {"type": "geom", "shape": "line", "group": "offpath", "data": [[1, 29, 2, 29], [1, 8, 2, 7], [5, 6, 6, 5], [5, 12, 1, 8], [7, 7, 8, 8], [7, 16, 8, 15], [7, 4, 8, 3], [4, 28, 0, 28], [4, 5, 5, 6], [9, 3, 10, 2], [9, 8, 5, 12], [9, 7, 10, 7], [9, 16, 10, 15], [9, 25, 10, 24], [12, 3, 13, 4], [12, 15, 13, 16], [12, 29, 13, 28], [12, 0, 13, 1], [12, 20, 13, 20], [12, 30, 13, 31], [12, 13, 13, 12], [12, 24, 10, 22], [12, 23, 8, 26], [12, 25, 13, 26], [12, 5, 9, 7], [12, 1, 13, 0], [12, 26, 13, 25], [12, 22, 13, 22], [12, 27, 13, 27], [13, 3, 14, 3], [13, 0, 14, 0], [13, 31, 14, 31], [13, 28, 14, 29], [13, 20, 14, 21], [13, 12, 14, 12], [13, 16, 14, 15], [13, 4, 13, 3], [13, 25, 14, 25], [13, 1, 14, 2], [13, 26, 14, 27], [13, 22, 14, 22], [13, 27, 14, 28], [14, 3, 10, 4], [14, 15, 10, 16], [14, 2, 11, 0], [14, 29, 12, 29], [14, 0, 11, 2], [14, 31, 11, 31], [14, 28, 12, 26], [14, 12, 10, 13], [14, 25, 11, 27], [14, 26, 11, 24], [14, 21, 10, 25], [14, 22, 10, 21], [14, 27, 14, 26], [8, 3, 9, 3], [8, 15, 9, 16], [8, 8, 9, 8], [8, 26, 9, 25], [6, 6, 7, 7], [6, 5, 7, 4], [2, 29, 3, 29], [2, 7, 3, 6], [3, 29, 4, 28], [3, 6, 4, 5], [0, 28, 1, 29], [11, 15, 12, 15], [11, 2, 12, 3], [11, 14, 12, 13], [11, 0, 12, 0], [11, 31, 12, 30], [11, 17, 7, 16], [11, 20, 12, 20], [11, 24, 12, 24], [11, 4, 12, 5], [11, 23, 12, 22], [11, 25, 12, 25], [11, 1, 12, 1], [11, 22, 12, 23], [11, 27, 12, 27], [10, 15, 11, 15], [10, 2, 11, 1], [10, 7, 6, 6], [10, 13, 11, 14], [10, 24, 11, 23], [10, 16, 11, 17], [10, 4, 11, 4], [10, 25, 11, 25], [10, 21, 11, 20], [10, 22, 11, 22]]}
