--------------------------------
--------------------------------
--------------------------------
--------------------------------
--------------------------------
--------------------------------
--------------------------------
----X----X----------------------
--------------------------------
--------------------------------
--------------------------------
--XXX------X---------XX------X--
-------<>-----------XXX---Q-----
-------[]-----XX---XXXX---------
-{-----[]----XXX--XXXXX-------}-
XXXXXXXXXXXXXXXXXXXXXXXXXXXXXXXX
META {"type": "solver", "id": "pysat-rc2", "objective": 0}
META {"type": "geom", "shape": "path", "group": "path", "data": [[14, 1, 10, 2], [10, 2, 6, 1], [6, 1, 7, 2], [7, 2, 8, 3], [8, 3, 9, 2], [9, 2, 10, 3], [10, 3, 6, 4], [6, 4, 2, 8], [2, 8, 3, 7], [3, 7, 4, 8], [4, 8, 5, 9], [5, 9, 6, 9], [6, 9, 2, 9], [2, 9, 3, 8], [3, 8, 4, 9], [4, 9, 5, 10], [5, 10, 6, 11], [6, 11, 7, 11], [7, 11, 8, 12], [8, 12, 9, 11], [9, 11, 10, 10], [10, 10, 11, 9], [11, 9, 12, 9], [12, 9, 13, 10], [13, 10, 14, 9], [14, 9, 13, 9], [13, 9, 14, 10], [14, 10, 14, 11], [14, 11, 11, 8], [11, 8, 7, 12], [7, 12, 8, 13], [8, 13, 9, 14], [9, 14, 10, 13], [10, 13, 11, 13], [11, 13, 12, 14], [12, 14, 8, 17], [8, 17, 9, 16], [9, 16, 10, 15], [10, 15, 11, 14], [11, 14, 12, 13], [12, 13, 13, 12], [13, 12, 14, 12], [14, 12, 10, 8], [10, 8, 11, 7], [11, 7, 7, 10], [7, 10, 8, 11], [8, 11, 9, 12], [9, 12, 10, 11], [10, 11, 6, 15], [6, 15, 7, 15], [7, 15, 8, 14], [8, 14, 9, 15], [9, 15, 10, 14], [10, 14, 11, 15], [11, 15, 12, 15], [12, 15, 8, 19], [8, 19, 9, 18], [9, 18, 10, 17], [10, 17, 11, 18], [11, 18, 12, 19], [12, 19, 8, 23], [8, 23, 9, 22], [9, 22, 10, 23], [10, 23, 11, 24], [11, 24, 12, 25], [12, 25, 13, 26], [13, 26, 14, 27], [14, 27, 14, 28], [14, 28, 14, 29], [14, 29, 14, 30]]}
META {"type": "geom", "shape": "tile", "group": "path", "data": [[14, 1], [13, 1], [12, 1], [11, 1], [10, 1], [10, 2], [9, 2], [8, 2], [7, 2], [6, 2], [6, 1], [7, 1], [7, 2], [8, 2], [8, 3], [9, 3], [9, 2], [10, 2], [10, 3], [9, 3], [8, 3], [7, 3], [6, 3], [6, 4], [5, 4], [5, 5], [4, 5], [4, 6], [3, 6], [3, 7], [2, 7], [2, 8], [3, 8], [3, 7], [4, 7], [4, 8], [5, 8], [5, 9], [6, 9], [5, 9], [4, 9], [3, 9], [2, 9], [3, 9], [3, 8], [4, 8], [4, 9], [5, 9], [5, 10], [6, 10], [6, 11], [7, 11], [8, 11], [8, 12], [9, 12], [9, 11], [10, 11], [10, 10], [11, 10], [11, 9], [12, 9], [13, 9], [13, 10], [14, 10], [14, 9], [13, 9], [14, 9], [14, 10], [14, 11], [13, 11], [13, 10], [12, 10], [12, 9], [11, 9], [11, 8], [10, 8], [10, 9], [9, 9], [9, 10], [8, 10], [8, 11], [7, 11], [7, 12], [8, 12], [8, 13], [9, 13], [9, 14], [10, 14], [10, 13], [11, 13], [12, 13], [12, 14], [11, 14], [11, 15], [10, 15], [10, 16], [9, 16], [9, 17], [8, 17], [9, 17], [9, 16], [10, 16], [10, 15], [11, 15], [11, 14], [12, 14], [12, 13], [13, 13], [13, 12], [14, 12], [13, 12], [13, 11], [12, 11], [12, 10], [11, 10], [11, 9], [10, 9], [10, 8], [11, 8], [11, 7], [10, 7], [10, 8], [9, 8], [9, 9], [8, 9], [8, 10], [7, 10], [8, 10], [8, 11], [9, 11], [9, 12], [10, 12], [10, 11], [9, 11], [9, 12], [8, 12], [8, 13], [7, 13], [7, 14], [6, 14], [6, 15], [7, 15], [8, 15], [8, 14], [9, 14], [9, 15], [10, 15], [10, 14], [11, 14], [11, 15], [12, 15], [11, 15], [11, 16], [10, 16], [10, 17], [9, 17], [9, 18], [8, 18], [8, 19], [9, 19], [9, 18], [10, 18], [10, 17], [11, 17], [11, 18], [12, 18], [12, 19], [11, 19], [11, 20], [10, 20], [10, 21], [9, 21], [9, 22], [8, 22], [8, 23], [9, 23], [9, 22], [10, 22], [10, 23], [11, 23], [11, 24], [12, 24], [12, 25], [13, 25], [13, 26], [14, 26], [14, 27], [14, 28], [14, 29], [14, 30]]}
META {"type": "geom", "shape": "line", "group": "offpath", "data": [[8, 25, 9, 26], [8, 29, 9, 28], [8, 18, 9, 17], [8, 26, 9, 27], [8, 22, 9, 21], [8, 8, 9, 8], [9, 19, 10, 20], [9, 28, 10, 29], [9, 27, 10, 27], [9, 21, 10, 21], [9, 17, 10, 16], [9, 26, 10, 25], [9, 8, 10, 7], [11, 5, 12, 6], [11, 16, 12, 16], [11, 25, 12, 24], [11, 20, 8, 22], [11, 26, 7, 25], [11, 6, 12, 5], [10, 16, 11, 16], [10, 25, 11, 25], [10, 20, 11, 20], [10, 27, 11, 26], [10, 21, 7, 18], [10, 29, 6, 28], [10, 4, 6, 7], [10, 22, 6, 23], [10, 7, 11, 6], [10, 6, 11, 5], [7, 24, 8, 25], [7, 25, 8, 26], [7, 28, 8, 29], [7, 18, 8, 18], [7, 7, 8, 8], [12, 5, 13, 6], [12, 24, 13, 25], [12, 16, 13, 16], [12, 12, 13, 13], [12, 3, 13, 3], [12, 23, 13, 23], [12, 6, 13, 5], [14, 5, 10, 4], [14, 24, 12, 23], [14, 16, 14, 17], [14, 25, 13, 24], [14, 17, 13, 18], [14, 4, 12, 3], [14, 3, 10, 6], [14, 26, 10, 22], [13, 5, 14, 4], [13, 13, 12, 12], [13, 24, 14, 25], [13, 16, 14, 16], [13, 25, 14, 26], [13, 3, 14, 3], [13, 18, 9, 19], [13, 23, 14, 24], [13, 6, 14, 5], [6, 28, 7, 28], [6, 23, 7, 24], [6, 7, 7, 7]]}
