--------------------------------
--------------------------------
--------------------------------
-----Q--------------------------
--------------------Q------Q----
-----------------------XX-------
----------XX----Q---------------
--------------------X--XX-------
----X--------------XX------XXX--
-------------X----XXX--XX-------
-----------------XXXX-----------
------<>--------XXXXX-----------
------[]-------XXXXXX-----Q-----
------[]------XXXXXXX-----------
-{----[]-----XXXXXXXX---------}-
XXXXXXXXXXXXXXXXXXXXXXXXXXXXXXXX
META {"type": "solver", "id": "pysat-rc2", "objective": 0}
META {"type": "geom", "shape": "path", "group": "path", "data": [[14, 1, 10, 0], [10, 0, 11, 1], [11, 1, 12, 0], [12, 0, 13, 0], [13, 0, 14, 0], [14, 0, 11, 3], [11, 3, 12, 2], [12, 2, 13, 2], [13, 2, 14, 3], [14, 3, 12, 5], [12, 5, 13, 5], [13, 5, 14, 5], [14, 5, 10, 6], [10, 6, 6, 5], [6, 5, 7, 4], [7, 4, 3, 8], [3, 8, 4, 9], [4, 9, 5, 10], [5, 10, 1, 10], [1, 10, 2, 11], [2, 11, 3, 10], [3, 10, 4, 11], [4, 11, 5, 11], [5, 11, 4, 12], [4, 12, 5, 13], [5, 13, 6, 14], [6, 14, 7, 15], [7, 15, 8, 16], [8, 16, 9, 17], [9, 17, 7, 18], [7, 18, 8, 18], [8, 18, 4, 17], [4, 17, 5, 16], [5, 16, 1, 20], [1, 20, 2, 20], [2, 20, 3, 19], [3, 19, 4, 19], [4, 19, 5, 18], [5, 18, 6, 18], [6, 18, 7, 19], [7, 19, 3, 20], [3, 20, 0, 22], [0, 22, 1, 22], [1, 22, 2, 22], [2, 22, 3, 22], [3, 22, 4, 21], [4, 21, 5, 20], [5, 20, 6, 20], [6, 20, 2, 23], [2, 23, 3, 24], [3, 24, 4, 24], [4, 24, 2, 25], [2, 25, 3, 26], [3, 26, 4, 26], [4, 26, 5, 26], [5, 26, 6, 27], [6, 27, 7, 27], [7, 27, 5, 25], [5, 25, 6, 24], [6, 24, 6, 25], [6, 25, 7, 25], [7, 25, 8, 26], [8, 26, 9, 25], [9, 25, 10, 26], [10, 26, 11, 27], [11, 27, 12, 27], [12, 27, 13, 27], [13, 27, 14, 27], [14, 27, 11, 29], [11, 29, 12, 30], [12, 30, 13, 31], [13, 31, 14, 30]]}
META {"type": "geom", "shape": "tile", "group": "path", "data": [[14, 1], [13, 1], [12, 1], [11, 1], [10, 1], [10, 0], [11, 0], [11, 1], [12, 1], [12, 0], [13, 0], [14, 0], [13, 0], [13, 1], [12, 1], [12, 2], [11, 2], [11, 3], [12, 3], [12, 2], [13, 2], [14, 2], [14, 3], [13, 3], [13, 4], [12, 4], [12, 5], [13, 5], [14, 5], [13, 5], [12, 5], [11, 5], [10, 5], [10, 6], [9, 6], [8, 6], [7, 6], [6, 6], [6, 5], [7, 5], [7, 4], [6, 4], [6, 5], [5, 5], [5, 6], [4, 6], [4, 7], [3, 7], [3, 8], [4, 8], [4, 9], [5, 9], [5, 10], [4, 10], [3, 10], [2, 10], [1, 10], [2, 10], [2, 11], [3, 11], [3, 10], [4, 10], [4, 11], [5, 11], [4, 11], [4, 12], [5, 12], [5, 13], [6, 13], [6, 14], [7, 14], [7, 15], [8, 15], [8, 16], [9, 16], [9, 17], [8, 17], [8, 18], [7, 18], [8, 18], [7, 18], [6, 18], [5, 18], [4, 18], [4, 17], [5, 17], [5, 16], [4, 16], [4, 17], [3, 17], [3, 18], [2, 18], [2, 19], [1, 19], [1, 20], [2, 20], [3, 20], [3, 19], [4, 19], [5, 19], [5, 18], [6, 18], [7, 18], [7, 19], [6, 19], [5, 19], [4, 19], [3, 19], [3, 20], [2, 20], [2, 21], [1, 21], [1, 22], [0, 22], [1, 22], [2, 22], [3, 22], [4, 22], [4, 21], [5, 21], [5, 20], [6, 20], [5, 20], [5, 21], [4, 21], [4, 22], [3, 22], [3, 23], [2, 23], [3, 23], [3, 24], [4, 24], [3, 24], [3, 25], [2, 25], [3, 25], [3, 26], [4, 26], [5, 26], [6, 26], [6, 27], [7, 27], [6, 27], [6, 26], [5, 26], [5, 25], [6, 25], [6, 24], [6, 25], [7, 25], [8, 25], [8, 26], [9, 26], [9, 25], [10, 25], [10, 26], [11, 26], [11, 27], [12, 27], [13, 27], [14, 27], [13, 27], [13, 28], [12, 28], [12, 29], [11, 29], [12, 29], [12, 30], [13, 30], [13, 31], [14, 31], [14, 30]]}
META {"type": "geom", "shape": "line", "group": "offpath", "data": [[13, 28, 14, 28], [13, 8, 14, 9], [13, 10, 14, 11], [13, 1, 14, 2], [13, 30, 14, 31], [13, 25, 14, 26], [13, 23, 14, 23], [13, 29, 14, 29], [13, 11, 14, 12], [13, 9, 14, 10], [13, 13, 9, 9], [13, 24, 14, 24], [13, 22, 14, 22], [13, 26, 14, 25], [13, 21, 14, 21], [2, 26, 3, 27], [2, 5, 1, 6], [11, 28, 12, 28], [11, 8, 12, 9], [11, 10, 12, 10], [11, 11, 12, 11], [11, 31, 12, 31], [11, 9, 12, 8], [11, 13, 12, 13], [11, 14, 12, 14], [11, 24, 12, 25], [11, 22, 12, 21], [11, 21, 12, 22], [11, 2, 12, 1], [12, 28, 13, 28], [12, 8, 13, 8], [12, 10, 13, 11], [12, 1, 13, 1], [12, 25, 13, 26], [12, 23, 13, 23], [12, 11, 13, 10], [12, 31, 13, 30], [12, 9, 13, 9], [12, 13, 13, 13], [12, 14, 10, 16], [12, 24, 13, 25], [12, 22, 13, 22], [12, 21, 13, 21], [14, 28, 10, 29], [14, 12, 10, 11], [14, 8, 10, 12], [14, 10, 10, 13], [14, 25, 13, 24], [14, 23, 10, 22], [14, 29, 13, 29], [14, 11, 11, 9], [14, 31, 10, 30], [14, 9, 14, 8], [14, 24, 10, 21], [14, 22, 12, 24], [14, 26, 11, 24], [14, 21, 12, 23], [14, 2, 11, 2], [8, 12, 9, 11], [8, 8, 9, 8], [8, 13, 5, 15], [7, 7, 8, 8], [7, 29, 3, 30], [7, 13, 8, 12], [7, 14, 8, 13], [6, 28, 7, 29], [6, 12, 7, 13], [6, 7, 7, 7], [6, 15, 7, 14], [3, 30, 4, 30], [3, 27, 0, 25], [9, 8, 10, 7], [9, 11, 10, 10], [9, 9, 10, 8], [5, 29, 6, 28], [5, 15, 6, 15], [1, 6, 2, 5], [1, 26, 2, 26], [0, 25, 1, 26], [10, 12, 11, 13], [10, 8, 11, 8], [10, 10, 11, 10], [10, 7, 6, 7], [10, 30, 11, 31], [10, 29, 11, 28], [10, 11, 11, 11], [10, 13, 11, 14], [10, 22, 11, 21], [10, 16, 6, 12], [10, 21, 11, 22], [4, 30, 5, 29]]}
