XXXXXXXXXXXXXXXX
X0----XX------1X
XXXX--XX--XX-XXX
XXXXX-XX--XX-XXX
XXXXX-----XX-XXX
X-XX------XX---X
X-XX----X---X-XX
XX--X----XXX-X-X
XX--X----------X
XXX-X-XX-----XXX
XXX---XX-XX-XXXX
X--XX----XX-XXXX
XXXXXXXXX--XXXXX
XXXXXXXXX--XXXXX
X2------------3X
XXXXXXXXXXXXXXXX
META {"type": "solver", "id": "pysat-rc2-boolonly", "objective": 0}
META {"type": "geom", "shape": "path", "group": "path", "data": [[1, 1, 1, 2], [1, 2, 1, 3], [1, 3, 1, 4], [1, 4, 1, 5], [1, 5, 2, 5], [2, 5, 3, 5], [3, 5, 4, 5], [4, 5, 4, 6], [4, 6, 4, 7], [4, 7, 4, 8], [4, 8, 3, 8], [3, 8, 2, 8], [2, 8, 1, 8], [1, 8, 1, 9], [1, 9, 1, 10], [1, 10, 1, 11], [1, 11, 1, 12], [1, 12, 1, 13], [1, 13, 1, 14]]}
META {"type": "geom", "shape": "path", "group": "path", "data": [[14, 1, 14, 2], [14, 2, 14, 3], [14, 3, 14, 4], [14, 4, 14, 5], [14, 5, 14, 6], [14, 6, 14, 7], [14, 7, 14, 8], [14, 8, 14, 9], [14, 9, 14, 10], [14, 10, 14, 11], [14, 11, 14, 12], [14, 12, 14, 13], [14, 13, 14, 14]]}
META {"type": "geom", "shape": "tile", "group": "reachable", "data": [[1, 1], [1, 2], [1, 3], [1, 4], [2, 4], [1, 5], [2, 5], [3, 5], [4, 5], [5, 5], [4, 6], [5, 6], [4, 7], [6, 5], [5, 4], [5, 7], [4, 8], [6, 6], [6, 4], [7, 5], [3, 8], [5, 8], [4, 9], [6, 7], [7, 6], [8, 5], [2, 8], [3, 9], [5, 9], [7, 7], [8, 6], [9, 5], [1, 8], [2, 9], [6, 9], [8, 7], [7, 8], [10, 5], [1, 9], [6, 10], [8, 8], [11, 5], [10, 4], [1, 10], [6, 11], [9, 8], [8, 9], [10, 3], [11, 6], [1, 11], [9, 9], [8, 10], [10, 8], [9, 3], [11, 7], [1, 12], [9, 10], [8, 11], [11, 8], [8, 3], [2, 12], [1, 13], [9, 11], [8, 12], [7, 3], [8, 2], [3, 12], [7, 12], [9, 12], [8, 13], [10, 11], [7, 2], [4, 12], [8, 14], [11, 11], [5, 12], [7, 14], [5, 13], [6, 13], [5, 14]]}
