XXXXXXXXXXXXXXXX
XXX0----------1X
XXXXX-XXX----XXX
XXXXX--------XXX
X----X-XXXX---XX
X------XXXXXX--X
X---X--XXXXXX--X
X-X------------X
X-X------XXX--XX
X-X-XXX--XXXXX-X
XX-X-----XXXXX-X
X-X---XX--XX---X
XXXXXXXXXXXXXXXX
XXXXXXXXXXXXXXXX
X2---XX---XX--3X
XXXXXXXXXXXXXXXX
META {"type": "solver", "id": "pysat-rc2", "objective": 0}
META {"type": "geom", "shape": "path", "group": "path", "data": [[1, 3, 1, 4], [1, 4, 1, 5], [1, 5, 1, 6], [1, 6, 1, 7], [1, 7, 1, 8], [1, 8, 1, 9], [1, 9, 1, 10], [1, 10, 1, 11], [1, 11, 1, 12], [1, 12, 1, 13], [1, 13, 1, 14]]}
META {"type": "geom", "shape": "tile", "group": "path", "data": [[1, 3], [1, 4], [1, 5], [1, 6], [1, 7], [1, 8], [1, 9], [1, 10], [1, 11], [1, 12], [1, 13], [1, 14]]}
META {"type": "geom", "shape": "line", "group": "offpath", "data": [[3, 9, 2, 9], [3, 11, 3, 10], [3, 12, 4, 12], [3, 10, 3, 9], [3, 7, 3, 8], [3, 8, 3, 7], [2, 9, 2, 10], [2, 11, 2, 12], [2, 12, 3, 12], [2, 10, 2, 11], [6, 1, 5, 1], [6, 2, 6, 1], [6, 13, 7, 13], [6, 14, 5, 14], [6, 3, 5, 3], [6, 5, 7, 5], [6, 6, 6, 5], [4, 11, 3, 11], [4, 1, 4, 2], [4, 12, 4, 11], [4, 2, 4, 1], [4, 13, 5, 13], [4, 3, 4, 4], [4, 4, 4, 3], [9, 3, 8, 3], [7, 11, 7, 10], [7, 10, 7, 11], [7, 7, 7, 6], [7, 13, 6, 13], [7, 3, 6, 3], [7, 4, 7, 3], [7, 5, 7, 4], [7, 8, 7, 7], [7, 6, 8, 6], [5, 1, 5, 2], [5, 2, 6, 2], [5, 13, 4, 13], [5, 14, 6, 14], [5, 3, 5, 4], [5, 4, 5, 5], [5, 5, 5, 6], [5, 6, 6, 6], [8, 12, 8, 13], [8, 7, 8, 8], [8, 13, 8, 12], [8, 3, 9, 3], [8, 8, 7, 8], [8, 6, 8, 7]]}
