XXXXXXXXXXXXXXXX
XXXXXXXXXXX---1X
XX0-----XX-XXXXX
XXXXXXX----XXXXX
XXXXXXX-XXX-XXXX
X---XXX----X---X
X--X---XX-X-XX-X
X----XXXXXXXXXXX
X----XXXXXXXXXXX
X-X---XX-------X
X---X------X---X
X---X----X-X---X
XXX-X-XX-X-X-XXX
XXX-X-XX-X-X-XXX
X2----XX------3X
XXXXXXXXXXXXXXXX
META {"type": "solver", "id": "pysat-rc2", "objective": 0}
META {"type": "geom", "shape": "path", "group": "path", "data": [[14, 1, 14, 2], [14, 2, 14, 3], [14, 3, 13, 3], [13, 3, 12, 3], [12, 3, 11, 3], [11, 3, 10, 3], [10, 3, 10, 2], [10, 2, 11, 2], [11, 2, 11, 1], [11, 1, 10, 1], [10, 1, 9, 1], [9, 1, 8, 1], [8, 1, 8, 2], [8, 2, 8, 3], [8, 3, 9, 3], [9, 3, 9, 4], [9, 4, 9, 5], [9, 5, 10, 5], [10, 5, 10, 6], [10, 6, 10, 7], [10, 7, 11, 7], [11, 7, 11, 8], [11, 8, 12, 8], [12, 8, 13, 8], [13, 8, 14, 8], [14, 8, 14, 9], [14, 9, 14, 10], [14, 10, 14, 11], [14, 11, 14, 12], [14, 12, 14, 13], [14, 13, 14, 14]]}
META {"type": "geom", "shape": "tile", "group": "path", "data": [[14, 1], [14, 2], [14, 3], [13, 3], [12, 3], [11, 3], [10, 3], [10, 2], [11, 2], [11, 1], [10, 1], [9, 1], [8, 1], [8, 2], [8, 3], [9, 3], [9, 4], [9, 5], [10, 5], [10, 6], [10, 7], [11, 7], [11, 8], [12, 8], [13, 8], [14, 8], [14, 9], [14, 10], [14, 11], [14, 12], [14, 13], [14, 14]]}
META {"type": "geom", "shape": "line", "group": "offpath", "data": [[10, 9, 10, 10], [10, 13, 9, 13], [10, 10, 10, 9], [10, 14, 11, 14], [10, 8, 9, 8], [9, 13, 10, 13], [9, 8, 10, 8], [14, 4, 14, 5], [14, 5, 14, 4], [7, 4, 6, 4], [7, 1, 7, 2], [7, 2, 6, 2], [5, 1, 5, 2], [5, 2, 5, 1], [6, 4, 7, 4], [6, 1, 7, 1], [6, 2, 6, 1], [11, 13, 11, 12], [11, 12, 11, 13], [11, 14, 10, 14]]}
