XXXXXXXXXXXXXXXX
X0----------1XXX
XXX----X--XXXXXX
XXX---X-X-XXXXXX
X--XX-X-----XX-X
X--XX-X-XXX-XX-X
XX----X-XXX---XX
XX----X-----XX-X
X-----X-XXX-XX-X
XXXX--------XX-X
XXXX---XXX-XXXXX
X------XXX-XXXXX
XXX---------XXXX
XXX----------XXX
X2-XX-XX------3X
XXXXXXXXXXXXXXXX
META {"type": "solver", "id": "pysat-rc2", "objective": 0}
META {"type": "geom", "shape": "path", "group": "path", "data": [[1, 1, 1, 2], [1, 2, 1, 3], [1, 3, 1, 4], [1, 4, 1, 5], [1, 5, 1, 6], [1, 6, 1, 7], [1, 7, 1, 8], [1, 8, 1, 9], [1, 9, 1, 10], [1, 10, 1, 11], [1, 11, 1, 12]]}
META {"type": "geom", "shape": "tile", "group": "path", "data": [[1, 1], [1, 2], [1, 3], [1, 4], [1, 5], [1, 6], [1, 7], [1, 8], [1, 9], [1, 10], [1, 11], [1, 12]]}
META {"type": "geom", "shape": "line", "group": "offpath", "data": [[7, 5, 6, 5], [7, 3, 6, 3], [7, 9, 7, 8], [7, 7, 6, 7], [7, 8, 7, 9], [12, 5, 12, 6], [12, 3, 13, 3], [12, 7, 13, 7], [12, 6, 13, 6], [4, 11, 5, 11], [4, 1, 4, 2], [4, 2, 4, 1], [4, 9, 4, 8], [4, 8, 4, 9], [3, 5, 3, 4], [3, 3, 2, 3], [3, 4, 3, 5], [6, 2, 5, 2], [6, 5, 7, 5], [6, 3, 7, 3], [6, 7, 7, 7], [13, 11, 13, 10], [13, 10, 14, 10], [13, 5, 12, 5], [13, 3, 12, 3], [13, 7, 12, 7], [13, 12, 13, 11], [13, 6, 13, 5], [14, 11, 14, 12], [14, 10, 14, 11], [14, 9, 14, 8], [14, 12, 13, 12], [14, 8, 14, 9], [2, 5, 2, 4], [2, 3, 3, 3], [2, 4, 2, 5], [10, 4, 11, 4], [10, 6, 11, 6], [5, 11, 4, 11], [5, 2, 6, 2], [8, 1, 8, 2], [8, 2, 8, 1], [8, 5, 8, 4], [8, 4, 9, 4], [9, 5, 8, 5], [9, 4, 9, 5], [9, 7, 9, 6], [9, 6, 9, 7], [11, 1, 11, 2], [11, 2, 11, 1], [11, 4, 10, 4], [11, 6, 10, 6]]}
