XXXXXXXXXXXXXXXX
X0-XX-----XXX-1X
XXXXXXXXX-XXXXXX
XXXXXXXXX-XXXXXX
X----------XX--X
X-XXX---------XX
X-----------X--X
XXX----XX---X-XX
XXXX---XX---X--X
XXXXX--XX-----XX
XXXXX-XXXXX----X
X-XX--XXXXX-XX-X
XXXXX--XX--XXXXX
XXXXX------XXXXX
X2------------3X
XXXXXXXXXXXXXXXX
META {"type": "solver", "id": "pysat-rc2", "objective": 0}
META {"type": "geom", "shape": "path", "group": "path", "data": [[14, 1, 14, 2], [14, 2, 14, 3], [14, 3, 14, 4], [14, 4, 14, 5], [14, 5, 13, 5], [13, 5, 13, 6], [13, 6, 13, 7], [13, 7, 13, 8], [13, 8, 14, 8], [14, 8, 14, 9], [14, 9, 14, 10], [14, 10, 14, 11], [14, 11, 14, 12], [14, 12, 14, 13], [14, 13, 14, 14]]}
META {"type": "geom", "shape": "tile", "group": "path", "data": [[14, 1], [14, 2], [14, 3], [14, 4], [14, 5], [13, 5], [13, 6], [13, 7], [13, 8], [14, 8], [14, 9], [14, 10], [14, 11], [14, 12], [14, 13], [14, 14]]}
META {"type": "geom", "shape": "line", "group": "offpath", "data": [[10, 14, 10, 13], [10, 13, 10, 14], [10, 11, 11, 11], [9, 9, 8, 9], [9, 10, 9, 9], [9, 13, 9, 12], [9, 11, 9, 10], [9, 12, 9, 11], [4, 9, 4, 10], [4, 7, 4, 6], [4, 10, 5, 10], [4, 2, 4, 1], [4, 3, 4, 2], [4, 4, 4, 3], [4, 5, 4, 4], [4, 1, 5, 1], [4, 6, 5, 6], [4, 8, 4, 9], [5, 9, 5, 8], [5, 7, 4, 7], [5, 10, 5, 9], [5, 13, 6, 13], [5, 11, 5, 12], [5, 5, 4, 5], [5, 12, 5, 13], [5, 1, 6, 1], [5, 6, 6, 6], [5, 8, 4, 8], [11, 11, 10, 11], [11, 5, 12, 5], [12, 9, 13, 9], [12, 10, 12, 9], [12, 5, 11, 5], [8, 9, 8, 10], [8, 10, 8, 11], [8, 13, 9, 13], [8, 11, 7, 11], [8, 4, 8, 5], [8, 5, 8, 6], [8, 6, 7, 6], [13, 9, 13, 10], [13, 10, 12, 10], [7, 9, 7, 10], [7, 10, 6, 10], [7, 3, 7, 4], [7, 13, 8, 13], [7, 11, 6, 11], [7, 4, 8, 4], [7, 5, 6, 5], [7, 6, 7, 5], [6, 9, 7, 9], [6, 7, 5, 7], [6, 10, 6, 9], [6, 2, 6, 3], [6, 3, 7, 3], [6, 13, 7, 13], [6, 11, 5, 11], [6, 5, 5, 5], [6, 1, 6, 2], [6, 6, 6, 7]]}
