XXXXXXXXXXXXXXXX
X0--X-X-------1X
XXX----------XXX
XXX---------XXXX
X----XXXX-X-XXXX
XXXX-XXXX--X---X
XXXX----------XX
X-----XX-XXX---X
X--XXXXXXXXX--XX
X--XXXXXXXXXXX-X
XXX--XX--XXXXXXX
XXX-X-----XXXXXX
XXX-X-XXX---XXXX
XXX-X-----XX-XXX
X2----XX--XX--3X
XXXXXXXXXXXXXXXX
META {"type": "solver", "id": "pysat-rc2", "objective": 0}
META {"type": "geom", "shape": "path", "group": "path", "data": [[1, 1, 1, 2], [1, 2, 1, 3], [1, 3, 2, 3], [2, 3, 2, 4], [2, 4, 2, 5], [2, 5, 2, 6], [2, 6, 3, 6], [3, 6, 3, 7], [3, 7, 3, 8], [3, 8, 2, 8], [2, 8, 2, 9], [2, 9, 3, 9], [3, 9, 3, 10], [3, 10, 3, 11], [3, 11, 2, 11], [2, 11, 1, 11], [1, 11, 1, 12], [1, 12, 1, 13], [1, 13, 1, 14]]}
META {"type": "geom", "shape": "tile", "group": "path", "data": [[1, 1], [1, 2], [1, 3], [2, 3], [2, 4], [2, 5], [2, 6], [3, 6], [3, 7], [3, 8], [2, 8], [2, 9], [3, 9], [3, 10], [3, 11], [2, 11], [1, 11], [1, 12], [1, 13], [1, 14]]}
META {"type": "geom", "shape": "line", "group": "offpath", "data": [[14, 4, 14, 5], [14, 5, 14, 4], [13, 9, 12, 9], [13, 7, 13, 8], [13, 8, 13, 9], [13, 5, 13, 6], [13, 6, 13, 7], [11, 9, 11, 8], [11, 7, 11, 6], [11, 8, 10, 8], [11, 5, 12, 5], [11, 3, 10, 3], [11, 6, 11, 5], [6, 9, 6, 8], [6, 12, 7, 12], [6, 13, 7, 13], [6, 8, 6, 9], [6, 5, 6, 6], [6, 6, 6, 5], [2, 7, 1, 7], [2, 10, 1, 10], [8, 1, 7, 1], [7, 12, 6, 12], [7, 13, 6, 13], [7, 2, 7, 3], [7, 3, 7, 2], [7, 1, 8, 1], [10, 7, 11, 7], [10, 8, 10, 7], [10, 3, 11, 3], [5, 9, 5, 10], [5, 13, 5, 14], [5, 10, 5, 9], [5, 14, 5, 13], [12, 9, 11, 9], [12, 5, 13, 5], [4, 4, 4, 3], [4, 2, 4, 1], [4, 3, 4, 4], [4, 1, 4, 2], [3, 4, 3, 5], [3, 5, 3, 4], [1, 9, 1, 8], [1, 7, 2, 7], [1, 8, 1, 9], [1, 10, 2, 10]]}
