XXXXXXXXXXXXXXXX
XXXX------XX-XXX
X0--XX---XXXX-1X
XXX-XX-X-XXXXXXX
XXXX------XXXXXX
XXXX------XXXXXX
X----------XXX-X
X---X--XX-----XX
X-X----XX-X---XX
X-X-XXXXXXXXXX-X
X-X-XXXXXXXXXX-X
X---XXXXX------X
XXX-XXX------XXX
XXX-----XXX--XXX
X2------------3X
XXXXXXXXXXXXXXXX
META {"type": "solver", "id": "clingo-be", "objective": 0}
META {"type": "geom", "shape": "path", "group": "path", "data": [[14, 1, 14, 2], [14, 2, 14, 3], [14, 3, 14, 4], [14, 4, 14, 5], [14, 5, 14, 6], [14, 6, 14, 7], [14, 7, 14, 8], [14, 8, 14, 9], [14, 9, 14, 10], [14, 10, 14, 11], [14, 11, 14, 12], [14, 12, 14, 13], [14, 13, 14, 14]]}
META {"type": "geom", "shape": "tile", "group": "path", "data": [[14, 1], [14, 2], [14, 3], [14, 4], [14, 5], [14, 6], [14, 7], [14, 8], [14, 9], [14, 10], [14, 11], [14, 12], [14, 13], [14, 14]]}
META {"type": "geom", "shape": "line", "group": "offpath", "data": [[13, 4, 13, 3], [13, 3, 13, 4], [8, 5, 7, 5], [8, 6, 7, 6], [6, 7, 5, 7], [6, 8, 6, 7], [6, 5, 5, 5], [6, 10, 7, 10], [6, 6, 5, 6], [6, 4, 6, 5], [2, 7, 2, 8], [2, 8, 2, 7], [5, 7, 4, 7], [5, 8, 6, 8], [5, 5, 5, 4], [5, 6, 6, 6], [5, 4, 6, 4], [1, 7, 1, 8], [1, 8, 1, 7], [1, 5, 1, 6], [1, 6, 1, 5], [4, 7, 4, 8], [4, 8, 5, 8], [4, 5, 4, 6], [4, 6, 4, 5], [7, 12, 7, 13], [7, 5, 8, 5], [7, 10, 6, 10], [7, 6, 8, 6], [7, 13, 7, 12]]}
