XXXXXXXXXXXXXXXX
X0-XX----XX-X-1X
XXXXXX---XX--XXX
XXXXXX---XX--XXX
X-XX-----------X
XX---------X---X
X-X----X-------X
X-X------------X
X-X----XXXXXXXXX
X----XXXXXXXXXXX
XXXX-XXXXXXXXXXX
XXXXX-XX-------X
XXXXX-XX-----XXX
XXX------XXX-XXX
X2--XX--------3X
XXXXXXXXXXXXXXXX
META {"type": "solver", "id": "pysat-rc2", "objective": 0}
META {"type": "geom", "shape": "path", "group": "path", "data": [[14, 1, 14, 2], [14, 2, 14, 3], [14, 3, 13, 3], [13, 3, 13, 4], [13, 4, 13, 5], [13, 5, 13, 6], [13, 6, 13, 7], [13, 7, 14, 7], [14, 7, 14, 8], [14, 8, 14, 9], [14, 9, 14, 10], [14, 10, 14, 11], [14, 11, 14, 12], [14, 12, 14, 13], [14, 13, 14, 14]]}
META {"type": "geom", "shape": "tile", "group": "path", "data": [[14, 1], [14, 2], [14, 3], [13, 3], [13, 4], [13, 5], [13, 6], [13, 7], [14, 7], [14, 8], [14, 9], [14, 10], [14, 11], [14, 12], [14, 13], [14, 14]]}
META {"type": "geom", "shape": "line", "group": "offpath", "data": [[7, 14, 7, 13], [7, 5, 6, 5], [7, 3, 7, 4], [7, 13, 7, 14], [7, 4, 8, 4], [7, 10, 6, 10], [7, 11, 7, 10], [3, 7, 3, 6], [3, 8, 2, 8], [3, 6, 4, 6], [5, 9, 4, 9], [5, 14, 6, 14], [5, 5, 5, 4], [5, 7, 5, 8], [5, 13, 5, 14], [5, 8, 5, 9], [5, 4, 6, 4], [5, 10, 4, 10], [5, 6, 6, 6], [10, 4, 9, 4], [1, 5, 1, 6], [1, 7, 1, 8], [1, 8, 1, 7], [1, 6, 1, 5], [11, 9, 11, 8], [11, 5, 12, 5], [11, 8, 11, 9], [11, 11, 12, 11], [8, 5, 7, 5], [8, 4, 8, 5], [6, 9, 6, 8], [6, 14, 6, 13], [6, 5, 5, 5], [6, 3, 7, 3], [6, 13, 6, 12], [6, 12, 6, 11], [6, 8, 6, 9], [6, 4, 6, 3], [6, 10, 5, 10], [6, 11, 7, 11], [6, 6, 5, 6], [12, 9, 12, 10], [12, 5, 11, 5], [12, 10, 12, 9], [12, 11, 11, 11], [2, 7, 3, 7], [2, 8, 2, 7], [9, 2, 9, 3], [9, 3, 9, 2], [9, 4, 10, 4], [4, 9, 4, 8], [4, 5, 4, 4], [4, 7, 5, 7], [4, 13, 5, 13], [4, 12, 4, 13], [4, 8, 3, 8], [4, 4, 4, 5], [4, 10, 4, 11], [4, 11, 4, 12], [4, 6, 4, 7]]}
