XXXXXXXXXXXXXXXX
X0----X-XX-XX-1X
XXXXXX-X--XXXXXX
XXXXXX-X--XXXXXX
X------X-------X
XX--XXX-XX-----X
XX------XX-XXXXX
X--XX-X-XX-XXXXX
XX-XX---XX-----X
X-XXXX-XXXXXXXXX
X-XXXX-XXXXXXXXX
X-XXX--XXXXXXXXX
XXXXXX------XXXX
XXXXXX-----X-XXX
X2------------3X
XXXXXXXXXXXXXXXX
META {"type": "solver", "id": "pysat-rc2", "objective": 0}
META {"type": "geom", "shape": "path", "group": "path", "data": [[14, 1, 14, 2], [14, 2, 14, 3], [14, 3, 14, 4], [14, 4, 14, 5], [14, 5, 14, 6], [14, 6, 14, 7], [14, 7, 14, 8], [14, 8, 13, 8], [13, 8, 13, 9], [13, 9, 14, 9], [14, 9, 14, 10], [14, 10, 14, 11], [14, 11, 14, 12], [14, 12, 14, 13], [14, 13, 14, 14]]}
META {"type": "geom", "shape": "tile", "group": "path", "data": [[14, 1], [14, 2], [14, 3], [14, 4], [14, 5], [14, 6], [14, 7], [14, 8], [13, 8], [13, 9], [14, 9], [14, 10], [14, 11], [14, 12], [14, 13], [14, 14]]}
META {"type": "geom", "shape": "line", "group": "offpath", "data": [[10, 6, 9, 6], [12, 11, 12, 10], [12, 7, 12, 8], [12, 8, 12, 7], [12, 6, 11, 6], [12, 10, 12, 11], [5, 3, 6, 3], [5, 2, 4, 2], [11, 6, 12, 6], [7, 5, 8, 5], [7, 7, 6, 7], [7, 2, 8, 2], [3, 6, 4, 6], [6, 5, 6, 6], [6, 7, 7, 7], [6, 3, 6, 2], [6, 6, 6, 5], [6, 2, 5, 2], [9, 6, 10, 6], [4, 3, 5, 3], [4, 6, 3, 6], [4, 2, 4, 3], [8, 5, 7, 5], [8, 2, 7, 2]]}
