XXXXXXXXXXXXXXXX
XXXXXXXXXXXXXXXX
XXXXXX----XXX}XX
XXXXXX##------XX
XXXXXX--------XX
XXX-----------XX
XXX----###-#--XX
XXX-#---------XX
XXX---#---#---XX
XXX----------XXX
XX--XX------XXXX
XX---X--#-#-XXXX
XX-#--------XXXX
XX-----#----XXXX
XX-------#-X--XX
XX---------XX-XX
XX--#-------X-XX
XXX---#-X-X---XX
XXXX----XXXX--XX
XXXX-X---XXX--XX
XX---XX--XXXXXXX
XX----XX-XXXXXXX
XX--X-XXXXXXXXXX
XX-XX--XXXXXXXXX
XX--XX-XXXXXXXXX
XXX-XX-XXXXXXXXX
XXX--X-XXXXXXXXX
XXX----XXX-XXXXX
XX-{--XXXXXXXXXX
XXXXXXXXXXXXXXXX
XXXXXXXXXXXXXXXX
XXXXXXXXXXXXXXXX
META {"type": "solver", "id": "pysat-rc2", "objective": 0}
META {"type": "geom", "shape": "path", "group": "path", "data": [[28, 3, 24, 3], [24, 3, 24, 2], [24, 2, 20, 2], [20, 2, 20, 4], [20, 4, 21, 4], [21, 4, 17, 4], [17, 4, 17, 5], [17, 5, 18, 5], [18, 5, 18, 7], [18, 7, 20, 7], [20, 7, 14, 7], [14, 7, 14, 8], [14, 8, 16, 8], [16, 8, 12, 8], [12, 8, 12, 4], [12, 4, 11, 4], [11, 4, 15, 4], [15, 4, 15, 10], [15, 10, 16, 10], [16, 10, 12, 10], [12, 10, 12, 11], [12, 11, 13, 11], [13, 11, 7, 11], [7, 11, 7, 5], [7, 5, 9, 5], [9, 5, 5, 5], [5, 5, 5, 3], [5, 3, 11, 3], [11, 3, 11, 2], [11, 2, 10, 2], [10, 2, 16, 2], [16, 2, 16, 3], [16, 3, 17, 3], [17, 3, 13, 3], [13, 3, 13, 2], [13, 2, 13, 6], [13, 6, 9, 6], [9, 6, 9, 12], [9, 12, 3, 12], [3, 12, 3, 13], [3, 13, 2, 13]]}
META {"type": "geom", "shape": "tile", "group": "path", "data": [[28, 3], [27, 3], [26, 3], [25, 3], [24, 3], [24, 2], [23, 2], [22, 2], [21, 2], [20, 2], [20, 3], [20, 4], [21, 4], [20, 4], [19, 4], [18, 4], [17, 4], [17, 5], [18, 5], [18, 6], [18, 7], [19, 7], [20, 7], [19, 7], [18, 7], [17, 7], [16, 7], [15, 7], [14, 7], [14, 8], [15, 8], [16, 8], [15, 8], [14, 8], [13, 8], [12, 8], [12, 7], [12, 6], [12, 5], [12, 4], [11, 4], [12, 4], [13, 4], [14, 4], [15, 4], [15, 5], [15, 6], [15, 7], [15, 8], [15, 9], [15, 10], [16, 10], [15, 10], [14, 10], [13, 10], [12, 10], [12, 11], [13, 11], [12, 11], [11, 11], [10, 11], [9, 11], [8, 11], [7, 11], [7, 10], [7, 9], [7, 8], [7, 7], [7, 6], [7, 5], [8, 5], [9, 5], [8, 5], [7, 5], [6, 5], [5, 5], [5, 4], [5, 3], [6, 3], [7, 3], [8, 3], [9, 3], [10, 3], [11, 3], [11, 2], [10, 2], [11, 2], [12, 2], [13, 2], [14, 2], [15, 2], [16, 2], [16, 3], [17, 3], [16, 3], [15, 3], [14, 3], [13, 3], [13, 2], [13, 3], [13, 4], [13, 5], [13, 6], [12, 6], [11, 6], [10, 6], [9, 6], [9, 7], [9, 8], [9, 9], [9, 10], [9, 11], [9, 12], [8, 12], [7, 12], [6, 12], [5, 12], [4, 12], [3, 12], [3, 13], [2, 13]]}
META {"type": "geom", "shape": "line", "group": "offpath", "data": [[18, 12, 18, 13], [18, 13, 18, 12], [17, 11, 16, 11], [17, 9, 15, 9], [8, 3, 8, 5], [8, 5, 8, 3], [8, 9, 8, 7], [8, 7, 8, 9], [13, 9, 7, 9], [15, 9, 17, 9], [6, 12, 6, 13], [6, 13, 6, 12], [23, 5, 23, 6], [23, 6, 23, 5], [19, 12, 19, 13], [19, 13, 19, 12], [7, 9, 13, 9], [16, 11, 17, 11]]}
