XXXXXXXXXXXXXXXX
XXXXXXXXXXXXXXXX
XXXXXXXXXXXXXXXX
XX-XXX}XXXX---XX
XX-----XXX----XX
XXX-X---------XX
XXX-XX------XXXX
XXX--XX-X----XXX
XX---XX-XXXX-XXX
XX-#--X-XXXX--XX
XX------XXX---XX
XX----#-----XXXX
XX-------X--XXXX
XX##---XXX--XXXX
XX--X--XXX---XXX
XXXXX--XXX---XXX
XXXXX-X---X--XXX
XXXXX-XX--XXXXXX
XXX----XXXXXXXXX
XXXXX---XXXXXXXX
XXXXXXX--XXXXXXX
XXXXXXX--XXX--XX
XXXXXX-X-----XXX
XXXXX-XX----XXXX
XXXXX--X-----XXX
XXXXX-----#--XXX
XX-----------XXX
XX--#--{-----XXX
XX----XXX----XXX
XXXX--XXXXXXXXXX
XXXXXXXXXXXXXXXX
XXXXXXXXXXXXXXXX
META {"type": "solver", "id": "pysat-rc2", "objective": 0}
META {"type": "geom", "shape": "path", "group": "path", "data": [[27, 7, 25, 7], [25, 7, 25, 9], [25, 9, 25, 5], [25, 5, 29, 5], [29, 5, 29, 4], [29, 4, 28, 4], [28, 4, 28, 2], [28, 2, 26, 2], [26, 2, 26, 12], [26, 12, 24, 12], [24, 12, 24, 8], [24, 8, 20, 8], [20, 8, 20, 7], [20, 7, 21, 7], [21, 7, 19, 7], [19, 7, 19, 5], [19, 5, 9, 5], [9, 5, 9, 4], [9, 4, 13, 4], [13, 4, 7, 4], [7, 4, 7, 3], [7, 3, 8, 3], [8, 3, 8, 4], [8, 4, 8, 2], [8, 2, 12, 2], [12, 2, 12, 8], [12, 8, 11, 8], [11, 8, 11, 7], [11, 7, 5, 7], [5, 7, 5, 5], [5, 5, 4, 5], [4, 5, 4, 6], [4, 6, 3, 6]]}
META {"type": "geom", "shape": "tile", "group": "path", "data": [[27, 7], [26, 7], [25, 7], [25, 8], [25, 9], [25, 8], [25, 7], [25, 6], [25, 5], [26, 5], [27, 5], [28, 5], [29, 5], [29, 4], [28, 4], [28, 3], [28, 2], [27, 2], [26, 2], [26, 3], [26, 4], [26, 5], [26, 6], [26, 7], [26, 8], [26, 9], [26, 10], [26, 11], [26, 12], [25, 12], [24, 12], [24, 11], [24, 10], [24, 9], [24, 8], [23, 8], [22, 8], [21, 8], [20, 8], [20, 7], [21, 7], [20, 7], [19, 7], [19, 6], [19, 5], [18, 5], [17, 5], [16, 5], [15, 5], [14, 5], [13, 5], [12, 5], [11, 5], [10, 5], [9, 5], [9, 4], [10, 4], [11, 4], [12, 4], [13, 4], [12, 4], [11, 4], [10, 4], [9, 4], [8, 4], [7, 4], [7, 3], [8, 3], [8, 4], [8, 3], [8, 2], [9, 2], [10, 2], [11, 2], [12, 2], [12, 3], [12, 4], [12, 5], [12, 6], [12, 7], [12, 8], [11, 8], [11, 7], [10, 7], [9, 7], [8, 7], [7, 7], [6, 7], [5, 7], [5, 6], [5, 5], [4, 5], [4, 6], [3, 6]]}
META {"type": "geom", "shape": "line", "group": "offpath", "data": [[3, 13, 3, 11], [3, 11, 7, 11], [10, 3, 12, 3], [10, 12, 10, 13], [10, 13, 9, 13], [16, 9, 16, 7], [16, 7, 16, 9], [14, 3, 14, 2], [14, 6, 14, 5], [14, 2, 14, 3], [14, 5, 14, 6], [12, 3, 10, 3], [12, 10, 12, 11], [12, 11, 12, 10], [9, 12, 10, 12], [9, 13, 9, 12], [24, 6, 24, 5], [24, 5, 24, 6], [5, 9, 5, 13], [5, 13, 3, 13], [17, 9, 17, 8], [17, 8, 17, 9], [22, 12, 22, 8], [22, 8, 22, 12], [22, 11, 28, 11], [15, 6, 15, 5], [15, 5, 15, 6], [28, 11, 22, 11], [13, 10, 13, 11], [13, 11, 13, 10], [7, 9, 5, 9], [7, 11, 7, 9], [21, 12, 21, 13], [21, 13, 21, 12]]}
