XXXXXXXXXXXXXXXX
XXX0-XX----XX-1X
XXXXXXXX--XXXXXX
XXXXXXXX--XXXXXX
XX---XX-XX-XX-XX
X-XXXXXXXXXXXX-X
X-XXXXXXXXXXXXXX
XX---XX-XXXXXXXX
X-X------------X
X-X---XXX------X
X-X-XX---X-X--XX
X---XX-XX------X
XXX-XX-XX----XXX
XXX------XXX-XXX
X2---XX-------3X
XXXXXXXXXXXXXXXX
META {"type": "solver", "id": "pysat-rc2", "objective": 0}
META {"type": "geom", "shape": "path", "group": "path", "data": [[14, 1, 14, 2], [14, 2, 14, 3], [14, 3, 14, 4], [14, 4, 13, 4], [13, 4, 13, 5], [13, 5, 13, 6], [13, 6, 13, 7], [13, 7, 14, 7], [14, 7, 14, 8], [14, 8, 14, 9], [14, 9, 14, 10], [14, 10, 14, 11], [14, 11, 14, 12], [14, 12, 14, 13], [14, 13, 14, 14]]}
META {"type": "geom", "shape": "tile", "group": "path", "data": [[14, 1], [14, 2], [14, 3], [14, 4], [13, 4], [13, 5], [13, 6], [13, 7], [14, 7], [14, 8], [14, 9], [14, 10], [14, 11], [14, 12], [14, 13], [14, 14]]}
META {"type": "geom", "shape": "line", "group": "offpath", "data": [[9, 5, 9, 4], [9, 10, 8, 10], [9, 11, 9, 10], [9, 4, 9, 5], [9, 12, 9, 11], [10, 8, 10, 7], [10, 13, 11, 13], [10, 7, 10, 8], [10, 12, 10, 13], [8, 10, 8, 11], [8, 11, 8, 12], [8, 12, 9, 12], [12, 10, 12, 11], [12, 3, 11, 3], [12, 11, 12, 10], [4, 3, 4, 4], [4, 4, 4, 3], [7, 3, 7, 4], [7, 4, 7, 3], [11, 10, 11, 11], [11, 13, 11, 12], [11, 3, 12, 3], [11, 11, 11, 10], [11, 12, 10, 12]]}
