XXXXXXXXXXXXXXXX
XX0-X--XX---XXXX
XXXX-XX------1XX
XXXX-XX-----XXXX
XX--------X-XXXX
X-----XX--X----X
X--XX-XX--X--X-X
XX-XX----X---X-X
X-X---XXX-XX-X-X
X-X-XX---XXXX--X
X-X-XX-X-XXXXXXX
XX-XXXX---XXXXXX
XXXXXXXX-----XXX
XXXXXXXX-X---XXX
X2------------3X
XXXXXXXXXXXXXXXX
META {"type": "solver", "id": "clingo-be", "objective": 0}
META {"type": "geom", "shape": "path", "group": "path", "data": [[14, 1, 14, 2], [14, 2, 14, 3], [14, 3, 14, 4], [14, 4, 14, 5], [14, 5, 14, 6], [14, 6, 14, 7], [14, 7, 14, 8], [14, 8, 13, 8], [13, 8, 12, 8], [12, 8, 12, 9], [12, 9, 12, 10], [12, 10, 13, 10], [13, 10, 13, 11], [13, 11, 14, 11], [14, 11, 14, 12], [14, 12, 14, 13], [14, 13, 14, 14]]}
META {"type": "geom", "shape": "tile", "group": "path", "data": [[14, 1], [14, 2], [14, 3], [14, 4], [14, 5], [14, 6], [14, 7], [14, 8], [13, 8], [12, 8], [12, 9], [12, 10], [13, 10], [13, 11], [14, 11], [14, 12], [14, 13], [14, 14]]}
META {"type": "geom", "shape": "line", "group": "offpath", "data": [[2, 11, 2, 10], [2, 10, 2, 11], [2, 8, 2, 7], [2, 7, 3, 7], [1, 11, 1, 10], [1, 10, 1, 11], [10, 6, 9, 6], [10, 8, 9, 8], [9, 6, 10, 6], [9, 8, 10, 8], [5, 3, 4, 3], [5, 5, 4, 5], [7, 6, 7, 5], [7, 5, 7, 6], [4, 4, 3, 4], [4, 8, 3, 8], [4, 7, 4, 8], [4, 3, 5, 3], [4, 5, 5, 5], [3, 11, 3, 10], [3, 4, 4, 4], [3, 10, 3, 11], [3, 8, 2, 8], [3, 7, 4, 7]]}
