XXXXXXXXXXXXXXXX
XXXX-X-------XXX
X0------XXXX-XXX
XXXXXX--------1X
XXXXXXXX-XXX-XXX
XXXXXXXXX----XXX
X---XXXXXX-----X
X-X---XXXX---X-X
XX-X---XX--X-X-X
X--X-X---X---X-X
X--X--XX-X-X---X
XX-X--XX-X-X---X
XXX-XX-----X-XXX
XXX-XX--XXX--XXX
X2----XX---XX-3X
XXXXXXXXXXXXXXXX
META {"type": "solver", "id": "clingo-be", "objective": 0}
META {"type": "geom", "shape": "path", "group": "path", "data": [[2, 1, 2, 2], [2, 2, 2, 3], [2, 3, 2, 4], [2, 4, 2, 5], [2, 5, 2, 6], [2, 6, 3, 6], [3, 6, 3, 7], [3, 7, 3, 8], [3, 8, 3, 9], [3, 9, 3, 10], [3, 10, 3, 11], [3, 11, 3, 12], [3, 12, 3, 13], [3, 13, 3, 14]]}
META {"type": "geom", "shape": "tile", "group": "path", "data": [[2, 1], [2, 2], [2, 3], [2, 4], [2, 5], [2, 6], [3, 6], [3, 7], [3, 8], [3, 9], [3, 10], [3, 11], [3, 12], [3, 13], [3, 14]]}
META {"type": "geom", "shape": "line", "group": "offpath", "data": [[5, 11, 6, 11], [5, 10, 5, 11], [5, 12, 4, 12], [2, 7, 1, 7], [2, 12, 1, 12], [1, 7, 2, 7], [1, 10, 1, 9], [1, 12, 2, 12], [1, 9, 1, 10], [6, 11, 6, 10], [6, 3, 7, 3], [6, 10, 5, 10], [6, 12, 7, 12], [4, 12, 5, 12], [8, 14, 9, 14], [8, 5, 7, 5], [8, 10, 9, 10], [8, 4, 7, 4], [7, 11, 7, 10], [7, 5, 8, 5], [7, 3, 6, 3], [7, 10, 7, 11], [7, 12, 6, 12], [7, 4, 8, 4], [11, 14, 10, 14], [11, 12, 10, 12], [11, 13, 11, 12], [11, 4, 10, 4], [9, 14, 8, 14], [9, 11, 9, 12], [9, 7, 9, 6], [9, 6, 9, 7], [9, 10, 8, 10], [9, 12, 9, 11], [9, 8, 10, 8], [10, 14, 11, 14], [10, 12, 10, 13], [10, 13, 11, 13], [10, 4, 11, 4], [10, 8, 9, 8]]}
