XXXXXXXXXXXXXXXX
XXX-XXXX-X-X-1XX
X0--XXX-----XXXX
XXX-XXX-XXX-XXXX
XXX-----XXX---XX
X--------------X
XXX----XXX--XXXX
XXXXX-XXXXX-XXXX
XXXXX-XXXXX----X
X----X-----XXX-X
X----X--------XX
X----X-XX---XX-X
XXX-X--XX-XXXXXX
XXX--X-XX-XXXXXX
X2-----XX-----3X
XXXXXXXXXXXXXXXX
META {"type": "solver", "id": "pysat-rc2", "objective": 0}
META {"type": "geom", "shape": "path", "group": "path", "data": [[14, 1, 14, 2], [14, 2, 14, 3], [14, 3, 14, 4], [14, 4, 14, 5], [14, 5, 14, 6], [14, 6, 13, 6], [13, 6, 12, 6], [12, 6, 11, 6], [11, 6, 10, 6], [10, 6, 10, 7], [10, 7, 10, 8], [10, 8, 9, 8], [9, 8, 9, 9], [9, 9, 10, 9], [10, 9, 11, 9], [11, 9, 12, 9], [12, 9, 13, 9], [13, 9, 14, 9], [14, 9, 14, 10], [14, 10, 14, 11], [14, 11, 14, 12], [14, 12, 14, 13], [14, 13, 14, 14]]}
META {"type": "geom", "shape": "tile", "group": "path", "data": [[14, 1], [14, 2], [14, 3], [14, 4], [14, 5], [14, 6], [13, 6], [12, 6], [11, 6], [10, 6], [10, 7], [10, 8], [9, 8], [9, 9], [10, 9], [11, 9], [12, 9], [13, 9], [14, 9], [14, 10], [14, 11], [14, 12], [14, 13], [14, 14]]}
META {"type": "geom", "shape": "line", "group": "offpath", "data": [[11, 11, 10, 11], [11, 10, 11, 11], [10, 11, 10, 10], [10, 10, 11, 10], [9, 7, 9, 6], [9, 6, 9, 7]]}
