XXXXXXXXXXXXXXXX
XX0--------X--1X
XXXX-X-------XXX
XXXX-X-------XXX
X----X---XXXX-XX
XX-X-----XXXX-XX
XX-X-X--X-----XX
XX-X--XX-X-XX-XX
X----XXXXXXXXX-X
XX---XXXXXXXXX-X
X-XXX------XXX-X
X-----XX-------X
XXX---XX-----XXX
XXX---XX-----XXX
X2----XX------3X
XXXXXXXXXXXXXXXX
META {"type": "solver", "id": "pysat-rc2-boolonly", "objective": 0}
META {"type": "geom", "shape": "path", "group": "path", "data": [[1, 2, 1, 3], [1, 3, 1, 4], [1, 4, 2, 4], [2, 4, 3, 4], [3, 4, 4, 4], [4, 4, 5, 4], [5, 4, 5, 5], [5, 5, 5, 6], [5, 6, 4, 6], [4, 6, 3, 6], [3, 6, 3, 7], [3, 7, 4, 7], [4, 7, 5, 7], [5, 7, 5, 8], [5, 8, 4, 8], [4, 8, 3, 8], [3, 8, 3, 9], [3, 9, 2, 9], [2, 9, 2, 8], [2, 8, 2, 7], [2, 7, 1, 7], [1, 7, 1, 8], [1, 8, 1, 9], [1, 9, 1, 10], [1, 10, 2, 10], [2, 10, 2, 11], [2, 11, 2, 12], [2, 12, 1, 12], [1, 12, 1, 13], [1, 13, 1, 14]]}
META {"type": "geom", "shape": "tile", "group": "path", "data": [[1, 2], [1, 3], [1, 4], [2, 4], [3, 4], [4, 4], [5, 4], [5, 5], [5, 6], [4, 6], [3, 6], [3, 7], [4, 7], [5, 7], [5, 8], [4, 8], [3, 8], [3, 9], [2, 9], [2, 8], [2, 7], [1, 7], [1, 8], [1, 9], [1, 10], [2, 10], [2, 11], [2, 12], [1, 12], [1, 13], [1, 14]]}
META {"type": "geom", "shape": "line", "group": "offpath", "data": [[9, 4, 9, 3], [9, 3, 9, 4], [9, 2, 8, 2], [12, 12, 11, 12], [8, 4, 7, 4], [8, 2, 9, 2], [7, 4, 8, 4], [13, 12, 14, 12], [11, 12, 12, 12], [1, 5, 1, 6], [1, 6, 1, 5], [14, 12, 13, 12], [14, 10, 14, 11], [14, 4, 14, 3], [14, 3, 14, 4], [14, 11, 14, 10]]}
META {"type": "geom", "shape": "path", "group": "path", "data": [[14, 1, 14, 2], [14, 2, 14, 3], [14, 3, 14, 4], [14, 4, 14, 5], [14, 5, 13, 5], [13, 5, 12, 5], [12, 5, 11, 5], [11, 5, 10, 5], [10, 5, 10, 6], [10, 6, 10, 7], [10, 7, 10, 8], [10, 8, 10, 9], [10, 9, 11, 9], [11, 9, 12, 9], [12, 9, 13, 9], [13, 9, 13, 8], [13, 8, 14, 8], [14, 8, 14, 9], [14, 9, 14, 10], [14, 10, 14, 11], [14, 11, 14, 12], [14, 12, 14, 13], [14, 13, 14, 14]]}
META {"type": "geom", "shape": "tile", "group": "path", "data": [[14, 1], [14, 2], [14, 3], [14, 4], [14, 5], [13, 5], [12, 5], [11, 5], [10, 5], [10, 6], [10, 7], [10, 8], [10, 9], [11, 9], [12, 9], [13, 9], [13, 8], [14, 8], [14, 9], [14, 10], [14, 11], [14, 12], [14, 13], [14, 14]]}
META {"type": "geom", "shape": "line", "group": "offpath", "data": [[12, 12, 11, 12], [12, 8, 11, 8], [12, 10, 13, 10], [12, 3, 11, 3], [12, 11, 12, 10], [13, 10, 13, 11], [13, 11, 12, 11], [11, 13, 11, 14], [11, 12, 12, 12], [11, 8, 12, 8], [11, 3, 12, 3], [11, 14, 11, 13], [1, 12, 2, 12], [2, 12, 1, 12], [2, 10, 2, 11], [2, 11, 2, 10]]}
