XXXXXXXXXXXXXXXX
X0----XXX-XX--1X
XXXXX-----XX-XXX
XXXXXXXXX----XXX
X-XXXXXXXXXX--XX
X--XXXXXXXXX---X
X------XXXXXXXXX
XX---X-XXXXXXXXX
X--------------X
XXXX--X-XXXX--XX
XXXX--X-----X-XX
X---X-X--XX----X
XXXX-----XX--XXX
XXXX-XX--XX--XXX
X2---XX--XX---3X
XXXXXXXXXXXXXXXX
META {"type": "solver", "id": "pysat-rc2", "objective": 0}
META {"type": "geom", "shape": "path", "group": "path", "data": [[1, 1, 1, 2], [1, 2, 1, 3], [1, 3, 1, 4], [1, 4, 1, 5], [1, 5, 2, 5], [2, 5, 2, 6], [2, 6, 2, 7], [2, 7, 2, 8], [2, 8, 2, 9], [2, 9, 3, 9], [3, 9, 3, 10], [3, 10, 3, 11], [3, 11, 3, 12], [3, 12, 2, 12], [2, 12, 1, 12], [1, 12, 1, 13], [1, 13, 1, 14]]}
META {"type": "geom", "shape": "tile", "group": "path", "data": [[1, 1], [1, 2], [1, 3], [1, 4], [1, 5], [2, 5], [2, 6], [2, 7], [2, 8], [2, 9], [3, 9], [3, 10], [3, 11], [3, 12], [2, 12], [1, 12], [1, 13], [1, 14]]}
META {"type": "geom", "shape": "line", "group": "offpath", "data": [[14, 13, 14, 12], [14, 12, 14, 13]]}
META {"type": "geom", "shape": "path", "group": "path", "data": [[14, 1, 14, 2], [14, 2, 14, 3], [14, 3, 14, 4], [14, 4, 13, 4], [13, 4, 12, 4], [12, 4, 12, 5], [12, 5, 11, 5], [11, 5, 10, 5], [10, 5, 9, 5], [9, 5, 8, 5], [8, 5, 8, 6], [8, 6, 8, 7], [8, 7, 8, 8], [8, 8, 8, 9], [8, 9, 8, 10], [8, 10, 8, 11], [8, 11, 8, 12], [8, 12, 9, 12], [9, 12, 9, 13], [9, 13, 10, 13], [10, 13, 11, 13], [11, 13, 11, 12], [11, 12, 12, 12], [12, 12, 13, 12], [13, 12, 14, 12], [14, 12, 14, 13], [14, 13, 14, 14]]}
META {"type": "geom", "shape": "tile", "group": "path", "data": [[14, 1], [14, 2], [14, 3], [14, 4], [13, 4], [12, 4], [12, 5], [11, 5], [10, 5], [9, 5], [8, 5], [8, 6], [8, 7], [8, 8], [8, 9], [8, 10], [8, 11], [8, 12], [9, 12], [9, 13], [10, 13], [11, 13], [11, 12], [12, 12], [13, 12], [14, 12], [14, 13], [14, 14]]}
META {"type": "geom", "shape": "line", "group": "offpath", "data": [[5, 1, 6, 1], [5, 2, 5, 1], [6, 3, 7, 3], [6, 5, 6, 6], [6, 4, 6, 3], [6, 1, 6, 2], [6, 2, 5, 2], [6, 6, 6, 5], [10, 11, 10, 10], [10, 10, 10, 11], [13, 7, 14, 7], [14, 7, 13, 7], [8, 3, 8, 4], [8, 4, 7, 4], [8, 2, 8, 3], [7, 3, 7, 2], [7, 4, 6, 4], [7, 2, 8, 2]]}
