XXXXXXXXXXXXXXXX
XXXXXXXX-XX---1X
X0---XXX-XX--XXX
XXXX-----XX--XXX
XXXX--XX----X--X
X-----XX--X--X-X
X-XXXX--XX-XX--X
XX-----XXXXXXXXX
XXX----XXXXXXXXX
XXX-X-----XXX--X
X---X-XXXXXXX-XX
X---X-XXXXXXX--X
XXXX------XX-XXX
XXXX--XXX-XX-XXX
X2------------3X
XXXXXXXXXXXXXXXX
META {"type": "solver", "id": "pysat-rc2", "objective": 0}
META {"type": "geom", "shape": "path", "group": "path", "data": [[2, 1, 2, 2], [2, 2, 2, 3], [2, 3, 2, 4], [2, 4, 3, 4], [3, 4, 3, 5], [3, 5, 3, 6], [3, 6, 3, 7], [3, 7, 3, 8], [3, 8, 4, 8], [4, 8, 5, 8], [5, 8, 5, 9], [5, 9, 4, 9], [4, 9, 4, 10], [4, 10, 4, 11], [4, 11, 3, 11], [3, 11, 2, 11], [2, 11, 2, 12], [2, 12, 1, 12], [1, 12, 1, 13], [1, 13, 1, 14]]}
META {"type": "geom", "shape": "tile", "group": "path", "data": [[2, 1], [2, 2], [2, 3], [2, 4], [3, 4], [3, 5], [3, 6], [3, 7], [3, 8], [4, 8], [5, 8], [5, 9], [4, 9], [4, 10], [4, 11], [3, 11], [2, 11], [2, 12], [1, 12], [1, 13], [1, 14]]}
META {"type": "geom", "shape": "line", "group": "offpath", "data": [[5, 12, 5, 11], [5, 11, 5, 12]]}
META {"type": "geom", "shape": "path", "group": "path", "data": [[14, 1, 14, 2], [14, 2, 14, 3], [14, 3, 14, 4], [14, 4, 14, 5], [14, 5, 14, 6], [14, 6, 14, 7], [14, 7, 14, 8], [14, 8, 14, 9], [14, 9, 14, 10], [14, 10, 14, 11], [14, 11, 14, 12], [14, 12, 14, 13], [14, 13, 14, 14]]}
META {"type": "geom", "shape": "tile", "group": "path", "data": [[14, 1], [14, 2], [14, 3], [14, 4], [14, 5], [14, 6], [14, 7], [14, 8], [14, 9], [14, 10], [14, 11], [14, 12], [14, 13], [14, 14]]}
META {"type": "geom", "shape": "line", "group": "offpath", "data": [[7, 5, 8, 5], [7, 4, 7, 3], [7, 6, 6, 6], [7, 3, 7, 4], [9, 6, 9, 7], [9, 7, 9, 6], [6, 6, 7, 6], [8, 5, 7, 5], [8, 4, 8, 3], [8, 3, 8, 4], [12, 9, 13, 9], [12, 5, 11, 5], [12, 4, 13, 4], [12, 6, 12, 7], [12, 7, 12, 6], [11, 1, 11, 2], [11, 2, 10, 2], [11, 5, 12, 5], [11, 3, 10, 3], [10, 1, 11, 1], [10, 2, 10, 1], [10, 3, 11, 3], [5, 12, 5, 11], [5, 11, 5, 12], [13, 9, 12, 9], [13, 4, 12, 4]]}
