XXXXXXXXXXXXXXXX
XXXXXXXXXXXXXXXX
XX}XXXXXXXXXXXXX
XX-XXX--------XX
XX-XXX----X---XX
XX-XXX----XX--XX
XX-XXX##---XXXXX
XX-XXX------XXXX
XX-------X---XXX
XXXXXX--XX---XXX
XXXXXXX--X-#--XX
XXXXXXX-------XX
XXXXX-------XXXX
XXXXXX---#---XXX
XXX-XX-#---X-XXX
XXX--X----XX-XXX
XXX-----#--X-XXX
XXX##--------XXX
XXX--#----#--XXX
XX-----#-----XXX
XX-----------XXX
XXXXX---#-----XX
XXXXX##-------XX
XXX-----------XX
XXX--#----#---XX
XX-----#------XX
XX-------#----XX
XX-#--#-----XXXX
XX--------XXXXXX
XX--{-----XXXXXX
XXXXXXXXXXXXXXXX
XXXXXXXXXXXXXXXX
META {"type": "solver", "id": "pysat-rc2", "objective": 0}
META {"type": "geom", "shape": "path", "group": "path", "data": [[29, 4, 23, 4], [23, 4, 23, 3], [23, 3, 23, 13], [23, 13, 21, 13], [21, 13, 21, 9], [21, 9, 25, 9], [25, 9, 25, 8], [25, 8, 29, 8], [29, 8, 29, 2], [29, 2, 25, 2], [25, 2, 25, 6], [25, 6, 26, 6], [26, 6, 26, 2], [26, 2, 26, 8], [26, 8, 22, 8], [22, 8, 22, 7], [22, 7, 24, 7], [24, 7, 24, 9], [24, 9, 14, 9], [14, 9, 14, 10], [14, 10, 14, 8], [14, 8, 15, 8], [15, 8, 15, 6], [15, 6, 21, 6], [21, 6, 21, 5], [21, 5, 19, 5], [19, 5, 19, 6], [19, 6, 19, 2], [19, 2, 20, 2], [20, 2, 20, 12], [20, 12, 26, 12], [26, 12, 26, 10], [26, 10, 27, 10], [27, 10, 27, 11], [27, 11, 17, 11], [17, 11, 17, 5], [17, 5, 16, 5], [16, 5, 16, 7], [16, 7, 18, 7], [18, 7, 18, 6], [18, 6, 12, 6], [12, 6, 12, 5], [12, 5, 12, 11], [12, 11, 11, 11], [11, 11, 11, 13], [11, 13, 10, 13], [10, 13, 10, 12], [10, 12, 8, 12], [8, 12, 8, 10], [8, 10, 6, 10], [6, 10, 6, 8], [6, 8, 8, 8], [8, 8, 8, 2], [8, 2, 2, 2]]}
META {"type": "geom", "shape": "tile", "group": "path", "data": [[29, 4], [28, 4], [27, 4], [26, 4], [25, 4], [24, 4], [23, 4], [23, 3], [23, 4], [23, 5], [23, 6], [23, 7], [23, 8], [23, 9], [23, 10], [23, 11], [23, 12], [23, 13], [22, 13], [21, 13], [21, 12], [21, 11], [21, 10], [21, 9], [22, 9], [23, 9], [24, 9], [25, 9], [25, 8], [26, 8], [27, 8], [28, 8], [29, 8], [29, 7], [29, 6], [29, 5], [29, 4], [29, 3], [29, 2], [28, 2], [27, 2], [26, 2], [25, 2], [25, 3], [25, 4], [25, 5], [25, 6], [26, 6], [26, 5], [26, 4], [26, 3], [26, 2], [26, 3], [26, 4], [26, 5], [26, 6], [26, 7], [26, 8], [25, 8], [24, 8], [23, 8], [22, 8], [22, 7], [23, 7], [24, 7], [24, 8], [24, 9], [23, 9], [22, 9], [21, 9], [20, 9], [19, 9], [18, 9], [17, 9], [16, 9], [15, 9], [14, 9], [14, 10], [14, 9], [14, 8], [15, 8], [15, 7], [15, 6], [16, 6], [17, 6], [18, 6], [19, 6], [20, 6], [21, 6], [21, 5], [20, 5], [19, 5], [19, 6], [19, 5], [19, 4], [19, 3], [19, 2], [20, 2], [20, 3], [20, 4], [20, 5], [20, 6], [20, 7], [20, 8], [20, 9], [20, 10], [20, 11], [20, 12], [21, 12], [22, 12], [23, 12], [24, 12], [25, 12], [26, 12], [26, 11], [26, 10], [27, 10], [27, 11], [26, 11], [25, 11], [24, 11], [23, 11], [22, 11], [21, 11], [20, 11], [19, 11], [18, 11], [17, 11], [17, 10], [17, 9], [17, 8], [17, 7], [17, 6], [17, 5], [16, 5], [16, 6], [16, 7], [17, 7], [18, 7], [18, 6], [17, 6], [16, 6], [15, 6], [14, 6], [13, 6], [12, 6], [12, 5], [12, 6], [12, 7], [12, 8], [12, 9], [12, 10], [12, 11], [11, 11], [11, 12], [11, 13], [10, 13], [10, 12], [9, 12], [8, 12], [8, 11], [8, 10], [7, 10], [6, 10], [6, 9], [6, 8], [7, 8], [8, 8], [8, 7], [8, 6], [8, 5], [8, 4], [8, 3], [8, 2], [7, 2], [6, 2], [5, 2], [4, 2], [3, 2], [2, 2]]}
META {"type": "geom", "shape": "line", "group": "offpath", "data": [[5, 6, 3, 6], [5, 12, 3, 12], [7, 6, 9, 6], [23, 10, 19, 10], [17, 10, 16, 10], [3, 6, 5, 6], [3, 12, 5, 12], [16, 10, 17, 10], [29, 5, 25, 5], [27, 5, 27, 4], [27, 4, 27, 5], [19, 10, 23, 10], [18, 12, 18, 11], [18, 11, 18, 12], [9, 6, 7, 6], [25, 5, 29, 5]]}
