XXXXXXXXXXXXXXXX
XXXXXXXXXXXXXXXX
XXXXXXXXXX-XXXXX
XXXXXX-----XXXXX
XXXXXX-#-----XXX
XX}XXX-------XXX
XX------XX-#-XXX
XX-------X---XXX
XX----XX--#--XXX
XX-XX--X----XXXX
XX--XX-----XXXXX
XX---XXXX---XXXX
XXX---XXX---XXXX
XXX---XXXX--XXXX
XXXXX--XXXX--XXX
XXXXX--XXXX--XXX
XXXX-#--XXXX--XX
XXX-----XXXXX-XX
XX--#---XXXXX-XX
XXX---XX--XXX-XX
XXXX--XXX-----XX
XXXX--XXX---X-XX
XXX---XXXXXXX-XX
XX-#--XXXXXXX-XX
XX----XXXX----XX
XX---------##-XX
XX-##---#-----XX
XX----#---#--XXX
XXX---------XXXX
XXX--X-X-{-XXXXX
XXXXXXXXXXXXXXXX
XXXXXXXXXXXXXXXX
META {"type": "solver", "id": "pysat-rc2", "objective": 0}
META {"type": "geom", "shape": "path", "group": "path", "data": [[29, 9, 29, 10], [29, 10, 29, 8], [29, 8, 27, 8], [27, 8, 27, 9], [27, 9, 25, 9], [25, 9, 25, 10], [25, 10, 24, 10], [24, 10, 26, 10], [26, 10, 26, 9], [26, 9, 26, 13], [26, 13, 16, 13], [16, 13, 16, 12], [16, 12, 14, 12], [14, 12, 14, 11], [14, 11, 15, 11], [15, 11, 11, 11], [11, 11, 11, 9], [11, 9, 12, 9], [12, 9, 8, 9], [8, 9, 8, 8], [8, 8, 10, 8], [10, 8, 10, 6], [10, 6, 10, 10], [10, 10, 9, 10], [9, 10, 9, 11], [9, 11, 7, 11], [7, 11, 7, 10], [7, 10, 7, 12], [7, 12, 8, 12], [8, 12, 4, 12], [4, 12, 4, 8], [4, 8, 3, 8], [3, 8, 5, 8], [5, 8, 5, 12], [5, 12, 5, 6], [5, 6, 7, 6], [7, 6, 7, 8], [7, 8, 7, 2], [7, 2, 5, 2]]}
META {"type": "geom", "shape": "tile", "group": "path", "data": [[29, 9], [29, 10], [29, 9], [29, 8], [28, 8], [27, 8], [27, 9], [26, 9], [25, 9], [25, 10], [24, 10], [25, 10], [26, 10], [26, 9], [26, 10], [26, 11], [26, 12], [26, 13], [25, 13], [24, 13], [23, 13], [22, 13], [21, 13], [20, 13], [19, 13], [18, 13], [17, 13], [16, 13], [16, 12], [15, 12], [14, 12], [14, 11], [15, 11], [14, 11], [13, 11], [12, 11], [11, 11], [11, 10], [11, 9], [12, 9], [11, 9], [10, 9], [9, 9], [8, 9], [8, 8], [9, 8], [10, 8], [10, 7], [10, 6], [10, 7], [10, 8], [10, 9], [10, 10], [9, 10], [9, 11], [8, 11], [7, 11], [7, 10], [7, 11], [7, 12], [8, 12], [7, 12], [6, 12], [5, 12], [4, 12], [4, 11], [4, 10], [4, 9], [4, 8], [3, 8], [4, 8], [5, 8], [5, 9], [5, 10], [5, 11], [5, 12], [5, 11], [5, 10], [5, 9], [5, 8], [5, 7], [5, 6], [6, 6], [7, 6], [7, 7], [7, 8], [7, 7], [7, 6], [7, 5], [7, 4], [7, 3], [7, 2], [6, 2], [5, 2]]}
META {"type": "geom", "shape": "line", "group": "offpath", "data": [[11, 4, 13, 4], [22, 5, 22, 3], [22, 3, 22, 5], [29, 3, 27, 3], [25, 4, 19, 4], [23, 5, 23, 4], [23, 4, 23, 5], [14, 5, 14, 6], [14, 6, 14, 5], [3, 6, 3, 10], [3, 10, 3, 6], [13, 5, 13, 3], [13, 4, 11, 4], [13, 3, 13, 5], [8, 4, 6, 4], [8, 3, 6, 3], [17, 5, 17, 3], [17, 3, 19, 3], [20, 9, 19, 9], [20, 10, 21, 10], [20, 11, 20, 9], [26, 5, 26, 7], [26, 7, 26, 5], [26, 12, 27, 12], [27, 5, 28, 5], [27, 12, 26, 12], [27, 3, 27, 5], [21, 5, 21, 4], [21, 4, 21, 5], [21, 9, 21, 11], [21, 10, 20, 10], [21, 11, 20, 11], [19, 5, 17, 5], [19, 4, 25, 4], [19, 9, 21, 9], [19, 3, 19, 5], [6, 4, 8, 4], [6, 3, 8, 3], [18, 2, 18, 3], [18, 3, 18, 2], [12, 5, 12, 3], [12, 3, 12, 5], [10, 2, 10, 3], [10, 3, 10, 2], [28, 5, 28, 3], [28, 3, 29, 3], [9, 5, 9, 6], [9, 6, 9, 5]]}
