XXXXXXXXXXXXXXXX
XXXXXXXXXXXXXXXX
XXXXX---XXX}XXXX
XX----#-XXX-XXXX
XX##---------XXX
XX------##---XXX
XXX---------XXXX
XXXX-XXX---XXXXX
XXXX-XXX---XXXXX
XXXX-XXXX--XXXXX
XXXX---XX-----XX
XXXXX---X-----XX
XXXXXXX-----XXXX
XXXXXXXX-#--XXXX
XXXXX-XX-----XXX
XXXXX--X-----XXX
XXXXXX-----#-XXX
XXXX-XX-##---XXX
XXXX--X------XXX
XXXX---------XXX
XXXXXXXX---X-XXX
XXXXXXXX--XX-XXX
XXXXX------X-XXX
XXX---X--#---XXX
XXX--XXX---#--XX
XX-XXXXXX-----XX
XX-XXXXXX---XXXX
XX-XXXXXX-#--XXX
XX--XXXXX----XXX
XX--XXXX-{-X-XXX
XXXXXXXXXXXXXXXX
XXXXXXXXXXXXXXXX
META {"type": "solver", "id": "pysat-rc2", "objective": 0}
META {"type": "geom", "shape": "path", "group": "path", "data": [[29, 9, 29, 8], [29, 8, 29, 10], [29, 10, 28, 10], [28, 10, 28, 9], [28, 9, 24, 9], [24, 9, 24, 10], [24, 10, 22, 10], [22, 10, 26, 10], [26, 10, 26, 11], [26, 11, 25, 11], [25, 11, 25, 13], [25, 13, 24, 13], [24, 13, 24, 12], [24, 12, 14, 12], [14, 12, 14, 8], [14, 8, 12, 8], [12, 8, 12, 7], [12, 7, 12, 11], [12, 11, 10, 11], [10, 11, 10, 13], [10, 13, 11, 13], [11, 13, 11, 9], [11, 9, 12, 9], [12, 9, 6, 9], [6, 9, 6, 3], [6, 3, 5, 3], [5, 3, 5, 7], [5, 7, 6, 7], [6, 7, 2, 7], [2, 7, 2, 5], [2, 5, 6, 5], [6, 5, 6, 11], [6, 11, 2, 11]]}
META {"type": "geom", "shape": "tile", "group": "path", "data": [[29, 9], [29, 8], [29, 9], [29, 10], [28, 10], [28, 9], [27, 9], [26, 9], [25, 9], [24, 9], [24, 10], [23, 10], [22, 10], [23, 10], [24, 10], [25, 10], [26, 10], [26, 11], [25, 11], [25, 12], [25, 13], [24, 13], [24, 12], [23, 12], [22, 12], [21, 12], [20, 12], [19, 12], [18, 12], [17, 12], [16, 12], [15, 12], [14, 12], [14, 11], [14, 10], [14, 9], [14, 8], [13, 8], [12, 8], [12, 7], [12, 8], [12, 9], [12, 10], [12, 11], [11, 11], [10, 11], [10, 12], [10, 13], [11, 13], [11, 12], [11, 11], [11, 10], [11, 9], [12, 9], [11, 9], [10, 9], [9, 9], [8, 9], [7, 9], [6, 9], [6, 8], [6, 7], [6, 6], [6, 5], [6, 4], [6, 3], [5, 3], [5, 4], [5, 5], [5, 6], [5, 7], [6, 7], [5, 7], [4, 7], [3, 7], [2, 7], [2, 6], [2, 5], [3, 5], [4, 5], [5, 5], [6, 5], [6, 6], [6, 7], [6, 8], [6, 9], [6, 10], [6, 11], [5, 11], [4, 11], [3, 11], [2, 11]]}
META {"type": "geom", "shape": "line", "group": "offpath", "data": [[29, 3, 28, 3], [29, 2, 25, 2], [16, 6, 16, 10], [16, 7, 16, 6], [16, 9, 14, 9], [16, 10, 20, 10], [21, 8, 21, 9], [21, 9, 21, 8], [23, 8, 23, 7], [23, 3, 24, 3], [23, 12, 23, 10], [23, 7, 23, 8], [23, 10, 23, 12], [23, 4, 23, 5], [23, 5, 23, 3], [20, 8, 18, 8], [20, 10, 20, 8], [24, 3, 24, 4], [24, 4, 23, 4], [18, 8, 18, 7], [18, 7, 16, 7], [18, 9, 22, 9], [14, 9, 16, 9], [5, 12, 5, 10], [5, 10, 5, 12], [13, 11, 13, 10], [13, 10, 13, 11], [28, 3, 29, 3], [10, 6, 11, 6], [10, 4, 10, 6], [10, 5, 10, 4], [19, 11, 17, 11], [15, 8, 15, 12], [15, 12, 15, 8], [22, 9, 18, 9], [25, 2, 29, 2], [6, 6, 4, 6], [11, 6, 11, 5], [11, 5, 10, 5], [17, 11, 19, 11], [4, 6, 6, 6], [9, 9, 9, 10], [9, 10, 9, 9]]}
