XXXXXXXXXXXXXXXX
XXX0--XX-XX---1X
XXXXX-XX-----XXX
XXXXX-XX-----XXX
X-------XXX----X
XX-XX-X--------X
X-XXXXXXXXXX-XXX
X-XXXXXXXXXXXXXX
XX-XX--XXXXXXXXX
XX---XX-XX----XX
X-XX-XX---X--X-X
X-XX-XX--X-X---X
XXXXXXXX-X--XXXX
XXXXXXXX-X--XXXX
X2------------3X
XXXXXXXXXXXXXXXX
META {"type": "solver", "id": "pysat-rc2-boolonly", "objective": 0}
META {"type": "geom", "shape": "path", "group": "path", "data": [[1, 3, 1, 4], [1, 4, 1, 5], [1, 5, 2, 5], [2, 5, 3, 5], [3, 5, 4, 5], [4, 5, 4, 6], [4, 6, 4, 7], [4, 7, 5, 7], [5, 7, 5, 8], [5, 8, 5, 9], [5, 9, 5, 10], [5, 10, 5, 11], [5, 11, 4, 11], [4, 11, 4, 12], [4, 12, 3, 12], [3, 12, 2, 12], [2, 12, 2, 11], [2, 11, 1, 11], [1, 11, 1, 12], [1, 12, 1, 13], [1, 13, 1, 14]]}
META {"type": "geom", "shape": "tile", "group": "path", "data": [[1, 3], [1, 4], [1, 5], [2, 5], [3, 5], [4, 5], [4, 6], [4, 7], [5, 7], [5, 8], [5, 9], [5, 10], [5, 11], [4, 11], [4, 12], [3, 12], [2, 12], [2, 11], [1, 11], [1, 12], [1, 13], [1, 14]]}
META {"type": "geom", "shape": "line", "group": "offpath", "data": [[5, 2, 4, 2], [5, 12, 5, 13], [5, 13, 5, 12], [4, 14, 4, 13], [4, 2, 5, 2], [4, 13, 4, 14], [1, 8, 2, 8], [2, 9, 2, 10], [2, 8, 1, 8], [2, 10, 2, 9]]}
META {"type": "geom", "shape": "path", "group": "path", "data": [[14, 1, 14, 2], [14, 2, 14, 3], [14, 3, 14, 4], [14, 4, 14, 5], [14, 5, 14, 6], [14, 6, 14, 7], [14, 7, 14, 8], [14, 8, 14, 9], [14, 9, 14, 10], [14, 10, 14, 11], [14, 11, 14, 12], [14, 12, 14, 13], [14, 13, 14, 14]]}
META {"type": "geom", "shape": "tile", "group": "path", "data": [[14, 1], [14, 2], [14, 3], [14, 4], [14, 5], [14, 6], [14, 7], [14, 8], [14, 9], [14, 10], [14, 11], [14, 12], [14, 13], [14, 14]]}
META {"type": "geom", "shape": "line", "group": "offpath", "data": []}
