XXXXXXXXXXXXXXXX
X0--XX-------XXX
XXX-XX----X---1X
XXX-------X--XXX
X--X--XXX-X--XXX
XX-X-------XX--X
XX-X-XX----XX--X
X---XXXX------XX
XX--XXXX--X----X
X-XX-----------X
XXXXXXXX-----X-X
XXXXXXXXXXX-X-XX
XXXXXXXXXXXXXXXX
XXXX----XXXXXXXX
X2---XX-------3X
XXXXXXXXXXXXXXXX
META {"type": "solver", "id": "pysat-rc2", "objective": 0}
META {"type": "geom", "shape": "path", "group": "path", "data": [[1, 1, 1, 2], [1, 2, 1, 3], [1, 3, 2, 3], [2, 3, 3, 3], [3, 3, 3, 4], [3, 4, 3, 5], [3, 5, 4, 5], [4, 5, 5, 5], [5, 5, 5, 6], [5, 6, 5, 7], [5, 7, 5, 8], [5, 8, 5, 9], [5, 9, 4, 9], [4, 9, 3, 9], [3, 9, 2, 9], [2, 9, 2, 8], [2, 8, 2, 7], [2, 7, 2, 6], [2, 6, 1, 6], [1, 6, 1, 7], [1, 7, 1, 8], [1, 8, 1, 9], [1, 9, 1, 10], [1, 10, 1, 11], [1, 11, 2, 11], [2, 11, 2, 12], [2, 12, 2, 13], [2, 13, 2, 14]]}
META {"type": "geom", "shape": "tile", "group": "path", "data": [[1, 1], [1, 2], [1, 3], [2, 3], [3, 3], [3, 4], [3, 5], [4, 5], [5, 5], [5, 6], [5, 7], [5, 8], [5, 9], [4, 9], [3, 9], [2, 9], [2, 8], [2, 7], [2, 6], [1, 6], [1, 7], [1, 8], [1, 9], [1, 10], [1, 11], [2, 11], [2, 12], [2, 13], [2, 14]]}
META {"type": "geom", "shape": "line", "group": "offpath", "data": [[8, 8, 7, 8], [8, 11, 9, 11], [8, 14, 9, 14], [8, 13, 8, 14], [8, 9, 8, 8], [8, 12, 9, 12], [14, 8, 14, 7], [14, 2, 14, 3], [14, 7, 14, 8], [14, 3, 14, 2], [14, 13, 14, 12], [14, 12, 14, 13], [9, 8, 9, 9], [9, 11, 10, 11], [9, 14, 9, 13], [9, 13, 8, 13], [9, 9, 8, 9], [9, 12, 8, 12], [7, 8, 7, 9], [7, 11, 8, 11], [7, 13, 7, 12], [7, 9, 7, 10], [7, 10, 7, 11], [7, 12, 7, 13], [6, 8, 6, 7], [6, 7, 6, 8], [6, 14, 6, 13], [6, 13, 6, 14], [10, 8, 9, 8], [10, 11, 10, 10], [10, 9, 10, 8], [10, 10, 10, 9], [4, 11, 4, 12], [4, 12, 4, 11]]}
META {"type": "geom", "shape": "path", "group": "path", "data": [[14, 1, 14, 2], [14, 2, 14, 3], [14, 3, 14, 4], [14, 4, 13, 4], [13, 4, 13, 5], [13, 5, 13, 6], [13, 6, 13, 7], [13, 7, 14, 7], [14, 7, 14, 8], [14, 8, 14, 9], [14, 9, 14, 10], [14, 10, 14, 11], [14, 11, 14, 12], [14, 12, 14, 13], [14, 13, 14, 14]]}
META {"type": "geom", "shape": "tile", "group": "path", "data": [[14, 1], [14, 2], [14, 3], [14, 4], [13, 4], [13, 5], [13, 6], [13, 7], [14, 7], [14, 8], [14, 9], [14, 10], [14, 11], [14, 12], [14, 13], [14, 14]]}
META {"type": "geom", "shape": "line", "group": "offpath", "data": []}
