XXXXXXXXXXXXXXXX
XXX--X-XX-X-XXXX
XXX----------1XX
X0----XXX---XXXX
XXX--X------XXXX
XXX--X----XX-XXX
X--X-X--XXXXXXXX
X--X----XXXXXXXX
XX-X-XXX--XX---X
XX---XXX--XX--XX
X-XXX----X--X--X
X--------------X
XXXXXXXXX--XXXXX
XXXXXXXXX--XXXXX
X2------------3X
XXXXXXXXXXXXXXXX
META {"type": "solver", "id": "pysat-rc2", "objective": 0}
META {"type": "geom", "shape": "path", "group": "path", "data": [[3, 1, 3, 2], [3, 2, 3, 3], [3, 3, 2, 3], [2, 3, 2, 4], [2, 4, 2, 5], [2, 5, 3, 5], [3, 5, 3, 4], [3, 4, 4, 4], [4, 4, 5, 4], [5, 4, 6, 4], [6, 4, 7, 4], [7, 4, 7, 5], [7, 5, 7, 6], [7, 6, 7, 7], [7, 7, 6, 7], [6, 7, 5, 7], [5, 7, 5, 6], [5, 6, 4, 6], [4, 6, 4, 7], [4, 7, 4, 8], [4, 8, 4, 9], [4, 9, 4, 10], [4, 10, 3, 10], [3, 10, 3, 11], [3, 11, 2, 11], [2, 11, 2, 12], [2, 12, 2, 13]]}
META {"type": "geom", "shape": "tile", "group": "path", "data": [[3, 1], [3, 2], [3, 3], [2, 3], [2, 4], [2, 5], [3, 5], [3, 4], [4, 4], [5, 4], [6, 4], [7, 4], [7, 5], [7, 6], [7, 7], [6, 7], [5, 7], [5, 6], [4, 6], [4, 7], [4, 8], [4, 9], [4, 10], [3, 10], [3, 11], [2, 11], [2, 12], [2, 13]]}
META {"type": "geom", "shape": "line", "group": "offpath", "data": [[2, 8, 2, 9], [2, 9, 2, 8], [14, 4, 14, 3], [14, 13, 14, 12], [14, 12, 14, 13], [14, 3, 14, 4], [12, 9, 12, 10], [12, 10, 11, 10], [8, 8, 9, 8], [8, 2, 9, 2], [9, 8, 8, 8], [9, 2, 8, 2], [11, 9, 12, 9], [11, 10, 11, 9], [11, 2, 11, 3], [11, 3, 11, 2]]}
META {"type": "geom", "shape": "path", "group": "path", "data": [[14, 1, 14, 2], [14, 2, 14, 3], [14, 3, 14, 4], [14, 4, 14, 5], [14, 5, 14, 6], [14, 6, 14, 7], [14, 7, 14, 8], [14, 8, 14, 9], [14, 9, 13, 9], [13, 9, 13, 10], [13, 10, 14, 10], [14, 10, 14, 11], [14, 11, 14, 12], [14, 12, 14, 13], [14, 13, 14, 14]]}
META {"type": "geom", "shape": "tile", "group": "path", "data": [[14, 1], [14, 2], [14, 3], [14, 4], [14, 5], [14, 6], [14, 7], [14, 8], [14, 9], [13, 9], [13, 10], [14, 10], [14, 11], [14, 12], [14, 13], [14, 14]]}
META {"type": "geom", "shape": "line", "group": "offpath", "data": [[10, 11, 11, 11], [10, 10, 11, 10], [12, 9, 12, 10], [12, 10, 12, 9], [8, 8, 8, 9], [8, 9, 8, 8], [8, 12, 9, 12], [9, 12, 8, 12], [11, 11, 10, 11], [11, 10, 10, 10]]}
