XXXXXXXXXXXXXXXX
XXXXXXXXXXXXXXXX
XXX-------XXX}XX
XXX-------XXX-XX
XXX##--#------XX
XXX-----------XX
XXX-#-----X---XX
XXX-----XXX---XX
XXX--X--XXX---XX
XX---XX-XXX---XX
XX##--X------XXX
XX-------X--XXXX
XXXXXXXXXX---XXX
XXXXXXXXXX---XXX
XXX--XXXX---XXXX
XX---XXXX--XXXXX
XX--X------XXXXX
XXXXXX-##---XXXX
XXXXXX----#-XXXX
XXXXX-#-----XXXX
XX-------#----XX
XX---X-----#--XX
XXX-XX-------XXX
XXX--X---##-XXXX
XXXX---#-----XXX
XXXX-------#-XXX
XXXX----#-----XX
XXX---#-----#-XX
XXX-----------XX
XXX--X-XXX-{-XXX
XXXXXXXXXXXXXXXX
XXXXXXXXXXXXXXXX
META {"type": "solver", "id": "pysat-rc2", "objective": 0}
META {"type": "geom", "shape": "path", "group": "path", "data": [[29, 11, 29, 10], [29, 10, 29, 12], [29, 12, 28, 12], [28, 12, 28, 13], [28, 13, 26, 13], [26, 13, 26, 9], [26, 9, 28, 9], [28, 9, 24, 9], [24, 9, 24, 8], [24, 8, 25, 8], [25, 8, 25, 4], [25, 4, 29, 4], [29, 4, 29, 3], [29, 3, 27, 3], [27, 3, 27, 5], [27, 5, 28, 5], [28, 5, 24, 5], [24, 5, 24, 6], [24, 6, 20, 6], [20, 6, 20, 2], [20, 2, 21, 2], [21, 2, 21, 4], [21, 4, 20, 4], [20, 4, 20, 8], [20, 8, 18, 8], [18, 8, 18, 9], [18, 9, 14, 9], [14, 9, 14, 11], [14, 11, 4, 11], [4, 11, 4, 13], [4, 13, 2, 13]]}
META {"type": "geom", "shape": "tile", "group": "path", "data": [[29, 11], [29, 10], [29, 11], [29, 12], [28, 12], [28, 13], [27, 13], [26, 13], [26, 12], [26, 11], [26, 10], [26, 9], [27, 9], [28, 9], [27, 9], [26, 9], [25, 9], [24, 9], [24, 8], [25, 8], [25, 7], [25, 6], [25, 5], [25, 4], [26, 4], [27, 4], [28, 4], [29, 4], [29, 3], [28, 3], [27, 3], [27, 4], [27, 5], [28, 5], [27, 5], [26, 5], [25, 5], [24, 5], [24, 6], [23, 6], [22, 6], [21, 6], [20, 6], [20, 5], [20, 4], [20, 3], [20, 2], [21, 2], [21, 3], [21, 4], [20, 4], [20, 5], [20, 6], [20, 7], [20, 8], [19, 8], [18, 8], [18, 9], [17, 9], [16, 9], [15, 9], [14, 9], [14, 10], [14, 11], [13, 11], [12, 11], [11, 11], [10, 11], [9, 11], [8, 11], [7, 11], [6, 11], [5, 11], [4, 11], [4, 12], [4, 13], [3, 13], [2, 13]]}
META {"type": "geom", "shape": "line", "group": "offpath", "data": [[5, 3, 5, 13], [5, 13, 5, 3], [9, 11, 9, 13], [9, 3, 9, 4], [9, 4, 11, 4], [9, 13, 9, 11], [16, 2, 16, 3], [16, 3, 14, 3], [16, 10, 17, 10], [16, 6, 16, 10], [11, 2, 11, 8], [11, 8, 10, 8], [11, 11, 11, 10], [11, 10, 11, 11], [11, 4, 11, 2], [7, 3, 9, 3], [7, 5, 7, 3], [21, 10, 21, 6], [21, 6, 21, 10], [21, 12, 21, 13], [21, 13, 21, 12], [14, 3, 14, 4], [14, 4, 15, 4], [22, 10, 22, 12], [22, 12, 20, 12], [24, 12, 26, 12], [18, 6, 16, 6], [18, 7, 18, 6], [15, 2, 16, 2], [15, 9, 15, 10], [15, 10, 15, 9], [15, 4, 15, 2], [13, 10, 13, 12], [13, 12, 13, 10], [26, 12, 24, 12], [20, 10, 22, 10], [20, 12, 20, 10], [20, 5, 19, 5], [17, 9, 19, 9], [17, 10, 17, 9], [3, 3, 3, 9], [3, 9, 2, 9], [2, 3, 3, 3], [2, 9, 2, 3], [19, 11, 19, 7], [19, 9, 19, 11], [19, 7, 18, 7], [19, 5, 20, 5], [6, 8, 6, 9], [6, 9, 6, 5], [6, 5, 7, 5], [4, 8, 6, 8], [4, 6, 4, 5], [4, 12, 4, 8], [4, 5, 4, 6], [8, 3, 8, 4], [8, 4, 8, 3], [10, 8, 10, 12], [10, 12, 4, 12]]}
