XXXXXXXXXXXXXXXX
XXXXXXXXXXXXXXXX
XXX---XXX-XXXXXX
XXX##-----XXXXXX
XXX-------XXX}XX
XX-X----#-XXX-XX
XXXX-XX---XXX-XX
XXXX-XX-------XX
XXXX--X--#----XX
XXX-----------XX
XX-XXXXX--X---XX
XX-XXXXX-XXXXXXX
XX-XXX---XXXXXXX
XXXXXX-XXXXXXXXX
XXXXXX-XXXXXXXXX
XXXX---XXXXXXXXX
XXXX-X-XXXXX--XX
XX--XX-XXXX---XX
XX---X--------XX
XX------#-#---XX
XX-XXX--------XX
XX-XXX--------XX
XX-XXX--X-----XX
XX-----XX-###-XX
XXX-----X-----XX
XXX-----------XX
XXX-------{---XX
XX---XX-XXXXXXXX
XXXX--X--XXXXXXX
XXXX-----XXXXXXX
XXXXXXXXXXXXXXXX
XXXXXXXXXXXXXXXX
META {"type": "solver", "id": "pysat-rc2-boolonly", "objective": 0}
META {"type": "geom", "shape": "path", "group": "path", "data": [[26, 10, 24, 10], [24, 10, 24, 9], [24, 9, 26, 9], [26, 9, 26, 13], [26, 13, 26, 3], [26, 3, 27, 3], [27, 3, 27, 2], [27, 2, 27, 4], [27, 4, 29, 4], [29, 4, 29, 8], [29, 8, 28, 8], [28, 8, 28, 7], [28, 7, 24, 7], [24, 7, 24, 3], [24, 3, 23, 3], [23, 3, 23, 2], [23, 2, 17, 2], [17, 2, 17, 3], [17, 3, 19, 3], [19, 3, 19, 7], [19, 7, 18, 7], [18, 7, 18, 6], [18, 6, 12, 6], [12, 6, 12, 8], [12, 8, 6, 8], [6, 8, 6, 9], [6, 9, 7, 9], [7, 9, 7, 13], [7, 13, 7, 7], [7, 7, 3, 7], [3, 7, 3, 9], [3, 9, 3, 5], [3, 5, 5, 5], [5, 5, 5, 4], [5, 4, 9, 4], [9, 4, 9, 3], [9, 3, 9, 13], [9, 13, 10, 13], [10, 13, 4, 13]]}
META {"type": "geom", "shape": "tile", "group": "path", "data": [[26, 10], [25, 10], [24, 10], [24, 9], [25, 9], [26, 9], [26, 10], [26, 11], [26, 12], [26, 13], [26, 12], [26, 11], [26, 10], [26, 9], [26, 8], [26, 7], [26, 6], [26, 5], [26, 4], [26, 3], [27, 3], [27, 2], [27, 3], [27, 4], [28, 4], [29, 4], [29, 5], [29, 6], [29, 7], [29, 8], [28, 8], [28, 7], [27, 7], [26, 7], [25, 7], [24, 7], [24, 6], [24, 5], [24, 4], [24, 3], [23, 3], [23, 2], [22, 2], [21, 2], [20, 2], [19, 2], [18, 2], [17, 2], [17, 3], [18, 3], [19, 3], [19, 4], [19, 5], [19, 6], [19, 7], [18, 7], [18, 6], [17, 6], [16, 6], [15, 6], [14, 6], [13, 6], [12, 6], [12, 7], [12, 8], [11, 8], [10, 8], [9, 8], [8, 8], [7, 8], [6, 8], [6, 9], [7, 9], [7, 10], [7, 11], [7, 12], [7, 13], [7, 12], [7, 11], [7, 10], [7, 9], [7, 8], [7, 7], [6, 7], [5, 7], [4, 7], [3, 7], [3, 8], [3, 9], [3, 8], [3, 7], [3, 6], [3, 5], [4, 5], [5, 5], [5, 4], [6, 4], [7, 4], [8, 4], [9, 4], [9, 3], [9, 4], [9, 5], [9, 6], [9, 7], [9, 8], [9, 9], [9, 10], [9, 11], [9, 12], [9, 13], [10, 13], [9, 13], [8, 13], [7, 13], [6, 13], [5, 13], [4, 13]]}
META {"type": "geom", "shape": "line", "group": "offpath", "data": [[4, 8, 3, 8], [16, 12, 22, 12], [16, 13, 16, 12], [19, 11, 19, 13], [19, 13, 19, 11], [12, 2, 10, 2], [24, 11, 26, 11], [29, 5, 28, 5], [10, 2, 12, 2], [10, 8, 10, 9], [10, 9, 10, 8], [26, 11, 24, 11], [25, 13, 25, 3], [25, 3, 25, 13], [28, 5, 29, 5], [5, 6, 3, 6], [3, 6, 5, 6], [3, 8, 4, 8], [17, 11, 17, 13], [17, 13, 17, 11], [18, 2, 18, 4], [18, 13, 16, 13], [18, 4, 18, 2], [18, 9, 18, 13], [22, 12, 22, 13], [22, 13, 22, 9], [22, 9, 18, 9]]}
