--------------------------------
--------------------------------
--------------------------------
--X------X----------------------
--------------------------------
--------------------------------
--XQQX-------Q------------------
--------XXX---------------------
--------------------------------
--------XXX---------------------
--------------------------------
--------------------------------
-------<>--X--------------------
-------[]--XX----XX------XX-----
-{-----[]--XXX--XXX-----XXX---}-
XXXXXXXXXXXXXXXXXXXXXXXXXXXXXXXX
META {"type": "solver", "id": "pysat-rc2", "objective": 0}
META {"type": "geom", "shape": "path", "group": "path", "data": [[14, 1, 10, 1], [10, 1, 11, 2], [11, 2, 12, 3], [12, 3, 13, 2], [13, 2, 14, 2], [14, 2, 13, 3], [13, 3, 14, 3], [14, 3, 11, 6], [11, 6, 12, 5], [12, 5, 13, 4], [13, 4, 14, 4], [14, 4, 11, 7], [11, 7, 10, 7], [10, 7, 11, 8], [11, 8, 11, 9], [11, 9, 12, 9], [12, 9, 13, 10], [13, 10, 14, 9], [14, 9, 13, 9], [13, 9, 14, 10], [14, 10, 10, 10], [10, 10, 11, 11], [11, 11, 7, 14], [7, 14, 8, 15], [8, 15, 9, 14], [9, 14, 10, 15], [10, 15, 11, 16], [11, 16, 12, 15], [12, 15, 13, 15], [13, 15, 14, 15], [14, 15, 14, 14], [14, 14, 10, 18], [10, 18, 11, 18], [11, 18, 12, 19], [12, 19, 13, 19], [13, 19, 14, 19], [14, 19, 10, 22], [10, 22, 11, 21], [11, 21, 12, 21], [12, 21, 13, 21], [13, 21, 14, 22], [14, 22, 10, 23], [10, 23, 11, 24], [11, 24, 12, 24], [12, 24, 13, 23], [13, 23, 14, 23], [14, 23, 10, 26], [10, 26, 11, 26], [11, 26, 12, 26], [12, 26, 9, 28], [9, 28, 10, 27], [10, 27, 11, 27], [11, 27, 12, 28], [12, 28, 13, 27], [13, 27, 14, 27], [14, 27, 10, 30], [10, 30, 11, 29], [11, 29, 12, 30], [12, 30, 13, 29], [13, 29, 14, 30]]}
META {"type": "geom", "shape": "tile", "group": "path", "data": [[14, 1], [13, 1], [12, 1], [11, 1], [10, 1], [11, 1], [11, 2], [12, 2], [12, 3], [13, 3], [13, 2], [14, 2], [13, 2], [13, 3], [14, 3], [13, 3], [13, 4], [12, 4], [12, 5], [11, 5], [11, 6], [12, 6], [12, 5], [13, 5], [13, 4], [14, 4], [13, 4], [13, 5], [12, 5], [12, 6], [11, 6], [11, 7], [10, 7], [11, 7], [11, 8], [11, 9], [12, 9], [13, 9], [13, 10], [14, 10], [14, 9], [13, 9], [14, 9], [14, 10], [13, 10], [12, 10], [11, 10], [10, 10], [11, 10], [11, 11], [10, 11], [10, 12], [9, 12], [9, 13], [8, 13], [8, 14], [7, 14], [8, 14], [8, 15], [9, 15], [9, 14], [10, 14], [10, 15], [11, 15], [11, 16], [12, 16], [12, 15], [13, 15], [14, 15], [14, 14], [13, 14], [13, 15], [12, 15], [12, 16], [11, 16], [11, 17], [10, 17], [10, 18], [11, 18], [12, 18], [12, 19], [13, 19], [14, 19], [13, 19], [13, 20], [12, 20], [12, 21], [11, 21], [11, 22], [10, 22], [11, 22], [11, 21], [12, 21], [13, 21], [14, 21], [14, 22], [13, 22], [12, 22], [11, 22], [10, 22], [10, 23], [11, 23], [11, 24], [12, 24], [13, 24], [13, 23], [14, 23], [13, 23], [13, 24], [12, 24], [12, 25], [11, 25], [11, 26], [10, 26], [11, 26], [12, 26], [11, 26], [11, 27], [10, 27], [10, 28], [9, 28], [10, 28], [10, 27], [11, 27], [12, 27], [12, 28], [13, 28], [13, 27], [14, 27], [13, 27], [13, 28], [12, 28], [12, 29], [11, 29], [11, 30], [10, 30], [11, 30], [11, 29], [12, 29], [12, 30], [13, 30], [13, 29], [14, 29], [14, 30]]}
META {"type": "geom", "shape": "line", "group": "offpath", "data": [[13, 28, 14, 29], [13, 13, 11, 12], [13, 31, 14, 31], [13, 0, 14, 0], [13, 22, 14, 21], [10, 12, 11, 13], [10, 28, 11, 28], [0, 2, 1, 1], [4, 10, 5, 10], [4, 8, 5, 7], [4, 13, 5, 13], [4, 2, 5, 2], [4, 5, 5, 5], [4, 4, 5, 4], [3, 6, 4, 5], [3, 7, 4, 8], [3, 11, 4, 10], [3, 14, 4, 13], [3, 1, 4, 2], [3, 4, 4, 4], [6, 10, 5, 9], [6, 8, 2, 4], [6, 9, 2, 5], [8, 11, 9, 11], [2, 10, 3, 11], [2, 7, 3, 7], [2, 2, 0, 2], [2, 9, 1, 9], [2, 15, 3, 14], [2, 5, 3, 6], [2, 4, 3, 4], [2, 0, 3, 1], [1, 7, 2, 7], [1, 8, 2, 9], [1, 14, 2, 15], [1, 9, 2, 10], [1, 1, 2, 2], [11, 12, 12, 13], [11, 28, 12, 29], [11, 13, 12, 12], [11, 31, 12, 31], [11, 0, 12, 0], [11, 22, 12, 23], [5, 10, 6, 10], [5, 7, 6, 8], [5, 13, 1, 14], [5, 2, 2, 0], [5, 9, 6, 9], [5, 5, 1, 8], [5, 4, 1, 7], [14, 21, 14, 20], [14, 28, 10, 28], [14, 29, 14, 28], [14, 31, 11, 31], [14, 20, 11, 22], [14, 0, 11, 0], [9, 11, 10, 12], [12, 12, 8, 11], [12, 29, 13, 28], [12, 13, 13, 13], [12, 31, 13, 31], [12, 23, 13, 22], [12, 0, 13, 0]]}
