XXXXXXXXXXXXXXXX
X0------------1X
XXX-XXX-X----XXX
XXXXXXX-X----XXX
XXXXXXX-X-XXX--X
X---XX-X-XXXX-XX
X-----X--XXXX-XX
X--XXX----XXX--X
X--------------X
X--------------X
XXXX--XXX------X
XXXX--XXXXX-XXXX
XXXX--XXXXX-XXXX
XXX----XXXX-XXXX
X2---XX-XX----3X
XXXXXXXXXXXXXXXX
META {"type": "solver", "id": "pysat-rc2-boolonly", "objective": 0}
META {"type": "geom", "shape": "path", "group": "path", "data": [[1, 1, 1, 2], [1, 2, 1, 3], [1, 3, 1, 4], [1, 4, 1, 5], [1, 5, 1, 6], [1, 6, 1, 7], [1, 7, 1, 8], [1, 8, 1, 9], [1, 9, 1, 10], [1, 10, 1, 11], [1, 11, 1, 12], [1, 12, 1, 13], [1, 13, 1, 14]]}
META {"type": "geom", "shape": "path", "group": "path", "data": [[14, 1, 14, 2], [14, 2, 14, 3], [14, 3, 13, 3], [13, 3, 13, 4], [13, 4, 12, 4], [12, 4, 11, 4], [11, 4, 10, 4], [10, 4, 9, 4], [9, 4, 9, 5], [9, 5, 9, 6], [9, 6, 9, 7], [9, 7, 9, 8], [9, 8, 9, 9], [9, 9, 9, 10], [9, 10, 9, 11], [9, 11, 10, 11], [10, 11, 11, 11], [11, 11, 12, 11], [12, 11, 13, 11], [13, 11, 14, 11], [14, 11, 14, 12], [14, 12, 14, 13], [14, 13, 14, 14]]}
META {"type": "geom", "shape": "tile", "group": "reachable", "data": [[1, 1], [1, 2], [1, 3], [2, 3], [1, 4], [1, 5], [1, 6], [1, 7], [2, 7], [1, 8], [1, 9], [3, 7], [2, 9], [1, 10], [4, 7], [2, 10], [1, 11], [3, 9], [2, 11], [1, 12], [3, 10], [4, 9], [2, 12], [1, 13], [3, 11], [3, 12]]}
