XXXXXXXXXXXXXXXX
X0----XXXX--1XXX
XXXXX-XXXX-XXXXX
XXXXX--XX--XXXXX
X----X----X-XXXX
XX----XXX--X-XXX
XX---------X---X
X--XX--XX--X-X-X
XXXXXXXXXX-X-X-X
XXXXXXXXXX-X-X-X
X--XX-XXXX-X---X
X--XX-----X-X--X
XXX-----XXXXXXXX
XXX-----XXXXXXXX
X2------------3X
XXXXXXXXXXXXXXXX
META {"type": "solver", "id": "pysat-rc2-boolonly", "objective": 0}
META {"type": "geom", "shape": "path", "group": "path", "data": [[1, 1, 1, 2], [1, 2, 1, 3], [1, 3, 1, 4], [1, 4, 1, 5], [1, 5, 2, 5], [2, 5, 3, 5], [3, 5, 3, 6], [3, 6, 4, 6], [4, 6, 4, 7], [4, 7, 4, 8], [4, 8, 4, 9], [4, 9, 3, 9], [3, 9, 3, 10], [3, 10, 2, 10], [2, 10, 1, 10], [1, 10, 1, 11], [1, 11, 1, 12]]}
META {"type": "geom", "shape": "path", "group": "path", "data": [[14, 1, 14, 2], [14, 2, 14, 3], [14, 3, 14, 4], [14, 4, 14, 5], [14, 5, 14, 6], [14, 6, 14, 7], [14, 7, 14, 8], [14, 8, 14, 9], [14, 9, 14, 10], [14, 10, 14, 11], [14, 11, 14, 12], [14, 12, 14, 13], [14, 13, 14, 14]]}
META {"type": "geom", "shape": "tile", "group": "reachable", "data": [[1, 1], [1, 2], [1, 3], [1, 4], [1, 5], [2, 5], [3, 5], [3, 6], [4, 6], [4, 7], [4, 8], [4, 9], [3, 9], [5, 9], [3, 10], [6, 9], [5, 10], [2, 10], [6, 10], [7, 9], [6, 8], [1, 10], [7, 10], [6, 7], [1, 11], [8, 10], [6, 6], [9, 10], [7, 6], [6, 5], [10, 10], [5, 5], [7, 5], [6, 4], [5, 4], [6, 3], [4, 4], [5, 3], [6, 2], [4, 3], [5, 2], [7, 2], [4, 2], [7, 1], [4, 1]]}
