XXXXXXXXXXXXXXXX
----------------
-}--------------
XXX-------------
XXX----XX--XX---
-------XX--XX---
---XX--XX-------
XX-XX--XX--XX---
XX-----XX--XX---
----XXXXXXXXXXXX
----XXXXXXXXXXXX
XX--------------
XX-XX----XXXXXXX
---XX----XXXXXXX
-------XX-------
-{-----XX-------
XXXX-------XXXXX
XXXX-------XXXXX
----------------
XXXXXXXXXXXXXXXX
META {"type": "solver", "id": "pysat-rc2-boolonly", "objective": 0}
META {"type": "geom", "shape": "path", "group": "path", "data": [[15, 1, 15, 2], [15, 2, 15, 3], [15, 3, 13, 7], [13, 7, 11, 3], [11, 3, 9, 1], [9, 1, 10, 1], [10, 1, 8, 4], [8, 4, 8, 5], [8, 5, 8, 6], [8, 6, 6, 6], [6, 6, 4, 3], [4, 3, 5, 4], [5, 4, 3, 8], [3, 8, 3, 7], [3, 7, 1, 3], [1, 3, 2, 2], [2, 2, 2, 1]]}
META {"type": "geom", "shape": "tile", "group": "path", "data": [[15, 1], [15, 2], [15, 3], [15, 4], [14, 4], [14, 5], [13, 5], [13, 6], [13, 7], [13, 6], [12, 6], [12, 5], [11, 5], [11, 4], [11, 3], [11, 2], [10, 2], [10, 1], [9, 1], [10, 1], [10, 2], [9, 2], [9, 3], [8, 3], [8, 4], [8, 5], [8, 6], [7, 6], [6, 6], [6, 5], [5, 5], [5, 4], [4, 4], [4, 3], [5, 3], [5, 4], [5, 5], [4, 5], [4, 6], [3, 6], [3, 7], [3, 8], [3, 7], [3, 6], [2, 6], [2, 5], [1, 5], [1, 4], [1, 3], [2, 3], [2, 2], [2, 1]]}
META {"type": "geom", "shape": "line", "group": "offpath", "data": [[18, 3, 18, 4], [18, 11, 18, 10], [18, 1, 18, 2], [18, 5, 18, 6], [18, 4, 18, 3], [18, 6, 18, 5], [18, 10, 18, 11], [18, 2, 18, 1], [3, 3, 4, 4], [6, 1, 4, 6], [4, 4, 5, 3], [4, 6, 5, 6], [2, 3, 3, 3], [15, 13, 15, 12], [15, 11, 14, 10], [15, 12, 15, 13], [14, 10, 15, 11], [8, 15, 8, 14], [8, 14, 8, 15], [5, 3, 5, 2], [5, 6, 2, 3], [5, 2, 6, 1]]}
