XXXXXXXXXXXXXXXX
XXXXXXXXXXXXXXXX
XXXX----XXXX}XXX
XXXX----XXXX-XXX
XXXXXX--XXXX-XXX
XXXXXX##-----XXX
XXXXXX--XXX---XX
XXX-----XXX##-XX
XX----XXXXX---XX
XXXX---XXXX---XX
XXXX-#-XXX--XXXX
XXX----XXX---XXX
XXX##----XX--XXX
XXX-------X---XX
XXX-###-----#-XX
XXX-----XX----XX
XX-------X----XX
XX----#-------XX
XX--#-----X---XX
XXX----#-XXX--XX
XXXX-----XXX--XX
XXXX--#--XXX--XX
XX-------XXXXXXX
XX--XX-X-XXXXXXX
XX-XXXXX-XXXXXXX
XX-XXXXX-XXX--XX
XX-XXXXX---XXXXX
XX---XXX##-XXXXX
XX---------XXXXX
XX--X---{-----XX
XXXXXXXXXXXXXXXX
XXXXXXXXXXXXXXXX
META {"type": "solver", "id": "pysat-rc2", "objective": 0}
META {"type": "geom", "shape": "path", "group": "path", "data": [[29, 8, 28, 8], [28, 8, 28, 2], [28, 2, 22, 2], [22, 2, 22, 8], [22, 8, 16, 8], [16, 8, 16, 2], [16, 2, 18, 2], [18, 2, 18, 3], [18, 3, 19, 3], [19, 3, 13, 3], [13, 3, 13, 9], [13, 9, 14, 9], [14, 9, 14, 11], [14, 11, 18, 11], [18, 11, 8, 11], [8, 11, 8, 13], [8, 13, 6, 13], [6, 13, 6, 11], [6, 11, 5, 11], [5, 11, 5, 12], [5, 12, 6, 12], [6, 12, 2, 12]]}
META {"type": "geom", "shape": "tile", "group": "path", "data": [[29, 8], [28, 8], [28, 7], [28, 6], [28, 5], [28, 4], [28, 3], [28, 2], [27, 2], [26, 2], [25, 2], [24, 2], [23, 2], [22, 2], [22, 3], [22, 4], [22, 5], [22, 6], [22, 7], [22, 8], [21, 8], [20, 8], [19, 8], [18, 8], [17, 8], [16, 8], [16, 7], [16, 6], [16, 5], [16, 4], [16, 3], [16, 2], [17, 2], [18, 2], [18, 3], [19, 3], [18, 3], [17, 3], [16, 3], [15, 3], [14, 3], [13, 3], [13, 4], [13, 5], [13, 6], [13, 7], [13, 8], [13, 9], [14, 9], [14, 10], [14, 11], [15, 11], [16, 11], [17, 11], [18, 11], [17, 11], [16, 11], [15, 11], [14, 11], [13, 11], [12, 11], [11, 11], [10, 11], [9, 11], [8, 11], [8, 12], [8, 13], [7, 13], [6, 13], [6, 12], [6, 11], [5, 11], [5, 12], [6, 12], [5, 12], [4, 12], [3, 12], [2, 12]]}
META {"type": "geom", "shape": "line", "group": "offpath", "data": [[18, 6, 20, 6], [18, 5, 18, 9], [18, 7, 12, 7], [18, 9, 18, 5], [23, 2, 23, 3], [23, 3, 23, 2], [29, 2, 29, 3], [29, 5, 28, 5], [29, 7, 28, 7], [29, 3, 29, 2], [29, 9, 28, 9], [2, 4, 3, 4], [7, 6, 7, 7], [7, 4, 11, 4], [7, 5, 7, 3], [7, 7, 6, 7], [7, 3, 8, 3], [3, 4, 2, 4], [4, 6, 4, 7], [4, 7, 4, 6], [25, 12, 25, 13], [25, 13, 25, 12], [12, 12, 12, 11], [12, 8, 14, 8], [12, 11, 12, 12], [12, 7, 12, 8], [21, 12, 15, 12], [21, 13, 21, 12], [14, 8, 14, 7], [14, 7, 18, 7], [15, 12, 15, 13], [15, 4, 17, 4], [15, 13, 21, 13], [15, 7, 15, 3], [15, 3, 15, 7], [20, 6, 18, 6], [20, 8, 20, 4], [20, 4, 20, 8], [10, 10, 10, 11], [10, 11, 10, 10], [13, 6, 9, 6], [13, 5, 11, 5], [17, 4, 15, 4], [17, 13, 17, 7], [17, 7, 17, 13], [28, 4, 27, 4], [28, 5, 29, 5], [28, 7, 29, 7], [28, 9, 29, 9], [8, 12, 9, 12], [8, 5, 9, 5], [8, 3, 8, 5], [27, 4, 28, 4], [11, 6, 13, 6], [11, 12, 11, 10], [11, 10, 11, 12], [11, 4, 11, 6], [11, 5, 13, 5], [9, 6, 9, 4], [9, 12, 8, 12], [9, 4, 7, 4], [9, 13, 9, 11], [9, 11, 9, 13], [9, 5, 7, 5], [6, 6, 7, 6], [6, 7, 6, 6]]}
