XXXXXXXXXXXXXXXX
XXXXXXXXXXXXXXXX
XXX----XXXXXX}XX
XX--#---XXXXX-XX
XX----#-XXXX--XX
XX##----XXXX--XX
XX---#--XXXX--XX
XX-X-----XXX--XX
XXXX--XX-XXX--XX
XXXXX--X-XXXX-XX
XXXXXX-----XX-XX
XXXXXX-XX---X-XX
XXXXX---X-----XX
XXX--XX-------XX
XX-X--XX------XX
XXXX--XXX--#--XX
XXXX--XXX----XXX
XXXX--XXX---XXXX
XXX--#---XX--XXX
XXX-------X--XXX
XX---------#-XXX
XX--#-XXX----XXX
XX----XXX##---XX
XX------------XX
XX-#----X----XXX
XX-----XX-XXXXXX
XX--{---X-XXXXXX
XXXXXX----XXXXXX
XXXXXX---X--XXXX
XXXXXXXXXXXXXXXX
XXXXXXXXXXXXXXXX
XXXXXXXXXXXXXXXX
META {"type": "solver", "id": "pysat-rc2", "objective": 0}
META {"type": "geom", "shape": "path", "group": "path", "data": [[26, 4, 22, 4], [22, 4, 22, 5], [22, 5, 26, 5], [26, 5, 26, 7], [26, 7, 28, 7], [28, 7, 28, 6], [28, 6, 28, 8], [28, 8, 27, 8], [27, 8, 27, 9], [27, 9, 23, 9], [23, 9, 23, 13], [23, 13, 22, 13], [22, 13, 22, 11], [22, 11, 24, 11], [24, 11, 24, 12], [24, 12, 18, 12], [18, 12, 18, 11], [18, 11, 16, 11], [16, 11, 16, 12], [16, 12, 12, 12], [12, 12, 12, 13], [12, 13, 2, 13]]}
META {"type": "geom", "shape": "tile", "group": "path", "data": [[26, 4], [25, 4], [24, 4], [23, 4], [22, 4], [22, 5], [23, 5], [24, 5], [25, 5], [26, 5], [26, 6], [26, 7], [27, 7], [28, 7], [28, 6], [28, 7], [28, 8], [27, 8], [27, 9], [26, 9], [25, 9], [24, 9], [23, 9], [23, 10], [23, 11], [23, 12], [23, 13], [22, 13], [22, 12], [22, 11], [23, 11], [24, 11], [24, 12], [23, 12], [22, 12], [21, 12], [20, 12], [19, 12], [18, 12], [18, 11], [17, 11], [16, 11], [16, 12], [15, 12], [14, 12], [13, 12], [12, 12], [12, 13], [11, 13], [10, 13], [9, 13], [8, 13], [7, 13], [6, 13], [5, 13], [4, 13], [3, 13], [2, 13]]}
META {"type": "geom", "shape": "line", "group": "offpath", "data": [[6, 7, 6, 6], [6, 6, 6, 7], [18, 4, 20, 4], [18, 6, 20, 6], [18, 3, 18, 4], [7, 4, 7, 8], [7, 8, 7, 4], [7, 5, 9, 5], [7, 6, 5, 6], [20, 2, 26, 2], [20, 4, 20, 10], [20, 6, 18, 6], [20, 10, 21, 10], [4, 2, 3, 2], [4, 4, 4, 2], [4, 5, 5, 5], [4, 3, 4, 5], [24, 10, 23, 10], [26, 2, 20, 2], [15, 12, 15, 13], [15, 13, 15, 12], [15, 9, 15, 10], [15, 10, 15, 9], [14, 4, 14, 5], [14, 5, 14, 4], [23, 10, 24, 10], [17, 11, 17, 9], [17, 9, 17, 11], [3, 2, 3, 3], [3, 7, 3, 5], [3, 5, 2, 5], [3, 6, 3, 7], [3, 3, 2, 3], [13, 4, 13, 3], [13, 3, 13, 4], [21, 9, 19, 9], [21, 10, 21, 9], [9, 5, 7, 5], [8, 12, 8, 13], [8, 13, 8, 12], [2, 5, 2, 6], [2, 6, 3, 6], [2, 3, 4, 3], [19, 9, 19, 3], [19, 3, 18, 3], [5, 4, 4, 4], [5, 5, 5, 4], [5, 6, 7, 6]]}
