XXXXXXXXXXXXXXXX
X{----X-------XX
XXX------------X
XXX-----X------X
X------------b-X
XX--X---XXXXX-XX
X-----XX-----X-X
X-X-XXXXXX-----X
XX-XXXXXXX-X-XXX
XX-XXXXXXX-----X
XX-----XXX-X-XXX
X-XXBXX--------X
XX-----------XXX
XX-XXXXX--X--XXX
X-------XX----}X
XXXXXXXXXXXXXXXX
META {"type": "solver", "id": "pysat-rc2-boolonly", "objective": 0}
META {"type": "geom", "shape": "path", "group": "path", "data": [[1, 1, 1, 2], [1, 2, 1, 3], [1, 3, 2, 3], [2, 3, 2, 4], [2, 4, 3, 4], [3, 4, 3, 5], [3, 5, 2, 5], [2, 5, 2, 6], [2, 6, 3, 6], [3, 6, 4, 6], [4, 6, 4, 7], [4, 7, 4, 8], [4, 8, 4, 9], [4, 9, 3, 9], [3, 9, 3, 10], [3, 10, 4, 10], [4, 10, 4, 11], [4, 11, 4, 12], [4, 12, 4, 13]]}
META {"type": "geom", "shape": "tile", "group": "path", "data": [[1, 1], [1, 2], [1, 3], [2, 3], [2, 4], [3, 4], [3, 5], [2, 5], [2, 6], [3, 6], [4, 6], [4, 7], [4, 8], [4, 9], [3, 9], [3, 10], [4, 10], [4, 11], [4, 12], [4, 13]]}
META {"type": "geom", "shape": "line", "group": "offpath", "data": [[4, 4, 4, 5], [4, 5, 4, 4], [4, 3, 4, 2], [4, 2, 4, 3], [3, 12, 3, 11], [3, 11, 3, 12], [3, 14, 2, 14], [2, 12, 2, 13], [2, 10, 2, 9], [2, 13, 1, 13], [2, 11, 2, 10], [2, 9, 2, 8], [2, 8, 1, 8], [2, 7, 1, 7], [2, 14, 3, 14], [1, 12, 2, 12], [1, 10, 1, 11], [1, 13, 1, 12], [1, 11, 2, 11], [1, 4, 1, 5], [1, 9, 1, 10], [1, 8, 1, 9], [1, 7, 2, 7], [1, 5, 1, 4]]}
META {"type": "geom", "shape": "path", "group": "path", "data": [[11, 4, 12, 4], [12, 4, 12, 5], [12, 5, 12, 6], [12, 6, 12, 7], [12, 7, 12, 8], [12, 8, 12, 9], [12, 9, 12, 10], [12, 10, 12, 11], [12, 11, 12, 12], [12, 12, 13, 12], [13, 12, 14, 12], [14, 12, 14, 13], [14, 13, 14, 14]]}
META {"type": "geom", "shape": "tile", "group": "path", "data": [[11, 4], [12, 4], [12, 5], [12, 6], [12, 7], [12, 8], [12, 9], [12, 10], [12, 11], [12, 12], [13, 12], [14, 12], [14, 13], [14, 14]]}
META {"type": "geom", "shape": "line", "group": "offpath", "data": [[5, 6, 5, 5], [5, 5, 5, 6], [5, 3, 5, 2], [5, 2, 5, 3], [11, 12, 11, 13], [11, 10, 11, 11], [11, 13, 11, 12], [11, 11, 11, 10]]}
