XXXXXXXXXXXXXXXX
----------------
------XX-----XXX
------XX-----XXX
-XX-------------
-XX--XXXX-----}-
-XX--XXXX-XXXXXX
-XX-------XXXXXX
XXXXX-----------
XXXXX-----------
-------XX-------
-------XX-------
---XX----XXXXXX-
---XX----XXXXXX-
-------XX-------
-XX----XX-------
-XX-------------
-XX-------------
-XX----{--------
XXXXXXXXXXXXXXXX
META {"type": "solver", "id": "pysat-rc2", "objective": 0}
META {"type": "geom", "shape": "path", "group": "path", "data": [[18, 7, 18, 6], [18, 6, 18, 5], [18, 5, 18, 4], [18, 4, 18, 3], [18, 3, 15, 3], [15, 3, 16, 3], [16, 3, 13, 7], [13, 7, 11, 4], [11, 4, 9, 8], [9, 8, 9, 7], [9, 7, 7, 4], [7, 4, 7, 3], [7, 3, 5, 3], [5, 3, 4, 5], [4, 5, 2, 3], [2, 3, 3, 2], [3, 2, 1, 7], [1, 7, 1, 8], [1, 8, 2, 8], [2, 8, 3, 9], [3, 9, 4, 10], [4, 10, 5, 10], [5, 10, 3, 8], [3, 8, 4, 8], [4, 8, 2, 10], [2, 10, 3, 11], [3, 11, 4, 11], [4, 11, 5, 12], [5, 12, 5, 13], [5, 13, 5, 14]]}
META {"type": "geom", "shape": "tile", "group": "path", "data": [[18, 7], [18, 6], [18, 5], [18, 4], [18, 3], [17, 3], [16, 3], [15, 3], [16, 3], [16, 4], [15, 4], [15, 5], [14, 5], [14, 6], [13, 6], [13, 7], [13, 6], [12, 6], [12, 5], [11, 5], [11, 4], [11, 5], [10, 5], [10, 6], [9, 6], [9, 7], [9, 8], [9, 7], [9, 6], [8, 6], [8, 5], [7, 5], [7, 4], [7, 3], [6, 3], [5, 3], [5, 4], [4, 4], [4, 5], [4, 4], [3, 4], [3, 3], [2, 3], [3, 3], [3, 2], [3, 3], [2, 3], [2, 4], [1, 4], [1, 5], [1, 6], [1, 7], [1, 8], [2, 8], [3, 8], [3, 9], [4, 9], [4, 10], [5, 10], [5, 9], [4, 9], [4, 8], [3, 8], [4, 8], [4, 9], [3, 9], [3, 10], [2, 10], [3, 10], [3, 11], [4, 11], [5, 11], [5, 12], [5, 13], [5, 14]]}
META {"type": "geom", "shape": "line", "group": "offpath", "data": [[11, 3, 10, 2], [1, 13, 1, 14], [1, 14, 1, 13], [10, 2, 11, 3], [12, 8, 13, 8], [13, 8, 12, 8], [14, 2, 14, 1], [14, 1, 14, 2]]}
