XXXXXXXXXXXXXXXX
----------------
-}-------XX-----
XXX------XX---XX
XXX---XX------XX
---XX-XX--------
---XX-----XXXXXX
---XX-----XXXXXX
XXXXXXX---------
XXXXXXX-XXX-----
--------XXX-----
-------------XXX
---------XXX-XXX
XX-------XXX----
XX-XX-----------
---XX-XX---XX---
------XX---XX---
-----------XX---
--------{--XX---
XXXXXXXXXXXXXXXX
META {"type": "solver", "id": "pysat-rc2", "objective": 0}
META {"type": "geom", "shape": "path", "group": "path", "data": [[18, 8, 18, 9], [18, 9, 18, 10], [18, 10, 16, 10], [16, 10, 13, 6], [13, 6, 14, 6], [14, 6, 12, 3], [12, 3, 13, 3], [13, 3, 11, 0], [11, 0, 12, 1], [12, 1, 10, 5], [10, 5, 11, 5], [11, 5, 12, 5], [12, 5, 13, 4], [13, 4, 11, 9], [11, 9, 11, 10], [11, 10, 11, 11], [11, 11, 9, 13], [9, 13, 10, 13], [10, 13, 8, 10], [8, 10, 8, 9], [8, 9, 8, 8], [8, 8, 6, 5], [6, 5, 7, 5], [7, 5, 5, 5], [5, 5, 6, 6], [6, 6, 7, 6], [7, 6, 5, 11], [5, 11, 5, 10], [5, 10, 3, 5], [3, 5, 4, 4], [4, 4, 2, 7], [2, 7, 3, 6], [3, 6, 1, 3], [1, 3, 2, 2], [2, 2, 2, 1]]}
META {"type": "geom", "shape": "tile", "group": "path", "data": [[18, 8], [18, 9], [18, 10], [17, 10], [16, 10], [16, 9], [15, 9], [15, 8], [14, 8], [14, 7], [13, 7], [13, 6], [14, 6], [14, 5], [13, 5], [13, 4], [12, 4], [12, 3], [13, 3], [13, 2], [12, 2], [12, 1], [11, 1], [11, 0], [12, 0], [12, 1], [12, 2], [11, 2], [11, 3], [10, 3], [10, 4], [10, 5], [11, 5], [12, 5], [13, 5], [13, 4], [13, 5], [12, 5], [12, 6], [11, 6], [11, 7], [11, 8], [11, 9], [11, 10], [11, 11], [11, 12], [10, 12], [10, 13], [9, 13], [10, 13], [10, 12], [9, 12], [9, 11], [8, 11], [8, 10], [8, 9], [8, 8], [8, 7], [7, 7], [7, 6], [6, 6], [6, 5], [7, 5], [6, 5], [5, 5], [6, 5], [6, 6], [7, 6], [7, 7], [6, 7], [6, 8], [5, 8], [5, 9], [5, 10], [5, 11], [5, 10], [5, 9], [4, 9], [4, 8], [3, 8], [3, 7], [3, 6], [3, 5], [4, 5], [4, 4], [4, 5], [3, 5], [3, 6], [2, 6], [2, 7], [3, 7], [3, 6], [3, 5], [2, 5], [2, 4], [1, 4], [1, 3], [2, 3], [2, 2], [2, 1]]}
META {"type": "geom", "shape": "line", "group": "offpath", "data": [[5, 13, 5, 12], [5, 12, 5, 13], [5, 15, 5, 14], [5, 14, 5, 15], [18, 6, 18, 7], [18, 7, 18, 6]]}
