XXXXXXXXXXXXXXXX
----------------
-}--------------
XXXX-----XX-----
XXXX-XX--XX-XX--
-----XX--XX-XX--
---------XX-----
----XXXXXXXXXXXX
----XXXXXXXXXXXX
XX--------------
XX-----------XXX
----XXXXXXX--XXX
----XXXXXXX-----
XX--------------
XX--------------
----XX---XX-----
----XX---XX-----
---------XX-----
------{--XX-----
XXXXXXXXXXXXXXXX
META {"type": "solver", "id": "pysat-rc2", "objective": 0}
META {"type": "geom", "shape": "path", "group": "path", "data": [[18, 6, 18, 7], [18, 7, 18, 8], [18, 8, 15, 8], [15, 8, 16, 8], [16, 8, 13, 4], [13, 4, 14, 4], [14, 4, 12, 0], [12, 0, 12, 1], [12, 1, 10, 4], [10, 4, 8, 0], [8, 0, 8, 1], [8, 1, 6, 6], [6, 6, 6, 7], [6, 7, 6, 8], [6, 8, 4, 8], [4, 8, 3, 6], [3, 6, 1, 8], [1, 8, 2, 9], [2, 9, 1, 7], [1, 7, 2, 6], [2, 6, 3, 5], [3, 5, 1, 2], [1, 2, 2, 1]]}
META {"type": "geom", "shape": "tile", "group": "path", "data": [[18, 6], [18, 7], [18, 8], [17, 8], [16, 8], [15, 8], [16, 8], [16, 7], [15, 7], [15, 6], [14, 6], [14, 5], [13, 5], [13, 4], [14, 4], [14, 3], [13, 3], [13, 2], [12, 2], [12, 1], [12, 0], [12, 1], [12, 2], [11, 2], [11, 3], [10, 3], [10, 4], [10, 3], [9, 3], [9, 2], [8, 2], [8, 1], [8, 0], [8, 1], [8, 2], [7, 2], [7, 3], [6, 3], [6, 4], [6, 5], [6, 6], [6, 7], [6, 8], [5, 8], [4, 8], [4, 7], [3, 7], [3, 6], [3, 7], [2, 7], [2, 8], [1, 8], [2, 8], [2, 9], [2, 8], [1, 8], [1, 7], [2, 7], [2, 6], [3, 6], [3, 5], [3, 4], [2, 4], [2, 3], [1, 3], [1, 2], [2, 2], [2, 1]]}
META {"type": "geom", "shape": "line", "group": "offpath", "data": [[4, 7, 5, 8], [18, 13, 18, 12], [18, 3, 18, 2], [18, 5, 18, 4], [18, 14, 18, 13], [18, 11, 17, 11], [18, 4, 18, 5], [18, 12, 18, 11], [18, 2, 18, 3], [17, 13, 18, 14], [17, 11, 14, 14], [17, 8, 15, 6], [16, 14, 17, 13], [16, 7, 17, 8], [5, 8, 4, 7], [14, 5, 13, 6], [14, 14, 15, 13], [2, 14, 3, 13], [2, 11, 3, 12], [2, 10, 2, 11], [15, 13, 16, 14], [15, 6, 16, 7], [3, 13, 1, 15], [3, 12, 1, 9], [1, 9, 2, 10], [1, 15, 2, 14], [13, 6, 14, 5]]}
