XXXXXXXXXXXXXXXX
----------------
-}----------XX--
XXX------XX-XX--
XXX------XX---XX
-----XXX-XX---XX
-----XXX-XX-----
---------XX-----
-----XXXXXXXXXXX
XX---XXXXXXXXXXX
XX--------------
----XX----------
----XX-XX-----XX
XX-----XX-----XX
XX-XXX----------
---XXX----XX----
----------XX----
----------XX----
----{-----XX----
XXXXXXXXXXXXXXXX
META {"type": "solver", "id": "pysat-rc2", "objective": 0}
META {"type": "geom", "shape": "path", "group": "path", "data": [[18, 4, 18, 5], [18, 5, 18, 6], [18, 6, 18, 7], [18, 7, 18, 8], [18, 8, 18, 9], [18, 9, 15, 9], [15, 9, 16, 9], [16, 9, 13, 5], [13, 5, 13, 4], [13, 4, 13, 3], [13, 3, 11, 1], [11, 1, 12, 0], [12, 0, 12, 1], [12, 1, 10, 4], [10, 4, 8, 1], [8, 1, 6, 4], [6, 4, 7, 5], [7, 5, 7, 6], [7, 6, 7, 7], [7, 7, 7, 8], [7, 8, 4, 8], [4, 8, 3, 7], [3, 7, 4, 6], [4, 6, 4, 5], [4, 5, 2, 1]]}
META {"type": "geom", "shape": "tile", "group": "path", "data": [[18, 4], [18, 5], [18, 6], [18, 7], [18, 8], [18, 9], [17, 9], [16, 9], [15, 9], [16, 9], [16, 8], [15, 8], [15, 7], [14, 7], [14, 6], [13, 6], [13, 5], [13, 4], [13, 3], [13, 2], [12, 2], [12, 1], [11, 1], [12, 1], [12, 0], [12, 1], [12, 2], [11, 2], [11, 3], [10, 3], [10, 4], [10, 3], [9, 3], [9, 2], [8, 2], [8, 1], [8, 2], [7, 2], [7, 3], [6, 3], [6, 4], [7, 4], [7, 5], [7, 6], [7, 7], [7, 8], [6, 8], [5, 8], [4, 8], [4, 7], [3, 7], [4, 7], [4, 6], [4, 5], [4, 4], [3, 4], [3, 3], [2, 3], [2, 2], [2, 1]]}
META {"type": "geom", "shape": "line", "group": "offpath", "data": [[11, 7, 10, 6], [11, 14, 10, 13], [11, 8, 10, 9], [16, 8, 17, 9], [12, 13, 13, 12], [10, 6, 11, 7], [10, 13, 11, 14], [10, 9, 11, 8], [17, 9, 14, 6], [2, 9, 1, 8], [1, 8, 2, 9], [6, 11, 5, 12], [6, 12, 7, 13], [7, 11, 5, 11], [7, 13, 7, 12], [7, 12, 7, 11], [5, 11, 6, 12], [5, 12, 6, 11], [15, 7, 16, 8], [18, 2, 18, 3], [18, 13, 18, 12], [18, 12, 18, 13], [18, 3, 18, 2], [14, 6, 15, 7], [14, 11, 12, 13], [13, 12, 14, 11]]}
