XXXXXXXXXXXXXXXX
----------------
-}--------------
XXX-------------
XXX---------XX--
-----XXXX---XX--
XXXX-XXXX-------
XXXX-------XXXXX
-----XX----XXXXX
-----XX---------
-----XX---------
XXXXXXXXX-------
XXXXXXXXX----XXX
----------XX-XXX
--XX------XX----
--XX--XX----XX--
------XX----XX--
------------XX--
----{-------XX--
XXXXXXXXXXXXXXXX
META {"type": "solver", "id": "pysat-rc2", "objective": 0}
META {"type": "geom", "shape": "path", "group": "path", "data": [[18, 4, 18, 5], [18, 5, 18, 6], [18, 6, 18, 7], [18, 7, 18, 8], [18, 8, 18, 9], [18, 9, 18, 10], [18, 10, 18, 11], [18, 11, 17, 11], [17, 11, 14, 7], [14, 7, 12, 11], [12, 11, 10, 14], [10, 14, 11, 14], [11, 14, 11, 13], [11, 13, 9, 8], [9, 8, 10, 7], [10, 7, 9, 7], [9, 7, 6, 11], [6, 11, 4, 6], [4, 6, 4, 5], [4, 5, 2, 2], [2, 2, 2, 1]]}
META {"type": "geom", "shape": "tile", "group": "path", "data": [[18, 4], [18, 5], [18, 6], [18, 7], [18, 8], [18, 9], [18, 10], [18, 11], [17, 11], [17, 10], [16, 10], [16, 9], [15, 9], [15, 8], [14, 8], [14, 7], [14, 8], [13, 8], [13, 9], [12, 9], [12, 10], [12, 11], [12, 12], [11, 12], [11, 13], [10, 13], [10, 14], [11, 14], [11, 13], [11, 12], [10, 12], [10, 11], [9, 11], [9, 10], [9, 9], [9, 8], [10, 8], [10, 7], [9, 7], [9, 8], [8, 8], [8, 9], [7, 9], [7, 10], [6, 10], [6, 11], [6, 10], [5, 10], [5, 9], [4, 9], [4, 8], [4, 7], [4, 6], [4, 5], [4, 4], [3, 4], [3, 3], [2, 3], [2, 2], [2, 1]]}
META {"type": "geom", "shape": "line", "group": "offpath", "data": [[17, 14, 16, 15], [5, 3, 4, 4], [1, 15, 2, 14], [1, 10, 2, 10], [16, 15, 17, 14], [2, 13, 3, 12], [2, 14, 3, 13], [2, 10, 3, 9], [18, 2, 18, 1], [18, 1, 18, 2], [4, 4, 5, 3], [4, 8, 2, 13], [3, 13, 1, 15], [3, 9, 4, 8], [3, 12, 1, 10], [6, 13, 6, 12], [6, 12, 6, 13], [14, 6, 13, 5], [13, 5, 14, 6]]}
