XXXXXXXXXXXXXXXX
----------------
-------XX----XXX
----XX-XX----XXX
----XX----------
----XX-XXX----}-
----XX-XXX---XXX
----XX-------XXX
XXXXXXXXXXX-----
XXXXXXXXXXX-----
-------------XXX
-------------XXX
---XX--XXXX-----
---XX--XXXX-----
-------------XX-
-------------XX-
--XX----XXX-----
--XX----XXX-----
--XX--------{---
XXXXXXXXXXXXXXXX
META {"type": "solver", "id": "pysat-rc2", "objective": 0}
META {"type": "geom", "shape": "path", "group": "path", "data": [[18, 12, 18, 11], [18, 11, 18, 10], [18, 10, 18, 9], [18, 9, 18, 8], [18, 8, 18, 7], [18, 7, 18, 6], [18, 6, 18, 5], [18, 5, 18, 4], [18, 4, 17, 4], [17, 4, 14, 8], [14, 8, 15, 9], [15, 9, 15, 10], [15, 10, 13, 14], [13, 14, 13, 13], [13, 13, 11, 10], [11, 10, 9, 15], [9, 15, 9, 14], [9, 14, 9, 13], [9, 13, 7, 8], [7, 8, 7, 9], [7, 9, 7, 10], [7, 10, 5, 15], [5, 15, 5, 14]]}
META {"type": "geom", "shape": "tile", "group": "path", "data": [[18, 12], [18, 11], [18, 10], [18, 9], [18, 8], [18, 7], [18, 6], [18, 5], [18, 4], [17, 4], [17, 5], [16, 5], [16, 6], [15, 6], [15, 7], [14, 7], [14, 8], [15, 8], [15, 9], [15, 10], [15, 11], [14, 11], [14, 12], [13, 12], [13, 13], [13, 14], [13, 13], [13, 12], [12, 12], [12, 11], [11, 11], [11, 10], [11, 11], [10, 11], [10, 12], [9, 12], [9, 13], [9, 14], [9, 15], [9, 14], [9, 13], [9, 12], [8, 12], [8, 11], [7, 11], [7, 10], [7, 9], [7, 8], [7, 9], [7, 10], [7, 11], [6, 11], [6, 12], [5, 12], [5, 13], [5, 14], [5, 15], [5, 14]]}
META {"type": "geom", "shape": "line", "group": "offpath", "data": [[6, 0, 7, 0], [3, 2, 4, 1], [7, 3, 4, 3], [7, 7, 7, 6], [7, 6, 7, 7], [7, 0, 7, 1], [7, 1, 7, 2], [7, 2, 7, 3], [4, 3, 3, 2], [4, 7, 4, 8], [4, 8, 4, 7], [4, 1, 5, 1], [2, 4, 2, 5], [2, 5, 2, 4], [5, 1, 6, 0], [18, 0, 18, 1], [18, 1, 18, 0]]}
