XXXXXXXXXXXXXXXX
----------------
------------XXXX
--------XX--XXXX
XX--XX--XX------
XX--XX-------}--
----XX------XXXX
----XX------XXXX
XXXXXXXXXX------
XXXXXXXXXX------
------------XX--
------------XX--
-XX-----XX------
-XX-----XX------
-------------XX-
---{-----XX--XX-
--XXXXXX-XX-----
--XXXXXX-XX-----
---------XX-----
XXXXXXXXXXXXXXXX
META {"type": "solver", "id": "pysat-rc2", "objective": 0}
META {"type": "geom", "shape": "path", "group": "path", "data": [[15, 3, 15, 4], [15, 4, 15, 5], [15, 5, 15, 6], [15, 6, 15, 7], [15, 7, 14, 9], [14, 9, 14, 10], [14, 10, 12, 12], [12, 12, 13, 13], [13, 13, 11, 9], [11, 9, 9, 13], [9, 13, 9, 12], [9, 12, 7, 9], [7, 9, 5, 14], [5, 14, 5, 13]]}
META {"type": "geom", "shape": "tile", "group": "path", "data": [[15, 3], [15, 4], [15, 5], [15, 6], [15, 7], [15, 8], [14, 8], [14, 9], [14, 10], [14, 11], [13, 11], [13, 12], [12, 12], [13, 12], [13, 13], [13, 12], [12, 12], [12, 11], [11, 11], [11, 10], [11, 9], [11, 10], [10, 10], [10, 11], [9, 11], [9, 12], [9, 13], [9, 12], [9, 11], [8, 11], [8, 10], [7, 10], [7, 9], [7, 10], [6, 10], [6, 11], [5, 11], [5, 12], [5, 13], [5, 14], [5, 13]]}
META {"type": "geom", "shape": "line", "group": "offpath", "data": [[1, 6, 2, 5], [1, 8, 2, 8], [12, 15, 13, 14], [6, 3, 5, 2], [6, 6, 5, 7], [6, 2, 7, 3], [17, 13, 18, 12], [18, 4, 18, 3], [18, 3, 18, 4], [18, 11, 16, 11], [18, 7, 18, 6], [18, 12, 18, 11], [18, 6, 18, 7], [13, 14, 12, 15], [16, 11, 15, 12], [16, 12, 17, 13], [2, 5, 3, 4], [2, 8, 1, 6], [7, 3, 6, 3], [3, 4, 3, 5], [3, 5, 1, 8], [3, 1, 3, 0], [3, 0, 3, 1], [5, 7, 6, 6], [5, 2, 6, 2], [15, 12, 16, 12]]}
