XXXXXXXXXXXXXXXX
X--}XXX-----XXXX
X-XXXXXX-XXX---X
X-XXXXXX-------X
X----XXX----XXXX
XX----------XXXX
X-XX-X--XXX----X
X-XX-X--------XX
XX---X----XX-X-X
XXX---X--XXXXXXX
XXX-X----XXXXXXX
XXXXXXXX-XXX{--X
XXXXXXXX-XXXXX-X
XXX------XXXXX-X
X--------------X
XXXXXXXXXXXXXXXX
META {"type": "solver", "id": "pysat-rc2", "objective": 0}
META {"type": "geom", "shape": "path", "group": "path", "data": [[11, 12, 11, 13], [11, 13, 11, 14], [11, 14, 12, 14], [12, 14, 13, 14], [13, 14, 14, 14], [14, 14, 14, 13], [14, 13, 14, 12], [14, 12, 14, 11], [14, 11, 14, 10], [14, 10, 14, 9], [14, 9, 14, 8], [14, 8, 13, 8], [13, 8, 12, 8], [12, 8, 11, 8], [11, 8, 10, 8], [10, 8, 10, 7], [10, 7, 9, 7], [9, 7, 8, 7], [8, 7, 7, 7], [7, 7, 6, 7], [6, 7, 5, 7], [5, 7, 5, 6], [5, 6, 5, 5], [5, 5, 5, 4], [5, 4, 5, 3], [5, 3, 5, 2], [5, 2, 4, 2], [4, 2, 4, 1], [4, 1, 3, 1], [3, 1, 2, 1], [2, 1, 1, 1], [1, 1, 1, 2], [1, 2, 1, 3]]}
META {"type": "geom", "shape": "tile", "group": "path", "data": [[11, 12], [11, 13], [11, 14], [12, 14], [13, 14], [14, 14], [14, 13], [14, 12], [14, 11], [14, 10], [14, 9], [14, 8], [13, 8], [12, 8], [11, 8], [10, 8], [10, 7], [9, 7], [8, 7], [7, 7], [6, 7], [5, 7], [5, 6], [5, 5], [5, 4], [5, 3], [5, 2], [4, 2], [4, 1], [3, 1], [2, 1], [1, 1], [1, 2], [1, 3]]}
META {"type": "geom", "shape": "line", "group": "offpath", "data": [[8, 2, 8, 3], [8, 3, 8, 2], [8, 8, 9, 8], [14, 5, 13, 5], [14, 1, 14, 2], [14, 2, 14, 1], [14, 3, 14, 4], [14, 4, 14, 5], [13, 5, 13, 4], [13, 3, 14, 3], [13, 4, 13, 3], [9, 8, 8, 8], [6, 1, 7, 1], [7, 1, 6, 1]]}
