XXXXXXXXXXXXXXXX
X--XXXXXXX-X---X
X---}XXXXX--XXXX
XX-XXXXXX-X-XXXX
X--XXXXX--X----X
X-X-------X----X
X-------XX--XX-X
X----XX-XX--XX-X
X----XX---XX---X
XXX-X----XXXXXXX
XXX------XXXXXXX
X--X-----XXX{--X
X------XXXXXXX-X
X-XXX--XXXXXXX-X
X--------------X
XXXXXXXXXXXXXXXX
META {"type": "solver", "id": "pysat-rc2", "objective": 0}
META {"type": "geom", "shape": "path", "group": "path", "data": [[11, 12, 11, 13], [11, 13, 11, 14], [11, 14, 12, 14], [12, 14, 13, 14], [13, 14, 14, 14], [14, 14, 14, 13], [14, 13, 14, 12], [14, 12, 14, 11], [14, 11, 14, 10], [14, 10, 14, 9], [14, 9, 14, 8], [14, 8, 14, 7], [14, 7, 14, 6], [14, 6, 14, 5], [14, 5, 14, 4], [14, 4, 14, 3], [14, 3, 14, 2], [14, 2, 14, 1], [14, 1, 13, 1], [13, 1, 12, 1], [12, 1, 12, 2], [12, 2, 12, 3], [12, 3, 12, 4], [12, 4, 11, 4], [11, 4, 10, 4], [10, 4, 10, 3], [10, 3, 9, 3], [9, 3, 8, 3], [8, 3, 8, 2], [8, 2, 8, 1], [8, 1, 7, 1], [7, 1, 7, 2], [7, 2, 6, 2], [6, 2, 6, 1], [6, 1, 5, 1], [5, 1, 4, 1], [4, 1, 4, 2], [4, 2, 3, 2], [3, 2, 2, 2], [2, 2, 2, 3], [2, 3, 2, 4]]}
META {"type": "geom", "shape": "tile", "group": "path", "data": [[11, 12], [11, 13], [11, 14], [12, 14], [13, 14], [14, 14], [14, 13], [14, 12], [14, 11], [14, 10], [14, 9], [14, 8], [14, 7], [14, 6], [14, 5], [14, 4], [14, 3], [14, 2], [14, 1], [13, 1], [12, 1], [12, 2], [12, 3], [12, 4], [11, 4], [10, 4], [10, 3], [9, 3], [8, 3], [8, 2], [8, 1], [7, 1], [7, 2], [6, 2], [6, 1], [5, 1], [4, 1], [4, 2], [3, 2], [2, 2], [2, 3], [2, 4]]}
META {"type": "geom", "shape": "line", "group": "offpath", "data": [[7, 14, 8, 14], [7, 3, 7, 4], [7, 4, 7, 3], [7, 10, 6, 10], [11, 6, 11, 5], [11, 8, 11, 7], [11, 7, 11, 6], [11, 5, 10, 5], [8, 8, 8, 7], [8, 14, 7, 14], [8, 7, 8, 8], [13, 5, 12, 5], [4, 9, 4, 8], [4, 8, 4, 9], [10, 6, 9, 6], [10, 8, 11, 8], [10, 7, 10, 8], [10, 5, 10, 6], [5, 6, 6, 6], [5, 9, 5, 8], [5, 8, 5, 9], [5, 14, 6, 14], [5, 3, 6, 3], [5, 12, 5, 11], [5, 11, 5, 12], [5, 4, 5, 3], [5, 7, 6, 7], [5, 5, 5, 6], [9, 6, 9, 7], [9, 7, 10, 7], [1, 1, 2, 1], [6, 6, 6, 5], [6, 14, 5, 14], [6, 3, 6, 4], [6, 4, 5, 4], [6, 7, 5, 7], [6, 10, 7, 10], [6, 5, 5, 5], [2, 1, 1, 1], [12, 5, 13, 5]]}
