XXXXXXXXXXXXXXXX
XXXXXXXXXXXXXXXX
XXXXXXXXX-----XX
XXXX}XXX--XX--XX
XXXX-------X--XX
XXXX---X-X----XX
XXXX##-XXX-#--XX
XXXX--XXXX----XX
XXXXXXXXXXX---XX
XXXXXXXXXXX---XX
XXXXXXXXX-----XX
XXXX-XXXX-----XX
XX---XXX-X-X--XX
XXX-----XX-XXXXX
XXXXXX---X--XXXX
XXXXXX-X----XXXX
XXXX--XXXX---XXX
XXXX---XXX##-XXX
XX-----XXX---XXX
XX--XX-------XXX
XX-XXX---XX---XX
XX-XXX---XX---XX
XX-XXX##--XXX-XX
XX-XXX----XXX-XX
XX--------XXX-XX
XXXXX-#-------XX
XXXXX---------XX
XXX--X------XXXX
XX-XXXXX---XXXXX
XXXXXXXX-{-XXXXX
XXXXXXXXXXXXXXXX
XXXXXXXXXXXXXXXX
META {"type": "solver", "id": "pysat-rc2-boolonly", "objective": 0}
META {"type": "geom", "shape": "path", "group": "path", "data": [[29, 9, 29, 10], [29, 10, 29, 8], [29, 8, 19, 8], [19, 8, 19, 6], [19, 6, 19, 12], [19, 12, 21, 12], [21, 12, 21, 13], [21, 13, 20, 13], [20, 13, 20, 11], [20, 11, 18, 11], [18, 11, 18, 12], [18, 12, 16, 12], [16, 12, 16, 10], [16, 10, 10, 10], [10, 10, 10, 9], [10, 9, 11, 9], [11, 9, 11, 13], [11, 13, 12, 13], [12, 13, 12, 12], [12, 12, 2, 12], [2, 12, 2, 13], [2, 13, 2, 9], [2, 9, 4, 9], [4, 9, 4, 10], [4, 10, 4, 4], [4, 4, 5, 4], [5, 4, 3, 4]]}
META {"type": "geom", "shape": "tile", "group": "path", "data": [[29, 9], [29, 10], [29, 9], [29, 8], [28, 8], [27, 8], [26, 8], [25, 8], [24, 8], [23, 8], [22, 8], [21, 8], [20, 8], [19, 8], [19, 7], [19, 6], [19, 7], [19, 8], [19, 9], [19, 10], [19, 11], [19, 12], [20, 12], [21, 12], [21, 13], [20, 13], [20, 12], [20, 11], [19, 11], [18, 11], [18, 12], [17, 12], [16, 12], [16, 11], [16, 10], [15, 10], [14, 10], [13, 10], [12, 10], [11, 10], [10, 10], [10, 9], [11, 9], [11, 10], [11, 11], [11, 12], [11, 13], [12, 13], [12, 12], [11, 12], [10, 12], [9, 12], [8, 12], [7, 12], [6, 12], [5, 12], [4, 12], [3, 12], [2, 12], [2, 13], [2, 12], [2, 11], [2, 10], [2, 9], [3, 9], [4, 9], [4, 10], [4, 9], [4, 8], [4, 7], [4, 6], [4, 5], [4, 4], [5, 4], [4, 4], [3, 4]]}
META {"type": "geom", "shape": "line", "group": "offpath", "data": [[11, 11, 7, 11], [6, 6, 4, 6], [6, 12, 6, 13], [6, 13, 6, 12], [24, 2, 18, 2], [24, 5, 26, 5], [4, 6, 6, 6], [4, 12, 4, 13], [4, 13, 4, 12], [17, 4, 16, 4], [17, 6, 17, 4], [9, 11, 9, 13], [9, 13, 9, 11], [25, 7, 27, 7], [25, 11, 25, 7], [13, 6, 15, 6], [13, 7, 13, 3], [13, 3, 13, 7], [16, 4, 16, 5], [16, 5, 18, 5], [8, 11, 8, 13], [8, 13, 8, 11], [27, 4, 27, 3], [27, 7, 27, 11], [27, 11, 25, 11], [27, 3, 27, 4], [15, 6, 13, 6], [7, 4, 7, 5], [7, 5, 7, 4], [7, 11, 11, 11], [19, 2, 19, 3], [19, 3, 19, 2], [18, 2, 24, 2], [18, 5, 18, 6], [18, 6, 17, 6], [26, 5, 24, 5]]}
