XXXXXXXXXXXXXXXX
XXXXXXXXXXXXXXXX
XXXXXX-------XXX
XX}XXX##---X--XX
XX------#-XX--XX
XX---------X--XX
XX---XX--#----XX
XX-#--X-----#-XX
XX----XX--#---XX
XX--X--XX-----XX
XXXXX---XX--XXXX
XXXXX-X--X-XXXXX
XXX--XX-----XXXX
XX----X---#-XXXX
XX------X---XXXX
XXXX-X--XX----XX
XXXX-XX--X--XXXX
XXX---XX----XXXX
XX----XXX---XXXX
XX----XXX-XXXXXX
XX##-XXXX-XXXXXX
XX--XXXXX--XXXXX
XX--XXXXX--XXXXX
XX---XXX---XXXXX
XX---XXX##---XXX
XX---XXX---X-XXX
XX-#-XXX--XX--XX
XX---------X--XX
XX------------XX
XXX---{---XXXXXX
XXXXXXXXXXXXXXXX
XXXXXXXXXXXXXXXX
META {"type": "solver", "id": "pysat-rc2", "objective": 0}
META {"type": "geom", "shape": "path", "group": "path", "data": [[29, 6, 27, 6], [27, 6, 27, 2], [27, 2, 21, 2], [21, 2, 21, 3], [21, 3, 25, 3], [25, 3, 25, 2], [25, 2, 25, 4], [25, 4, 23, 4], [23, 4, 29, 4], [29, 4, 29, 3], [29, 3, 29, 9], [29, 9, 25, 9], [25, 9, 25, 10], [25, 10, 21, 10], [21, 10, 21, 9], [21, 9, 23, 9], [23, 9, 17, 9], [17, 9, 17, 11], [17, 11, 18, 11], [18, 11, 12, 11], [12, 11, 12, 7], [12, 7, 10, 7], [10, 7, 10, 5], [10, 5, 11, 5], [11, 5, 7, 5], [7, 5, 7, 4], [7, 4, 8, 4], [8, 4, 8, 2], [8, 2, 9, 2], [9, 2, 3, 2]]}
META {"type": "geom", "shape": "tile", "group": "path", "data": [[29, 6], [28, 6], [27, 6], [27, 5], [27, 4], [27, 3], [27, 2], [26, 2], [25, 2], [24, 2], [23, 2], [22, 2], [21, 2], [21, 3], [22, 3], [23, 3], [24, 3], [25, 3], [25, 2], [25, 3], [25, 4], [24, 4], [23, 4], [24, 4], [25, 4], [26, 4], [27, 4], [28, 4], [29, 4], [29, 3], [29, 4], [29, 5], [29, 6], [29, 7], [29, 8], [29, 9], [28, 9], [27, 9], [26, 9], [25, 9], [25, 10], [24, 10], [23, 10], [22, 10], [21, 10], [21, 9], [22, 9], [23, 9], [22, 9], [21, 9], [20, 9], [19, 9], [18, 9], [17, 9], [17, 10], [17, 11], [18, 11], [17, 11], [16, 11], [15, 11], [14, 11], [13, 11], [12, 11], [12, 10], [12, 9], [12, 8], [12, 7], [11, 7], [10, 7], [10, 6], [10, 5], [11, 5], [10, 5], [9, 5], [8, 5], [7, 5], [7, 4], [8, 4], [8, 3], [8, 2], [9, 2], [8, 2], [7, 2], [6, 2], [5, 2], [4, 2], [3, 2]]}
META {"type": "geom", "shape": "line", "group": "offpath", "data": [[19, 5, 17, 5], [9, 13, 3, 13], [9, 9, 7, 9], [9, 6, 10, 6], [9, 12, 8, 12], [9, 10, 9, 9], [7, 7, 7, 11], [7, 9, 7, 7], [7, 11, 6, 11], [13, 8, 11, 8], [13, 7, 13, 9], [13, 9, 13, 7], [5, 6, 4, 6], [5, 5, 4, 5], [10, 6, 9, 6], [10, 11, 10, 10], [10, 10, 9, 10], [6, 8, 6, 7], [6, 7, 6, 8], [6, 11, 10, 11], [4, 6, 5, 6], [4, 5, 5, 5], [26, 13, 26, 12], [26, 12, 24, 12], [8, 13, 8, 11], [8, 11, 8, 13], [8, 12, 9, 12], [24, 12, 28, 12], [15, 7, 15, 6], [15, 6, 15, 7], [3, 8, 2, 8], [3, 13, 9, 13], [3, 10, 2, 10], [17, 5, 19, 5], [16, 8, 16, 7], [16, 7, 16, 8], [16, 11, 16, 10], [16, 10, 16, 11], [11, 8, 13, 8], [2, 8, 3, 8], [2, 10, 3, 10], [28, 13, 26, 13], [28, 12, 28, 13], [22, 9, 22, 10], [22, 10, 22, 9]]}
