XXXXXXXXXXXXXXXX
XXXXXXXXXXXXXXXX
XXXXX--XXXXX}XXX
XX-----XXXXX-XXX
XX---##--XXX--XX
XX-#----------XX
XX-----XX-----XX
XX--#---X---XXXX
XXX---X---X--XXX
XXX--XXXXXX--XXX
XXXX--XXXXX---XX
XXXX--XXX---X-XX
XX----XXX--XXXXX
XX---------XXXXX
XXX-X--X---XXXXX
XXX-XXXX-----XXX
XXX-XXXX--#---XX
XXX-XXX-#---X-XX
XXX--------XX-XX
XX-----#-X--X-XX
XX---X---XX---XX
XX--XXX---X---XX
XX--XXX##-----XX
XX-------#----XX
XX---------X--XX
XX-X-XX-#-XX--XX
XXXX--X----X--XX
XXXX-----#---XXX
XXXXX-------XXXX
XXXXXX-{--X-XXXX
XXXXXXXXXXXXXXXX
XXXXXXXXXXXXXXXX
META {"type": "solver", "id": "pysat-rc2", "objective": 0}
META {"type": "geom", "shape": "path", "group": "path", "data": [[29, 7, 29, 6], [29, 6, 27, 6], [27, 6, 27, 8], [27, 8, 26, 8], [26, 8, 26, 10], [26, 10, 28, 10], [28, 10, 28, 11], [28, 11, 28, 5], [28, 5, 26, 5], [26, 5, 26, 4], [26, 4, 27, 4], [27, 4, 23, 4], [23, 4, 23, 2], [23, 2, 23, 8], [23, 8, 24, 8], [24, 8, 24, 10], [24, 10, 22, 10], [22, 10, 22, 9], [22, 9, 22, 13], [22, 13, 26, 13], [26, 13, 16, 13], [16, 13, 16, 11], [16, 11, 17, 11], [17, 11, 17, 9], [17, 9, 11, 9], [11, 9, 11, 11], [11, 11, 5, 11], [5, 11, 5, 13], [5, 13, 6, 13], [6, 13, 4, 13], [4, 13, 4, 12], [4, 12, 2, 12]]}
META {"type": "geom", "shape": "tile", "group": "path", "data": [[29, 7], [29, 6], [28, 6], [27, 6], [27, 7], [27, 8], [26, 8], [26, 9], [26, 10], [27, 10], [28, 10], [28, 11], [28, 10], [28, 9], [28, 8], [28, 7], [28, 6], [28, 5], [27, 5], [26, 5], [26, 4], [27, 4], [26, 4], [25, 4], [24, 4], [23, 4], [23, 3], [23, 2], [23, 3], [23, 4], [23, 5], [23, 6], [23, 7], [23, 8], [24, 8], [24, 9], [24, 10], [23, 10], [22, 10], [22, 9], [22, 10], [22, 11], [22, 12], [22, 13], [23, 13], [24, 13], [25, 13], [26, 13], [25, 13], [24, 13], [23, 13], [22, 13], [21, 13], [20, 13], [19, 13], [18, 13], [17, 13], [16, 13], [16, 12], [16, 11], [17, 11], [17, 10], [17, 9], [16, 9], [15, 9], [14, 9], [13, 9], [12, 9], [11, 9], [11, 10], [11, 11], [10, 11], [9, 11], [8, 11], [7, 11], [6, 11], [5, 11], [5, 12], [5, 13], [6, 13], [5, 13], [4, 13], [4, 12], [3, 12], [2, 12]]}
META {"type": "geom", "shape": "line", "group": "offpath", "data": [[23, 11, 19, 11], [9, 4, 8, 4], [9, 11, 9, 12], [9, 12, 9, 11], [9, 3, 9, 4], [14, 5, 14, 6], [14, 6, 13, 6], [8, 5, 8, 3], [8, 4, 8, 5], [8, 11, 8, 12], [8, 12, 8, 11], [8, 3, 9, 3], [5, 5, 5, 4], [5, 4, 3, 4], [5, 10, 7, 10], [5, 6, 7, 6], [12, 2, 13, 2], [12, 5, 14, 5], [12, 9, 12, 10], [12, 10, 12, 9], [12, 3, 12, 5], [2, 5, 2, 6], [2, 6, 2, 5], [27, 10, 27, 12], [27, 11, 29, 11], [27, 12, 27, 10], [29, 9, 28, 9], [29, 11, 27, 11], [13, 2, 12, 2], [13, 10, 11, 10], [13, 6, 13, 10], [20, 2, 20, 4], [20, 4, 20, 2], [20, 6, 20, 8], [20, 8, 20, 6], [6, 2, 6, 6], [6, 6, 5, 6], [6, 3, 6, 2], [11, 5, 11, 4], [11, 4, 11, 5], [11, 10, 15, 10], [11, 13, 10, 13], [4, 2, 4, 4], [4, 4, 4, 2], [10, 5, 10, 4], [10, 4, 10, 5], [10, 13, 11, 13], [19, 11, 23, 11], [28, 9, 29, 9], [24, 13, 24, 12], [24, 12, 24, 13], [21, 2, 21, 3], [21, 11, 21, 13], [21, 13, 21, 11], [21, 3, 21, 2], [16, 9, 18, 9], [16, 8, 16, 9], [7, 2, 7, 3], [7, 5, 5, 5], [7, 10, 5, 10], [7, 6, 7, 5], [7, 3, 6, 3], [18, 9, 18, 3], [18, 3, 12, 3], [15, 10, 15, 12], [15, 12, 15, 8], [15, 8, 16, 8], [3, 2, 7, 2], [3, 4, 3, 2]]}
