XXXXXXXXXXXXXXXX
XXXXXXXXXXXXXXXX
XXXXXXX----XXXXX
XX-------XXXXXXX
XXX--X---XXXXXXX
XXXXXXXX-XXXX}XX
XXXXXXXX-XXXX-XX
XXXX-----XXX--XX
XX---#-------XXX
XX##---##---XXXX
XX-----------XXX
XX--#-----XX-XXX
XX-----##-XX--XX
XX---X-----X--XX
XXX--XX--#----XX
XXX---X-----#-XX
XXX----XX-X---XX
XXX##--XXXXX--XX
XXX---XXXXXXX-XX
XX--XXXXXXXXX-XX
XX--XXXXXXXXX-XX
XX--XXXXXXX---XX
XX------XXX---XX
XX---#------XXXX
XX##--------XXXX
XX-----XX---XXXX
XXX-----X-----XX
XXX-##-----XX-XX
XXX---------X-XX
XXX---XX--{--XXX
XXXXXXXXXXXXXXXX
XXXXXXXXXXXXXXXX
META {"type": "solver", "id": "pysat-rc2", "objective": 0}
META {"type": "geom", "shape": "path", "group": "path", "data": [[29, 10, 23, 10], [23, 10, 23, 11], [23, 11, 21, 11], [21, 11, 21, 13], [21, 13, 22, 13], [22, 13, 12, 13], [12, 13, 12, 12], [12, 12, 14, 12], [14, 12, 14, 10], [14, 10, 15, 10], [15, 10, 13, 10], [13, 10, 13, 6], [13, 6, 7, 6], [7, 6, 7, 8], [7, 8, 8, 8], [8, 8, 8, 6], [8, 6, 8, 12], [8, 12, 7, 12], [7, 12, 7, 13], [7, 13, 5, 13]]}
META {"type": "geom", "shape": "tile", "group": "path", "data": [[29, 10], [28, 10], [27, 10], [26, 10], [25, 10], [24, 10], [23, 10], [23, 11], [22, 11], [21, 11], [21, 12], [21, 13], [22, 13], [21, 13], [20, 13], [19, 13], [18, 13], [17, 13], [16, 13], [15, 13], [14, 13], [13, 13], [12, 13], [12, 12], [13, 12], [14, 12], [14, 11], [14, 10], [15, 10], [14, 10], [13, 10], [13, 9], [13, 8], [13, 7], [13, 6], [12, 6], [11, 6], [10, 6], [9, 6], [8, 6], [7, 6], [7, 7], [7, 8], [8, 8], [8, 7], [8, 6], [8, 7], [8, 8], [8, 9], [8, 10], [8, 11], [8, 12], [7, 12], [7, 13], [6, 13], [5, 13]]}
META {"type": "geom", "shape": "line", "group": "offpath", "data": [[2, 8, 2, 7], [2, 7, 4, 7], [28, 3, 29, 3], [28, 11, 29, 11], [28, 7, 28, 3], [28, 6, 22, 6], [28, 5, 28, 11], [11, 3, 11, 2], [11, 2, 11, 3], [25, 2, 25, 6], [25, 6, 25, 2], [12, 4, 12, 6], [12, 2, 13, 2], [12, 6, 12, 2], [19, 3, 19, 2], [19, 2, 19, 3], [4, 8, 2, 8], [4, 7, 4, 8], [4, 6, 3, 6], [3, 8, 3, 2], [3, 2, 3, 8], [3, 6, 4, 6], [29, 12, 29, 8], [29, 8, 27, 8], [29, 3, 29, 5], [29, 11, 29, 12], [29, 5, 28, 5], [10, 12, 10, 2], [10, 10, 8, 10], [10, 2, 10, 12], [10, 11, 8, 11], [17, 6, 17, 5], [17, 5, 17, 6], [13, 4, 12, 4], [13, 8, 15, 8], [13, 2, 13, 4], [15, 8, 13, 8], [24, 5, 26, 5], [26, 4, 26, 3], [26, 3, 26, 7], [26, 13, 26, 9], [26, 7, 28, 7], [26, 5, 24, 5], [26, 9, 26, 13], [20, 3, 20, 2], [20, 2, 20, 3], [23, 4, 22, 4], [23, 2, 23, 4], [14, 4, 14, 3], [14, 8, 14, 7], [14, 3, 14, 4], [14, 7, 14, 8], [22, 4, 26, 4], [22, 2, 23, 2], [22, 6, 22, 2], [8, 10, 10, 10], [8, 11, 10, 11], [27, 8, 27, 10], [27, 10, 27, 6], [27, 6, 28, 6]]}
