XXXXXXXXXXXXXXXX
XXXXXXXXXXXXXXXX
XX}XXX--------XX
XX-XXX---X--XXXX
XX----X--XX-XXXX
XX---XXX--X-XXXX
XX##-XXXX----XXX
XX---XXXX----XXX
XXX---XXX##--XXX
XXXXX-XXX--#-XXX
XXXXX---------XX
XXX----XX---X-XX
XX-XX--XXX--XXXX
XX--X--XXX--XXXX
XX-----------XXX
XX--X-#----X-XXX
XXXXX---#-XXXXXX
XXXXX-----XXXXXX
XXX-------XXXXXX
XXXXXX----XXXXXX
XXXXXX-#----XXXX
XXXXXX---XX-XXXX
XXXXXX--XXX---XX
XXX-----XXX---XX
XX--#-------#-XX
XX-----#------XX
XX##-#---#----XX
XX---------XXXXX
XX--X-X-{--XXXXX
XXXXXXXXXXXXXXXX
XXXXXXXXXXXXXXXX
XXXXXXXXXXXXXXXX
META {"type": "solver", "id": "pysat-rc2", "objective": 0}
META {"type": "geom", "shape": "path", "group": "path", "data": [[28, 8, 28, 7], [28, 7, 26, 7], [26, 7, 26, 8], [26, 8, 26, 6], [26, 6, 16, 6], [16, 6, 16, 5], [16, 5, 18, 5], [18, 5, 8, 5], [8, 5, 8, 3], [8, 3, 7, 3], [7, 3, 7, 4], [7, 4, 8, 4], [8, 4, 4, 4], [4, 4, 4, 2], [4, 2, 2, 2]]}
META {"type": "geom", "shape": "tile", "group": "path", "data": [[28, 8], [28, 7], [27, 7], [26, 7], [26, 8], [26, 7], [26, 6], [25, 6], [24, 6], [23, 6], [22, 6], [21, 6], [20, 6], [19, 6], [18, 6], [17, 6], [16, 6], [16, 5], [17, 5], [18, 5], [17, 5], [16, 5], [15, 5], [14, 5], [13, 5], [12, 5], [11, 5], [10, 5], [9, 5], [8, 5], [8, 4], [8, 3], [7, 3], [7, 4], [8, 4], [7, 4], [6, 4], [5, 4], [4, 4], [4, 3], [4, 2], [3, 2], [2, 2]]}
META {"type": "geom", "shape": "line", "group": "offpath", "data": [[28, 2, 27, 2], [28, 3, 27, 3], [28, 10, 24, 10], [28, 9, 27, 9], [15, 2, 15, 3], [15, 3, 13, 3], [15, 10, 9, 10], [15, 12, 14, 12], [27, 2, 28, 2], [27, 6, 27, 10], [27, 3, 28, 3], [27, 10, 28, 10], [27, 9, 28, 9], [21, 7, 21, 8], [21, 6, 27, 6], [21, 8, 21, 6], [2, 6, 3, 6], [2, 10, 3, 10], [2, 8, 2, 6], [10, 6, 14, 6], [10, 11, 14, 11], [10, 12, 6, 12], [3, 6, 3, 8], [3, 10, 2, 10], [3, 8, 2, 8], [18, 3, 18, 9], [18, 9, 18, 3], [14, 6, 10, 6], [14, 11, 10, 11], [14, 12, 15, 12], [20, 11, 26, 11], [11, 9, 9, 9], [24, 2, 25, 2], [24, 10, 24, 11], [24, 11, 24, 5], [24, 5, 23, 5], [6, 12, 10, 12], [26, 13, 22, 13], [26, 11, 26, 13], [25, 2, 24, 2], [13, 2, 15, 2], [13, 3, 13, 2], [13, 10, 13, 11], [13, 11, 13, 10], [22, 13, 22, 11], [22, 7, 22, 6], [22, 6, 22, 7], [22, 11, 20, 11], [22, 12, 23, 12], [7, 9, 5, 9], [9, 10, 15, 10], [9, 9, 11, 9], [23, 7, 21, 7], [23, 5, 23, 7], [23, 12, 22, 12], [5, 2, 5, 4], [5, 4, 5, 2], [5, 9, 7, 9]]}
