XXXXXXXXXXXXXXXX
XXXXXXXXXXXXXXXX
XXXX-----XXX}XXX
XXXX-#--------XX
XX------#-----XX
XXX-X------#--XX
XXX-XXX------XXX
XXX-XXX-----XXXX
XXX------#---XXX
XX-----X-----XXX
XX-----XX-#---XX
XX-XX---X-----XX
XX--X-X-------XX
XX--XXX-XXX-#-XX
XXX-XXX-XXX---XX
XXX-XXX------XXX
XXX--------XXXXX
XX---XX-#--XXXXX
XX----X----XXXXX
XX-----X-----XXX
XX-----XXX----XX
XX---#-XXX--X-XX
XX-#---XXXX-XXXX
XX-------XX--XXX
XX--XXXX--X--XXX
XX---XXX---#--XX
XX---XXX##----XX
XX----------XXXX
XXX-{---X-X-XXXX
XXXXXXXXXXXXXXXX
XXXXXXXXXXXXXXXX
XXXXXXXXXXXXXXXX
META {"type": "solver", "id": "pysat-rc2", "objective": 0}
META {"type": "geom", "shape": "path", "group": "path", "data": [[28, 4, 28, 3], [28, 3, 28, 7], [28, 7, 27, 7], [27, 7, 27, 11], [27, 11, 28, 11], [28, 11, 26, 11], [26, 11, 26, 13], [26, 13, 25, 13], [25, 13, 25, 12], [25, 12, 23, 12], [23, 12, 23, 11], [23, 11, 19, 11], [19, 11, 19, 12], [19, 12, 20, 12], [20, 12, 20, 10], [20, 10, 21, 10], [21, 10, 15, 10], [15, 10, 15, 12], [15, 12, 14, 12], [14, 12, 14, 11], [14, 11, 14, 13], [14, 13, 10, 13], [10, 13, 10, 11], [10, 11, 6, 11], [6, 11, 6, 12], [6, 12, 2, 12]]}
META {"type": "geom", "shape": "tile", "group": "path", "data": [[28, 4], [28, 3], [28, 4], [28, 5], [28, 6], [28, 7], [27, 7], [27, 8], [27, 9], [27, 10], [27, 11], [28, 11], [27, 11], [26, 11], [26, 12], [26, 13], [25, 13], [25, 12], [24, 12], [23, 12], [23, 11], [22, 11], [21, 11], [20, 11], [19, 11], [19, 12], [20, 12], [20, 11], [20, 10], [21, 10], [20, 10], [19, 10], [18, 10], [17, 10], [16, 10], [15, 10], [15, 11], [15, 12], [14, 12], [14, 11], [14, 12], [14, 13], [13, 13], [12, 13], [11, 13], [10, 13], [10, 12], [10, 11], [9, 11], [8, 11], [7, 11], [6, 11], [6, 12], [5, 12], [4, 12], [3, 12], [2, 12]]}
META {"type": "geom", "shape": "line", "group": "offpath", "data": [[27, 9, 28, 9], [27, 2, 17, 2], [3, 11, 4, 11], [28, 9, 27, 9], [10, 4, 8, 4], [10, 3, 4, 3], [8, 12, 12, 12], [8, 4, 10, 4], [8, 3, 10, 3], [8, 7, 8, 3], [12, 12, 8, 12], [12, 7, 12, 13], [12, 13, 12, 7], [19, 8, 18, 8], [22, 6, 22, 4], [22, 4, 22, 6], [24, 9, 24, 8], [24, 8, 24, 9], [15, 8, 16, 8], [16, 8, 15, 8], [13, 2, 9, 2], [17, 9, 17, 10], [17, 2, 17, 4], [17, 10, 17, 9], [17, 4, 23, 4], [21, 2, 21, 4], [21, 4, 21, 2], [5, 12, 5, 13], [5, 10, 9, 10], [5, 8, 5, 10], [5, 13, 5, 12], [5, 5, 4, 5], [9, 12, 9, 8], [9, 2, 13, 2], [9, 10, 9, 12], [9, 8, 5, 8], [2, 8, 2, 4], [2, 4, 2, 8], [18, 8, 19, 8], [23, 2, 27, 2], [23, 8, 25, 8], [23, 4, 23, 2], [4, 11, 3, 11], [4, 9, 4, 13], [4, 3, 4, 7], [4, 7, 8, 7], [4, 13, 4, 9], [4, 5, 5, 5], [25, 8, 23, 8]]}
