XXXXXXXXXXXXXXXX
X--}XXX-------XX
X-XXXXX------X-X
X-XXXXX------X-X
X------X-XX--X-X
XX------XXXX-X-X
XX--XXX-XXXX-X-X
X-------XXXX-X-X
XXXXXXX--XXXX--X
XXXXXXX--XXXXXXX
X--------XXXXXXX
XX-XXXXX-XXX{--X
X--------XXXXX-X
X--------XXXXX-X
X--------------X
XXXXXXXXXXXXXXXX
META {"type": "solver", "id": "pysat-rc2", "objective": 0}
META {"type": "geom", "shape": "path", "group": "path", "data": [[11, 12, 11, 13], [11, 13, 11, 14], [11, 14, 12, 14], [12, 14, 13, 14], [13, 14, 14, 14], [14, 14, 14, 13], [14, 13, 14, 12], [14, 12, 14, 11], [14, 11, 14, 10], [14, 10, 14, 9], [14, 9, 14, 8], [14, 8, 14, 7], [14, 7, 14, 6], [14, 6, 14, 5], [14, 5, 14, 4], [14, 4, 13, 4], [13, 4, 13, 3], [13, 3, 13, 2], [13, 2, 12, 2], [12, 2, 11, 2], [11, 2, 10, 2], [10, 2, 10, 3], [10, 3, 10, 4], [10, 4, 10, 5], [10, 5, 10, 6], [10, 6, 10, 7], [10, 7, 9, 7], [9, 7, 8, 7], [8, 7, 7, 7], [7, 7, 6, 7], [6, 7, 5, 7], [5, 7, 5, 6], [5, 6, 5, 5], [5, 5, 5, 4], [5, 4, 5, 3], [5, 3, 5, 2], [5, 2, 4, 2], [4, 2, 4, 1], [4, 1, 3, 1], [3, 1, 2, 1], [2, 1, 1, 1], [1, 1, 1, 2], [1, 2, 1, 3]]}
META {"type": "geom", "shape": "tile", "group": "path", "data": [[11, 12], [11, 13], [11, 14], [12, 14], [13, 14], [14, 14], [14, 13], [14, 12], [14, 11], [14, 10], [14, 9], [14, 8], [14, 7], [14, 6], [14, 5], [14, 4], [13, 4], [13, 3], [13, 2], [12, 2], [11, 2], [10, 2], [10, 3], [10, 4], [10, 5], [10, 6], [10, 7], [9, 7], [8, 7], [7, 7], [6, 7], [5, 7], [5, 6], [5, 5], [5, 4], [5, 3], [5, 2], [4, 2], [4, 1], [3, 1], [2, 1], [1, 1], [1, 2], [1, 3]]}
META {"type": "geom", "shape": "line", "group": "offpath", "data": [[4, 5, 4, 6], [4, 6, 4, 5], [14, 1, 14, 2], [14, 2, 14, 1], [13, 1, 12, 1], [13, 8, 12, 8], [12, 1, 13, 1], [12, 8, 13, 8]]}
