XXXXXXXXXXXXXXXX
X--}XXXXX-X-XX-X
X-XXXXXXX------X
X-XXXXXXX--XX--X
X----XXXXXXXXX-X
XX----XXXXXXXXXX
X---X------XXXXX
X---X-------XX-X
XXX-X-X---XX---X
XXX--X---XXXXXXX
X--------XXXXXXX
XX-X-----XXX{--X
X--X-XXX-XXXXX-X
XX-X-----XXXXX-X
X----XX--------X
XXXXXXXXXXXXXXXX
META {"type": "solver", "id": "pysat-rc2", "objective": 0}
META {"type": "geom", "shape": "path", "group": "path", "data": [[11, 12, 11, 13], [11, 13, 11, 14], [11, 14, 12, 14], [12, 14, 13, 14], [13, 14, 14, 14], [14, 14, 14, 13], [14, 13, 14, 12], [14, 12, 14, 11], [14, 11, 14, 10], [14, 10, 14, 9], [14, 9, 14, 8], [14, 8, 13, 8], [13, 8, 12, 8], [12, 8, 11, 8], [11, 8, 10, 8], [10, 8, 9, 8], [9, 8, 8, 8], [8, 8, 7, 8], [7, 8, 7, 7], [7, 7, 6, 7], [6, 7, 6, 6], [6, 6, 6, 5], [6, 5, 5, 5], [5, 5, 5, 4], [5, 4, 4, 4], [4, 4, 4, 3], [4, 3, 4, 2], [4, 2, 4, 1], [4, 1, 3, 1], [3, 1, 2, 1], [2, 1, 1, 1], [1, 1, 1, 2], [1, 2, 1, 3]]}
META {"type": "geom", "shape": "tile", "group": "path", "data": [[11, 12], [11, 13], [11, 14], [12, 14], [13, 14], [14, 14], [14, 13], [14, 12], [14, 11], [14, 10], [14, 9], [14, 8], [13, 8], [12, 8], [11, 8], [10, 8], [9, 8], [8, 8], [7, 8], [7, 7], [6, 7], [6, 6], [6, 5], [5, 5], [5, 4], [4, 4], [4, 3], [4, 2], [4, 1], [3, 1], [2, 1], [1, 1], [1, 2], [1, 3]]}
META {"type": "geom", "shape": "line", "group": "offpath", "data": [[6, 1, 7, 1], [6, 2, 7, 2], [6, 3, 5, 3], [11, 5, 10, 5], [11, 2, 12, 2], [5, 3, 6, 3], [12, 2, 11, 2], [7, 10, 7, 9], [7, 9, 7, 10], [7, 1, 6, 1], [7, 2, 6, 2], [13, 5, 13, 6], [13, 7, 14, 7], [13, 6, 13, 5], [14, 7, 13, 7], [14, 4, 14, 3], [14, 3, 14, 4], [10, 5, 11, 5], [10, 7, 10, 6], [10, 6, 10, 7]]}
