--------------------------------
--------------------------------
--------------------------------
--------------------------------
--X------X--X--XXX--XX----------
---------------------------X----
--------------------------------
----------X--XXX----------------
------XX------------------------
--------------------------------
-----------------------------Q--
------------X--Q----------------
-------X-----------X--Q---------
------XX----------XX-----<>-----
-{---XXX---------XXX-----[]---}-
XXXXXXXXXXXXXXXXXXXX---XXXXXXXXX
META {"type": "solver", "id": "pysat-rc2", "objective": 0}
META {"type": "geom", "shape": "path", "group": "path", "data": [[14, 1, 14, 2], [14, 2, 11, 2], [11, 2, 12, 2], [12, 2, 13, 3], [13, 3, 14, 3], [14, 3, 11, 5], [11, 5, 12, 6], [12, 6, 8, 10], [8, 10, 9, 10], [9, 10, 10, 11], [10, 11, 11, 11], [11, 11, 12, 10], [12, 10, 13, 11], [13, 11, 14, 11], [14, 11, 14, 12], [14, 12, 10, 8], [10, 8, 11, 9], [11, 9, 12, 9], [12, 9, 13, 8], [13, 8, 14, 8], [14, 8, 10, 12], [10, 12, 6, 13], [6, 13, 4, 13], [4, 13, 5, 13], [5, 13, 6, 14], [6, 14, 2, 13], [2, 13, 3, 14], [3, 14, 4, 14], [4, 14, 5, 14], [5, 14, 6, 15], [6, 15, 3, 12], [3, 12, 0, 14], [0, 14, 1, 14], [1, 14, 2, 14], [2, 14, 3, 15], [3, 15, 0, 17], [0, 17, 1, 18], [1, 18, 2, 18], [2, 18, 3, 17], [3, 17, 1, 19], [1, 19, 2, 20], [2, 20, 3, 20], [3, 20, 2, 21], [2, 21, 3, 22], [3, 22, 4, 23], [4, 23, 5, 23], [5, 23, 6, 24], [6, 24, 7, 25], [7, 25, 8, 26], [8, 26, 9, 26], [9, 26, 10, 27], [10, 27, 11, 27], [11, 27, 12, 27], [12, 27, 13, 28], [13, 28, 14, 27], [14, 27, 10, 31], [10, 31, 11, 31], [11, 31, 12, 30], [12, 30, 13, 29], [13, 29, 14, 29], [14, 29, 13, 30], [13, 30, 14, 30]]}
META {"type": "geom", "shape": "tile", "group": "path", "data": [[14, 1], [14, 2], [13, 2], [12, 2], [11, 2], [12, 2], [13, 2], [13, 3], [14, 3], [13, 3], [13, 4], [12, 4], [12, 5], [11, 5], [12, 5], [12, 6], [11, 6], [11, 7], [10, 7], [10, 8], [9, 8], [9, 9], [8, 9], [8, 10], [9, 10], [10, 10], [10, 11], [11, 11], [12, 11], [12, 10], [13, 10], [13, 11], [14, 11], [14, 12], [13, 12], [13, 11], [12, 11], [12, 10], [11, 10], [11, 9], [10, 9], [10, 8], [11, 8], [11, 9], [12, 9], [13, 9], [13, 8], [14, 8], [13, 8], [13, 9], [12, 9], [12, 10], [11, 10], [11, 11], [10, 11], [10, 12], [9, 12], [8, 12], [7, 12], [6, 12], [6, 13], [5, 13], [4, 13], [5, 13], [6, 13], [6, 14], [5, 14], [4, 14], [3, 14], [2, 14], [2, 13], [3, 13], [3, 14], [4, 14], [5, 14], [6, 14], [6, 15], [5, 15], [5, 14], [4, 14], [4, 13], [3, 13], [3, 12], [2, 12], [2, 13], [1, 13], [1, 14], [0, 14], [1, 14], [2, 14], [3, 14], [3, 15], [2, 15], [2, 16], [1, 16], [1, 17], [0, 17], [1, 17], [1, 18], [2, 18], [3, 18], [3, 17], [2, 17], [2, 18], [1, 18], [1, 19], [2, 19], [2, 20], [3, 20], [2, 20], [2, 21], [3, 21], [3, 22], [4, 22], [4, 23], [5, 23], [6, 23], [6, 24], [7, 24], [7, 25], [8, 25], [8, 26], [9, 26], [10, 26], [10, 27], [11, 27], [12, 27], [13, 27], [13, 28], [14, 28], [14, 27], [13, 27], [13, 28], [12, 28], [12, 29], [11, 29], [11, 30], [10, 30], [10, 31], [11, 31], [12, 31], [12, 30], [13, 30], [13, 29], [14, 29], [13, 29], [13, 30], [14, 30]]}
META {"type": "geom", "shape": "line", "group": "offpath", "data": [[1, 24, 2, 25], [1, 16, 2, 15], [1, 4, 2, 5], [1, 8, 2, 8], [4, 11, 5, 11], [4, 6, 5, 6], [4, 27, 1, 24], [4, 4, 5, 4], [12, 24, 13, 24], [12, 13, 13, 14], [12, 23, 13, 23], [12, 25, 11, 24], [12, 5, 13, 4], [12, 12, 13, 12], [12, 16, 13, 15], [12, 28, 13, 27], [12, 18, 10, 16], [12, 14, 13, 13], [12, 0, 13, 0], [12, 8, 13, 9], [0, 9, 1, 8], [5, 11, 6, 10], [5, 6, 6, 7], [5, 30, 6, 30], [5, 4, 6, 5], [14, 15, 12, 14], [14, 24, 10, 25], [14, 13, 12, 13], [14, 23, 11, 23], [14, 16, 13, 17], [14, 28, 12, 28], [14, 14, 11, 16], [14, 4, 13, 5], [14, 10, 12, 8], [14, 0, 10, 4], [7, 19, 8, 20], [7, 31, 8, 30], [7, 7, 3, 7], [7, 6, 3, 2], [7, 18, 8, 17], [3, 26, 4, 27], [3, 7, 4, 6], [3, 9, 0, 9], [3, 2, 1, 4], [3, 16, 1, 16], [3, 4, 4, 4], [3, 10, 4, 11], [8, 20, 9, 21], [8, 16, 9, 15], [8, 30, 9, 29], [8, 17, 9, 16], [9, 15, 10, 14], [9, 29, 5, 30], [9, 1, 10, 1], [9, 16, 10, 15], [9, 6, 10, 7], [9, 18, 10, 18], [9, 21, 10, 22], [10, 15, 6, 19], [10, 1, 11, 0], [10, 22, 11, 22], [10, 25, 11, 26], [10, 7, 11, 7], [10, 16, 11, 17], [10, 18, 11, 19], [10, 14, 11, 13], [10, 4, 11, 4], [2, 15, 3, 16], [2, 11, 3, 10], [2, 25, 3, 26], [2, 5, 3, 4], [2, 8, 3, 9], [6, 19, 7, 19], [6, 7, 7, 7], [6, 5, 7, 6], [6, 30, 7, 31], [6, 10, 2, 11], [13, 15, 14, 16], [13, 24, 14, 24], [13, 13, 14, 14], [13, 23, 14, 23], [13, 5, 9, 1], [13, 9, 14, 10], [13, 12, 14, 13], [13, 27, 14, 28], [13, 14, 14, 15], [13, 4, 14, 4], [13, 0, 14, 0], [13, 17, 9, 18], [11, 26, 12, 25], [11, 24, 12, 24], [11, 13, 12, 12], [11, 23, 12, 23], [11, 22, 7, 18], [11, 19, 8, 16], [11, 7, 9, 6], [11, 16, 12, 16], [11, 4, 12, 5], [11, 0, 12, 0], [11, 17, 12, 18]]}
