--------------------------------
--------------------------------
-------------XXXXX--------------
---X----------------------------
--------------------------------
-----------------XQXQQX---------
---------Q--Q-------------------
--------------------------------
-----------------X---X----------
----X---------------------------
-------------XX-----------------
------------XXX-----<>----------
-----------XXXX-----[]---X------
-----XX---XXXXX-----[]----------
-{--XXX--XXXXXX-----[]--------}-
XXXXXXXXXXXXXXXXXXXXXXXXXXXXXXXX
META {"type": "solver", "id": "pysat-rc2", "objective": 0}
META {"type": "geom", "shape": "path", "group": "path", "data": [[14, 1, 11, 4], [11, 4, 12, 5], [12, 5, 8, 4], [8, 4, 4, 4], [4, 4, 5, 4], [5, 4, 6, 5], [6, 5, 7, 6], [7, 6, 8, 7], [8, 7, 9, 8], [9, 8, 10, 9], [10, 9, 11, 10], [11, 10, 12, 9], [12, 9, 13, 8], [13, 8, 14, 8], [14, 8, 12, 6], [12, 6, 8, 10], [8, 10, 9, 11], [9, 11, 10, 10], [10, 10, 11, 11], [11, 11, 8, 11], [8, 11, 9, 12], [9, 12, 10, 12], [10, 12, 7, 12], [7, 12, 8, 12], [8, 12, 9, 13], [9, 13, 5, 12], [5, 12, 1, 13], [1, 13, 0, 13], [0, 13, 1, 14], [1, 14, 0, 15], [0, 15, 1, 16], [1, 16, 0, 16], [0, 16, 1, 17], [1, 17, 0, 18], [0, 18, 1, 19], [1, 19, 2, 20], [2, 20, 3, 21], [3, 21, 4, 20], [4, 20, 1, 20], [1, 20, 2, 19], [2, 19, 3, 19], [3, 19, 4, 18], [4, 18, 0, 21], [0, 21, 1, 22], [1, 22, 2, 22], [2, 22, 3, 23], [3, 23, 4, 22], [4, 22, 0, 19], [0, 19, 1, 18], [1, 18, 2, 18], [2, 18, 3, 17], [3, 17, 4, 16], [4, 16, 5, 15], [5, 15, 6, 14], [6, 14, 7, 14], [7, 14, 8, 13], [8, 13, 9, 14], [9, 14, 6, 17], [6, 17, 7, 17], [7, 17, 4, 15], [4, 15, 5, 16], [5, 16, 6, 16], [6, 16, 7, 15], [7, 15, 8, 15], [8, 15, 9, 16], [9, 16, 10, 15], [10, 15, 11, 15], [11, 15, 12, 16], [12, 16, 13, 15], [13, 15, 14, 16], [14, 16, 10, 17], [10, 17, 11, 17], [11, 17, 12, 18], [12, 18, 13, 18], [13, 18, 14, 19], [14, 19, 10, 20], [10, 20, 6, 21], [6, 21, 7, 21], [7, 21, 6, 22], [6, 22, 7, 23], [7, 23, 8, 22], [8, 22, 9, 22], [9, 22, 10, 23], [10, 23, 11, 23], [11, 23, 12, 23], [12, 23, 13, 22], [13, 22, 14, 22], [14, 22, 13, 23], [13, 23, 14, 23], [14, 23, 14, 24], [14, 24, 10, 25], [10, 25, 11, 24], [11, 24, 12, 24], [12, 24, 13, 25], [13, 25, 14, 25], [14, 25, 10, 28], [10, 28, 11, 29], [11, 29, 12, 29], [12, 29, 13, 30], [13, 30, 14, 30]]}
META {"type": "geom", "shape": "tile", "group": "path", "data": [[14, 1], [13, 1], [13, 2], [12, 2], [12, 3], [11, 3], [11, 4], [12, 4], [12, 5], [11, 5], [10, 5], [9, 5], [8, 5], [8, 4], [7, 4], [6, 4], [5, 4], [4, 4], [5, 4], [6, 4], [6, 5], [7, 5], [7, 6], [8, 6], [8, 7], [9, 7], [9, 8], [10, 8], [10, 9], [11, 9], [11, 10], [12, 10], [12, 9], [13, 9], [13, 8], [14, 8], [13, 8], [13, 7], [12, 7], [12, 6], [11, 6], [11, 7], [10, 7], [10, 8], [9, 8], [9, 9], [8, 9], [8, 10], [9, 10], [9, 11], [10, 11], [10, 10], [11, 10], [11, 11], [10, 11], [9, 11], [8, 11], [9, 11], [9, 12], [10, 12], [9, 12], [8, 12], [7, 12], [8, 12], [9, 12], [9, 13], [8, 13], [7, 13], [6, 13], [5, 13], [5, 12], [4, 12], [3, 12], [2, 12], [1, 12], [1, 13], [0, 13], [1, 13], [1, 14], [0, 14], [0, 15], [1, 15], [1, 16], [0, 16], [1, 16], [1, 17], [0, 17], [0, 18], [1, 18], [1, 19], [2, 19], [2, 20], [3, 20], [3, 21], [4, 21], [4, 20], [3, 20], [2, 20], [1, 20], [2, 20], [2, 19], [3, 19], [4, 19], [4, 18], [3, 18], [3, 19], [2, 19], [2, 20], [1, 20], [1, 21], [0, 21], [1, 21], [1, 22], [2, 22], [3, 22], [3, 23], [4, 23], [4, 22], [3, 22], [3, 21], [2, 21], [2, 20], [1, 20], [1, 19], [0, 19], [1, 19], [1, 18], [2, 18], [3, 18], [3, 17], [4, 17], [4, 16], [5, 16], [5, 15], [6, 15], [6, 14], [7, 14], [8, 14], [8, 13], [9, 13], [9, 14], [8, 14], [8, 15], [7, 15], [7, 16], [6, 16], [6, 17], [7, 17], [6, 17], [6, 16], [5, 16], [5, 15], [4, 15], [5, 15], [5, 16], [6, 16], [7, 16], [7, 15], [8, 15], [9, 15], [9, 16], [10, 16], [10, 15], [11, 15], [12, 15], [12, 16], [13, 16], [13, 15], [14, 15], [14, 16], [13, 16], [12, 16], [11, 16], [10, 16], [10, 17], [11, 17], [12, 17], [12, 18], [13, 18], [14, 18], [14, 19], [13, 19], [12, 19], [11, 19], [10, 19], [10, 20], [9, 20], [8, 20], [7, 20], [6, 20], [6, 21], [7, 21], [6, 21], [6, 22], [7, 22], [7, 23], [8, 23], [8, 22], [9, 22], [10, 22], [10, 23], [11, 23], [12, 23], [13, 23], [13, 22], [14, 22], [13, 22], [13, 23], [14, 23], [14, 24], [13, 24], [12, 24], [11, 24], [10, 24], [10, 25], [11, 25], [11, 24], [12, 24], [13, 24], [13, 25], [14, 25], [13, 25], [13, 26], [12, 26], [12, 27], [11, 27], [11, 28], [10, 28], [11, 28], [11, 29], [12, 29], [13, 29], [13, 30], [14, 30]]}
META {"type": "geom", "shape": "line", "group": "offpath", "data": [[9, 25, 10, 24], [9, 21, 10, 21], [5, 9, 1, 8], [10, 27, 11, 27], [10, 30, 11, 30], [10, 21, 9, 21], [10, 24, 11, 25], [8, 26, 9, 25], [2, 3, 1, 3], [2, 23, 3, 22], [2, 8, 3, 7], [4, 19, 3, 18], [4, 21, 0, 24], [4, 8, 5, 9], [7, 26, 8, 26], [13, 27, 14, 27], [13, 9, 12, 8], [13, 2, 14, 3], [13, 29, 14, 29], [13, 0, 14, 0], [13, 31, 14, 31], [13, 7, 14, 7], [13, 28, 14, 28], [13, 16, 14, 15], [13, 26, 14, 26], [1, 15, 0, 14], [1, 3, 2, 3], [1, 24, 2, 23], [1, 8, 2, 8], [0, 14, 1, 15], [0, 24, 1, 24], [3, 22, 4, 21], [3, 18, 4, 19], [3, 7, 4, 8], [14, 27, 10, 27], [14, 29, 12, 27], [14, 0, 13, 0], [14, 31, 10, 30], [14, 15, 13, 16], [14, 7, 13, 7], [14, 28, 13, 29], [14, 3, 11, 1], [14, 26, 12, 28], [12, 27, 13, 26], [12, 30, 13, 31], [12, 28, 13, 28], [12, 1, 13, 2], [12, 26, 13, 27], [12, 8, 13, 9], [11, 27, 12, 26], [11, 25, 7, 26], [11, 30, 12, 30], [11, 1, 12, 1]]}
