--------------------------------
--------------------------------
-------------XQQX---------------
--------------------------------
-------X--X---------------------
--X-------------------------X---
--------------------------------
--------------------------------
-----Q----------Q------------X--
--------------------------X-----
---------------------<>---------
----Q----------------[]---------
-------X------XX-----[]--X------
-------XX----XXX-----[]---------
-{-----XXX--XXXX-----[]-------}-
XXXXX--XXXXXXXXXXXXXXXXXXXXXXXXX
META {"type": "solver", "id": "pysat-rc2", "objective": 0}
META {"type": "geom", "shape": "path", "group": "path", "data": [[14, 1, 11, 3], [11, 3, 12, 4], [12, 4, 13, 3], [13, 3, 14, 2], [14, 2, 10, 3], [10, 3, 11, 2], [11, 2, 12, 2], [12, 2, 13, 1], [13, 1, 14, 0], [14, 0, 10, 4], [10, 4, 6, 5], [6, 5, 7, 5], [7, 5, 4, 2], [4, 2, 0, 6], [0, 6, 1, 6], [1, 6, 2, 6], [2, 6, 3, 7], [3, 7, 0, 7], [0, 7, 1, 8], [1, 8, 2, 9], [2, 9, 3, 10], [3, 10, 0, 13], [0, 13, 1, 14], [1, 14, 0, 15], [0, 15, 1, 16], [1, 16, 0, 17], [0, 17, 1, 18], [1, 18, 2, 17], [2, 17, 3, 16], [3, 16, 4, 16], [4, 16, 5, 17], [5, 17, 6, 18], [6, 18, 7, 19], [7, 19, 8, 20], [8, 20, 9, 21], [9, 21, 5, 24], [5, 24, 6, 25], [6, 25, 7, 26], [7, 26, 8, 26], [8, 26, 4, 27], [4, 27, 5, 27], [5, 27, 6, 28], [6, 28, 7, 29], [7, 29, 3, 29], [3, 29, 4, 28], [4, 28, 1, 25], [1, 25, 2, 25], [2, 25, 3, 24], [3, 24, 4, 25], [4, 25, 5, 26], [5, 26, 6, 27], [6, 27, 7, 28], [7, 28, 8, 28], [8, 28, 9, 28], [9, 28, 10, 28], [10, 28, 11, 27], [11, 27, 12, 27], [12, 27, 13, 28], [13, 28, 14, 29], [14, 29, 10, 29], [10, 29, 11, 28], [11, 28, 12, 29], [12, 29, 13, 29], [13, 29, 14, 30]]}
META {"type": "geom", "shape": "tile", "group": "path", "data": [[14, 1], [13, 1], [13, 2], [12, 2], [12, 3], [11, 3], [12, 3], [12, 4], [13, 4], [13, 3], [14, 3], [14, 2], [13, 2], [12, 2], [11, 2], [10, 2], [10, 3], [11, 3], [11, 2], [12, 2], [13, 2], [13, 1], [14, 1], [14, 0], [13, 0], [13, 1], [12, 1], [12, 2], [11, 2], [11, 3], [10, 3], [10, 4], [9, 4], [8, 4], [7, 4], [6, 4], [6, 5], [7, 5], [6, 5], [6, 4], [5, 4], [5, 3], [4, 3], [4, 2], [3, 2], [3, 3], [2, 3], [2, 4], [1, 4], [1, 5], [0, 5], [0, 6], [1, 6], [2, 6], [3, 6], [3, 7], [2, 7], [1, 7], [0, 7], [1, 7], [1, 8], [2, 8], [2, 9], [3, 9], [3, 10], [2, 10], [2, 11], [1, 11], [1, 12], [0, 12], [0, 13], [1, 13], [1, 14], [0, 14], [0, 15], [1, 15], [1, 16], [0, 16], [0, 17], [1, 17], [1, 18], [2, 18], [2, 17], [3, 17], [3, 16], [4, 16], [5, 16], [5, 17], [6, 17], [6, 18], [7, 18], [7, 19], [8, 19], [8, 20], [9, 20], [9, 21], [8, 21], [8, 22], [7, 22], [7, 23], [6, 23], [6, 24], [5, 24], [6, 24], [6, 25], [7, 25], [7, 26], [8, 26], [7, 26], [6, 26], [5, 26], [4, 26], [4, 27], [5, 27], [6, 27], [6, 28], [7, 28], [7, 29], [6, 29], [5, 29], [4, 29], [3, 29], [4, 29], [4, 28], [3, 28], [3, 27], [2, 27], [2, 26], [1, 26], [1, 25], [2, 25], [3, 25], [3, 24], [4, 24], [4, 25], [5, 25], [5, 26], [6, 26], [6, 27], [7, 27], [7, 28], [8, 28], [9, 28], [10, 28], [11, 28], [11, 27], [12, 27], [13, 27], [13, 28], [14, 28], [14, 29], [13, 29], [12, 29], [11, 29], [10, 29], [11, 29], [11, 28], [12, 28], [12, 29], [13, 29], [14, 29], [14, 30]]}
META {"type": "geom", "shape": "line", "group": "offpath", "data": [[4, 12, 5, 11], [11, 19, 12, 19], [11, 24, 12, 24], [11, 25, 7, 24], [11, 26, 12, 26], [11, 14, 7, 11], [11, 8, 12, 9], [11, 15, 7, 16], [11, 5, 12, 5], [11, 23, 12, 23], [7, 24, 8, 23], [7, 11, 8, 10], [7, 25, 8, 25], [7, 10, 8, 11], [7, 16, 3, 13], [9, 22, 5, 23], [9, 25, 10, 26], [9, 12, 10, 13], [9, 10, 10, 9], [12, 19, 13, 18], [12, 24, 13, 23], [12, 9, 13, 10], [12, 26, 13, 27], [12, 5, 13, 4], [12, 18, 13, 17], [12, 23, 13, 24], [13, 24, 14, 23], [13, 27, 14, 27], [13, 31, 14, 31], [13, 4, 14, 3], [13, 17, 14, 18], [13, 18, 14, 19], [13, 10, 14, 11], [13, 23, 14, 24], [8, 11, 9, 12], [8, 25, 9, 25], [8, 10, 9, 10], [8, 23, 9, 22], [6, 24, 7, 25], [6, 10, 7, 10], [3, 13, 4, 12], [5, 11, 6, 10], [5, 23, 6, 24], [10, 24, 11, 23], [10, 9, 11, 8], [10, 27, 11, 26], [10, 13, 11, 14], [10, 26, 11, 25], [10, 15, 11, 15], [10, 18, 11, 19], [10, 23, 11, 24], [14, 19, 12, 18], [14, 24, 10, 23], [14, 3, 11, 5], [14, 27, 10, 27], [14, 11, 10, 15], [14, 31, 13, 31], [14, 17, 10, 18], [14, 18, 14, 17], [14, 23, 10, 24]]}
