--------------------------------
--------------------------------
----------------------------X---
--------------------------------
--------------------------------
-------XQQXQQX---XXXX--X--XXX---
--------------------------------
--------------------------------
---------Q-------XX-------------
----------------XXX-------------
---------------XXXX-------------
--------------XXXXX-------------
-------------XXXXXX------<>-----
------------XXXXXXX------[]-----
-{---------XXXXXXXX------[]---}-
XXXXXXXXXXXXXXXXXXXXXXXXXXXXXXXX
META {"type": "solver", "id": "pysat-rc2", "objective": 0}
META {"type": "geom", "shape": "path", "group": "path", "data": [[14, 1, 10, 1], [10, 1, 11, 1], [11, 1, 12, 1], [12, 1, 13, 0], [13, 0, 14, 0], [14, 0, 13, 1], [13, 1, 14, 2], [14, 2, 12, 2], [12, 2, 13, 2], [13, 2, 14, 3], [14, 3, 10, 4], [10, 4, 11, 3], [11, 3, 12, 4], [12, 4, 13, 4], [13, 4, 14, 5], [14, 5, 11, 2], [11, 2, 12, 3], [12, 3, 13, 3], [13, 3, 14, 4], [14, 4, 10, 5], [10, 5, 11, 6], [11, 6, 12, 7], [12, 7, 13, 8], [13, 8, 14, 9], [14, 9, 10, 13], [10, 13, 11, 13], [11, 13, 7, 9], [7, 9, 7, 8], [7, 8, 8, 8], [8, 8, 9, 7], [9, 7, 10, 7], [10, 7, 11, 8], [11, 8, 12, 8], [12, 8, 13, 9], [13, 9, 14, 10], [14, 10, 10, 6], [10, 6, 11, 5], [11, 5, 12, 5], [12, 5, 13, 5], [13, 5, 14, 6], [14, 6, 13, 7], [13, 7, 14, 7], [14, 7, 10, 11], [10, 11, 11, 12], [11, 12, 12, 12], [12, 12, 9, 15], [9, 15, 6, 17], [6, 17, 7, 17], [7, 17, 3, 13], [3, 13, 4, 12], [4, 12, 1, 15], [1, 15, 2, 15], [2, 15, 3, 14], [3, 14, 4, 13], [4, 13, 0, 16], [0, 16, 1, 16], [1, 16, 2, 16], [2, 16, 3, 16], [3, 16, 4, 15], [4, 15, 5, 15], [5, 15, 6, 14], [6, 14, 7, 13], [7, 13, 8, 12], [8, 12, 9, 13], [9, 13, 10, 14], [10, 14, 6, 18], [6, 18, 7, 19], [7, 19, 8, 19], [8, 19, 9, 19], [9, 19, 10, 19], [10, 19, 11, 19], [11, 19, 12, 20], [12, 20, 13, 21], [13, 21, 14, 20], [14, 20, 11, 23], [11, 23, 12, 23], [12, 23, 13, 23], [13, 23, 14, 23], [14, 23, 14, 24], [14, 24, 10, 23], [10, 23, 11, 22], [11, 22, 12, 21], [12, 21, 13, 20], [13, 20, 14, 21], [14, 21, 10, 25], [10, 25, 11, 26], [11, 26, 7, 26], [7, 26, 8, 27], [8, 27, 9, 28], [9, 28, 10, 29], [10, 29, 11, 29], [11, 29, 12, 30], [12, 30, 13, 29], [13, 29, 14, 29], [14, 29, 12, 28], [12, 28, 13, 28], [13, 28, 14, 28], [14, 28, 11, 28], [11, 28, 12, 29], [12, 29, 13, 30], [13, 30, 14, 31], [14, 31, 13, 31], [13, 31, 14, 30]]}
META {"type": "geom", "shape": "tile", "group": "path", "data": [[14, 1], [13, 1], [12, 1], [11, 1], [10, 1], [11, 1], [12, 1], [13, 1], [13, 0], [14, 0], [13, 0], [13, 1], [14, 1], [14, 2], [13, 2], [12, 2], [13, 2], [14, 2], [14, 3], [13, 3], [12, 3], [11, 3], [10, 3], [10, 4], [11, 4], [11, 3], [12, 3], [12, 4], [13, 4], [14, 4], [14, 5], [13, 5], [13, 4], [12, 4], [12, 3], [11, 3], [11, 2], [12, 2], [12, 3], [13, 3], [14, 3], [14, 4], [13, 4], [12, 4], [11, 4], [10, 4], [10, 5], [11, 5], [11, 6], [12, 6], [12, 7], [13, 7], [13, 8], [14, 8], [14, 9], [13, 9], [13, 10], [12, 10], [12, 11], [11, 11], [11, 12], [10, 12], [10, 13], [11, 13], [10, 13], [10, 12], [9, 12], [9, 11], [8, 11], [8, 10], [7, 10], [7, 9], [7, 8], [8, 8], [9, 8], [9, 7], [10, 7], [11, 7], [11, 8], [12, 8], [13, 8], [13, 9], [14, 9], [14, 10], [13, 10], [13, 9], [12, 9], [12, 8], [11, 8], [11, 7], [10, 7], [10, 6], [11, 6], [11, 5], [12, 5], [13, 5], [14, 5], [14, 6], [13, 6], [13, 7], [14, 7], [13, 7], [13, 8], [12, 8], [12, 9], [11, 9], [11, 10], [10, 10], [10, 11], [11, 11], [11, 12], [12, 12], [11, 12], [11, 13], [10, 13], [10, 14], [9, 14], [9, 15], [8, 15], [8, 16], [7, 16], [7, 17], [6, 17], [7, 17], [6, 17], [6, 16], [5, 16], [5, 15], [4, 15], [4, 14], [3, 14], [3, 13], [4, 13], [4, 12], [3, 12], [3, 13], [2, 13], [2, 14], [1, 14], [1, 15], [2, 15], [3, 15], [3, 14], [4, 14], [4, 13], [3, 13], [3, 14], [2, 14], [2, 15], [1, 15], [1, 16], [0, 16], [1, 16], [2, 16], [3, 16], [4, 16], [4, 15], [5, 15], [6, 15], [6, 14], [7, 14], [7, 13], [8, 13], [8, 12], [9, 12], [9, 13], [10, 13], [10, 14], [9, 14], [9, 15], [8, 15], [8, 16], [7, 16], [7, 17], [6, 17], [6, 18], [7, 18], [7, 19], [8, 19], [9, 19], [10, 19], [11, 19], [12, 19], [12, 20], [13, 20], [13, 21], [14, 21], [14, 20], [13, 20], [13, 21], [12, 21], [12, 22], [11, 22], [11, 23], [12, 23], [13, 23], [14, 23], [14, 24], [13, 24], [12, 24], [11, 24], [10, 24], [10, 23], [11, 23], [11, 22], [12, 22], [12, 21], [13, 21], [13, 20], [14, 20], [14, 21], [13, 21], [13, 22], [12, 22], [12, 23], [11, 23], [11, 24], [10, 24], [10, 25], [11, 25], [11, 26], [10, 26], [9, 26], [8, 26], [7, 26], [8, 26], [8, 27], [9, 27], [9, 28], [10, 28], [10, 29], [11, 29], [12, 29], [12, 30], [13, 30], [13, 29], [14, 29], [13, 29], [13, 28], [12, 28], [13, 28], [14, 28], [13, 28], [12, 28], [11, 28], [12, 28], [12, 29], [13, 29], [13, 30], [14, 30], [14, 31], [13, 31], [14, 31], [14, 30]]}
META {"type": "geom", "shape": "line", "group": "offpath", "data": [[0, 8, 1, 8], [0, 20, 1, 21], [0, 21, 1, 22], [0, 24, 1, 24], [0, 10, 1, 11], [0, 27, 1, 28], [4, 23, 0, 20], [4, 8, 0, 8], [4, 11, 0, 10], [4, 18, 0, 21], [4, 20, 0, 24], [4, 19, 2, 20], [4, 17, 3, 17], [4, 26, 3, 27], [4, 9, 1, 12], [4, 10, 3, 11], [4, 7, 3, 7], [4, 27, 1, 25], [4, 28, 3, 28], [13, 22, 14, 22], [8, 24, 9, 25], [11, 25, 7, 24], [9, 25, 10, 24], [10, 24, 11, 25], [2, 11, 3, 10], [2, 20, 3, 19], [2, 21, 3, 20], [2, 12, 3, 12], [2, 24, 3, 24], [2, 22, 3, 21], [2, 7, 3, 6], [2, 25, 3, 26], [1, 8, 2, 7], [1, 11, 2, 12], [1, 21, 2, 22], [1, 12, 2, 11], [1, 24, 2, 24], [1, 22, 2, 21], [1, 25, 2, 25], [1, 28, 0, 27], [14, 22, 13, 22], [7, 24, 8, 24], [3, 11, 4, 10], [3, 20, 4, 19], [3, 19, 4, 18], [3, 21, 4, 20], [3, 6, 4, 7], [3, 12, 4, 11], [3, 24, 4, 23], [3, 17, 4, 17], [3, 26, 4, 26], [3, 10, 4, 9], [3, 7, 4, 8], [3, 27, 4, 28], [3, 28, 4, 27]]}
