XXXXXXXXXXXXXXXX
X0--X-X-XX-X-XXX
XXX----X--X--XXX
XXX-----------1X
X--X--X-XXX--XXX
XXXXXXXXXXXX-XXX
XXXXXXXXXXXXX-XX
X------XXXXXXXXX
X-XXX-----XXXXXX
X--------X-----X
XX-------X-XX-XX
X-X------X-XX--X
XXXXX-XXX----XXX
XXXXX--------XXX
X2--------XX--3X
XXXXXXXXXXXXXXXX
META {"type": "solver", "id": "pysat-rc2-boolonly", "objective": 0}
META {"type": "geom", "shape": "path", "group": "path", "data": [[1, 1, 1, 2], [1, 2, 1, 3], [1, 3, 2, 3], [2, 3, 2, 4], [2, 4, 2, 5], [2, 5, 2, 6], [2, 6, 3, 6], [3, 6, 3, 7], [3, 7, 3, 8], [3, 8, 3, 9], [3, 9, 3, 10], [3, 10, 3, 11], [3, 11, 3, 12], [3, 12, 3, 13], [3, 13, 3, 14]]}
META {"type": "geom", "shape": "path", "group": "path", "data": [[14, 1, 14, 2], [14, 2, 14, 3], [14, 3, 14, 4], [14, 4, 14, 5], [14, 5, 13, 5], [13, 5, 13, 6], [13, 6, 13, 7], [13, 7, 13, 8], [13, 8, 13, 9], [13, 9, 13, 10], [13, 10, 13, 11], [13, 11, 13, 12], [13, 12, 14, 12], [14, 12, 14, 13], [14, 13, 14, 14]]}
META {"type": "geom", "shape": "tile", "group": "reachable", "data": [[1, 1], [1, 2], [1, 3], [2, 3], [3, 3], [2, 4], [3, 4], [2, 5], [1, 5], [3, 5], [2, 6], [4, 4], [3, 6], [4, 5], [3, 7], [4, 7], [3, 8], [2, 8], [3, 9], [2, 9], [3, 10], [3, 11], [2, 11], [4, 11], [3, 12], [2, 12], [4, 12], [3, 13], [1, 12], [5, 12]]}
