XXXXXXXXXXXXXXXX
XXXX----X-XX--1X
XX0--X----XX-XXX
XXXX---X--XX-XXX
XXXX-X-X--XX--XX
XX---X-X-XXXX--X
X-XX-X---XXXX--X
X-XX---XXXXXX-XX
X------XXXXXX--X
XX-------------X
XX-XXX----X----X
XXX---XXX------X
XXXXXXXXXXXXXXXX
XXXXXXXXXXXXXXXX
X2------------3X
XXXXXXXXXXXXXXXX
META {"type": "solver", "id": "pysat-rc2-boolonly", "objective": 0}
META {"type": "geom", "shape": "path", "group": "path", "data": [[2, 2, 2, 3], [2, 3, 2, 4], [2, 4, 3, 4], [3, 4, 3, 5], [3, 5, 3, 6], [3, 6, 4, 6], [4, 6, 5, 6], [5, 6, 6, 6], [6, 6, 7, 6], [7, 6, 8, 6], [8, 6, 9, 6], [9, 6, 9, 7], [9, 7, 9, 8], [9, 8, 9, 9], [9, 9, 9, 10], [9, 10, 9, 11], [9, 11, 9, 12], [9, 12, 9, 13], [9, 13, 8, 13], [8, 13, 7, 13], [7, 13, 6, 13], [6, 13, 5, 13], [5, 13, 4, 13], [4, 13, 4, 12], [4, 12, 3, 12], [3, 12, 2, 12], [2, 12, 1, 12], [1, 12, 1, 13], [1, 13, 1, 14]]}
META {"type": "geom", "shape": "path", "group": "path", "data": [[14, 1, 14, 2], [14, 2, 14, 3], [14, 3, 14, 4], [14, 4, 14, 5], [14, 5, 14, 6], [14, 6, 14, 7], [14, 7, 14, 8], [14, 8, 14, 9], [14, 9, 14, 10], [14, 10, 14, 11], [14, 11, 14, 12], [14, 12, 14, 13], [14, 13, 14, 14]]}
META {"type": "geom", "shape": "tile", "group": "reachable", "data": [[2, 2], [2, 3], [2, 4], [1, 4], [3, 4], [1, 5], [4, 4], [3, 5], [1, 6], [3, 6], [5, 4], [2, 6], [1, 7], [4, 6], [6, 4], [5, 3], [2, 7], [5, 6], [5, 2], [7, 4], [2, 8], [6, 6], [8, 4], [7, 5], [3, 8], [2, 9], [7, 6], [6, 7], [8, 5], [9, 4], [8, 3], [1, 9], [3, 9], [4, 8], [6, 8], [8, 6], [9, 5], [9, 3], [8, 2], [4, 9], [5, 8], [9, 6], [9, 2], [8, 1], [10, 6], [9, 7], [7, 1], [10, 2], [10, 7], [9, 8], [6, 1], [10, 8], [9, 9], [10, 9], [9, 10], [9, 11], [11, 9], [10, 11], [9, 12], [11, 10], [10, 12], [9, 13], [11, 11], [8, 13], [10, 13], [9, 14], [11, 12], [7, 13], [8, 14], [10, 14], [11, 13], [6, 13], [11, 14], [5, 13], [6, 14], [4, 13], [5, 14], [4, 12], [3, 12], [2, 12], [1, 12], [1, 13]]}
