XXXXXXXXXXXXXXXX
X0--XXXX------1X
XXX--------X-XXX
XXX----X-X---XXX
X------X-X-XX-XX
XX-----X-X-XX-XX
X--X----X----XXX
XXX-XXXX-XXXXXXX
XXX------XXXXXXX
X--XXXXXX---XX-X
XX-XXXXXX---XX-X
X-----------XX-X
XXX-XXXX---XXXXX
XXX--------XXXXX
X2--XX--------3X
XXXXXXXXXXXXXXXX
META {"type": "solver", "id": "pysat-rc2", "objective": 0}
META {"type": "geom", "shape": "path", "group": "path", "data": [[1, 1, 1, 2], [1, 2, 1, 3], [1, 3, 2, 3], [2, 3, 2, 4], [2, 4, 2, 5], [2, 5, 2, 6], [2, 6, 2, 7], [2, 7, 2, 8], [2, 8, 1, 8], [1, 8, 1, 9], [1, 9, 1, 10], [1, 10, 1, 11], [1, 11, 1, 12], [1, 12, 1, 13], [1, 13, 1, 14]]}
META {"type": "geom", "shape": "path", "group": "path", "data": [[14, 1, 14, 2], [14, 2, 14, 3], [14, 3, 13, 3], [13, 3, 13, 4], [13, 4, 13, 5], [13, 5, 13, 6], [13, 6, 13, 7], [13, 7, 13, 8], [13, 8, 13, 9], [13, 9, 13, 10], [13, 10, 14, 10], [14, 10, 14, 11], [14, 11, 14, 12], [14, 12, 14, 13], [14, 13, 14, 14]]}
META {"type": "geom", "shape": "tile", "group": "reachable", "data": [[1, 1], [1, 2], [1, 3], [2, 3], [3, 3], [2, 4], [3, 4], [2, 5], [4, 3], [3, 5], [2, 6], [4, 4], [5, 3], [4, 2], [3, 6], [2, 7], [4, 5], [5, 4], [5, 2], [4, 1], [2, 8], [4, 6], [5, 5], [6, 4], [6, 2], [1, 8], [3, 8], [2, 9], [5, 6], [6, 5], [6, 1], [1, 9], [2, 10], [4, 8], [6, 6], [1, 10], [3, 10], [5, 8], [6, 7], [1, 11], [4, 10], [3, 11], [1, 12], [3, 12], [5, 10], [2, 12], [1, 13], [6, 10], [6, 9], [6, 11], [6, 12]]}
