XXXXXXXXXXXXXXXX
XXXXXXXXXXXXXXXX
XX}XXXXXXXX--XXX
XX-XXX--XXX---XX
XX------XXXX--XX
XX-XX---XXXX--XX
XX-XX-#-XXXX-XXX
XX--X---XXXXXXXX
XX-------XXXXXXX
XXXX-X---XXXXXXX
XXXX-XXX-XXX-XXX
XXX--XXX-----XXX
XXX-------#--XXX
XXX-----X---XXXX
XX--##--XX-XXXXX
XX-------X-XXXXX
XX##---X---XXXXX
XX---#-XX-----XX
XXX-----X---XXXX
XXX---------XXXX
XXXXX-------XXXX
XXXXXXX--##---XX
XXXXXXX-----XXXX
XXXX----#----XXX
XX--------XX-XXX
XX--#-----XXXXXX
XXX----##-XXXXXX
XXXX-------XXXXX
XXXX-------XXXXX
XXXXX-{-XXXXXXXX
XXXXXXXXXXXXXXXX
XXXXXXXXXXXXXXXX
META {"type": "solver", "id": "pysat-rc2", "objective": 0}
META {"type": "geom", "shape": "path", "group": "path", "data": [[29, 6, 23, 6], [23, 6, 23, 7], [23, 7, 25, 7], [25, 7, 25, 9], [25, 9, 25, 5], [25, 5, 23, 5], [23, 5, 23, 4], [23, 4, 24, 4], [24, 4, 24, 2], [24, 2, 25, 2], [25, 2, 25, 3], [25, 3, 24, 3], [24, 3, 24, 9], [24, 9, 28, 9], [28, 9, 22, 9], [22, 9, 22, 11], [22, 11, 23, 11], [23, 11, 17, 11], [17, 11, 17, 9], [17, 9, 16, 9], [16, 9, 20, 9], [20, 9, 20, 5], [20, 5, 18, 5], [18, 5, 18, 3], [18, 3, 17, 3], [17, 3, 17, 2], [17, 2, 17, 4], [17, 4, 19, 4], [19, 4, 15, 4], [15, 4, 15, 2], [15, 2, 14, 2], [14, 2, 14, 3], [14, 3, 15, 3], [15, 3, 11, 3], [11, 3, 11, 4], [11, 4, 13, 4], [13, 4, 13, 3], [13, 3, 13, 7], [13, 7, 12, 7], [12, 7, 12, 3], [12, 3, 12, 9], [12, 9, 11, 9], [11, 9, 13, 9], [13, 9, 13, 11], [13, 11, 11, 11], [11, 11, 11, 12], [11, 12, 11, 8], [11, 8, 12, 8], [12, 8, 8, 8], [8, 8, 8, 2], [8, 2, 2, 2]]}
META {"type": "geom", "shape": "tile", "group": "path", "data": [[29, 6], [28, 6], [27, 6], [26, 6], [25, 6], [24, 6], [23, 6], [23, 7], [24, 7], [25, 7], [25, 8], [25, 9], [25, 8], [25, 7], [25, 6], [25, 5], [24, 5], [23, 5], [23, 4], [24, 4], [24, 3], [24, 2], [25, 2], [25, 3], [24, 3], [24, 4], [24, 5], [24, 6], [24, 7], [24, 8], [24, 9], [25, 9], [26, 9], [27, 9], [28, 9], [27, 9], [26, 9], [25, 9], [24, 9], [23, 9], [22, 9], [22, 10], [22, 11], [23, 11], [22, 11], [21, 11], [20, 11], [19, 11], [18, 11], [17, 11], [17, 10], [17, 9], [16, 9], [17, 9], [18, 9], [19, 9], [20, 9], [20, 8], [20, 7], [20, 6], [20, 5], [19, 5], [18, 5], [18, 4], [18, 3], [17, 3], [17, 2], [17, 3], [17, 4], [18, 4], [19, 4], [18, 4], [17, 4], [16, 4], [15, 4], [15, 3], [15, 2], [14, 2], [14, 3], [15, 3], [14, 3], [13, 3], [12, 3], [11, 3], [11, 4], [12, 4], [13, 4], [13, 3], [13, 4], [13, 5], [13, 6], [13, 7], [12, 7], [12, 6], [12, 5], [12, 4], [12, 3], [12, 4], [12, 5], [12, 6], [12, 7], [12, 8], [12, 9], [11, 9], [12, 9], [13, 9], [13, 10], [13, 11], [12, 11], [11, 11], [11, 12], [11, 11], [11, 10], [11, 9], [11, 8], [12, 8], [11, 8], [10, 8], [9, 8], [8, 8], [8, 7], [8, 6], [8, 5], [8, 4], [8, 3], [8, 2], [7, 2], [6, 2], [5, 2], [4, 2], [3, 2], [2, 2]]}
META {"type": "geom", "shape": "line", "group": "offpath", "data": [[14, 6, 14, 7], [14, 7, 14, 6], [8, 5, 4, 5], [6, 12, 2, 12], [23, 10, 22, 10], [21, 13, 21, 11], [21, 11, 21, 13], [21, 8, 21, 7], [21, 7, 21, 8], [28, 4, 28, 10], [28, 10, 27, 10], [2, 11, 3, 11], [2, 12, 2, 11], [27, 4, 28, 4], [27, 10, 27, 4], [4, 5, 4, 7], [4, 7, 3, 7], [7, 6, 7, 7], [7, 5, 8, 5], [7, 7, 7, 5], [13, 5, 12, 5], [12, 11, 12, 12], [12, 5, 13, 5], [12, 12, 12, 11], [5, 13, 5, 12], [5, 6, 5, 7], [5, 12, 6, 12], [5, 7, 9, 7], [9, 6, 7, 6], [9, 8, 9, 6], [9, 7, 9, 8], [3, 13, 5, 13], [3, 11, 3, 13], [3, 6, 5, 6], [3, 7, 3, 6], [22, 10, 23, 10]]}
