--------------------------------
--------------------------------
--------------------------------
--------------------------------
--Q-----------Q---Q-------------
----------------------X---------
--------XX----------------------
--------------Q----X------------
---XXX----------------X---------
--------------------------------
----------Q--<>-----------------
-------------[]-----------------
----X--------[]--X----X----X----
----XX-------[]--XX---XX--------
-{--XXX------[]--XXX--XXX-----}-
XXXXXXXXXXXXXXXXXXXXXXXXXXXXXXXX
META {"type": "solver", "id": "pysat-rc2-boolonly", "objective": 0}
META {"type": "geom", "shape": "path", "group": "path", "data": [[14, 1, 10, 5], [10, 5, 11, 6], [11, 6, 12, 5], [12, 5, 11, 4], [11, 4, 7, 8], [7, 8, 8, 9], [8, 9, 9, 10], [9, 10, 5, 13], [5, 13, 6, 14], [6, 14, 4, 16], [4, 16, 5, 15], [5, 15, 6, 16], [6, 16, 7, 17], [7, 17, 8, 18], [8, 18, 9, 18], [9, 18, 10, 19], [10, 19, 11, 20], [11, 20, 12, 19], [12, 19, 13, 20], [13, 20, 14, 20], [14, 20, 10, 17], [10, 17, 11, 17], [11, 17, 8, 15], [8, 15, 9, 14], [9, 14, 5, 18], [5, 18, 6, 19], [6, 19, 2, 18], [2, 18, 3, 18], [3, 18, 0, 20], [0, 20, 1, 21], [1, 21, 2, 21], [2, 21, 3, 22], [3, 22, 4, 22], [4, 22, 2, 23], [2, 23, 3, 23], [3, 23, 4, 24], [4, 24, 5, 23], [5, 23, 6, 22], [6, 22, 7, 22], [7, 22, 3, 26], [3, 26, 4, 27], [4, 27, 5, 28], [5, 28, 6, 29], [6, 29, 7, 30], [7, 30, 8, 31], [8, 31, 9, 31], [9, 31, 10, 30], [10, 30, 11, 29], [11, 29, 12, 30], [12, 30, 13, 29], [13, 29, 14, 30]]}
META {"type": "geom", "shape": "tile", "group": "path", "data": [[14, 1], [13, 1], [13, 2], [12, 2], [12, 3], [11, 3], [11, 4], [10, 4], [10, 5], [11, 5], [11, 6], [12, 6], [12, 5], [11, 5], [11, 4], [10, 4], [10, 5], [9, 5], [9, 6], [8, 6], [8, 7], [7, 7], [7, 8], [8, 8], [8, 9], [9, 9], [9, 10], [8, 10], [8, 11], [7, 11], [7, 12], [6, 12], [6, 13], [5, 13], [6, 13], [6, 14], [5, 14], [5, 15], [4, 15], [4, 16], [5, 16], [5, 15], [6, 15], [6, 16], [7, 16], [7, 17], [8, 17], [8, 18], [9, 18], [10, 18], [10, 19], [11, 19], [11, 20], [12, 20], [12, 19], [13, 19], [13, 20], [14, 20], [13, 20], [13, 19], [12, 19], [12, 18], [11, 18], [11, 17], [10, 17], [11, 17], [10, 17], [10, 16], [9, 16], [9, 15], [8, 15], [9, 15], [9, 14], [8, 14], [8, 15], [7, 15], [7, 16], [6, 16], [6, 17], [5, 17], [5, 18], [6, 18], [6, 19], [5, 19], [4, 19], [3, 19], [2, 19], [2, 18], [3, 18], [2, 18], [2, 19], [1, 19], [1, 20], [0, 20], [1, 20], [1, 21], [2, 21], [3, 21], [3, 22], [4, 22], [3, 22], [3, 23], [2, 23], [3, 23], [4, 23], [4, 24], [5, 24], [5, 23], [6, 23], [6, 22], [7, 22], [6, 22], [6, 23], [5, 23], [5, 24], [4, 24], [4, 25], [3, 25], [3, 26], [4, 26], [4, 27], [5, 27], [5, 28], [6, 28], [6, 29], [7, 29], [7, 30], [8, 30], [8, 31], [9, 31], [10, 31], [10, 30], [11, 30], [11, 29], [12, 29], [12, 30], [13, 30], [13, 29], [14, 29], [14, 30]]}
META {"type": "geom", "shape": "line", "group": "offpath", "data": [[7, 16, 8, 17], [7, 3, 5, 1], [7, 5, 4, 7], [7, 4, 3, 8], [0, 14, 1, 14], [2, 2, 3, 2], [2, 3, 3, 4], [2, 4, 3, 5], [2, 13, 3, 14], [10, 23, 11, 22], [10, 18, 11, 19], [10, 31, 11, 30], [10, 24, 11, 25], [10, 27, 11, 28], [10, 11, 11, 12], [10, 26, 11, 27], [3, 2, 1, 2], [3, 14, 0, 14], [3, 8, 4, 9], [3, 5, 4, 4], [3, 4, 4, 5], [14, 25, 10, 26], [14, 29, 13, 30], [14, 31, 12, 31], [14, 2, 14, 3], [14, 9, 11, 7], [14, 16, 12, 16], [14, 7, 14, 8], [14, 8, 11, 8], [14, 3, 13, 3], [14, 12, 13, 12], [14, 28, 14, 27], [14, 27, 10, 31], [14, 11, 10, 11], [14, 26, 10, 27], [8, 17, 9, 17], [8, 14, 9, 13], [8, 24, 9, 24], [5, 1, 6, 2], [5, 9, 1, 5], [5, 14, 6, 15], [5, 8, 1, 4], [5, 3, 6, 4], [5, 4, 6, 5], [1, 2, 2, 2], [1, 14, 2, 13], [1, 5, 2, 4], [1, 4, 2, 3], [9, 25, 10, 24], [9, 17, 10, 18], [9, 24, 10, 23], [9, 13, 5, 14], [12, 23, 8, 24], [12, 25, 13, 24], [12, 6, 13, 7], [12, 29, 13, 28], [12, 18, 8, 14], [12, 31, 13, 31], [12, 16, 13, 15], [12, 8, 13, 9], [12, 12, 13, 11], [12, 28, 13, 27], [13, 25, 14, 25], [13, 31, 14, 31], [13, 9, 14, 9], [13, 7, 14, 7], [13, 24, 13, 25], [13, 3, 14, 2], [13, 12, 14, 12], [13, 28, 14, 28], [13, 27, 14, 26], [13, 11, 14, 11], [13, 15, 14, 16], [13, 30, 14, 29], [4, 9, 5, 9], [4, 7, 5, 8], [4, 5, 5, 4], [4, 4, 5, 3], [11, 23, 12, 23], [11, 25, 12, 25], [11, 22, 11, 23], [11, 7, 12, 6], [11, 8, 12, 8], [11, 19, 12, 18], [11, 12, 12, 12], [11, 28, 12, 28], [11, 27, 9, 25], [11, 30, 12, 29], [6, 2, 7, 3], [6, 5, 7, 5], [6, 4, 7, 4], [6, 15, 7, 16]]}
