--------------------------------
--------------------------------
--------------------------Q-----
--X--XXXXXXX--------------------
---------------X-----Q----------
--------------------------X--X--
-----X------X-----X-------------
---------------X------Q---------
--------------------------------
--------------------------------
--------------------------X-----
--------------------Q----XX-----
----<>----------Q-------XXX-----
----[]-----------------XXXX-----
-{--[]----------------XXXXX---}-
XXXXXXXXXXXXXXXXXXXXXXXXXXXXXXXX
META {"type": "solver", "id": "pysat-rc2", "objective": 0}
META {"type": "geom", "shape": "path", "group": "path", "data": [[14, 1, 11, 4], [11, 4, 10, 5], [10, 5, 11, 5], [11, 5, 7, 9], [7, 9, 8, 10], [8, 10, 9, 11], [9, 11, 10, 12], [10, 12, 11, 12], [11, 12, 12, 12], [12, 12, 13, 11], [13, 11, 14, 12], [14, 12, 10, 16], [10, 16, 11, 16], [11, 16, 7, 13], [7, 13, 8, 12], [8, 12, 9, 12], [9, 12, 10, 13], [10, 13, 11, 14], [11, 14, 12, 15], [12, 15, 13, 14], [13, 14, 14, 13], [14, 13, 10, 17], [10, 17, 11, 18], [11, 18, 12, 18], [12, 18, 13, 18], [13, 18, 14, 18], [14, 18, 14, 17], [14, 17, 11, 19], [11, 19, 12, 19], [12, 19, 13, 19], [13, 19, 14, 20], [14, 20, 14, 21], [14, 21, 10, 25], [10, 25, 6, 26], [6, 26, 7, 27], [7, 27, 8, 28], [8, 28, 9, 28], [9, 28, 10, 29], [10, 29, 11, 29], [11, 29, 12, 28], [12, 28, 13, 29], [13, 29, 14, 29], [14, 29, 13, 28], [13, 28, 14, 28], [14, 28, 10, 31], [10, 31, 11, 30], [11, 30, 12, 29], [12, 29, 13, 30], [13, 30, 14, 30]]}
META {"type": "geom", "shape": "tile", "group": "path", "data": [[14, 1], [13, 1], [13, 2], [12, 2], [12, 3], [11, 3], [11, 4], [10, 4], [10, 5], [11, 5], [10, 5], [10, 6], [9, 6], [9, 7], [8, 7], [8, 8], [7, 8], [7, 9], [8, 9], [8, 10], [9, 10], [9, 11], [10, 11], [10, 12], [11, 12], [12, 12], [13, 12], [13, 11], [14, 11], [14, 12], [13, 12], [13, 13], [12, 13], [12, 14], [11, 14], [11, 15], [10, 15], [10, 16], [11, 16], [10, 16], [10, 15], [9, 15], [9, 14], [8, 14], [8, 13], [7, 13], [8, 13], [8, 12], [9, 12], [10, 12], [10, 13], [11, 13], [11, 14], [12, 14], [12, 15], [13, 15], [13, 14], [14, 14], [14, 13], [13, 13], [13, 14], [12, 14], [12, 15], [11, 15], [11, 16], [10, 16], [10, 17], [11, 17], [11, 18], [12, 18], [13, 18], [14, 18], [14, 17], [13, 17], [13, 18], [12, 18], [12, 19], [11, 19], [12, 19], [13, 19], [14, 19], [14, 20], [14, 21], [13, 21], [13, 22], [12, 22], [12, 23], [11, 23], [11, 24], [10, 24], [10, 25], [9, 25], [8, 25], [7, 25], [6, 25], [6, 26], [7, 26], [7, 27], [8, 27], [8, 28], [9, 28], [10, 28], [10, 29], [11, 29], [12, 29], [12, 28], [13, 28], [13, 29], [14, 29], [13, 29], [13, 28], [14, 28], [13, 28], [13, 29], [12, 29], [12, 30], [11, 30], [11, 31], [10, 31], [11, 31], [11, 30], [12, 30], [12, 29], [13, 29], [13, 30], [14, 30]]}
META {"type": "geom", "shape": "line", "group": "offpath", "data": [[7, 19, 8, 19], [7, 23, 8, 22], [6, 15, 2, 11], [6, 19, 7, 19], [6, 22, 2, 21], [10, 2, 11, 2], [10, 15, 11, 15], [10, 20, 10, 21], [10, 8, 11, 7], [10, 21, 11, 21], [10, 23, 11, 24], [10, 22, 11, 23], [14, 14, 11, 11], [14, 2, 10, 2], [14, 11, 10, 15], [14, 15, 14, 14], [14, 0, 12, 2], [14, 10, 11, 8], [14, 19, 10, 23], [14, 7, 14, 6], [14, 9, 10, 8], [14, 6, 11, 9], [5, 14, 6, 15], [5, 20, 6, 19], [5, 5, 1, 1], [5, 12, 3, 14], [5, 22, 6, 22], [5, 18, 3, 20], [4, 29, 0, 28], [4, 14, 5, 14], [4, 20, 5, 20], [4, 5, 5, 5], [4, 26, 1, 24], [4, 12, 5, 12], [4, 18, 5, 18], [12, 14, 13, 15], [12, 2, 13, 1], [12, 11, 13, 10], [12, 8, 13, 9], [12, 21, 13, 20], [12, 23, 8, 26], [12, 22, 13, 22], [12, 7, 13, 6], [12, 9, 13, 8], [12, 3, 13, 3], [0, 25, 1, 26], [0, 11, 1, 12], [0, 10, 1, 10], [0, 8, 1, 9], [0, 5, 1, 6], [0, 28, 1, 29], [0, 4, 1, 5], [0, 13, 1, 14], [0, 18, 1, 19], [13, 15, 14, 15], [13, 20, 14, 19], [13, 10, 14, 11], [13, 8, 14, 9], [13, 1, 14, 0], [13, 22, 12, 21], [13, 9, 14, 10], [13, 3, 14, 2], [13, 6, 14, 7], [1, 29, 2, 29], [1, 14, 2, 14], [1, 24, 2, 25], [1, 10, 2, 9], [1, 5, 2, 4], [1, 26, 0, 25], [1, 1, 2, 2], [1, 12, 2, 12], [1, 19, 2, 19], [1, 7, 2, 7], [1, 9, 2, 8], [1, 6, 2, 6], [2, 29, 3, 30], [2, 14, 3, 15], [2, 25, 3, 25], [2, 2, 0, 4], [2, 11, 0, 10], [2, 8, 0, 8], [2, 21, 3, 21], [2, 4, 3, 4], [2, 12, 3, 13], [2, 19, 3, 18], [2, 7, 0, 5], [2, 9, 0, 11], [2, 6, 1, 7], [9, 20, 10, 20], [9, 26, 5, 22], [9, 21, 10, 22], [3, 30, 4, 29], [3, 14, 4, 14], [3, 25, 4, 26], [3, 15, 0, 13], [3, 20, 4, 20], [3, 21, 0, 18], [3, 4, 4, 5], [3, 13, 4, 12], [3, 18, 4, 18], [8, 26, 9, 26], [8, 19, 9, 20], [8, 22, 9, 21], [11, 24, 7, 23], [11, 2, 12, 3], [11, 11, 12, 11], [11, 15, 12, 14], [11, 8, 12, 7], [11, 21, 12, 22], [11, 23, 12, 23], [11, 7, 12, 8], [11, 9, 12, 9]]}
