XXXXXXXXXXXXXXXX
XXXXXXXX-XXX--1X
XXXX-XX------XXX
X0-----------XXX
XXX--XX--XXXX--X
XXX-XXXX-XXXX-XX
X---XXXX-----XXX
XX------X----XXX
X--XX-X-X-XXX--X
X--XX-X-X----X-X
XX-XX-X-------XX
X--XX--X-XX----X
XXXXXXXXXXXXXXXX
XXXXXXXXXXXXXXXX
X2------------3X
XXXXXXXXXXXXXXXX
META {"type": "solver", "id": "pysat-rc2-boolonly", "objective": 0}
META {"type": "geom", "shape": "path", "group": "path", "data": [[3, 1, 3, 2], [3, 2, 3, 3], [3, 3, 3, 4], [3, 4, 3, 5], [3, 5, 3, 6], [3, 6, 3, 7], [3, 7, 2, 7], [2, 7, 2, 8], [2, 8, 2, 9], [2, 9, 2, 10], [2, 10, 2, 11], [2, 11, 2, 12], [2, 12, 1, 12], [1, 12, 1, 13], [1, 13, 1, 14]]}
META {"type": "geom", "shape": "path", "group": "path", "data": [[14, 1, 14, 2], [14, 2, 14, 3], [14, 3, 14, 4], [14, 4, 14, 5], [14, 5, 14, 6], [14, 6, 14, 7], [14, 7, 14, 8], [14, 8, 14, 9], [14, 9, 14, 10], [14, 10, 14, 11], [14, 11, 14, 12], [14, 12, 14, 13], [14, 13, 14, 14]]}
META {"type": "geom", "shape": "tile", "group": "reachable", "data": [[3, 1], [3, 2], [3, 3], [4, 3], [3, 4], [2, 4], [4, 4], [3, 5], [5, 3], [3, 6], [6, 3], [3, 7], [7, 3], [6, 2], [2, 7], [4, 7], [3, 8], [7, 2], [6, 1], [7, 4], [2, 8], [4, 8], [3, 9], [8, 2], [7, 5], [1, 8], [2, 9], [3, 10], [5, 8], [9, 2], [8, 1], [8, 5], [7, 6], [2, 10], [3, 11], [6, 8], [9, 1], [10, 2], [7, 7], [9, 5], [2, 11], [3, 12], [6, 9], [11, 2], [8, 7], [10, 5], [2, 12], [7, 9], [6, 10], [11, 1], [9, 7], [11, 5], [1, 12], [7, 10], [6, 11], [8, 9], [10, 7], [11, 6], [1, 13], [7, 11], [6, 12], [9, 9], [10, 8], [7, 12], [10, 9], [9, 10], [11, 8], [10, 10], [9, 11], [10, 11], [9, 12], [10, 12], [11, 11], [11, 12], [10, 13], [11, 13], [11, 14]]}
