XXXXXXXXXXXXXXXX
XXXXXXXXXXXXXXXX
XXXXXXXXX}XXXXXX
XXXXXXXXX-XXXXXX
XXXXXXXXX---XXXX
XXXXX-------XXXX
XXXXXXXXX---XXXX
XXXXXXXXX---XXXX
XXXXXXX-----XXXX
XXXXXXXXX---XXXX
XXXXXXXXX---XXXX
XXXXXXXXX##-XXXX
XXXXXXXXX---XXXX
XXXXXXXXXX--XXXX
XXXXXXXXXX----XX
XXXXXXXXXX##--XX
XXXXXXXXXX----XX
XXXXXXXXXX----XX
XXXXXXXXXX-#--XX
XXXXXXXX------XX
XXXX-------#--XX
XXXX----#---XXXX
XXXX-----XX--XXX
XX-------XX--XXX
XXXXXXXX-----XXX
XXXXXXXX-XXX-XXX
XXXXXXXX-XXX-XXX
XXXXXXXX-XXX-XXX
XXXXXX---XXX-XXX
XXXXXX--{----XXX
XXXXXXXXXXXXXXXX
XXXXXXXXXXXXXXXX
META {"type": "solver", "id": "pysat-rc2", "objective": 0}
META {"type": "geom", "shape": "path", "group": "path", "data": [[29, 8, 29, 6], [29, 6, 28, 6], [28, 6, 28, 8], [28, 8, 22, 8], [22, 8, 22, 4], [22, 4, 20, 4], [20, 4, 20, 10], [20, 10, 21, 10], [21, 10, 21, 11], [21, 11, 21, 9], [21, 9, 19, 9], [19, 9, 19, 13], [19, 13, 20, 13], [20, 13, 20, 12], [20, 12, 14, 12], [14, 12, 14, 10], [14, 10, 12, 10], [12, 10, 12, 9], [12, 9, 12, 11], [12, 11, 14, 11], [14, 11, 4, 11], [4, 11, 4, 9], [4, 9, 2, 9]]}
META {"type": "geom", "shape": "tile", "group": "path", "data": [[29, 8], [29, 7], [29, 6], [28, 6], [28, 7], [28, 8], [27, 8], [26, 8], [25, 8], [24, 8], [23, 8], [22, 8], [22, 7], [22, 6], [22, 5], [22, 4], [21, 4], [20, 4], [20, 5], [20, 6], [20, 7], [20, 8], [20, 9], [20, 10], [21, 10], [21, 11], [21, 10], [21, 9], [20, 9], [19, 9], [19, 10], [19, 11], [19, 12], [19, 13], [20, 13], [20, 12], [19, 12], [18, 12], [17, 12], [16, 12], [15, 12], [14, 12], [14, 11], [14, 10], [13, 10], [12, 10], [12, 9], [12, 10], [12, 11], [13, 11], [14, 11], [13, 11], [12, 11], [11, 11], [10, 11], [9, 11], [8, 11], [7, 11], [6, 11], [5, 11], [4, 11], [4, 10], [4, 9], [3, 9], [2, 9]]}
META {"type": "geom", "shape": "line", "group": "offpath", "data": [[10, 10, 4, 10], [16, 11, 17, 11], [22, 12, 22, 11], [22, 11, 22, 12], [6, 11, 6, 9], [6, 9, 6, 11], [23, 8, 23, 2], [23, 2, 23, 8], [18, 12, 18, 13], [18, 13, 18, 12], [17, 11, 16, 11], [8, 11, 8, 7], [8, 7, 8, 11], [5, 11, 5, 5], [5, 5, 5, 11], [13, 11, 13, 10], [13, 10, 13, 11], [15, 12, 15, 13], [15, 13, 15, 12], [4, 10, 10, 10]]}
