XXXXXXXXXXXXXXXX
XXXXXXX--------X
XXXXXXX-X-XXXXXX
X--}XXXX--XXXXXX
X-XXXXXX-------X
X-XXXXX-X-----XX
X-------X-XXX-XX
X-------X------X
X----XX--XX---XX
X----XX-XXXXX--X
X------XXXXXX-XX
X------XXXX{---X
XX------XXXXXX-X
X-------XXXXXX-X
X--------------X
XXXXXXXXXXXXXXXX
META {"type": "solver", "id": "pysat-rc2", "objective": 0}
META {"type": "geom", "shape": "path", "group": "path", "data": [[11, 11, 11, 12], [11, 12, 11, 13], [11, 13, 11, 14], [11, 14, 12, 14], [12, 14, 13, 14], [13, 14, 14, 14], [14, 14, 14, 13], [14, 13, 14, 12], [14, 12, 14, 11], [14, 11, 14, 10], [14, 10, 14, 9], [14, 9, 14, 8], [14, 8, 14, 7], [14, 7, 13, 7], [13, 7, 12, 7], [12, 7, 12, 6], [12, 6, 11, 6], [11, 6, 10, 6], [10, 6, 10, 5], [10, 5, 10, 4], [10, 4, 9, 4], [9, 4, 8, 4], [8, 4, 7, 4], [7, 4, 6, 4], [6, 4, 6, 3], [6, 3, 6, 2], [6, 2, 6, 1], [6, 1, 5, 1], [5, 1, 4, 1], [4, 1, 3, 1], [3, 1, 3, 2], [3, 2, 3, 3]]}
