XXXXXXXXXXXXXXXX
XXXXXXXXXXXXXXXX
XX}XXXXXXX---XXX
XX-XXXXX------XX
XX--------#---XX
XXX--#-XX-----XX
XXX-----XX---XXX
XXX-#----XX-XXXX
XXX---X---X--XXX
XX---XXX---#-XXX
XX---XXX-#---XXX
XX##-XXX------XX
XX---XXX--X-#-XX
XX---XXX-XX---XX
XXX-------X---XX
XXX-#-------X-XX
XXX---------XXXX
XXX--XX--#---XXX
XX----X----#-XXX
XX--#--##-----XX
XX----------#-XX
XX---X---##---XX
XX--XXXX------XX
XXXXXXXX------XX
XXXXXXX--#---XXX
XXXXXXX-----XXXX
XXXXXX-------XXX
XXX-----##-#-XXX
XXX##---------XX
XXX---XX--X-{-XX
XXXXXXXXXXXXXXXX
XXXXXXXXXXXXXXXX
META {"type": "solver", "id": "pysat-rc2", "objective": 0}
META {"type": "geom", "shape": "path", "group": "path", "data": [[29, 12, 29, 11], [29, 11, 28, 11], [28, 11, 28, 5], [28, 5, 29, 5], [29, 5, 27, 5], [27, 5, 27, 3], [27, 3, 27, 7], [27, 7, 28, 7], [28, 7, 24, 7], [24, 7, 24, 8], [24, 8, 20, 8], [20, 8, 20, 2], [20, 2, 18, 2], [18, 2, 22, 2], [22, 2, 22, 3], [22, 3, 12, 3], [12, 3, 12, 2], [12, 2, 13, 2], [13, 2, 13, 4], [13, 4, 14, 4], [14, 4, 14, 3], [14, 3, 14, 9], [14, 9, 16, 9], [16, 9, 16, 11], [16, 11, 10, 11], [10, 11, 10, 10], [10, 10, 10, 12], [10, 12, 8, 12], [8, 12, 8, 11], [8, 11, 2, 11], [2, 11, 2, 10], [2, 10, 2, 12], [2, 12, 6, 12], [6, 12, 6, 10], [6, 10, 5, 10], [5, 10, 5, 9], [5, 9, 3, 9], [3, 9, 3, 8], [3, 8, 4, 8], [4, 8, 4, 2], [4, 2, 2, 2]]}
META {"type": "geom", "shape": "tile", "group": "path", "data": [[29, 12], [29, 11], [28, 11], [28, 10], [28, 9], [28, 8], [28, 7], [28, 6], [28, 5], [29, 5], [28, 5], [27, 5], [27, 4], [27, 3], [27, 4], [27, 5], [27, 6], [27, 7], [28, 7], [27, 7], [26, 7], [25, 7], [24, 7], [24, 8], [23, 8], [22, 8], [21, 8], [20, 8], [20, 7], [20, 6], [20, 5], [20, 4], [20, 3], [20, 2], [19, 2], [18, 2], [19, 2], [20, 2], [21, 2], [22, 2], [22, 3], [21, 3], [20, 3], [19, 3], [18, 3], [17, 3], [16, 3], [15, 3], [14, 3], [13, 3], [12, 3], [12, 2], [13, 2], [13, 3], [13, 4], [14, 4], [14, 3], [14, 4], [14, 5], [14, 6], [14, 7], [14, 8], [14, 9], [15, 9], [16, 9], [16, 10], [16, 11], [15, 11], [14, 11], [13, 11], [12, 11], [11, 11], [10, 11], [10, 10], [10, 11], [10, 12], [9, 12], [8, 12], [8, 11], [7, 11], [6, 11], [5, 11], [4, 11], [3, 11], [2, 11], [2, 10], [2, 11], [2, 12], [3, 12], [4, 12], [5, 12], [6, 12], [6, 11], [6, 10], [5, 10], [5, 9], [4, 9], [3, 9], [3, 8], [4, 8], [4, 7], [4, 6], [4, 5], [4, 4], [4, 3], [4, 2], [3, 2], [2, 2]]}
META {"type": "geom", "shape": "line", "group": "offpath", "data": [[24, 10, 24, 12], [24, 12, 24, 10], [28, 10, 22, 10], [28, 9, 29, 9], [28, 6, 26, 6], [14, 5, 16, 5], [14, 12, 13, 12], [26, 9, 25, 9], [26, 6, 28, 6], [22, 10, 28, 10], [10, 3, 10, 4], [10, 4, 8, 4], [16, 5, 14, 5], [20, 4, 21, 4], [20, 5, 18, 5], [20, 7, 21, 7], [9, 10, 11, 10], [9, 4, 9, 2], [9, 2, 9, 4], [21, 8, 21, 6], [21, 4, 20, 4], [21, 6, 21, 8], [21, 7, 20, 7], [6, 3, 4, 3], [6, 5, 6, 3], [6, 7, 8, 7], [23, 13, 19, 13], [17, 8, 17, 7], [17, 10, 15, 10], [17, 11, 17, 12], [17, 3, 17, 4], [17, 4, 17, 3], [17, 7, 17, 8], [17, 12, 17, 10], [29, 9, 28, 9], [4, 3, 10, 3], [11, 10, 9, 10], [8, 4, 8, 5], [8, 5, 6, 5], [8, 7, 6, 7], [18, 5, 20, 5], [25, 9, 26, 9], [15, 10, 15, 11], [15, 11, 17, 11], [19, 13, 23, 13], [13, 12, 14, 12]]}
