XXXXXXXXXXXXXXXX
X0--XXXXXX-X--1X
XXX-XXXXXXX--XXX
XXX----XXXX--XXX
X------------XXX
X--XXX---XX----X
XX-----X-XX-X--X
XX-XXX------X-XX
X-X-----XXX-X--X
X-X-X-------X--X
X-X-X---X----X-X
X---X----XX----X
XXX-X-XXXXXXXXXX
XXX---XXXXXXXXXX
X2-XX---XX----3X
XXXXXXXXXXXXXXXX
META {"type": "solver", "id": "pysat-rc2", "objective": 0}
META {"type": "geom", "shape": "path", "group": "path", "data": [[1, 1, 1, 2], [1, 2, 1, 3], [1, 3, 2, 3], [2, 3, 3, 3], [3, 3, 3, 4], [3, 4, 3, 5], [3, 5, 4, 5], [4, 5, 4, 6], [4, 6, 4, 7], [4, 7, 4, 8], [4, 8, 4, 9], [4, 9, 4, 10], [4, 10, 4, 11], [4, 11, 3, 11], [3, 11, 3, 12], [3, 12, 2, 12], [2, 12, 1, 12], [1, 12, 1, 13], [1, 13, 1, 14]]}
META {"type": "geom", "shape": "tile", "group": "path", "data": [[1, 1], [1, 2], [1, 3], [2, 3], [3, 3], [3, 4], [3, 5], [4, 5], [4, 6], [4, 7], [4, 8], [4, 9], [4, 10], [4, 11], [3, 11], [3, 12], [2, 12], [1, 12], [1, 13], [1, 14]]}
META {"type": "geom", "shape": "line", "group": "offpath", "data": [[11, 5, 12, 5], [11, 7, 10, 7], [12, 5, 11, 5], [8, 5, 9, 5], [8, 6, 8, 5], [9, 5, 9, 6], [9, 6, 8, 6], [7, 6, 6, 6], [6, 4, 6, 5], [6, 2, 5, 2], [6, 5, 6, 4], [6, 6, 7, 6], [4, 4, 4, 3], [4, 3, 4, 4], [10, 7, 11, 7], [5, 2, 6, 2]]}
