XXXXXXXXXXXXXXXX
XXXX-X-X------1X
X0---------X-XXX
XXXX-----XXXXXXX
XXXXXXX--XXXXXXX
XXXXXXX-------XX
X-XX-----------X
XX--X----------X
XX-X--X--------X
X----------X--XX
XX---XXX---X--XX
X-------XX-X---X
XXXX--XXXXX-XXXX
XXXX--XXXXX-XXXX
X2--XX-XX-----3X
XXXXXXXXXXXXXXXX
META {"type": "solver", "id": "pysat-rc2", "objective": 0}
META {"type": "geom", "shape": "path", "group": "path", "data": [[2, 1, 2, 2], [2, 2, 2, 3], [2, 3, 2, 4], [2, 4, 2, 5], [2, 5, 2, 6], [2, 6, 2, 7], [2, 7, 2, 8], [2, 8, 2, 9], [2, 9, 2, 10], [2, 10, 1, 10], [1, 10, 1, 11], [1, 11, 1, 12], [1, 12, 1, 13], [1, 13, 1, 14]]}
META {"type": "geom", "shape": "tile", "group": "path", "data": [[2, 1], [2, 2], [2, 3], [2, 4], [2, 5], [2, 6], [2, 7], [2, 8], [2, 9], [2, 10], [1, 10], [1, 11], [1, 12], [1, 13], [1, 14]]}
META {"type": "geom", "shape": "line", "group": "offpath", "data": [[4, 8, 5, 8], [4, 7, 4, 8], [12, 4, 12, 5], [12, 5, 11, 5], [8, 9, 9, 9], [8, 7, 7, 7], [8, 10, 8, 11], [8, 14, 7, 14], [8, 2, 7, 2], [8, 11, 8, 10], [6, 8, 7, 8], [6, 9, 6, 8], [6, 6, 6, 7], [6, 7, 5, 7], [6, 13, 5, 13], [6, 5, 6, 6], [6, 10, 6, 11], [6, 11, 6, 10], [5, 8, 5, 9], [5, 12, 5, 11], [5, 9, 6, 9], [5, 7, 4, 7], [5, 13, 6, 13], [5, 11, 5, 12], [13, 4, 13, 5], [13, 5, 13, 4], [9, 3, 10, 3], [9, 8, 9, 7], [9, 9, 9, 8], [9, 6, 9, 5], [9, 7, 8, 7], [9, 13, 10, 13], [9, 4, 9, 3], [9, 5, 9, 6], [9, 10, 10, 10], [9, 1, 9, 2], [9, 2, 9, 1], [11, 6, 11, 7], [11, 7, 11, 6], [11, 4, 12, 4], [11, 5, 11, 4], [11, 1, 11, 2], [11, 2, 11, 1], [10, 3, 10, 4], [10, 13, 9, 13], [10, 4, 9, 4], [10, 10, 9, 10], [7, 8, 7, 9], [7, 12, 7, 13], [7, 9, 8, 9], [7, 6, 7, 5], [7, 7, 7, 6], [7, 13, 7, 12], [7, 5, 6, 5], [7, 10, 7, 11], [7, 14, 8, 14], [7, 2, 8, 2], [7, 11, 7, 10]]}
