XXXXXXXXXXXXXXXX
X0-X--XX-XX-X-1X
XXX-X---XXXX-XXX
XXX--XX-XXXXXXXX
X---XXXXXXXXXXXX
XX--XXXXXXX-XX-X
XX-XXXXXX---XX-X
X--XXXXX-XXXXXXX
XXXXXXX-XXXXXXXX
XXXXXX-XXXXXXX-X
X------XXXX----X
XX--XXX----X---X
XXX----X---X-XXX
XXX-X------X-XXX
X2----XX------3X
XXXXXXXXXXXXXXXX
META {"type": "solver", "id": "clingo-be", "objective": 0}
META {"type": "geom", "shape": "path", "group": "path", "data": [[14, 1, 14, 2], [14, 2, 14, 3], [14, 3, 14, 4], [14, 4, 14, 5], [14, 5, 13, 5], [13, 5, 13, 6], [13, 6, 13, 7], [13, 7, 13, 8], [13, 8, 14, 8], [14, 8, 14, 9], [14, 9, 14, 10], [14, 10, 14, 11], [14, 11, 14, 12], [14, 12, 14, 13], [14, 13, 14, 14]]}
META {"type": "geom", "shape": "tile", "group": "path", "data": [[14, 1], [14, 2], [14, 3], [14, 4], [14, 5], [13, 5], [13, 6], [13, 7], [13, 8], [14, 8], [14, 9], [14, 10], [14, 11], [14, 12], [14, 13], [14, 14]]}
META {"type": "geom", "shape": "line", "group": "offpath", "data": [[3, 7, 2, 7], [13, 9, 13, 10], [13, 10, 12, 10], [4, 2, 5, 2], [12, 5, 12, 6], [12, 9, 13, 9], [12, 10, 11, 10], [12, 6, 12, 5], [2, 7, 3, 7], [9, 6, 10, 6], [10, 11, 10, 12], [10, 12, 10, 11], [10, 4, 10, 5], [10, 5, 10, 4], [10, 6, 9, 6], [11, 7, 11, 8], [11, 12, 11, 13], [11, 9, 12, 9], [11, 10, 11, 9], [11, 13, 11, 12], [11, 8, 11, 7], [6, 2, 7, 2], [5, 2, 4, 2], [7, 2, 6, 2]]}
