XXXXXXXXXXXXXXXX
XXX--XX---XX-XXX
XXX--XX-X-----1X
X0-X-XX-X----XXX
XXX-----X--X-XXX
XXX-----X--X---X
X----------X-X-X
XX------XXX--X-X
X-XX--XX---X-X-X
XXXXXXXXX-X---XX
XXXXXXXXX---XXXX
X--------X-XXXXX
XXXXXXXX-X-XXXXX
XXXXXXXX-X--XXXX
X2------------3X
XXXXXXXXXXXXXXXX
META {"type": "solver", "id": "pysat-rc2", "objective": 0}
META {"type": "geom", "shape": "path", "group": "path", "data": [[14, 1, 14, 2], [14, 2, 14, 3], [14, 3, 14, 4], [14, 4, 14, 5], [14, 5, 14, 6], [14, 6, 14, 7], [14, 7, 14, 8], [14, 8, 14, 9], [14, 9, 14, 10], [14, 10, 14, 11], [14, 11, 14, 12], [14, 12, 14, 13], [14, 13, 14, 14]]}
META {"type": "geom", "shape": "tile", "group": "path", "data": [[14, 1], [14, 2], [14, 3], [14, 4], [14, 5], [14, 6], [14, 7], [14, 8], [14, 9], [14, 10], [14, 11], [14, 12], [14, 13], [14, 14]]}
META {"type": "geom", "shape": "line", "group": "offpath", "data": [[10, 11, 9, 11], [10, 10, 11, 10], [10, 9, 9, 9], [12, 10, 13, 10], [12, 8, 11, 8], [6, 2, 7, 2], [6, 7, 6, 8], [6, 10, 5, 10], [6, 3, 5, 3], [6, 14, 5, 14], [6, 8, 6, 7], [11, 5, 11, 6], [11, 6, 11, 5], [11, 4, 11, 3], [11, 10, 10, 10], [11, 3, 11, 4], [11, 8, 12, 8], [7, 5, 7, 6], [7, 2, 6, 2], [7, 6, 7, 5], [4, 4, 4, 3], [4, 10, 4, 9], [4, 3, 4, 4], [4, 9, 4, 10], [9, 11, 10, 11], [9, 13, 9, 12], [9, 9, 10, 9], [9, 12, 9, 13], [8, 10, 8, 9], [8, 9, 8, 10], [13, 10, 12, 10], [5, 5, 5, 6], [5, 6, 5, 5], [5, 10, 6, 10], [5, 3, 6, 3], [5, 14, 6, 14]]}
