XXXXXXXXXXXXXXXX
X0--X---XX-XX-1X
XXX---X-XX---XXX
XXX---X------XXX
X--XX-X-XXXXX--X
XXXXXX-X-----X-X
XXXXXX---XX-X--X
X--XX-XX-XX--XXX
XXXXXXXXX----XXX
XXXXXXXXX-----XX
X-XXX-XX-X-----X
XXXXX-XX-X-----X
XXXXX-XX-X---XXX
XXXXX--------XXX
X2----XX------3X
XXXXXXXXXXXXXXXX
META {"type": "solver", "id": "pysat-rc2", "objective": 0}
META {"type": "geom", "shape": "path", "group": "path", "data": [[14, 1, 14, 2], [14, 2, 14, 3], [14, 3, 14, 4], [14, 4, 14, 5], [14, 5, 13, 5], [13, 5, 13, 6], [13, 6, 13, 7], [13, 7, 13, 8], [13, 8, 14, 8], [14, 8, 14, 9], [14, 9, 13, 9], [13, 9, 13, 10], [13, 10, 12, 10], [12, 10, 11, 10], [11, 10, 11, 11], [11, 11, 12, 11], [12, 11, 13, 11], [13, 11, 13, 12], [13, 12, 14, 12], [14, 12, 14, 13], [14, 13, 14, 14]]}
META {"type": "geom", "shape": "tile", "group": "path", "data": [[14, 1], [14, 2], [14, 3], [14, 4], [14, 5], [13, 5], [13, 6], [13, 7], [13, 8], [14, 8], [14, 9], [13, 9], [13, 10], [12, 10], [11, 10], [11, 11], [12, 11], [13, 11], [13, 12], [14, 12], [14, 13], [14, 14]]}
META {"type": "geom", "shape": "line", "group": "offpath", "data": [[8, 11, 8, 10], [8, 10, 8, 9], [8, 12, 7, 12], [8, 9, 9, 9], [14, 11, 14, 10], [14, 10, 14, 11], [10, 14, 11, 14], [10, 13, 10, 14], [10, 11, 9, 11], [10, 10, 10, 11], [7, 12, 8, 12], [9, 13, 9, 12], [9, 11, 8, 11], [9, 10, 10, 10], [9, 12, 9, 13], [9, 9, 9, 10], [12, 8, 11, 8], [11, 14, 11, 13], [11, 8, 12, 8], [11, 13, 10, 13]]}
