XXXXXXXXXXXXXXXX
XXXXXXXXXXXXXXXX
XXXX-----XXX}XXX
XXX---X--XXX-XXX
XX--#-XXXXXX-XXX
XX----XXXXXX-XXX
XX-----XXX----XX
XXXX---XXX----XX
XXXX-#-------XXX
XXX------XX-XXXX
XX--#-XX-XX--XXX
XX-----X--X--XXX
XX--------XX--XX
XXXX-#--X--X--XX
XXXX----XX---XXX
XXXX-----X--XXXX
XX-----#--#--XXX
XX-##--------XXX
XX----X-#--X-XXX
XX---XX---XX-XXX
XX-#--X----X--XX
XX-----X------XX
XXX-XXXXX--XX-XX
XXX-XXXXX---X-XX
XXX--XXXX-----XX
XX---XXX--X---XX
XX-#-----XX---XX
XX--------X---XX
XXX-----X--{-XXX
XXXXXXXXXXXXXXXX
XXXXXXXXXXXXXXXX
XXXXXXXXXXXXXXXX
META {"type": "solver", "id": "pysat-rc2", "objective": 0}
META {"type": "geom", "shape": "path", "group": "path", "data": [[28, 11, 28, 12], [28, 12, 24, 12], [24, 12, 24, 13], [24, 13, 20, 13], [20, 13, 20, 12], [20, 12, 16, 12], [16, 12, 16, 11], [16, 11, 17, 11], [17, 11, 17, 5], [17, 5, 18, 5], [18, 5, 14, 5], [14, 5, 14, 7], [14, 7, 15, 7], [15, 7, 15, 8], [15, 8, 15, 4], [15, 4, 11, 4], [11, 4, 11, 6], [11, 6, 11, 2], [11, 2, 10, 2], [10, 2, 10, 3], [10, 3, 12, 3], [12, 3, 12, 9], [12, 9, 13, 9], [13, 9, 13, 10], [13, 10, 15, 10], [15, 10, 15, 11], [15, 11, 14, 11], [14, 11, 14, 12], [14, 12, 10, 12], [10, 12, 10, 11], [10, 11, 6, 11], [6, 11, 6, 10], [6, 10, 8, 10], [8, 10, 8, 12], [8, 12, 2, 12]]}
META {"type": "geom", "shape": "tile", "group": "path", "data": [[28, 11], [28, 12], [27, 12], [26, 12], [25, 12], [24, 12], [24, 13], [23, 13], [22, 13], [21, 13], [20, 13], [20, 12], [19, 12], [18, 12], [17, 12], [16, 12], [16, 11], [17, 11], [17, 10], [17, 9], [17, 8], [17, 7], [17, 6], [17, 5], [18, 5], [17, 5], [16, 5], [15, 5], [14, 5], [14, 6], [14, 7], [15, 7], [15, 8], [15, 7], [15, 6], [15, 5], [15, 4], [14, 4], [13, 4], [12, 4], [11, 4], [11, 5], [11, 6], [11, 5], [11, 4], [11, 3], [11, 2], [10, 2], [10, 3], [11, 3], [12, 3], [12, 4], [12, 5], [12, 6], [12, 7], [12, 8], [12, 9], [13, 9], [13, 10], [14, 10], [15, 10], [15, 11], [14, 11], [14, 12], [13, 12], [12, 12], [11, 12], [10, 12], [10, 11], [9, 11], [8, 11], [7, 11], [6, 11], [6, 10], [7, 10], [8, 10], [8, 11], [8, 12], [7, 12], [6, 12], [5, 12], [4, 12], [3, 12], [2, 12]]}
META {"type": "geom", "shape": "line", "group": "offpath", "data": [[12, 13, 12, 12], [12, 12, 12, 13], [27, 2, 25, 2], [2, 4, 3, 4], [2, 7, 2, 8], [2, 8, 3, 8], [8, 6, 6, 6], [8, 8, 8, 6], [18, 10, 18, 9], [18, 9, 18, 10], [6, 13, 7, 13], [6, 2, 4, 2], [6, 6, 6, 2], [20, 5, 20, 4], [20, 4, 20, 5], [21, 2, 21, 6], [21, 6, 21, 2], [21, 3, 25, 3], [16, 8, 16, 9], [16, 9, 16, 8], [28, 7, 28, 3], [28, 3, 28, 7], [4, 2, 4, 3], [4, 3, 3, 3], [22, 10, 22, 9], [22, 9, 22, 10], [25, 2, 27, 2], [25, 8, 25, 9], [25, 9, 25, 8], [25, 3, 21, 3], [9, 4, 9, 8], [9, 8, 8, 8], [11, 8, 11, 9], [11, 9, 11, 8], [11, 12, 11, 11], [11, 11, 11, 12], [3, 5, 7, 5], [3, 4, 2, 4], [3, 7, 2, 7], [3, 8, 3, 7], [3, 3, 3, 5], [13, 6, 13, 7], [13, 7, 13, 6], [7, 13, 6, 13], [7, 5, 7, 4], [7, 4, 9, 4]]}
