XXXXXXXXXXXXXXXX
XXXXXXXXXXXXXXXX
XXXXX}XXX---XXXX
XXX---XXX-XXXXXX
XXX--#-----XXXXX
XX------XX-XXXXX
XX--#----X-XXXXX
XXX---XX-XX--XXX
XXX----X--X--XXX
XXX--X--X-XXXXXX
XX---XXXX--XXXXX
XX-X--XXXX-XXXXX
XX-XX-XXXX--XXXX
XX--X-XXXX--XXXX
XX----XXXX---XXX
XXX---XXXX---XXX
XXX---XXX--X--XX
XXXX-------XX-XX
XXXX---X----X-XX
XXXXX-XX-##---XX
XXXXX--X------XX
XXXXX---------XX
XXXXX##-X-----XX
XXXXX---XX-XX-XX
XXX--#---X-XX-XX
XXX---------X-XX
XX--{-X--XX---XX
XX-XXXX---X---XX
XXXXXXXX---X--XX
XXXXXXXXXXXXXXXX
XXXXXXXXXXXXXXXX
XXXXXXXXXXXXXXXX
META {"type": "solver", "id": "pysat-rc2", "objective": 0}
META {"type": "geom", "shape": "path", "group": "path", "data": [[26, 4, 26, 5], [26, 5, 25, 5], [25, 5, 25, 11], [25, 11, 27, 11], [27, 11, 27, 13], [27, 13, 28, 13], [28, 13, 28, 12], [28, 12, 26, 12], [26, 12, 26, 13], [26, 13, 16, 13], [16, 13, 16, 12], [16, 12, 14, 12], [14, 12, 14, 10], [14, 10, 18, 10], [18, 10, 18, 8], [18, 8, 17, 8], [17, 8, 17, 4], [17, 4, 18, 4], [18, 4, 14, 4], [14, 4, 14, 2], [14, 2, 10, 2], [10, 2, 10, 4], [10, 4, 11, 4], [11, 4, 7, 4], [7, 4, 7, 5], [7, 5, 7, 3], [7, 3, 3, 3], [3, 3, 3, 5], [3, 5, 2, 5]]}
META {"type": "geom", "shape": "tile", "group": "path", "data": [[26, 4], [26, 5], [25, 5], [25, 6], [25, 7], [25, 8], [25, 9], [25, 10], [25, 11], [26, 11], [27, 11], [27, 12], [27, 13], [28, 13], [28, 12], [27, 12], [26, 12], [26, 13], [25, 13], [24, 13], [23, 13], [22, 13], [21, 13], [20, 13], [19, 13], [18, 13], [17, 13], [16, 13], [16, 12], [15, 12], [14, 12], [14, 11], [14, 10], [15, 10], [16, 10], [17, 10], [18, 10], [18, 9], [18, 8], [17, 8], [17, 7], [17, 6], [17, 5], [17, 4], [18, 4], [17, 4], [16, 4], [15, 4], [14, 4], [14, 3], [14, 2], [13, 2], [12, 2], [11, 2], [10, 2], [10, 3], [10, 4], [11, 4], [10, 4], [9, 4], [8, 4], [7, 4], [7, 5], [7, 4], [7, 3], [6, 3], [5, 3], [4, 3], [3, 3], [3, 4], [3, 5], [2, 5]]}
META {"type": "geom", "shape": "line", "group": "offpath", "data": [[18, 11, 22, 11], [26, 8, 26, 7], [26, 7, 26, 8], [7, 11, 7, 12], [7, 12, 8, 12], [8, 8, 8, 9], [8, 11, 7, 11], [8, 12, 8, 11], [8, 9, 8, 8], [6, 6, 6, 5], [6, 5, 5, 5], [6, 2, 5, 2], [4, 6, 6, 6], [4, 3, 4, 4], [4, 4, 4, 3], [4, 7, 4, 6], [22, 11, 18, 11], [22, 9, 20, 9], [25, 6, 23, 6], [20, 6, 20, 5], [20, 5, 20, 6], [20, 9, 22, 9], [24, 8, 24, 6], [24, 6, 25, 6], [24, 3, 24, 4], [24, 4, 24, 3], [5, 5, 5, 7], [5, 2, 6, 2], [5, 7, 4, 7], [28, 8, 24, 8], [28, 10, 28, 8], [28, 9, 28, 10], [13, 2, 13, 3], [13, 3, 13, 2], [2, 11, 2, 9], [2, 9, 2, 11], [23, 6, 23, 5], [23, 5, 23, 7], [23, 7, 27, 7], [15, 10, 15, 12], [15, 5, 15, 3], [15, 3, 15, 5], [15, 12, 15, 10], [27, 9, 28, 9], [27, 7, 27, 9]]}
