XXXXXXXXXXXXXXXX
XXXXXXXXXXXXXXXX
XXXXXX--XXX-XXXX
XXXXXXX-XXX--XXX
XX}XXXX---XX-XXX
XX-XXXX----X--XX
XX-------X--#-XX
XXX-XX---XX---XX
XXX--X----XX--XX
XXX---X-#--XX-XX
XX---XX-----X-XX
XX----X---#---XX
XXX-#---X---XXXX
XXX---XXXX---XXX
XXX---XXXXX--XXX
XX--#-XXX-XX--XX
XXX---XXX--X--XX
XXX--#--------XX
XXX-----XXX---XX
XXX-#---XXX---XX
XX----XXXXXXX-XX
XX##---XXXXXX-XX
XX---#-XXXXXX-XX
XX-#---XXXXXX-XX
XX----#--XXX--XX
XX--#---------XX
XX-----X----X-XX
XX----XX--XXXXXX
XX-----X---XXXXX
XXXX-----{-XXXXX
XXXXXXXXXXXXXXXX
XXXXXXXXXXXXXXXX
META {"type": "solver", "id": "pysat-rc2", "objective": 0}
META {"type": "geom", "shape": "path", "group": "path", "data": [[29, 9, 25, 9], [25, 9, 25, 13], [25, 13, 15, 13], [15, 13, 15, 12], [15, 12, 13, 12], [13, 12, 13, 10], [13, 10, 12, 10], [12, 10, 12, 11], [12, 11, 10, 11], [10, 11, 10, 7], [10, 7, 12, 7], [12, 7, 12, 5], [12, 5, 16, 5], [16, 5, 16, 3], [16, 3, 6, 3], [6, 3, 6, 2], [6, 2, 4, 2]]}
META {"type": "geom", "shape": "tile", "group": "path", "data": [[29, 9], [28, 9], [27, 9], [26, 9], [25, 9], [25, 10], [25, 11], [25, 12], [25, 13], [24, 13], [23, 13], [22, 13], [21, 13], [20, 13], [19, 13], [18, 13], [17, 13], [16, 13], [15, 13], [15, 12], [14, 12], [13, 12], [13, 11], [13, 10], [12, 10], [12, 11], [11, 11], [10, 11], [10, 10], [10, 9], [10, 8], [10, 7], [11, 7], [12, 7], [12, 6], [12, 5], [13, 5], [14, 5], [15, 5], [16, 5], [16, 4], [16, 3], [15, 3], [14, 3], [13, 3], [12, 3], [11, 3], [10, 3], [9, 3], [8, 3], [7, 3], [6, 3], [6, 2], [5, 2], [4, 2]]}
META {"type": "geom", "shape": "line", "group": "offpath", "data": [[17, 7, 19, 7], [5, 13, 11, 13], [5, 12, 3, 12], [14, 3, 14, 5], [14, 5, 14, 3], [14, 12, 14, 11], [14, 11, 14, 12], [11, 4, 11, 2], [11, 13, 5, 13], [11, 2, 10, 2], [28, 8, 24, 8], [28, 2, 28, 6], [28, 6, 29, 6], [28, 10, 28, 8], [25, 6, 26, 6], [25, 7, 25, 5], [25, 5, 23, 5], [25, 10, 26, 10], [25, 12, 24, 12], [25, 11, 26, 11], [24, 4, 24, 2], [24, 8, 24, 7], [24, 2, 28, 2], [24, 7, 25, 7], [24, 12, 25, 12], [21, 4, 20, 4], [21, 6, 21, 4], [18, 4, 16, 4], [18, 13, 18, 11], [18, 3, 20, 3], [18, 7, 18, 3], [18, 5, 18, 7], [18, 11, 18, 13], [20, 4, 24, 4], [20, 3, 20, 5], [20, 5, 18, 5], [8, 8, 8, 6], [8, 6, 6, 6], [8, 12, 7, 12], [22, 4, 22, 2], [22, 2, 22, 4], [19, 13, 19, 11], [19, 7, 17, 7], [19, 11, 19, 13], [15, 3, 15, 2], [15, 2, 15, 3], [23, 4, 23, 6], [23, 6, 21, 6], [23, 5, 23, 4], [7, 8, 7, 6], [7, 6, 7, 8], [7, 12, 8, 12], [29, 4, 29, 10], [29, 6, 29, 4], [29, 10, 28, 10], [2, 6, 2, 7], [2, 7, 2, 6], [10, 4, 11, 4], [10, 2, 10, 4], [9, 3, 9, 5], [9, 5, 9, 3], [3, 12, 5, 12], [6, 8, 8, 8], [6, 6, 6, 8], [6, 10, 6, 11], [6, 11, 6, 10], [26, 6, 25, 6], [26, 10, 25, 10], [26, 11, 25, 11], [16, 4, 18, 4], [16, 13, 16, 12], [16, 12, 16, 13]]}
