XXXXXXXXXXXXXXXX
XXXXXXXXXXXXXXXX
XXXXX--XXXX}XXXX
XX-----XXXX--XXX
XX-----------XXX
XX-XXXXXX-#---XX
XX-XXXXXX---X-XX
XX-XXXXX---XX-XX
XX-XXXX-----X-XX
XX------XX----XX
XXX---X--X-#--XX
XXX---XX------XX
XXX----X--X-X-XX
XXX--#-XXXXXXXXX
XX-#---XXXXXXXXX
XX------XXXXXXXX
XXX--#--XXX--XXX
XXX-----XXX---XX
XXX---#-XXX-#-XX
XX-#----------XX
XX---X--#-----XX
XX---XX----#--XX
XXX---X--X----XX
XXX-#---XXX---XX
XXX-----XXX-X-XX
XX---X-XXXXXX-XX
XXXXXXXXXXXXX-XX
XXXXXXXXXXXX--XX
XXXXX--XXXX-{-XX
XXXXXXXXXXXXXXXX
XXXXXXXXXXXXXXXX
XXXXXXXXXXXXXXXX
META {"type": "solver", "id": "pysat-rc2", "objective": 0}
META {"type": "geom", "shape": "path", "group": "path", "data": [[28, 12, 27, 12], [27, 12, 27, 13], [27, 13, 17, 13], [17, 13, 17, 11], [17, 11, 16, 11], [16, 11, 20, 11], [20, 11, 20, 13], [20, 13, 20, 9], [20, 9, 19, 9], [19, 9, 21, 9], [21, 9, 21, 10], [21, 10, 19, 10], [19, 10, 19, 4], [19, 4, 9, 4], [9, 4, 9, 2], [9, 2, 3, 2], [3, 2, 3, 6], [3, 6, 2, 6], [2, 6, 4, 6], [4, 6, 4, 2], [4, 2, 4, 12], [4, 12, 5, 12], [5, 12, 3, 12], [3, 12, 3, 11], [3, 11, 2, 11]]}
META {"type": "geom", "shape": "tile", "group": "path", "data": [[28, 12], [27, 12], [27, 13], [26, 13], [25, 13], [24, 13], [23, 13], [22, 13], [21, 13], [20, 13], [19, 13], [18, 13], [17, 13], [17, 12], [17, 11], [16, 11], [17, 11], [18, 11], [19, 11], [20, 11], [20, 12], [20, 13], [20, 12], [20, 11], [20, 10], [20, 9], [19, 9], [20, 9], [21, 9], [21, 10], [20, 10], [19, 10], [19, 9], [19, 8], [19, 7], [19, 6], [19, 5], [19, 4], [18, 4], [17, 4], [16, 4], [15, 4], [14, 4], [13, 4], [12, 4], [11, 4], [10, 4], [9, 4], [9, 3], [9, 2], [8, 2], [7, 2], [6, 2], [5, 2], [4, 2], [3, 2], [3, 3], [3, 4], [3, 5], [3, 6], [2, 6], [3, 6], [4, 6], [4, 5], [4, 4], [4, 3], [4, 2], [4, 3], [4, 4], [4, 5], [4, 6], [4, 7], [4, 8], [4, 9], [4, 10], [4, 11], [4, 12], [5, 12], [4, 12], [3, 12], [3, 11], [2, 11]]}
META {"type": "geom", "shape": "line", "group": "offpath", "data": [[3, 4, 4, 4], [3, 3, 4, 3], [13, 3, 9, 3], [2, 5, 4, 5], [9, 12, 11, 12], [9, 3, 13, 3], [8, 7, 10, 7], [8, 9, 8, 7], [25, 4, 24, 4], [25, 3, 25, 4], [28, 13, 28, 11], [28, 11, 28, 13], [20, 4, 20, 2], [20, 2, 21, 2], [20, 3, 20, 4], [18, 5, 19, 5], [18, 3, 18, 5], [6, 9, 8, 9], [6, 11, 6, 9], [14, 2, 15, 2], [21, 4, 22, 4], [21, 12, 21, 13], [21, 2, 21, 4], [21, 13, 21, 12], [12, 9, 11, 9], [12, 8, 12, 9], [12, 11, 11, 11], [23, 13, 23, 11], [23, 11, 23, 13], [11, 9, 11, 13], [11, 12, 9, 12], [11, 5, 11, 3], [11, 3, 11, 5], [11, 13, 5, 13], [11, 11, 12, 11], [15, 2, 14, 2], [10, 7, 10, 8], [10, 12, 10, 13], [10, 5, 10, 3], [10, 8, 12, 8], [10, 3, 10, 5], [10, 13, 10, 12], [19, 5, 17, 5], [22, 7, 22, 8], [22, 4, 22, 3], [22, 5, 24, 5], [22, 8, 22, 7], [22, 3, 20, 3], [22, 11, 24, 11], [4, 4, 3, 4], [4, 5, 2, 5], [4, 3, 3, 3], [7, 8, 7, 10], [7, 10, 7, 8], [17, 5, 17, 3], [17, 3, 18, 3], [24, 4, 24, 3], [24, 5, 22, 5], [24, 3, 25, 3], [24, 11, 22, 11], [5, 13, 5, 11], [5, 11, 6, 11], [16, 7, 16, 6], [16, 4, 16, 3], [16, 6, 16, 7], [16, 3, 16, 4]]}
