XXXXXXXXXXXXXXXX
XXXXXXXXXXXXXXXX
XXXX------XXXXXX
XX--------XXX}XX
XX------------XX
XXX---#-##----XX
XXXX---------XXX
XXXX##-----XXXXX
XXXX---XX--XXXXX
XX-XX---X--XXXXX
XX--XX---#--XXXX
XX---XXX----XXXX
XXXX-XXX----XXXX
XXXX-XXX--XX--XX
XXX-#---#-XXXXXX
XX----#---XXXXXX
XX-X------XXXXXX
XXXX---XX--XXXXX
XXXX##--X--XXXXX
XXXX-------XXXXX
XXXX--##-XXXXXXX
XXXX-----XXXXXXX
XXXXX----XXXXXXX
XXXXX-XX----XXXX
XXXXXXXXX---XXXX
XXXXXXXXX--X--XX
XXXXXX-----XXXXX
XX------{---XXXX
XXXXX--XXX--XXXX
XXXXX-XXXX-XXXXX
XXXXXXXXXXXXXXXX
XXXXXXXXXXXXXXXX
META {"type": "solver", "id": "pysat-rc2", "objective": 0}
META {"type": "geom", "shape": "path", "group": "path", "data": [[27, 8, 26, 8], [26, 8, 26, 10], [26, 10, 26, 6], [26, 6, 28, 6], [28, 6, 28, 5], [28, 5, 29, 5], [29, 5, 27, 5], [27, 5, 27, 11], [27, 11, 28, 11], [28, 11, 28, 10], [28, 10, 29, 10], [29, 10, 23, 10], [23, 10, 23, 11], [23, 11, 24, 11], [24, 11, 24, 9], [24, 9, 23, 9], [23, 9, 23, 8], [23, 8, 19, 8], [19, 8, 19, 10], [19, 10, 17, 10], [17, 10, 17, 9], [17, 9, 11, 9], [11, 9, 11, 11], [11, 11, 10, 11], [10, 11, 10, 10], [10, 10, 12, 10], [12, 10, 12, 8], [12, 8, 10, 8], [10, 8, 10, 6], [10, 6, 6, 6], [6, 6, 6, 12], [6, 12, 4, 12], [4, 12, 4, 13], [4, 13, 5, 13], [5, 13, 3, 13]]}
META {"type": "geom", "shape": "tile", "group": "path", "data": [[27, 8], [26, 8], [26, 9], [26, 10], [26, 9], [26, 8], [26, 7], [26, 6], [27, 6], [28, 6], [28, 5], [29, 5], [28, 5], [27, 5], [27, 6], [27, 7], [27, 8], [27, 9], [27, 10], [27, 11], [28, 11], [28, 10], [29, 10], [28, 10], [27, 10], [26, 10], [25, 10], [24, 10], [23, 10], [23, 11], [24, 11], [24, 10], [24, 9], [23, 9], [23, 8], [22, 8], [21, 8], [20, 8], [19, 8], [19, 9], [19, 10], [18, 10], [17, 10], [17, 9], [16, 9], [15, 9], [14, 9], [13, 9], [12, 9], [11, 9], [11, 10], [11, 11], [10, 11], [10, 10], [11, 10], [12, 10], [12, 9], [12, 8], [11, 8], [10, 8], [10, 7], [10, 6], [9, 6], [8, 6], [7, 6], [6, 6], [6, 7], [6, 8], [6, 9], [6, 10], [6, 11], [6, 12], [5, 12], [4, 12], [4, 13], [5, 13], [4, 13], [3, 13]]}
META {"type": "geom", "shape": "line", "group": "offpath", "data": [[2, 9, 4, 9], [2, 8, 4, 8], [2, 4, 6, 4], [26, 7, 27, 7], [19, 5, 23, 5], [19, 7, 18, 7], [19, 4, 21, 4], [25, 12, 25, 13], [25, 13, 25, 12], [27, 7, 26, 7], [18, 9, 18, 10], [18, 10, 18, 9], [18, 7, 19, 7], [9, 2, 11, 2], [20, 5, 20, 4], [20, 4, 20, 5], [17, 6, 16, 6], [17, 5, 17, 6], [17, 4, 15, 4], [14, 3, 15, 3], [14, 5, 14, 7], [14, 7, 14, 5], [4, 9, 2, 9], [4, 8, 2, 8], [4, 2, 3, 2], [4, 11, 6, 11], [23, 5, 19, 5], [5, 3, 5, 5], [5, 5, 5, 3], [6, 4, 2, 4], [6, 11, 4, 11], [16, 6, 16, 4], [16, 2, 15, 2], [16, 4, 17, 4], [13, 12, 13, 13], [13, 13, 13, 12], [13, 4, 11, 4], [21, 6, 22, 6], [21, 4, 19, 4], [11, 2, 9, 2], [11, 4, 13, 4], [15, 3, 14, 3], [15, 5, 17, 5], [15, 2, 16, 2], [15, 4, 15, 5], [22, 6, 21, 6], [3, 2, 4, 2]]}
