XXXXXXXXXXXXXXXX
XXXXXXXXXXXXXXXX
XXXXX}XXXXXX-XXX
XXX---XXXXXX--XX
XXX---XXXXXX--XX
XXX---XXXXX---XX
XXX-X-------XXXX
XXX-XX------XXXX
XXX--XX--X---XXX
XXX---XX-XX--XXX
XX-#---X--X--XXX
XX------#--#--XX
XX---XX-------XX
XX##-XXX-#----XX
XX---XXX---##-XX
XXX-----------XX
XXXX----#-----XX
XXXX--#-----XXXX
XXX-X-------XXXX
XX--XX-##---XXXX
XX---X-----#--XX
XX------------XX
XX------X---XXXX
XX-X--#-XX---XXX
XX-XX----X-X-XXX
XX--X--#-XXX--XX
XX-------XXX--XX
XX----{-XXXX--XX
XX---XXXXXXX--XX
XX--XXXXXXXX-XXX
XXXXXXXXXXXXXXXX
XXXXXXXXXXXXXXXX
META {"type": "solver", "id": "pysat-rc2-boolonly", "objective": 0}
META {"type": "geom", "shape": "path", "group": "path", "data": [[27, 6, 27, 2], [27, 2, 29, 2], [29, 2, 19, 2], [19, 2, 19, 3], [19, 3, 18, 3], [18, 3, 22, 3], [22, 3, 22, 7], [22, 7, 24, 7], [24, 7, 20, 7], [20, 7, 20, 6], [20, 6, 18, 6], [18, 6, 18, 5], [18, 5, 18, 11], [18, 11, 19, 11], [19, 11, 15, 11], [15, 11, 15, 13], [15, 13, 15, 3], [15, 3, 14, 3], [14, 3, 14, 2], [14, 2, 14, 4], [14, 4, 8, 4], [8, 4, 8, 3], [8, 3, 9, 3], [9, 3, 3, 3], [3, 3, 3, 5], [3, 5, 2, 5]]}
META {"type": "geom", "shape": "tile", "group": "path", "data": [[27, 6], [27, 5], [27, 4], [27, 3], [27, 2], [28, 2], [29, 2], [28, 2], [27, 2], [26, 2], [25, 2], [24, 2], [23, 2], [22, 2], [21, 2], [20, 2], [19, 2], [19, 3], [18, 3], [19, 3], [20, 3], [21, 3], [22, 3], [22, 4], [22, 5], [22, 6], [22, 7], [23, 7], [24, 7], [23, 7], [22, 7], [21, 7], [20, 7], [20, 6], [19, 6], [18, 6], [18, 5], [18, 6], [18, 7], [18, 8], [18, 9], [18, 10], [18, 11], [19, 11], [18, 11], [17, 11], [16, 11], [15, 11], [15, 12], [15, 13], [15, 12], [15, 11], [15, 10], [15, 9], [15, 8], [15, 7], [15, 6], [15, 5], [15, 4], [15, 3], [14, 3], [14, 2], [14, 3], [14, 4], [13, 4], [12, 4], [11, 4], [10, 4], [9, 4], [8, 4], [8, 3], [9, 3], [8, 3], [7, 3], [6, 3], [5, 3], [4, 3], [3, 3], [3, 4], [3, 5], [2, 5]]}
META {"type": "geom", "shape": "line", "group": "offpath", "data": [[16, 13, 16, 9], [16, 9, 14, 9], [12, 7, 12, 13], [12, 13, 16, 13], [12, 8, 12, 7], [10, 11, 10, 12], [10, 12, 10, 11], [23, 11, 21, 11], [7, 6, 6, 6], [7, 9, 6, 9], [29, 3, 25, 3], [20, 8, 21, 8], [5, 11, 5, 13], [5, 12, 5, 11], [5, 4, 3, 4], [5, 13, 3, 13], [3, 12, 5, 12], [3, 4, 5, 4], [3, 13, 3, 12], [27, 12, 27, 13], [27, 13, 27, 12], [6, 6, 7, 6], [6, 5, 6, 11], [6, 11, 6, 5], [6, 9, 7, 9], [25, 6, 25, 5], [25, 3, 29, 3], [25, 5, 25, 6], [28, 4, 26, 4], [21, 11, 23, 11], [21, 8, 20, 8], [22, 11, 22, 9], [22, 9, 22, 11], [26, 12, 26, 13], [26, 4, 28, 4], [26, 13, 26, 12], [8, 10, 8, 12], [8, 7, 8, 8], [8, 12, 8, 10], [8, 8, 8, 7], [14, 10, 14, 8], [14, 9, 14, 10], [14, 8, 12, 8], [17, 5, 17, 4], [17, 4, 17, 5]]}
