XXXXXXXXXXXXXXXX
XXXXXXXXXXXXXXXX
XX}XXXX-----XXXX
XX-XXX--XX--XXXX
XX-XXX---XX-XXXX
XX-XXX##--XX--XX
XX---------X--XX
XX----#-------XX
XXXX-----XX---XX
XXXXXX---XX---XX
XXX-XX-#--X-XXXX
XX---X------XXXX
XX-----------XXX
XX-XXX-------XXX
XX-XXX--#-#--XXX
XX-XXX-------XXX
XX-------#---XXX
XX--XX------XXXX
XXX--X-----XXXXX
XXXX----#---XXXX
XXXX--#-----XXXX
XXX-#-------XXXX
XX-----XXX--XXXX
XX---#-XXX---XXX
XX-----XXX---XXX
XX##---------XXX
XX---XXXXXX--XXX
XX---XXXXXX---XX
XX---XXX------XX
XX-------{---XXX
XXXXXXXXXXXXXXXX
XXXXXXXXXXXXXXXX
META {"type": "solver", "id": "pysat-rc2", "objective": 0}
META {"type": "geom", "shape": "path", "group": "path", "data": [[29, 9, 28, 9], [28, 9, 28, 13], [28, 13, 27, 13], [27, 13, 27, 11], [27, 11, 29, 11], [29, 11, 19, 11], [19, 11, 19, 9], [19, 9, 17, 9], [17, 9, 17, 11], [17, 11, 7, 11], [7, 11, 7, 7], [7, 7, 9, 7], [9, 7, 9, 6], [9, 6, 9, 8], [9, 8, 13, 8], [13, 8, 13, 6], [13, 6, 13, 12], [13, 12, 12, 12], [12, 12, 12, 2], [12, 2, 11, 2], [11, 2, 17, 2], [17, 2, 17, 3], [17, 3, 18, 3], [18, 3, 16, 3], [16, 3, 16, 2], [16, 2, 16, 8], [16, 8, 18, 8], [18, 8, 18, 10], [18, 10, 18, 6], [18, 6, 8, 6], [8, 6, 8, 8], [8, 8, 8, 4], [8, 4, 6, 4], [6, 4, 6, 2], [6, 2, 2, 2]]}
META {"type": "geom", "shape": "tile", "group": "path", "data": [[29, 9], [28, 9], [28, 10], [28, 11], [28, 12], [28, 13], [27, 13], [27, 12], [27, 11], [28, 11], [29, 11], [28, 11], [27, 11], [26, 11], [25, 11], [24, 11], [23, 11], [22, 11], [21, 11], [20, 11], [19, 11], [19, 10], [19, 9], [18, 9], [17, 9], [17, 10], [17, 11], [16, 11], [15, 11], [14, 11], [13, 11], [12, 11], [11, 11], [10, 11], [9, 11], [8, 11], [7, 11], [7, 10], [7, 9], [7, 8], [7, 7], [8, 7], [9, 7], [9, 6], [9, 7], [9, 8], [10, 8], [11, 8], [12, 8], [13, 8], [13, 7], [13, 6], [13, 7], [13, 8], [13, 9], [13, 10], [13, 11], [13, 12], [12, 12], [12, 11], [12, 10], [12, 9], [12, 8], [12, 7], [12, 6], [12, 5], [12, 4], [12, 3], [12, 2], [11, 2], [12, 2], [13, 2], [14, 2], [15, 2], [16, 2], [17, 2], [17, 3], [18, 3], [17, 3], [16, 3], [16, 2], [16, 3], [16, 4], [16, 5], [16, 6], [16, 7], [16, 8], [17, 8], [18, 8], [18, 9], [18, 10], [18, 9], [18, 8], [18, 7], [18, 6], [17, 6], [16, 6], [15, 6], [14, 6], [13, 6], [12, 6], [11, 6], [10, 6], [9, 6], [8, 6], [8, 7], [8, 8], [8, 7], [8, 6], [8, 5], [8, 4], [7, 4], [6, 4], [6, 3], [6, 2], [5, 2], [4, 2], [3, 2], [2, 2]]}
META {"type": "geom", "shape": "line", "group": "offpath", "data": [[22, 6, 22, 2], [22, 5, 22, 6], [22, 2, 24, 2], [14, 11, 14, 12], [14, 12, 14, 11], [9, 13, 5, 13], [9, 12, 9, 13], [21, 7, 11, 7], [28, 8, 29, 8], [28, 10, 29, 10], [19, 6, 19, 4], [19, 4, 20, 4], [20, 5, 22, 5], [20, 4, 20, 5], [5, 13, 5, 12], [5, 12, 9, 12], [5, 9, 7, 9], [23, 10, 25, 10], [23, 12, 23, 10], [23, 2, 23, 4], [23, 4, 23, 2], [3, 6, 3, 7], [3, 7, 4, 7], [2, 11, 2, 7], [2, 7, 2, 11], [4, 6, 3, 6], [4, 8, 4, 6], [4, 7, 4, 8], [15, 6, 19, 6], [15, 10, 15, 12], [15, 12, 15, 6], [11, 7, 21, 7], [25, 6, 25, 4], [25, 10, 15, 10], [25, 4, 29, 4], [24, 6, 25, 6], [24, 10, 24, 12], [24, 12, 24, 10], [24, 2, 24, 6], [29, 8, 28, 8], [29, 10, 28, 10], [29, 12, 23, 12], [29, 2, 29, 12], [29, 4, 29, 2], [7, 9, 5, 9]]}
