XXXXXXXXXXXXXXXX
X0-------X-X--1X
XXXXX---X----XXX
XXXXX---X----XXX
X-XXX---X---X--X
XX--------XX--XX
X-XXX-----XX---X
XX---XX-----XXXX
XX-XXXXX----XXXX
X-XXXXXX----XXXX
X-XXXX--XXXX--XX
XXXXXX-X----XXXX
XXXXX-------XXXX
XXX----------XXX
X2--------XX--3X
XXXXXXXXXXXXXXXX
META {"type": "solver", "id": "pysat-rc2", "objective": 0}
META {"type": "geom", "shape": "path", "group": "path", "data": [[1, 1, 1, 2], [1, 2, 1, 3], [1, 3, 1, 4], [1, 4, 1, 5], [1, 5, 1, 6], [1, 6, 2, 6], [2, 6, 2, 7], [2, 7, 3, 7], [3, 7, 4, 7], [4, 7, 5, 7], [5, 7, 5, 8], [5, 8, 6, 8], [6, 8, 7, 8], [7, 8, 7, 9], [7, 9, 6, 9], [6, 9, 5, 9], [5, 9, 4, 9], [4, 9, 4, 10], [4, 10, 3, 10], [3, 10, 3, 9], [3, 9, 2, 9], [2, 9, 2, 10], [2, 10, 2, 11], [2, 11, 2, 12], [2, 12, 1, 12], [1, 12, 1, 13], [1, 13, 1, 14]]}
META {"type": "geom", "shape": "tile", "group": "path", "data": [[1, 1], [1, 2], [1, 3], [1, 4], [1, 5], [1, 6], [2, 6], [2, 7], [3, 7], [4, 7], [5, 7], [5, 8], [6, 8], [7, 8], [7, 9], [6, 9], [5, 9], [4, 9], [4, 10], [3, 10], [3, 9], [2, 9], [2, 10], [2, 11], [2, 12], [1, 12], [1, 13], [1, 14]]}
META {"type": "geom", "shape": "line", "group": "offpath", "data": [[5, 5, 6, 5], [5, 12, 5, 13], [5, 13, 5, 12], [6, 5, 5, 5], [6, 6, 6, 7], [6, 7, 6, 6], [9, 8, 9, 9], [9, 9, 9, 8], [9, 10, 8, 10], [14, 3, 14, 2], [14, 2, 14, 3], [14, 12, 14, 13], [14, 13, 14, 12], [8, 8, 8, 9], [8, 9, 8, 8], [8, 10, 9, 10], [3, 5, 4, 5], [3, 6, 4, 6], [4, 5, 3, 5], [4, 14, 4, 13], [4, 13, 4, 14], [4, 6, 3, 6]]}
META {"type": "geom", "shape": "path", "group": "path", "data": [[14, 1, 14, 2], [14, 2, 14, 3], [14, 3, 14, 4], [14, 4, 14, 5], [14, 5, 14, 6], [14, 6, 14, 7], [14, 7, 14, 8], [14, 8, 14, 9], [14, 9, 13, 9], [13, 9, 13, 8], [13, 8, 12, 8], [12, 8, 11, 8], [11, 8, 11, 9], [11, 9, 11, 10], [11, 10, 12, 10], [12, 10, 13, 10], [13, 10, 13, 11], [13, 11, 13, 12], [13, 12, 14, 12], [14, 12, 14, 13], [14, 13, 14, 14]]}
META {"type": "geom", "shape": "tile", "group": "path", "data": [[14, 1], [14, 2], [14, 3], [14, 4], [14, 5], [14, 6], [14, 7], [14, 8], [14, 9], [13, 9], [13, 8], [12, 8], [11, 8], [11, 9], [11, 10], [12, 10], [13, 10], [13, 11], [13, 12], [14, 12], [14, 13], [14, 14]]}
META {"type": "geom", "shape": "line", "group": "offpath", "data": [[13, 6, 13, 7], [13, 7, 13, 6]]}
