XXXXXXXXXXXXXXXX
X---}XXX--X-X--X
X--XXXXX------XX
X--XXXXX-XXX--XX
X-----------X--X
X-XXX---------XX
X-XXX-----XXX-XX
XXXXXX----XXX-XX
XXXXXX-XXXXXX--X
X-XXX--XXXXXXXXX
X-XXX--XXXXXXXXX
X-----X--XXX{--X
XXXXX-X-XXXXXX-X
XXXXX-X-XXXXXX-X
X--------------X
XXXXXXXXXXXXXXXX
META {"type": "solver", "id": "pysat-rc2", "objective": 0}
META {"type": "geom", "shape": "path", "group": "path", "data": [[11, 12, 11, 13], [11, 13, 11, 14], [11, 14, 12, 14], [12, 14, 13, 14], [13, 14, 14, 14], [14, 14, 14, 13], [14, 13, 14, 12], [14, 12, 14, 11], [14, 11, 14, 10], [14, 10, 14, 9], [14, 9, 14, 8], [14, 8, 14, 7], [14, 7, 14, 6], [14, 6, 14, 5], [14, 5, 13, 5], [13, 5, 12, 5], [12, 5, 11, 5], [11, 5, 10, 5], [10, 5, 9, 5], [9, 5, 9, 6], [9, 6, 8, 6], [8, 6, 7, 6], [7, 6, 6, 6], [6, 6, 6, 7], [6, 7, 6, 8], [6, 8, 5, 8], [5, 8, 5, 7], [5, 7, 4, 7], [4, 7, 4, 6], [4, 6, 4, 5], [4, 5, 4, 4], [4, 4, 4, 3], [4, 3, 4, 2], [4, 2, 4, 1], [4, 1, 3, 1], [3, 1, 2, 1], [2, 1, 1, 1], [1, 1, 1, 2], [1, 2, 1, 3], [1, 3, 1, 4]]}
META {"type": "geom", "shape": "tile", "group": "path", "data": [[11, 12], [11, 13], [11, 14], [12, 14], [13, 14], [14, 14], [14, 13], [14, 12], [14, 11], [14, 10], [14, 9], [14, 8], [14, 7], [14, 6], [14, 5], [13, 5], [12, 5], [11, 5], [10, 5], [9, 5], [9, 6], [8, 6], [7, 6], [6, 6], [6, 7], [6, 8], [5, 8], [5, 7], [4, 7], [4, 6], [4, 5], [4, 4], [4, 3], [4, 2], [4, 1], [3, 1], [2, 1], [1, 1], [1, 2], [1, 3], [1, 4]]}
META {"type": "geom", "shape": "line", "group": "offpath", "data": [[11, 1, 10, 1], [11, 3, 11, 4], [11, 4, 11, 3], [13, 7, 12, 7], [2, 2, 3, 2], [3, 2, 2, 2], [7, 8, 7, 9], [7, 9, 7, 8], [12, 7, 13, 7], [4, 8, 4, 9], [4, 9, 4, 8], [5, 5, 6, 5], [6, 5, 5, 5], [14, 1, 14, 2], [14, 3, 14, 4], [14, 2, 14, 1], [14, 4, 14, 3], [10, 1, 11, 1]]}
