XXXXXXXXXXXXXXXX
XXXXXXXXXXXXXXXX
XXXXX-XXX-XXX}XX
XXX---XXX-XXX-XX
XXX--X---X----XX
XX-#-XXXXX----XX
XX----XXXX##--XX
XXX-#-XXXX--X-XX
XXX---XXX-XXX-XX
XXX-------XXX-XX
XXX---XX------XX
XX---XXX------XX
XX-#-XXX------XX
XX-------#--XXXX
XXX-X-X-----XXXX
XXXXXXXXX----XXX
XXXXXXXXX----XXX
XXXXXXXX-#----XX
XXXXX-------#-XX
XXXXX##-#-----XX
XXXXX------#--XX
XXXX-#-------XXX
XXX-----XX--XXXX
XXX---#--XX--XXX
XX-#------XX-XXX
XX---X-X---X--XX
XX---XXX----{-XX
XX---XXX##-XXXXX
XX----------XXXX
XX-------XX-XXXX
XXXXXXXXXXXXXXXX
XXXXXXXXXXXXXXXX
META {"type": "solver", "id": "pysat-rc2", "objective": 0}
META {"type": "geom", "shape": "path", "group": "path", "data": [[26, 12, 26, 13], [26, 13, 25, 13], [25, 13, 25, 12], [25, 12, 23, 12], [23, 12, 23, 11], [23, 11, 21, 11], [21, 11, 21, 12], [21, 12, 21, 6], [21, 6, 20, 6], [20, 6, 20, 10], [20, 10, 10, 10], [10, 10, 10, 8], [10, 8, 14, 8], [14, 8, 14, 7], [14, 7, 14, 11], [14, 11, 10, 11], [10, 11, 10, 13], [10, 13, 12, 13], [12, 13, 2, 13]]}
META {"type": "geom", "shape": "tile", "group": "path", "data": [[26, 12], [26, 13], [25, 13], [25, 12], [24, 12], [23, 12], [23, 11], [22, 11], [21, 11], [21, 12], [21, 11], [21, 10], [21, 9], [21, 8], [21, 7], [21, 6], [20, 6], [20, 7], [20, 8], [20, 9], [20, 10], [19, 10], [18, 10], [17, 10], [16, 10], [15, 10], [14, 10], [13, 10], [12, 10], [11, 10], [10, 10], [10, 9], [10, 8], [11, 8], [12, 8], [13, 8], [14, 8], [14, 7], [14, 8], [14, 9], [14, 10], [14, 11], [13, 11], [12, 11], [11, 11], [10, 11], [10, 12], [10, 13], [11, 13], [12, 13], [11, 13], [10, 13], [9, 13], [8, 13], [7, 13], [6, 13], [5, 13], [4, 13], [3, 13], [2, 13]]}
META {"type": "geom", "shape": "line", "group": "offpath", "data": [[25, 2, 25, 4], [25, 4, 25, 2], [25, 3, 29, 3], [3, 4, 3, 5], [3, 5, 3, 3], [3, 3, 4, 3], [14, 3, 13, 3], [18, 7, 24, 7], [18, 8, 17, 8], [6, 2, 5, 2], [17, 12, 15, 12], [17, 8, 18, 8], [9, 3, 11, 3], [9, 9, 9, 3], [9, 8, 9, 9], [21, 8, 20, 8], [7, 10, 7, 11], [7, 11, 7, 10], [13, 2, 11, 2], [13, 4, 13, 8], [13, 3, 14, 3], [13, 8, 9, 8], [23, 5, 23, 3], [23, 3, 23, 5], [11, 2, 13, 2], [11, 4, 13, 4], [11, 3, 11, 4], [15, 12, 17, 12], [29, 2, 29, 8], [29, 5, 28, 5], [29, 3, 25, 3], [29, 8, 28, 8], [20, 8, 21, 8], [8, 5, 8, 3], [8, 3, 8, 5], [24, 7, 18, 7], [24, 5, 22, 5], [28, 2, 29, 2], [28, 5, 29, 5], [28, 8, 28, 2], [12, 12, 10, 12], [5, 2, 6, 2], [5, 10, 4, 10], [5, 11, 4, 11], [10, 12, 12, 12], [10, 5, 10, 3], [10, 3, 10, 5], [22, 10, 22, 11], [22, 7, 22, 3], [22, 5, 24, 5], [22, 3, 22, 7], [22, 11, 22, 10], [4, 10, 5, 10], [4, 4, 3, 4], [4, 3, 4, 4], [4, 11, 5, 11]]}
