XXXXXXXXXXXXXXXX
XXXXXXXXXXXXXXXX
XXXXXXXXXXX--XXX
XXXXXXX}XXXX-XXX
XX--XXX--XXX-XXX
XX-------XXX-XXX
XX-----------XXX
XX---XX---X---XX
XX----X--XXX--XX
XX##-----XXXX-XX
XX---#---XXXX-XX
XX##---XXXXXX-XX
XX----XXXXX---XX
XX-XXXXXXXX---XX
XX-XXXXXXXX---XX
XX--XXXXX-----XX
XX--XXXXX-----XX
XXX--XXX---#--XX
XXX--XXX##---XXX
XXXX--------XXXX
XXXX--XX--#--XXX
XXXXXXXX-----XXX
XXXXXXXX##----XX
XXXXXXXX------XX
XXXXXXX-----#-XX
XX-XXX-XXX----XX
XX-XXX-XXX##--XX
XX-----------XXX
XXXXXX-----XXXXX
XXXXXXXX-{-XXXXX
XXXXXXXXXXXXXXXX
XXXXXXXXXXXXXXXX
META {"type": "solver", "id": "pysat-rc2", "objective": 0}
META {"type": "geom", "shape": "path", "group": "path", "data": [[29, 9, 29, 10], [29, 10, 27, 10], [27, 10, 27, 12], [27, 12, 25, 12], [25, 12, 25, 10], [25, 10, 21, 10], [21, 10, 21, 12], [21, 12, 23, 12], [23, 12, 23, 8], [23, 8, 24, 8], [24, 8, 24, 7], [24, 7, 24, 11], [24, 11, 18, 11], [18, 11, 18, 10], [18, 10, 18, 12], [18, 12, 12, 12], [12, 12, 12, 11], [12, 11, 16, 11], [16, 11, 16, 9], [16, 9, 17, 9], [17, 9, 17, 10], [17, 10, 19, 10], [19, 10, 15, 10], [15, 10, 15, 9], [15, 9, 15, 13], [15, 13, 17, 13], [17, 13, 7, 13], [7, 13, 7, 11], [7, 11, 6, 11], [6, 11, 6, 12], [6, 12, 6, 2], [6, 2, 4, 2], [4, 2, 4, 3], [4, 3, 8, 3], [8, 3, 8, 5], [8, 5, 9, 5], [9, 5, 9, 4], [9, 4, 9, 8], [9, 8, 10, 8], [10, 8, 10, 6], [10, 6, 11, 6], [11, 6, 11, 4], [11, 4, 5, 4], [5, 4, 5, 8], [5, 8, 4, 8], [4, 8, 4, 7], [4, 7, 3, 7]]}
META {"type": "geom", "shape": "tile", "group": "path", "data": [[29, 9], [29, 10], [28, 10], [27, 10], [27, 11], [27, 12], [26, 12], [25, 12], [25, 11], [25, 10], [24, 10], [23, 10], [22, 10], [21, 10], [21, 11], [21, 12], [22, 12], [23, 12], [23, 11], [23, 10], [23, 9], [23, 8], [24, 8], [24, 7], [24, 8], [24, 9], [24, 10], [24, 11], [23, 11], [22, 11], [21, 11], [20, 11], [19, 11], [18, 11], [18, 10], [18, 11], [18, 12], [17, 12], [16, 12], [15, 12], [14, 12], [13, 12], [12, 12], [12, 11], [13, 11], [14, 11], [15, 11], [16, 11], [16, 10], [16, 9], [17, 9], [17, 10], [18, 10], [19, 10], [18, 10], [17, 10], [16, 10], [15, 10], [15, 9], [15, 10], [15, 11], [15, 12], [15, 13], [16, 13], [17, 13], [16, 13], [15, 13], [14, 13], [13, 13], [12, 13], [11, 13], [10, 13], [9, 13], [8, 13], [7, 13], [7, 12], [7, 11], [6, 11], [6, 12], [6, 11], [6, 10], [6, 9], [6, 8], [6, 7], [6, 6], [6, 5], [6, 4], [6, 3], [6, 2], [5, 2], [4, 2], [4, 3], [5, 3], [6, 3], [7, 3], [8, 3], [8, 4], [8, 5], [9, 5], [9, 4], [9, 5], [9, 6], [9, 7], [9, 8], [10, 8], [10, 7], [10, 6], [11, 6], [11, 5], [11, 4], [10, 4], [9, 4], [8, 4], [7, 4], [6, 4], [5, 4], [5, 5], [5, 6], [5, 7], [5, 8], [4, 8], [4, 7], [3, 7]]}
META {"type": "geom", "shape": "line", "group": "offpath", "data": [[19, 4, 17, 4], [19, 5, 19, 4], [19, 8, 21, 8], [19, 9, 21, 9], [7, 2, 7, 4], [7, 4, 7, 2], [7, 7, 7, 9], [7, 9, 7, 7], [16, 3, 18, 3], [16, 2, 16, 3], [23, 9, 24, 9], [8, 12, 2, 12], [8, 8, 8, 7], [8, 7, 8, 8], [27, 2, 25, 2], [21, 8, 19, 8], [21, 9, 19, 9], [15, 3, 15, 2], [15, 2, 16, 2], [5, 6, 6, 6], [2, 12, 8, 12], [18, 3, 18, 4], [18, 4, 20, 4], [28, 10, 28, 6], [28, 6, 28, 10], [20, 12, 20, 11], [20, 4, 20, 5], [20, 11, 20, 12], [20, 5, 19, 5], [20, 8, 20, 9], [20, 9, 20, 8], [17, 3, 15, 3], [17, 4, 17, 3], [24, 9, 23, 9], [26, 12, 26, 13], [26, 13, 26, 12], [6, 6, 5, 6], [25, 2, 27, 2]]}
