XXXXXXXXXXXXXXXX
XXXXX-XX-XX--XXX
XXXXX-XX-XX--XXX
XXX0-X-----XX-1X
XXXXX-X-X-XXXXXX
XXXXX-X-X-XXXXXX
X-----X-X------X
X---X--X-XXX-XXX
XXX-X--X-----XXX
XXX-X--X-XXXX--X
X----X--------XX
X--X--X-XXXX---X
XXX---X-----XXXX
XXX---X-----XXXX
X2------------3X
XXXXXXXXXXXXXXXX
META {"type": "solver", "id": "clingo-be", "objective": 0}
META {"type": "geom", "shape": "path", "group": "path", "data": [[14, 1, 14, 2], [14, 2, 14, 3], [14, 3, 14, 4], [14, 4, 14, 5], [14, 5, 14, 6], [14, 6, 14, 7], [14, 7, 14, 8], [14, 8, 13, 8], [13, 8, 13, 9], [13, 9, 13, 10], [13, 10, 13, 11], [13, 11, 14, 11], [14, 11, 14, 12], [14, 12, 14, 13], [14, 13, 14, 14]]}
META {"type": "geom", "shape": "tile", "group": "path", "data": [[14, 1], [14, 2], [14, 3], [14, 4], [14, 5], [14, 6], [14, 7], [14, 8], [13, 8], [13, 9], [13, 10], [13, 11], [14, 11], [14, 12], [14, 13], [14, 14]]}
META {"type": "geom", "shape": "line", "group": "offpath", "data": [[11, 7, 10, 7], [11, 13, 11, 12], [11, 5, 11, 4], [11, 12, 10, 12], [11, 4, 11, 5], [8, 6, 8, 5], [8, 3, 7, 3], [8, 5, 7, 5], [14, 10, 14, 9], [14, 9, 14, 10], [9, 8, 10, 8], [7, 6, 8, 6], [7, 3, 8, 3], [7, 5, 7, 6], [7, 12, 6, 12], [6, 3, 6, 2], [6, 12, 7, 12], [6, 2, 6, 3], [10, 7, 11, 7], [10, 13, 11, 13], [10, 8, 9, 8], [10, 12, 10, 13]]}
