XXXXXXXXXXXXXXXX
X0---X---X---XXX
XXXX--XX--XXX-1X
XXXXX-XX-XXXXXXX
XXXXX-XX-XXXXXXX
XXX--X-----XXXXX
XX----XXXX-----X
X----------X--XX
X-XXXX---X-X-X-X
X-XXXX-----X-X-X
X------XXX-X-X-X
X----------X---X
XXX---XXX----XXX
XXX-XX----XX-XXX
X2--XX-XX-XX--3X
XXXXXXXXXXXXXXXX
META {"type": "solver", "id": "pysat-rc2", "objective": 0}
META {"type": "geom", "shape": "path", "group": "path", "data": [[14, 1, 14, 2], [14, 2, 14, 3], [14, 3, 13, 3], [13, 3, 12, 3], [12, 3, 11, 3], [11, 3, 11, 4], [11, 4, 11, 5], [11, 5, 11, 6], [11, 6, 11, 7], [11, 7, 11, 8], [11, 8, 11, 9], [11, 9, 12, 9], [12, 9, 12, 10], [12, 10, 11, 10], [11, 10, 10, 10], [10, 10, 9, 10], [9, 10, 8, 10], [8, 10, 7, 10], [7, 10, 6, 10], [6, 10, 6, 11], [6, 11, 6, 12], [6, 12, 7, 12], [7, 12, 8, 12], [8, 12, 9, 12], [9, 12, 10, 12], [10, 12, 11, 12], [11, 12, 12, 12], [12, 12, 13, 12], [13, 12, 14, 12], [14, 12, 14, 13], [14, 13, 14, 14]]}
META {"type": "geom", "shape": "tile", "group": "path", "data": [[14, 1], [14, 2], [14, 3], [13, 3], [12, 3], [11, 3], [11, 4], [11, 5], [11, 6], [11, 7], [11, 8], [11, 9], [12, 9], [12, 10], [11, 10], [10, 10], [9, 10], [8, 10], [7, 10], [6, 10], [6, 11], [6, 12], [7, 12], [8, 12], [9, 12], [10, 12], [11, 12], [12, 12], [13, 12], [14, 12], [14, 13], [14, 14]]}
META {"type": "geom", "shape": "line", "group": "offpath", "data": [[13, 6, 13, 7], [13, 9, 13, 8], [13, 8, 13, 9], [13, 7, 13, 6], [6, 13, 6, 14], [6, 14, 6, 13]]}
