XXXXXXXXXXXXXXXX
X0-XXXXXX---X-1X
XXXXXXXX-XXX-XXX
XXXXXXX------XXX
X------XX-XXX-XX
X---X--XX------X
XX-------------X
XX-X-XXXX-----XX
XXXXXXXXXX-X---X
XXXXXXXXXX-X---X
X----XXX---X---X
XXX------------X
XXX-XXXX-----XXX
XXX-----XXX--XXX
X2------------3X
XXXXXXXXXXXXXXXX
META {"type": "solver", "id": "clingo-be", "objective": 0}
META {"type": "geom", "shape": "path", "group": "path", "data": [[14, 1, 14, 2], [14, 2, 14, 3], [14, 3, 13, 3], [13, 3, 12, 3], [12, 3, 11, 3], [11, 3, 10, 3], [10, 3, 10, 4], [10, 4, 11, 4], [11, 4, 11, 5], [11, 5, 11, 6], [11, 6, 11, 7], [11, 7, 11, 8], [11, 8, 10, 8], [10, 8, 10, 9], [10, 9, 10, 10], [10, 10, 11, 10], [11, 10, 11, 11], [11, 11, 12, 11], [12, 11, 13, 11], [13, 11, 13, 12], [13, 12, 14, 12], [14, 12, 14, 13], [14, 13, 14, 14]]}
META {"type": "geom", "shape": "tile", "group": "path", "data": [[14, 1], [14, 2], [14, 3], [13, 3], [12, 3], [11, 3], [10, 3], [10, 4], [11, 4], [11, 5], [11, 6], [11, 7], [11, 8], [10, 8], [10, 9], [10, 10], [11, 10], [11, 11], [12, 11], [13, 11], [13, 12], [14, 12], [14, 13], [14, 14]]}
META {"type": "geom", "shape": "line", "group": "offpath", "data": [[11, 14, 11, 13], [11, 12, 12, 12], [11, 13, 10, 13], [11, 9, 12, 9], [14, 6, 14, 7], [14, 7, 13, 7], [13, 4, 13, 5], [13, 5, 13, 4], [13, 6, 14, 6], [13, 7, 13, 6], [12, 12, 11, 12], [12, 9, 11, 9], [8, 14, 9, 14], [8, 12, 9, 12], [8, 13, 8, 14], [9, 14, 10, 14], [9, 12, 8, 12], [9, 13, 8, 13], [4, 5, 4, 6], [4, 6, 5, 6], [4, 2, 5, 2], [6, 4, 7, 4], [6, 14, 5, 14], [6, 6, 6, 7], [6, 7, 6, 6], [6, 8, 6, 9], [6, 12, 7, 12], [6, 13, 5, 13], [6, 11, 5, 11], [6, 9, 6, 8], [6, 3, 5, 3], [10, 14, 11, 14], [10, 13, 9, 13], [7, 4, 6, 4], [7, 12, 6, 12], [7, 11, 7, 10], [7, 10, 7, 11], [5, 14, 6, 14], [5, 5, 4, 5], [5, 6, 5, 5], [5, 13, 6, 13], [5, 11, 6, 11], [5, 2, 4, 2], [5, 3, 6, 3], [1, 9, 1, 10], [1, 10, 1, 9]]}
