XXXXXXXXXXXXXXXX
XXX----XXXX-XXXX
XXX-XX-XXXX-XXXX
X0--XX--XX---1XX
XXXX--XX---XXXXX
XXXX--XX-X-XXXXX
X---------X----X
X-XX-XXXXX-----X
X-XX-XXXXX-----X
XXXXX----------X
XXXXX-XXX------X
X-XX-----X-----X
XXXXX----X---XXX
XXXXX----X---XXX
X2------------3X
XXXXXXXXXXXXXXXX
META {"type": "solver", "id": "pysat-rc2", "objective": 0}
META {"type": "geom", "shape": "path", "group": "path", "data": [[14, 1, 14, 2], [14, 2, 14, 3], [14, 3, 14, 4], [14, 4, 14, 5], [14, 5, 14, 6], [14, 6, 14, 7], [14, 7, 14, 8], [14, 8, 14, 9], [14, 9, 14, 10], [14, 10, 13, 10], [13, 10, 12, 10], [12, 10, 12, 11], [12, 11, 12, 12], [12, 12, 13, 12], [13, 12, 13, 11], [13, 11, 14, 11], [14, 11, 14, 12], [14, 12, 14, 13], [14, 13, 14, 14]]}
META {"type": "geom", "shape": "tile", "group": "path", "data": [[14, 1], [14, 2], [14, 3], [14, 4], [14, 5], [14, 6], [14, 7], [14, 8], [14, 9], [14, 10], [13, 10], [12, 10], [12, 11], [12, 12], [13, 12], [13, 11], [14, 11], [14, 12], [14, 13], [14, 14]]}
META {"type": "geom", "shape": "line", "group": "offpath", "data": [[13, 5, 12, 5], [13, 7, 12, 7], [12, 5, 13, 5], [12, 7, 13, 7], [7, 11, 7, 10], [7, 12, 7, 11], [7, 10, 8, 10], [7, 14, 7, 13], [7, 13, 6, 13], [3, 2, 3, 3], [3, 3, 3, 2], [6, 12, 7, 12], [6, 13, 6, 12], [9, 11, 8, 11], [9, 12, 9, 13], [9, 10, 9, 9], [9, 5, 9, 6], [9, 8, 9, 7], [9, 6, 9, 5], [9, 9, 10, 9], [9, 7, 9, 8], [9, 13, 8, 13], [11, 11, 10, 11], [11, 10, 11, 11], [11, 14, 10, 14], [4, 8, 5, 8], [10, 11, 9, 11], [10, 10, 11, 10], [10, 9, 10, 10], [10, 14, 11, 14], [8, 11, 8, 12], [8, 12, 9, 12], [8, 10, 9, 10], [8, 14, 7, 14], [8, 13, 8, 14], [5, 8, 4, 8]]}
