XXXXXXXXXXXXXXXX
X0---X---XX-X-1X
XXXXX-XXX----XXX
XXXXX----X-X-XXX
X----XXX-X----XX
XX-X-----X--XX-X
X--X--XXX---XX-X
X--X--XXXX--XX-X
XX----XXXXXXXXXX
XXXX---XXXXXXXXX
XXXXXX--XX--XX-X
XXXXXX---------X
XXX---XXXX-X-XXX
XXX----------XXX
X2------------3X
XXXXXXXXXXXXXXXX
META {"type": "solver", "id": "pysat-rc2", "objective": 0}
META {"type": "geom", "shape": "path", "group": "path", "data": [[14, 1, 14, 2], [14, 2, 14, 3], [14, 3, 13, 3], [13, 3, 12, 3], [12, 3, 12, 4], [12, 4, 12, 5], [12, 5, 13, 5], [13, 5, 13, 6], [13, 6, 13, 7], [13, 7, 14, 7], [14, 7, 14, 8], [14, 8, 14, 9], [14, 9, 13, 9], [13, 9, 13, 10], [13, 10, 12, 10], [12, 10, 11, 10], [11, 10, 10, 10], [10, 10, 10, 11], [10, 11, 11, 11], [11, 11, 11, 12], [11, 12, 12, 12], [12, 12, 13, 12], [13, 12, 14, 12], [14, 12, 14, 13], [14, 13, 14, 14]]}
META {"type": "geom", "shape": "tile", "group": "path", "data": [[14, 1], [14, 2], [14, 3], [13, 3], [12, 3], [12, 4], [12, 5], [13, 5], [13, 6], [13, 7], [14, 7], [14, 8], [14, 9], [13, 9], [13, 10], [12, 10], [11, 10], [10, 10], [10, 11], [11, 11], [11, 12], [12, 12], [13, 12], [14, 12], [14, 13], [14, 14]]}
META {"type": "geom", "shape": "line", "group": "offpath", "data": [[14, 5, 14, 4], [14, 4, 14, 5], [3, 6, 3, 5], [3, 5, 3, 6], [3, 8, 3, 7], [3, 7, 3, 8], [8, 5, 7, 5], [8, 4, 9, 4], [9, 6, 9, 5], [9, 5, 9, 6], [9, 4, 8, 4], [4, 4, 5, 4], [4, 8, 5, 8], [6, 4, 7, 4], [6, 2, 5, 2], [5, 6, 5, 5], [5, 5, 5, 6], [5, 4, 4, 4], [5, 2, 6, 2], [5, 8, 4, 8], [11, 13, 11, 14], [11, 14, 11, 13], [11, 8, 11, 7], [11, 7, 11, 8], [7, 5, 8, 5], [7, 4, 6, 4], [7, 2, 7, 1], [7, 1, 7, 2]]}
