XXXXXXXXXXXXXXXX
X0---XX--X-X--1X
XXX----------XXX
XXX---XX-----XXX
XXX--XXXX-XXX--X
X---XXXXXX-----X
X-X-XXXXXX---X-X
XX--XXXXXX-XXXXX
X---XXXXXX-XXXXX
XX-X---XXX-----X
X-X-XX----XXX-XX
X---XX---X-----X
XXXX-----X---XXX
XXXX-----X---XXX
X2--XX--------3X
XXXXXXXXXXXXXXXX
META {"type": "solver", "id": "pysat-rc2", "objective": 0}
META {"type": "geom", "shape": "path", "group": "path", "data": [[1, 1, 1, 2], [1, 2, 1, 3], [1, 3, 1, 4], [1, 4, 2, 4], [2, 4, 3, 4], [3, 4, 3, 5], [3, 5, 2, 5], [2, 5, 2, 6], [2, 6, 2, 7], [2, 7, 2, 8], [2, 8, 2, 9], [2, 9, 2, 10], [2, 10, 2, 11], [2, 11, 2, 12], [2, 12, 1, 12], [1, 12, 1, 13], [1, 13, 1, 14]]}
META {"type": "geom", "shape": "tile", "group": "path", "data": [[1, 1], [1, 2], [1, 3], [1, 4], [2, 4], [3, 4], [3, 5], [2, 5], [2, 6], [2, 7], [2, 8], [2, 9], [2, 10], [2, 11], [2, 12], [1, 12], [1, 13], [1, 14]]}
META {"type": "geom", "shape": "line", "group": "offpath", "data": [[5, 3, 5, 2], [5, 2, 5, 3], [5, 11, 6, 11], [5, 12, 5, 11], [5, 13, 4, 13], [5, 14, 6, 14], [11, 6, 11, 7], [11, 7, 11, 6], [11, 10, 12, 10], [12, 11, 12, 12], [12, 12, 13, 12], [12, 7, 12, 8], [12, 8, 13, 8], [12, 10, 11, 10], [14, 9, 14, 10], [14, 11, 13, 11], [14, 12, 14, 11], [14, 7, 13, 7], [14, 8, 14, 7], [14, 10, 14, 9], [7, 10, 8, 10], [13, 11, 12, 11], [13, 12, 14, 12], [13, 7, 12, 7], [13, 8, 14, 8], [3, 3, 4, 3], [3, 11, 3, 12], [3, 12, 3, 11], [6, 11, 6, 12], [6, 12, 5, 12], [6, 14, 5, 14], [8, 10, 7, 10], [4, 3, 3, 3], [4, 13, 5, 13]]}
