XXXXXXXXXXXXXXXX
XXXXXXXXXXXXXXXX
XXXXXXXXXXXXX-XX
XXXXXX}XXX----XX
XX-XXX-----X--XX
XX-XXX----XXXXXX
XX-XXX--X--XXXXX
XX-----XXX-XXXXX
XX##---XXX-XXXXX
XX--XX-------XXX
XX---X-------XXX
XXX-----------XX
XXX---#-----X-XX
XXX------#--XXXX
XXX-#--#----XXXX
XXX---------XXXX
XXX---X-------XX
XX---XX-#-XXX-XX
XX----X---XXX-XX
XX-----#--XXX-XX
XXXXX-------XXXX
XXXXX---#---XXXX
XXXXX-------XXXX
XXXXX##-------XX
XXX-------XX--XX
XXX---XXXXXXX-XX
XXX--XXXXXXXX-XX
XX-XXXXXXXX---XX
XXXXXXXXXXX---XX
XXXXXXXXXXX-{-XX
XXXXXXXXXXXXXXXX
XXXXXXXXXXXXXXXX
META {"type": "solver", "id": "pysat-rc2-boolonly", "objective": 0}
META {"type": "geom", "shape": "path", "group": "path", "data": [[29, 12, 29, 11], [29, 11, 27, 11], [27, 11, 27, 13], [27, 13, 23, 13], [23, 13, 23, 7], [23, 7, 24, 7], [24, 7, 24, 3], [24, 3, 24, 9], [24, 9, 14, 9], [14, 9, 14, 11], [14, 11, 16, 11], [16, 11, 16, 13], [16, 13, 16, 7], [16, 7, 15, 7], [15, 7, 15, 11], [15, 11, 9, 11], [9, 11, 9, 12], [9, 12, 9, 6], [9, 6, 3, 6]]}
META {"type": "geom", "shape": "tile", "group": "path", "data": [[29, 12], [29, 11], [28, 11], [27, 11], [27, 12], [27, 13], [26, 13], [25, 13], [24, 13], [23, 13], [23, 12], [23, 11], [23, 10], [23, 9], [23, 8], [23, 7], [24, 7], [24, 6], [24, 5], [24, 4], [24, 3], [24, 4], [24, 5], [24, 6], [24, 7], [24, 8], [24, 9], [23, 9], [22, 9], [21, 9], [20, 9], [19, 9], [18, 9], [17, 9], [16, 9], [15, 9], [14, 9], [14, 10], [14, 11], [15, 11], [16, 11], [16, 12], [16, 13], [16, 12], [16, 11], [16, 10], [16, 9], [16, 8], [16, 7], [15, 7], [15, 8], [15, 9], [15, 10], [15, 11], [14, 11], [13, 11], [12, 11], [11, 11], [10, 11], [9, 11], [9, 12], [9, 11], [9, 10], [9, 9], [9, 8], [9, 7], [9, 6], [8, 6], [7, 6], [6, 6], [5, 6], [4, 6], [3, 6]]}
META {"type": "geom", "shape": "line", "group": "offpath", "data": [[4, 6, 4, 10], [4, 10, 4, 6], [4, 12, 4, 13], [4, 13, 4, 12], [16, 10, 6, 10], [15, 4, 19, 4], [19, 4, 15, 4], [19, 9, 19, 8], [19, 3, 9, 3], [19, 8, 19, 9], [9, 3, 19, 3], [6, 6, 6, 7], [6, 7, 6, 6], [6, 10, 16, 10], [24, 5, 25, 5], [24, 12, 24, 13], [24, 13, 24, 12], [25, 5, 24, 5], [18, 8, 20, 8], [20, 11, 20, 5], [20, 5, 20, 11], [20, 8, 18, 8], [12, 11, 12, 7], [12, 7, 12, 11], [12, 5, 12, 3], [12, 3, 12, 5]]}
