XXXXXXXXXXXXXXXX
XXXXXXXXXXXXXXXX
XX}XXX-XXXXXXXXX
XX-----XXXXXXXXX
XX-----XXX----XX
XX--##---XXXX-XX
XX--------XXX-XX
XXX-----X-XXX-XX
XXX-#-#-XXXXXXXX
XXX-----XXXXXXXX
XX---#--XXXXXXXX
XX-X--------XXXX
XX-XX--#-----XXX
XX--XX-----#-XXX
XX---XX--#---XXX
XX----X------XXX
XX-XX-----X---XX
XXXXXX---XX---XX
XXXXXX##--X---XX
XXXX-------#--XX
XXXX--X-------XX
XX----XXXX----XX
XX--XXXXXX---XXX
XX--XXXXXX--XXXX
XXX-XXXXX-#--XXX
XXX-XXXX-----XXX
XXX-----##---XXX
XX---#-----#--XX
XX##----------XX
XX--{-XX--X-X-XX
XXXXXXXXXXXXXXXX
XXXXXXXXXXXXXXXX
META {"type": "solver", "id": "pysat-rc2", "objective": 0}
META {"type": "geom", "shape": "path", "group": "path", "data": [[29, 4, 29, 5], [29, 5, 28, 5], [28, 5, 28, 4], [28, 4, 26, 4], [26, 4, 26, 3], [26, 3, 26, 7], [26, 7, 28, 7], [28, 7, 28, 13], [28, 13, 27, 13], [27, 13, 27, 12], [27, 12, 28, 12], [28, 12, 24, 12], [24, 12, 24, 11], [24, 11, 26, 11], [26, 11, 20, 11], [20, 11, 20, 13], [20, 13, 16, 13], [16, 13, 16, 11], [16, 11, 14, 11], [14, 11, 14, 10], [14, 10, 15, 10], [15, 10, 11, 10], [11, 10, 11, 4], [11, 4, 9, 4], [9, 4, 9, 3], [9, 3, 9, 7], [9, 7, 11, 7], [11, 7, 5, 7], [5, 7, 5, 8], [5, 8, 6, 8], [6, 8, 6, 2], [6, 2, 2, 2]]}
META {"type": "geom", "shape": "tile", "group": "path", "data": [[29, 4], [29, 5], [28, 5], [28, 4], [27, 4], [26, 4], [26, 3], [26, 4], [26, 5], [26, 6], [26, 7], [27, 7], [28, 7], [28, 8], [28, 9], [28, 10], [28, 11], [28, 12], [28, 13], [27, 13], [27, 12], [28, 12], [27, 12], [26, 12], [25, 12], [24, 12], [24, 11], [25, 11], [26, 11], [25, 11], [24, 11], [23, 11], [22, 11], [21, 11], [20, 11], [20, 12], [20, 13], [19, 13], [18, 13], [17, 13], [16, 13], [16, 12], [16, 11], [15, 11], [14, 11], [14, 10], [15, 10], [14, 10], [13, 10], [12, 10], [11, 10], [11, 9], [11, 8], [11, 7], [11, 6], [11, 5], [11, 4], [10, 4], [9, 4], [9, 3], [9, 4], [9, 5], [9, 6], [9, 7], [10, 7], [11, 7], [10, 7], [9, 7], [8, 7], [7, 7], [6, 7], [5, 7], [5, 8], [6, 8], [6, 7], [6, 6], [6, 5], [6, 4], [6, 3], [6, 2], [5, 2], [4, 2], [3, 2], [2, 2]]}
META {"type": "geom", "shape": "line", "group": "offpath", "data": [[3, 2, 3, 6], [3, 3, 3, 2], [3, 6, 7, 6], [3, 4, 4, 4], [3, 5, 4, 5], [5, 2, 5, 3], [5, 3, 5, 2], [25, 9, 24, 9], [10, 2, 16, 2], [21, 2, 23, 2], [21, 3, 21, 2], [21, 4, 19, 4], [21, 5, 19, 5], [27, 2, 27, 4], [27, 3, 21, 3], [27, 6, 27, 10], [27, 10, 27, 6], [27, 4, 27, 2], [6, 4, 7, 4], [15, 9, 16, 9], [15, 3, 13, 3], [17, 7, 13, 7], [17, 11, 17, 13], [17, 13, 17, 11], [22, 2, 22, 3], [22, 3, 22, 2], [22, 12, 12, 12], [14, 7, 14, 8], [14, 8, 14, 7], [16, 2, 10, 2], [16, 9, 15, 9], [19, 7, 20, 7], [19, 4, 21, 4], [19, 5, 21, 5], [23, 2, 23, 3], [23, 3, 27, 3], [4, 2, 4, 6], [4, 6, 4, 2], [4, 4, 3, 4], [4, 5, 3, 5], [7, 7, 7, 3], [7, 3, 3, 3], [7, 6, 7, 7], [7, 4, 6, 4], [28, 11, 29, 11], [18, 9, 20, 9], [18, 11, 18, 13], [18, 13, 18, 11], [12, 12, 22, 12], [12, 5, 11, 5], [13, 7, 17, 7], [13, 9, 11, 9], [13, 3, 15, 3], [11, 9, 13, 9], [11, 5, 12, 5], [20, 7, 19, 7], [20, 9, 18, 9], [20, 4, 20, 5], [20, 5, 20, 4], [29, 8, 29, 9], [29, 9, 29, 8], [29, 11, 28, 11], [24, 9, 25, 9]]}
