XXXXXXXXXXXXXXXX
XXXXXXXXXXXXXXXX
XXXXXX---XXX}XXX
XXXX----------XX
XX----#-#--X--XX
XXXXX-----XXXXXX
XXXXXX----XXXXXX
XXX--XX-#-XXXXXX
XXXX--X---XXXXXX
XXXX-----X----XX
XXXX##--XXX---XX
XXXX----XXX-X-XX
XXX-#-------XXXX
XXX----X-X---XXX
XX-#--XXXX-#-XXX
XX----XXXX---XXX
XXX---XXXX---XXX
XXX--#-------XXX
XXXX-------#-XXX
XXXX--##-----XXX
XXXXX----XX---XX
XXXXX----XXX--XX
XXXXX----XXX--XX
XXXX---X-----XXX
XXX---XXX---XXXX
XXXXX-XXX---XXXX
XXXXX-XXX---XXXX
XXXXX----{----XX
XXXXXXXXXXXXXXXX
XXXXXXXXXXXXXXXX
XXXXXXXXXXXXXXXX
XXXXXXXXXXXXXXXX
META {"type": "solver", "id": "pysat-rc2", "objective": 0}
META {"type": "geom", "shape": "path", "group": "path", "data": [[27, 9, 23, 9], [23, 9, 23, 8], [23, 8, 23, 12], [23, 12, 13, 12], [13, 12, 13, 10], [13, 10, 19, 10], [19, 10, 19, 8], [19, 8, 17, 8], [17, 8, 17, 12], [17, 12, 17, 6], [17, 6, 18, 6], [18, 6, 18, 10], [18, 10, 18, 4], [18, 4, 19, 4], [19, 4, 13, 4], [13, 4, 13, 6], [13, 6, 9, 6], [9, 6, 9, 8], [9, 8, 8, 8], [8, 8, 8, 9], [8, 9, 8, 7], [8, 7, 2, 7], [2, 7, 2, 6], [2, 6, 3, 6], [3, 6, 3, 4], [3, 4, 4, 4], [4, 4, 4, 5], [4, 5, 5, 5], [5, 5, 5, 9], [5, 9, 3, 9], [3, 9, 3, 13], [3, 13, 4, 13], [4, 13, 4, 12], [4, 12, 2, 12]]}
META {"type": "geom", "shape": "tile", "group": "path", "data": [[27, 9], [26, 9], [25, 9], [24, 9], [23, 9], [23, 8], [23, 9], [23, 10], [23, 11], [23, 12], [22, 12], [21, 12], [20, 12], [19, 12], [18, 12], [17, 12], [16, 12], [15, 12], [14, 12], [13, 12], [13, 11], [13, 10], [14, 10], [15, 10], [16, 10], [17, 10], [18, 10], [19, 10], [19, 9], [19, 8], [18, 8], [17, 8], [17, 9], [17, 10], [17, 11], [17, 12], [17, 11], [17, 10], [17, 9], [17, 8], [17, 7], [17, 6], [18, 6], [18, 7], [18, 8], [18, 9], [18, 10], [18, 9], [18, 8], [18, 7], [18, 6], [18, 5], [18, 4], [19, 4], [18, 4], [17, 4], [16, 4], [15, 4], [14, 4], [13, 4], [13, 5], [13, 6], [12, 6], [11, 6], [10, 6], [9, 6], [9, 7], [9, 8], [8, 8], [8, 9], [8, 8], [8, 7], [7, 7], [6, 7], [5, 7], [4, 7], [3, 7], [2, 7], [2, 6], [3, 6], [3, 5], [3, 4], [4, 4], [4, 5], [5, 5], [5, 6], [5, 7], [5, 8], [5, 9], [4, 9], [3, 9], [3, 10], [3, 11], [3, 12], [3, 13], [4, 13], [4, 12], [3, 12], [2, 12]]}
META {"type": "geom", "shape": "line", "group": "offpath", "data": [[6, 6, 5, 6], [6, 8, 5, 8], [14, 4, 14, 5], [14, 5, 14, 4], [21, 12, 21, 13], [21, 13, 21, 12], [18, 7, 17, 7], [2, 8, 3, 8], [23, 4, 23, 6], [23, 6, 23, 4], [11, 5, 11, 7], [11, 13, 9, 13], [11, 7, 12, 7], [8, 4, 8, 5], [8, 5, 8, 4], [25, 9, 25, 11], [25, 11, 25, 9], [10, 12, 9, 12], [15, 5, 11, 5], [15, 3, 15, 5], [15, 12, 15, 10], [15, 11, 17, 11], [15, 10, 15, 12], [20, 13, 22, 13], [20, 11, 19, 11], [5, 6, 6, 6], [5, 8, 6, 8], [12, 5, 16, 5], [12, 7, 12, 5], [4, 10, 3, 10], [24, 5, 24, 3], [24, 3, 24, 5], [22, 13, 20, 13], [17, 7, 18, 7], [17, 11, 15, 11], [16, 5, 16, 3], [16, 3, 15, 3], [9, 12, 10, 12], [9, 13, 11, 13], [19, 11, 20, 11], [3, 10, 4, 10], [3, 8, 2, 8]]}
