XXXXXXXXXXXXXXXXXXXXXXXXXXXXXXXX
X-XXXXXXXXX-X-X-X----XXX---XXX-X
X-XXXXXXXXX--X-X-XX--XXXXXXXXXXX
X--}XXXX---XXXXXXXXX-XXXXXXXXXXX
X-XXXXX----XXXXXXXXX--XX----XX-X
X-XXXXX------------------------X
X---XX-XXX----X----X-XXX------XX
XX--------X-XX---XX-----X--X---X
X-----------XX-X-XX------XX-X--X
X-------XX-----X---X-XX-XXXXXXXX
XXXXX-XXXXX----X-XXXXXXXXXXXXXXX
XXXXX-XXXXX-XX-X-XXXXXXXXXX{---X
X-----------XX-X--------XXXXXX-X
XX--XXXX---------XXXX---XXXXXX-X
X-XX---------XX----------------X
XXXXXXXXXXXXXXXXXXXXXXXXXXXXXXXX
META {"type": "solver", "id": "pysat-rc2", "objective": 0}
META {"type": "geom", "shape": "path", "group": "path", "data": [[11, 27, 11, 28], [11, 28, 11, 29], [11, 29, 11, 30], [11, 30, 12, 30], [12, 30, 13, 30], [13, 30, 14, 30], [14, 30, 14, 29], [14, 29, 14, 28], [14, 28, 14, 27], [14, 27, 14, 26], [14, 26, 14, 25], [14, 25, 14, 24], [14, 24, 14, 23], [14, 23, 14, 22], [14, 22, 14, 21], [14, 21, 13, 21], [13, 21, 12, 21], [12, 21, 12, 20], [12, 20, 12, 19], [12, 19, 12, 18], [12, 18, 12, 17], [12, 17, 12, 16], [12, 16, 13, 16], [13, 16, 14, 16], [14, 16, 14, 15], [14, 15, 13, 15], [13, 15, 13, 14], [13, 14, 13, 13], [13, 13, 13, 12], [13, 12, 13, 11], [13, 11, 13, 10], [13, 10, 12, 10], [12, 10, 12, 9], [12, 9, 13, 9], [13, 9, 14, 9], [14, 9, 14, 8], [14, 8, 13, 8], [13, 8, 12, 8], [12, 8, 12, 7], [12, 7, 12, 6], [12, 6, 12, 5], [12, 5, 11, 5], [11, 5, 10, 5], [10, 5, 9, 5], [9, 5, 9, 6], [9, 6, 9, 7], [9, 7, 8, 7], [8, 7, 8, 8], [8, 8, 8, 9], [8, 9, 7, 9], [7, 9, 7, 8], [7, 8, 7, 7], [7, 7, 7, 6], [7, 6, 7, 5], [7, 5, 7, 4], [7, 4, 8, 4], [8, 4, 9, 4], [9, 4, 9, 3], [9, 3, 8, 3], [8, 3, 7, 3], [7, 3, 7, 2], [7, 2, 6, 2], [6, 2, 6, 1], [6, 1, 5, 1], [5, 1, 4, 1], [4, 1, 3, 1], [3, 1, 3, 2], [3, 2, 3, 3]]}
META {"type": "geom", "shape": "tile", "group": "path", "data": [[11, 27], [11, 28], [11, 29], [11, 30], [12, 30], [13, 30], [14, 30], [14, 29], [14, 28], [14, 27], [14, 26], [14, 25], [14, 24], [14, 23], [14, 22], [14, 21], [13, 21], [12, 21], [12, 20], [12, 19], [12, 18], [12, 17], [12, 16], [13, 16], [14, 16], [14, 15], [13, 15], [13, 14], [13, 13], [13, 12], [13, 11], [13, 10], [12, 10], [12, 9], [13, 9], [14, 9], [14, 8], [13, 8], [12, 8], [12, 7], [12, 6], [12, 5], [11, 5], [10, 5], [9, 5], [9, 6], [9, 7], [8, 7], [8, 8], [8, 9], [7, 9], [7, 8], [7, 7], [7, 6], [7, 5], [7, 4], [8, 4], [9, 4], [9, 3], [8, 3], [7, 3], [7, 2], [6, 2], [6, 1], [5, 1], [4, 1], [3, 1], [3, 2], [3, 3]]}
META {"type": "geom", "shape": "line", "group": "offpath", "data": [[13, 22, 12, 22], [13, 23, 12, 23], [2, 11, 1, 11], [2, 20, 2, 19], [2, 19, 2, 20], [8, 22, 8, 21], [8, 2, 8, 1], [8, 21, 7, 21], [8, 23, 8, 22], [8, 20, 9, 20], [8, 1, 8, 2], [4, 21, 5, 21], [4, 8, 4, 7], [4, 10, 3, 10], [4, 25, 4, 26], [4, 20, 4, 21], [4, 7, 5, 7], [4, 26, 4, 25], [4, 9, 4, 8], [12, 22, 13, 22], [12, 2, 12, 1], [12, 14, 11, 14], [12, 23, 13, 23], [12, 1, 12, 2], [10, 16, 11, 16], [5, 17, 5, 16], [5, 16, 5, 15], [5, 21, 5, 20], [5, 18, 5, 19], [5, 28, 5, 29], [5, 13, 5, 14], [5, 14, 5, 13], [5, 8, 5, 9], [5, 23, 5, 24], [5, 10, 4, 10], [5, 20, 4, 20], [5, 27, 5, 26], [5, 7, 5, 8], [5, 24, 5, 23], [5, 26, 5, 27], [5, 19, 5, 18], [5, 15, 6, 15], [5, 29, 6, 29], [5, 9, 5, 10], [3, 10, 3, 9], [3, 9, 4, 9], [6, 17, 5, 17], [6, 16, 6, 17], [6, 28, 5, 28], [6, 25, 6, 24], [6, 20, 7, 20], [6, 24, 6, 25], [6, 15, 7, 15], [6, 29, 6, 28], [9, 20, 8, 20], [1, 17, 1, 18], [1, 18, 1, 17], [1, 11, 2, 11], [7, 22, 7, 23], [7, 16, 6, 16], [7, 21, 7, 22], [7, 23, 8, 23], [7, 20, 6, 20], [7, 15, 7, 16], [11, 16, 10, 16], [11, 14, 12, 14], [14, 17, 14, 18], [14, 18, 14, 17]]}
