XXXXXXXXXXXXXXXXXXXXXXXXXXXXXXXX
X---}XXX---XX-XXX--XX-XX-X--XX-X
X-XXXXXXXXX--------------------X
X-XXXXXXXXX----XX-XX---X------XX
X-------------XXXXXXX------XX--X
XX-XXXXX-XXXX-XXXXXXXXX-X--XX-XX
X-X------XXXX--XX-XXXXX-------XX
XX-X-----XXXX-----XXXXX-XXX--X-X
XX-X------XX-XXX-XXXXXX-XXXX---X
X--X------------XXXXXXX-XXXXXX-X
XX--XXXX-XX-XX-XXXXX---X-XXXXX-X
X--X----XXXXXXXXXXX--XXXXXXX{--X
X--X--X-XXXXXXXXXX---XXXXXXXXXXX
X--X--------XXXXX--------XXXXXXX
X----------------XX----XX------X
XXXXXXXXXXXXXXXXXXXXXXXXXXXXXXXX
META {"type": "solver", "id": "pysat-rc2", "objective": 0}
META {"type": "geom", "shape": "path", "group": "path", "data": [[11, 28, 11, 29], [11, 29, 11, 30], [11, 30, 10, 30], [10, 30, 9, 30], [9, 30, 8, 30], [8, 30, 8, 29], [8, 29, 8, 28], [8, 28, 7, 28], [7, 28, 7, 27], [7, 27, 6, 27], [6, 27, 6, 26], [6, 26, 5, 26], [5, 26, 5, 25], [5, 25, 4, 25], [4, 25, 3, 25], [3, 25, 3, 26], [3, 26, 3, 27], [3, 27, 2, 27], [2, 27, 1, 27], [1, 27, 1, 26], [1, 26, 2, 26], [2, 26, 2, 25], [2, 25, 2, 24], [2, 24, 2, 23], [2, 23, 2, 22], [2, 22, 2, 21], [2, 21, 2, 20], [2, 20, 2, 19], [2, 19, 2, 18], [2, 18, 2, 17], [2, 17, 2, 16], [2, 16, 2, 15], [2, 15, 2, 14], [2, 14, 3, 14], [3, 14, 3, 13], [3, 13, 4, 13], [4, 13, 4, 12], [4, 12, 4, 11], [4, 11, 4, 10], [4, 10, 4, 9], [4, 9, 4, 8], [4, 8, 4, 7], [4, 7, 4, 6], [4, 6, 4, 5], [4, 5, 4, 4], [4, 4, 4, 3], [4, 3, 4, 2], [4, 2, 4, 1], [4, 1, 3, 1], [3, 1, 2, 1], [2, 1, 1, 1], [1, 1, 1, 2], [1, 2, 1, 3], [1, 3, 1, 4]]}
META {"type": "geom", "shape": "tile", "group": "path", "data": [[11, 28], [11, 29], [11, 30], [10, 30], [9, 30], [8, 30], [8, 29], [8, 28], [7, 28], [7, 27], [6, 27], [6, 26], [5, 26], [5, 25], [4, 25], [3, 25], [3, 26], [3, 27], [2, 27], [1, 27], [1, 26], [2, 26], [2, 25], [2, 24], [2, 23], [2, 22], [2, 21], [2, 20], [2, 19], [2, 18], [2, 17], [2, 16], [2, 15], [2, 14], [3, 14], [3, 13], [4, 13], [4, 12], [4, 11], [4, 10], [4, 9], [4, 8], [4, 7], [4, 6], [4, 5], [4, 4], [4, 3], [4, 2], [4, 1], [3, 1], [2, 1], [1, 1], [1, 2], [1, 3], [1, 4]]}
META {"type": "geom", "shape": "line", "group": "offpath", "data": [[1, 30, 2, 30], [9, 10, 9, 9], [9, 13, 9, 12], [9, 11, 10, 11], [9, 2, 10, 2], [9, 9, 9, 10], [9, 12, 9, 13], [3, 20, 3, 21], [3, 29, 2, 29], [3, 24, 4, 24], [3, 21, 3, 20], [3, 28, 2, 28], [5, 29, 4, 29], [5, 23, 4, 23], [10, 11, 9, 11], [10, 2, 9, 2], [2, 29, 3, 29], [2, 28, 3, 28], [2, 30, 1, 30], [7, 6, 8, 6], [7, 7, 8, 7], [7, 8, 8, 8], [7, 5, 7, 6], [6, 29, 6, 28], [6, 7, 6, 8], [6, 28, 6, 29], [6, 8, 6, 7], [8, 6, 8, 5], [8, 7, 7, 7], [8, 8, 7, 8], [8, 5, 7, 5], [4, 29, 5, 29], [4, 24, 3, 24], [4, 23, 5, 23]]}
