XXXXXXXXXXXXXXXXXXXXXXXXXXXXXXXX
X---}XXX---------XX-XX--X-XX-X-X
XX-XXXXXX---------------------XX
X--XXXXXX----XXX---X---X------XX
X-----XXX-XXX------X---X-X----XX
X-XX---------------X---X-X----XX
X-XX-----------X--X------X-----X
X---XXXX-X------XX-X-XXXX-XX--XX
XXX------------XXXXXXXXXXXXXX--X
XXXXXX--------XXXXXXXXXXXXXXXX-X
XXXXXX----X---XXXX---XXXXXXXXX-X
X------X---XXX----XXXXXXXXXX{--X
X-XXXX---XX-------XXXXXX-XXXXX-X
X-XXXX---XX----------XX--XXXXX-X
X-----XX---XX-XX---XX--XX------X
XXXXXXXXXXXXXXXXXXXXXXXXXXXXXXXX
META {"type": "solver", "id": "pysat-rc2", "objective": 0}
META {"type": "geom", "shape": "path", "group": "path", "data": [[11, 28, 11, 29], [11, 29, 11, 30], [11, 30, 10, 30], [10, 30, 9, 30], [9, 30, 8, 30], [8, 30, 8, 29], [8, 29, 7, 29], [7, 29, 7, 28], [7, 28, 6, 28], [6, 28, 5, 28], [5, 28, 4, 28], [4, 28, 4, 27], [4, 27, 4, 26], [4, 26, 3, 26], [3, 26, 2, 26], [2, 26, 2, 25], [2, 25, 2, 24], [2, 24, 2, 23], [2, 23, 1, 23], [1, 23, 1, 22], [1, 22, 2, 22], [2, 22, 3, 22], [3, 22, 4, 22], [4, 22, 4, 21], [4, 21, 3, 21], [3, 21, 3, 20], [3, 20, 2, 20], [2, 20, 2, 19], [2, 19, 2, 18], [2, 18, 3, 18], [3, 18, 4, 18], [4, 18, 4, 17], [4, 17, 5, 17], [5, 17, 6, 17], [6, 17, 6, 16], [6, 16, 5, 16], [5, 16, 5, 15], [5, 15, 5, 14], [5, 14, 6, 14], [6, 14, 6, 13], [6, 13, 7, 13], [7, 13, 8, 13], [8, 13, 8, 12], [8, 12, 9, 12], [9, 12, 10, 12], [10, 12, 10, 11], [10, 11, 9, 11], [9, 11, 9, 10], [9, 10, 9, 9], [9, 9, 9, 8], [9, 8, 8, 8], [8, 8, 8, 7], [8, 7, 8, 6], [8, 6, 8, 5], [8, 5, 8, 4], [8, 4, 8, 3], [8, 3, 7, 3], [7, 3, 7, 2], [7, 2, 7, 1], [7, 1, 6, 1], [6, 1, 5, 1], [5, 1, 4, 1], [4, 1, 3, 1], [3, 1, 3, 2], [3, 2, 2, 2], [2, 2, 1, 2], [1, 2, 1, 3], [1, 3, 1, 4]]}
META {"type": "geom", "shape": "tile", "group": "path", "data": [[11, 28], [11, 29], [11, 30], [10, 30], [9, 30], [8, 30], [8, 29], [7, 29], [7, 28], [6, 28], [5, 28], [4, 28], [4, 27], [4, 26], [3, 26], [2, 26], [2, 25], [2, 24], [2, 23], [1, 23], [1, 22], [2, 22], [3, 22], [4, 22], [4, 21], [3, 21], [3, 20], [2, 20], [2, 19], [2, 18], [3, 18], [4, 18], [4, 17], [5, 17], [6, 17], [6, 16], [5, 16], [5, 15], [5, 14], [6, 14], [6, 13], [7, 13], [8, 13], [8, 12], [9, 12], [10, 12], [10, 11], [9, 11], [9, 10], [9, 9], [9, 8], [8, 8], [8, 7], [8, 6], [8, 5], [8, 4], [8, 3], [7, 3], [7, 2], [7, 1], [6, 1], [5, 1], [4, 1], [3, 1], [3, 2], [2, 2], [1, 2], [1, 3], [1, 4]]}
META {"type": "geom", "shape": "line", "group": "offpath", "data": [[13, 8, 13, 7], [13, 7, 13, 8], [4, 5, 5, 5], [4, 4, 4, 5], [4, 2, 4, 3], [4, 29, 3, 29], [4, 14, 4, 13], [4, 16, 4, 15], [4, 15, 4, 14], [4, 9, 3, 9], [4, 3, 4, 2], [4, 13, 5, 13], [2, 10, 2, 11], [2, 27, 2, 28], [2, 11, 3, 11], [2, 28, 2, 27], [2, 16, 3, 16], [2, 15, 2, 16], [2, 9, 1, 9], [2, 12, 1, 12], [10, 8, 10, 7], [10, 7, 10, 8], [5, 5, 5, 4], [5, 4, 4, 4], [5, 27, 5, 26], [5, 26, 6, 26], [5, 6, 6, 6], [5, 9, 4, 9], [5, 12, 6, 12], [5, 13, 5, 12], [1, 10, 2, 10], [1, 14, 1, 15], [1, 15, 2, 15], [1, 9, 1, 10], [1, 12, 1, 13], [1, 13, 1, 14], [14, 29, 14, 30], [14, 27, 14, 28], [14, 25, 14, 26], [14, 26, 14, 25], [14, 28, 14, 27], [14, 30, 14, 29], [6, 10, 6, 9], [6, 27, 5, 27], [6, 26, 6, 27], [6, 6, 5, 6], [6, 9, 5, 9], [6, 12, 7, 12], [3, 29, 4, 29], [3, 27, 3, 28], [3, 25, 3, 24], [3, 11, 3, 12], [3, 28, 3, 27], [3, 16, 4, 16], [3, 24, 3, 25], [3, 9, 2, 9], [3, 12, 2, 12], [8, 10, 8, 11], [8, 11, 8, 10], [11, 5, 11, 6], [11, 4, 11, 3], [11, 6, 11, 5], [11, 3, 11, 4], [7, 10, 6, 10], [7, 11, 7, 10], [7, 12, 7, 11]]}
