XXXXXXXXXXXXXXXXXXXXXXXXXXXXXXXX
X---}XXX-X-X-X-----------X-----X
X--XXXXX--X----X-XX-XX-X-------X
X--XXXXX---------XX-XX-------XXX
XX-XXXX--XX-X-XXX-----XXX----XXX
X---XX-X-XX-X-XXX-XXX----------X
X-----------X-----------------XX
XXXXX--XXXX-X---XXX--XX-XX-----X
XXXXX--XXXX-----XXX-XXXXXXX---XX
XXXXXXXXXXXXXXX-XXX-XXXXXXXXX-XX
X-XXXXXXXXXXXXXX--------XXXXX--X
X--------XXXXXXX--X-----XXX{---X
XXXXXXXXX--XXXX-XXXXXX--XXXXXXXX
XXXXXXXXX---XX--XXXXXX--XXXXXXXX
X------------------------------X
XXXXXXXXXXXXXXXXXXXXXXXXXXXXXXXX
META {"type": "solver", "id": "pysat-rc2", "objective": 0}
META {"type": "geom", "shape": "path", "group": "path", "data": [[11, 27, 11, 28], [11, 28, 11, 29], [11, 29, 10, 29], [10, 29, 9, 29], [9, 29, 8, 29], [8, 29, 8, 28], [8, 28, 7, 28], [7, 28, 6, 28], [6, 28, 6, 27], [6, 27, 5, 27], [5, 27, 4, 27], [4, 27, 4, 26], [4, 26, 3, 26], [3, 26, 3, 27], [3, 27, 2, 27], [2, 27, 1, 27], [1, 27, 1, 26], [1, 26, 2, 26], [2, 26, 2, 25], [2, 25, 2, 24], [2, 24, 3, 24], [3, 24, 3, 23], [3, 23, 3, 22], [3, 22, 2, 22], [2, 22, 1, 22], [1, 22, 1, 21], [1, 21, 1, 20], [1, 20, 1, 19], [1, 19, 1, 18], [1, 18, 1, 17], [1, 17, 1, 16], [1, 16, 2, 16], [2, 16, 3, 16], [3, 16, 3, 15], [3, 15, 3, 14], [3, 14, 3, 13], [3, 13, 3, 12], [3, 12, 3, 11], [3, 11, 3, 10], [3, 10, 3, 9], [3, 9, 3, 8], [3, 8, 4, 8], [4, 8, 5, 8], [5, 8, 6, 8], [6, 8, 6, 7], [6, 7, 6, 6], [6, 6, 7, 6], [7, 6, 7, 5], [7, 5, 6, 5], [6, 5, 6, 4], [6, 4, 6, 3], [6, 3, 6, 2], [6, 2, 5, 2], [5, 2, 4, 2], [4, 2, 3, 2], [3, 2, 2, 2], [2, 2, 1, 2], [1, 2, 1, 3], [1, 3, 1, 4]]}
META {"type": "geom", "shape": "tile", "group": "path", "data": [[11, 27], [11, 28], [11, 29], [10, 29], [9, 29], [8, 29], [8, 28], [7, 28], [6, 28], [6, 27], [5, 27], [4, 27], [4, 26], [3, 26], [3, 27], [2, 27], [1, 27], [1, 26], [2, 26], [2, 25], [2, 24], [3, 24], [3, 23], [3, 22], [2, 22], [1, 22], [1, 21], [1, 20], [1, 19], [1, 18], [1, 17], [1, 16], [2, 16], [3, 16], [3, 15], [3, 14], [3, 13], [3, 12], [3, 11], [3, 10], [3, 9], [3, 8], [4, 8], [5, 8], [6, 8], [6, 7], [6, 6], [7, 6], [7, 5], [6, 5], [6, 4], [6, 3], [6, 2], [5, 2], [4, 2], [3, 2], [2, 2], [1, 2], [1, 3], [1, 4]]}
META {"type": "geom", "shape": "line", "group": "offpath", "data": [[3, 19, 2, 19], [11, 23, 11, 22], [11, 20, 10, 20], [11, 19, 10, 19], [11, 22, 11, 21], [11, 21, 11, 20], [2, 14, 2, 13], [2, 28, 1, 28], [2, 30, 1, 30], [2, 19, 3, 19], [2, 13, 2, 14], [2, 29, 2, 30], [6, 26, 7, 26], [6, 23, 6, 24], [6, 10, 6, 9], [6, 16, 6, 15], [6, 15, 6, 16], [6, 1, 5, 1], [6, 24, 5, 24], [6, 9, 6, 10], [6, 22, 6, 23], [1, 23, 1, 24], [1, 28, 2, 28], [1, 30, 1, 29], [1, 29, 2, 29], [1, 24, 1, 23], [10, 23, 11, 23], [10, 20, 10, 21], [10, 19, 11, 19], [10, 22, 10, 23], [10, 21, 10, 22], [13, 23, 14, 23], [13, 22, 12, 22], [4, 28, 5, 28], [4, 17, 5, 17], [4, 21, 5, 21], [14, 26, 14, 25], [14, 23, 14, 22], [14, 25, 14, 26], [14, 20, 14, 21], [14, 28, 14, 29], [14, 7, 14, 8], [14, 29, 14, 28], [14, 8, 14, 7], [14, 22, 13, 22], [14, 21, 14, 20], [5, 26, 5, 25], [5, 23, 5, 22], [5, 25, 5, 26], [5, 28, 4, 28], [5, 30, 5, 29], [5, 1, 6, 1], [5, 29, 5, 30], [5, 24, 5, 23], [5, 17, 4, 17], [5, 22, 6, 22], [5, 21, 4, 21], [8, 12, 8, 11], [8, 27, 7, 27], [8, 11, 8, 12], [7, 26, 6, 26], [7, 14, 7, 13], [7, 27, 8, 27], [7, 13, 7, 14], [12, 23, 13, 23], [12, 22, 12, 23]]}
