--------------------------------
--------------------------------
----------XQQX-----------XXX----
--XQQX--------------------------
--------------------------------
-----------------X--------------
------X---X---X-----------------
--------------------------------
---------------------------X----
--------------------------------
--------------------------------
----------X-----XX--X--<>--X----
---------XX----XXX-----[]-------
--------XXX---XXXX-----[]-------
-{-----XXXX--XXXXX-----[]-----}-
XXXXXXXXXXXXXXXXXXXXXXXXXXXXXXXX
META {"type": "solver", "id": "pysat-rc2", "objective": 0}
META {"type": "geom", "shape": "path", "group": "path", "data": [[14, 1, 10, 2], [10, 2, 11, 2], [11, 2, 12, 2], [12, 2, 13, 1], [13, 1, 14, 2], [14, 2, 12, 0], [12, 0, 13, 0], [13, 0, 14, 0], [14, 0, 10, 1], [10, 1, 11, 1], [11, 1, 12, 1], [12, 1, 13, 2], [13, 2, 14, 3], [14, 3, 11, 6], [11, 6, 12, 5], [12, 5, 13, 5], [13, 5, 14, 4], [14, 4, 14, 5], [14, 5, 10, 9], [10, 9, 11, 9], [11, 9, 8, 6], [8, 6, 9, 6], [9, 6, 10, 6], [10, 6, 11, 7], [11, 7, 12, 8], [12, 8, 10, 10], [10, 10, 6, 13], [6, 13, 7, 13], [7, 13, 8, 14], [8, 14, 9, 14], [9, 14, 10, 13], [10, 13, 11, 13], [11, 13, 12, 13], [12, 13, 13, 12], [13, 12, 14, 11], [14, 11, 12, 12], [12, 12, 13, 13], [13, 13, 11, 11], [11, 11, 12, 11], [12, 11, 13, 11], [13, 11, 14, 12], [14, 12, 10, 16], [10, 16, 6, 20], [6, 20, 7, 21], [7, 21, 8, 21], [8, 21, 9, 22], [9, 22, 10, 23], [10, 23, 8, 23], [8, 23, 9, 24], [9, 24, 10, 25], [10, 25, 11, 26], [11, 26, 12, 25], [12, 25, 13, 25], [13, 25, 14, 25], [14, 25, 11, 25], [11, 25, 12, 26], [12, 26, 13, 27], [13, 27, 14, 28], [14, 28, 10, 28], [10, 28, 11, 28], [11, 28, 12, 27], [12, 27, 13, 26], [13, 26, 14, 26], [14, 26, 10, 29], [10, 29, 11, 29], [11, 29, 12, 30], [12, 30, 13, 29], [13, 29, 14, 30]]}
META {"type": "geom", "shape": "tile", "group": "path", "data": [[14, 1], [13, 1], [12, 1], [11, 1], [10, 1], [10, 2], [11, 2], [12, 2], [13, 2], [13, 1], [14, 1], [14, 2], [13, 2], [13, 1], [12, 1], [12, 0], [13, 0], [14, 0], [13, 0], [12, 0], [11, 0], [10, 0], [10, 1], [11, 1], [12, 1], [13, 1], [13, 2], [14, 2], [14, 3], [13, 3], [13, 4], [12, 4], [12, 5], [11, 5], [11, 6], [12, 6], [12, 5], [13, 5], [14, 5], [14, 4], [14, 5], [13, 5], [13, 6], [12, 6], [12, 7], [11, 7], [11, 8], [10, 8], [10, 9], [11, 9], [10, 9], [10, 8], [9, 8], [9, 7], [8, 7], [8, 6], [9, 6], [10, 6], [11, 6], [11, 7], [12, 7], [12, 8], [11, 8], [11, 9], [10, 9], [10, 10], [9, 10], [9, 11], [8, 11], [8, 12], [7, 12], [7, 13], [6, 13], [7, 13], [8, 13], [8, 14], [9, 14], [10, 14], [10, 13], [11, 13], [12, 13], [13, 13], [13, 12], [14, 12], [14, 11], [13, 11], [13, 12], [12, 12], [13, 12], [13, 13], [12, 13], [12, 12], [11, 12], [11, 11], [12, 11], [13, 11], [14, 11], [14, 12], [13, 12], [13, 13], [12, 13], [12, 14], [11, 14], [11, 15], [10, 15], [10, 16], [9, 16], [9, 17], [8, 17], [8, 18], [7, 18], [7, 19], [6, 19], [6, 20], [7, 20], [7, 21], [8, 21], [9, 21], [9, 22], [10, 22], [10, 23], [9, 23], [8, 23], [9, 23], [9, 24], [10, 24], [10, 25], [11, 25], [11, 26], [12, 26], [12, 25], [13, 25], [14, 25], [13, 25], [12, 25], [11, 25], [12, 25], [12, 26], [13, 26], [13, 27], [14, 27], [14, 28], [13, 28], [12, 28], [11, 28], [10, 28], [11, 28], [12, 28], [12, 27], [13, 27], [13, 26], [14, 26], [13, 26], [13, 27], [12, 27], [12, 28], [11, 28], [11, 29], [10, 29], [11, 29], [12, 29], [12, 30], [13, 30], [13, 29], [14, 29], [14, 30]]}
META {"type": "geom", "shape": "line", "group": "offpath", "data": [[1, 10, 0, 11], [1, 11, 0, 10], [1, 5, 2, 4], [1, 7, 2, 6], [1, 27, 0, 28], [1, 9, 2, 9], [1, 6, 2, 5], [1, 4, 2, 3], [2, 3, 0, 4], [2, 18, 3, 17], [2, 5, 0, 6], [2, 9, 3, 10], [2, 6, 3, 6], [2, 4, 0, 5], [2, 14, 3, 14], [8, 22, 9, 23], [8, 20, 9, 21], [8, 25, 9, 26], [0, 10, 1, 9], [0, 11, 1, 11], [0, 5, 1, 4], [0, 28, 1, 27], [0, 6, 1, 6], [0, 4, 1, 5], [11, 31, 12, 31], [11, 18, 12, 18], [11, 19, 12, 19], [7, 23, 8, 22], [7, 27, 3, 23], [7, 19, 8, 20], [7, 25, 8, 25], [3, 17, 4, 17], [3, 10, 4, 10], [3, 23, 4, 23], [3, 6, 4, 5], [3, 14, 4, 15], [12, 21, 13, 20], [12, 31, 13, 31], [12, 18, 13, 18], [12, 28, 13, 28], [12, 6, 13, 6], [12, 19, 13, 19], [10, 18, 11, 19], [10, 27, 7, 25], [10, 20, 6, 19], [10, 24, 6, 27], [10, 30, 11, 31], [4, 17, 2, 18], [4, 10, 5, 10], [4, 23, 5, 23], [4, 5, 5, 6], [4, 15, 5, 14], [14, 29, 12, 28], [14, 21, 13, 21], [14, 31, 13, 30], [14, 18, 11, 18], [14, 27, 10, 30], [14, 6, 13, 7], [14, 22, 13, 22], [14, 19, 10, 18], [14, 20, 12, 21], [6, 27, 7, 27], [6, 22, 7, 23], [6, 19, 7, 19], [13, 21, 14, 22], [13, 31, 14, 31], [13, 18, 14, 18], [13, 7, 12, 6], [13, 28, 14, 27], [13, 6, 14, 6], [13, 22, 14, 21], [13, 19, 14, 19], [13, 20, 14, 20], [13, 30, 14, 29], [9, 21, 10, 20], [9, 23, 10, 24], [9, 26, 10, 27], [5, 10, 1, 7], [5, 23, 6, 22], [5, 6, 1, 10], [5, 14, 2, 14]]}
