--------------------------------
--------------------------------
--------------------------------
--------------------------------
---------------XXX--------------
--------------------------------
---------------XXX--------------
--------------------------------
---------------XXX-----------Q--
--------------------------X-----
---------------XXX--XQQX--------
-----------XX-------------------
----<>----XXX-------------------
----[]---XXXX-----X--XQQX-------
-{--[]--XXXXX-----------------}-
XXXXXXXXXXXXXXXX-----------XXXXX
META {"type": "solver", "id": "pysat-rc2", "objective": 0}
META {"type": "geom", "shape": "path", "group": "path", "data": [[14, 1, 10, 5], [10, 5, 11, 6], [11, 6, 12, 7], [12, 7, 13, 7], [13, 7, 14, 7], [14, 7, 10, 11], [10, 11, 6, 14], [6, 14, 7, 15], [7, 15, 7, 16], [7, 16, 7, 17], [7, 17, 7, 18], [7, 18, 8, 19], [8, 19, 9, 20], [9, 20, 9, 21], [9, 21, 5, 25], [5, 25, 6, 24], [6, 24, 7, 24], [7, 24, 8, 24], [8, 24, 9, 23], [9, 23, 5, 27], [5, 27, 6, 26], [6, 26, 7, 26], [7, 26, 8, 26], [8, 26, 4, 29], [4, 29, 5, 30], [5, 30, 6, 29], [6, 29, 7, 29], [7, 29, 3, 26], [3, 26, 4, 25], [4, 25, 5, 24], [5, 24, 6, 23], [6, 23, 7, 22], [7, 22, 8, 23], [8, 23, 9, 22], [9, 22, 5, 26], [5, 26, 6, 27], [6, 27, 7, 27], [7, 27, 8, 28], [8, 28, 9, 28], [9, 28, 10, 28], [10, 28, 11, 29], [11, 29, 12, 28], [12, 28, 13, 28], [13, 28, 14, 28], [14, 28, 11, 30], [11, 30, 12, 29], [12, 29, 13, 30], [13, 30, 14, 30]]}
META {"type": "geom", "shape": "tile", "group": "path", "data": [[14, 1], [13, 1], [13, 2], [12, 2], [12, 3], [11, 3], [11, 4], [10, 4], [10, 5], [11, 5], [11, 6], [12, 6], [12, 7], [13, 7], [14, 7], [13, 7], [13, 8], [12, 8], [12, 9], [11, 9], [11, 10], [10, 10], [10, 11], [9, 11], [9, 12], [8, 12], [8, 13], [7, 13], [7, 14], [6, 14], [7, 14], [7, 15], [7, 16], [7, 17], [7, 18], [8, 18], [8, 19], [9, 19], [9, 20], [9, 21], [8, 21], [8, 22], [7, 22], [7, 23], [6, 23], [6, 24], [5, 24], [5, 25], [6, 25], [6, 24], [7, 24], [8, 24], [9, 24], [9, 23], [8, 23], [8, 24], [7, 24], [7, 25], [6, 25], [6, 26], [5, 26], [5, 27], [6, 27], [6, 26], [7, 26], [8, 26], [7, 26], [7, 27], [6, 27], [6, 28], [5, 28], [5, 29], [4, 29], [5, 29], [5, 30], [6, 30], [6, 29], [7, 29], [6, 29], [6, 28], [5, 28], [5, 27], [4, 27], [4, 26], [3, 26], [4, 26], [4, 25], [5, 25], [5, 24], [6, 24], [6, 23], [7, 23], [7, 22], [8, 22], [8, 23], [9, 23], [9, 22], [8, 22], [8, 23], [7, 23], [7, 24], [6, 24], [6, 25], [5, 25], [5, 26], [6, 26], [6, 27], [7, 27], [8, 27], [8, 28], [9, 28], [10, 28], [11, 28], [11, 29], [12, 29], [12, 28], [13, 28], [14, 28], [13, 28], [13, 29], [12, 29], [12, 30], [11, 30], [12, 30], [12, 29], [13, 29], [13, 30], [14, 30]]}
META {"type": "geom", "shape": "line", "group": "offpath", "data": [[9, 17, 9, 16], [9, 12, 10, 13], [9, 5, 10, 6], [9, 8, 10, 9], [9, 9, 10, 10], [9, 16, 9, 17], [14, 2, 11, 0], [14, 3, 13, 3], [14, 15, 10, 19], [14, 14, 13, 14], [14, 13, 10, 12], [14, 6, 12, 6], [14, 31, 10, 30], [11, 14, 12, 15], [11, 5, 11, 4], [11, 22, 12, 22], [11, 8, 12, 9], [11, 19, 12, 18], [11, 31, 12, 31], [11, 4, 7, 5], [11, 9, 12, 8], [11, 18, 12, 17], [11, 0, 12, 1], [11, 10, 8, 10], [2, 17, 3, 17], [2, 15, 3, 16], [2, 14, 3, 15], [7, 5, 8, 4], [7, 10, 8, 9], [3, 17, 0, 14], [3, 15, 1, 13], [3, 16, 2, 17], [10, 12, 6, 9], [10, 13, 11, 14], [10, 6, 11, 5], [10, 8, 11, 9], [10, 19, 11, 18], [10, 30, 11, 31], [10, 9, 11, 8], [10, 10, 11, 10], [0, 14, 1, 14], [12, 17, 13, 16], [12, 15, 13, 15], [12, 6, 13, 6], [12, 22, 11, 22], [12, 8, 13, 8], [12, 31, 13, 31], [12, 1, 13, 2], [12, 9, 8, 12], [12, 18, 11, 19], [8, 12, 9, 12], [8, 4, 9, 5], [8, 9, 9, 8], [8, 10, 9, 9], [6, 9, 7, 10], [1, 14, 2, 15], [1, 13, 2, 14], [5, 17, 5, 16], [5, 16, 5, 17], [13, 2, 14, 3], [13, 3, 14, 2], [13, 15, 14, 14], [13, 14, 14, 13], [13, 6, 14, 6], [13, 8, 10, 8], [13, 31, 14, 31], [13, 16, 14, 15]]}
