--------------------------------
--------------------------------
--------------------------------
--------------------------------
--------------------------------
--------------------------------
--------------------------------
--------------------------------
-----XX--XXX-------X------------
--------------------------------
--------------------------------
-------XX----Q--<>---XQXQQXQX---
------XXX-------[]--------------
-----XXXX-------[]--------------
-{--XXXXX-------[]------------}-
XXXXXXXXXXXXXXXXXXXXXX---XXXXXXX
META {"type": "solver", "id": "pysat-rc2-boolonly", "objective": 0}
META {"type": "geom", "shape": "path", "group": "path", "data": [[14, 1, 11, 3], [11, 3, 12, 4], [12, 4, 13, 4], [13, 4, 10, 7], [10, 7, 6, 6], [6, 6, 7, 6], [7, 6, 4, 9], [4, 9, 5, 10], [5, 10, 6, 11], [6, 11, 7, 10], [7, 10, 7, 11], [7, 11, 3, 15], [3, 15, 4, 16], [4, 16, 5, 17], [5, 17, 6, 18], [6, 18, 7, 19], [7, 19, 3, 19], [3, 19, 4, 20], [4, 20, 5, 21], [5, 21, 6, 22], [6, 22, 7, 23], [7, 23, 8, 24], [8, 24, 9, 25], [9, 25, 10, 24], [10, 24, 10, 25], [10, 25, 7, 27], [7, 27, 8, 28], [8, 28, 9, 29], [9, 29, 10, 30], [10, 30, 11, 31], [11, 31, 12, 30], [12, 30, 13, 31], [13, 31, 14, 30]]}
META {"type": "geom", "shape": "tile", "group": "path", "data": [[14, 1], [13, 1], [13, 2], [12, 2], [12, 3], [11, 3], [12, 3], [12, 4], [13, 4], [12, 4], [12, 5], [11, 5], [11, 6], [10, 6], [10, 7], [9, 7], [8, 7], [7, 7], [6, 7], [6, 6], [7, 6], [6, 6], [6, 7], [5, 7], [5, 8], [4, 8], [4, 9], [5, 9], [5, 10], [6, 10], [6, 11], [7, 11], [7, 10], [7, 11], [6, 11], [6, 12], [5, 12], [5, 13], [4, 13], [4, 14], [3, 14], [3, 15], [4, 15], [4, 16], [5, 16], [5, 17], [6, 17], [6, 18], [7, 18], [7, 19], [6, 19], [5, 19], [4, 19], [3, 19], [4, 19], [4, 20], [5, 20], [5, 21], [6, 21], [6, 22], [7, 22], [7, 23], [8, 23], [8, 24], [9, 24], [9, 25], [10, 25], [10, 24], [10, 25], [9, 25], [9, 26], [8, 26], [8, 27], [7, 27], [8, 27], [8, 28], [9, 28], [9, 29], [10, 29], [10, 30], [11, 30], [11, 31], [12, 31], [12, 30], [13, 30], [13, 31], [14, 31], [14, 30]]}
META {"type": "geom", "shape": "line", "group": "offpath", "data": [[10, 23, 10, 22], [10, 28, 10, 27], [10, 27, 10, 28], [10, 22, 10, 23], [13, 18, 14, 18], [13, 9, 14, 9], [13, 13, 14, 12], [13, 12, 14, 13], [13, 19, 14, 19], [13, 15, 14, 15], [12, 18, 13, 18], [12, 11, 13, 12], [12, 20, 13, 19], [12, 14, 13, 15], [12, 10, 13, 9], [12, 12, 13, 13], [14, 18, 12, 18], [14, 9, 12, 10], [14, 20, 12, 20], [14, 14, 12, 12], [14, 13, 12, 11], [14, 12, 12, 14], [14, 19, 14, 20], [14, 15, 14, 14]]}
