--------------------------------
--------------------------------
------------------------Q-------
--------------------------------
--------------------------------
--XQXQQX--XXXX--------XQX---XX--
-----------------XXX------------
--------------------------------
--------------X-------X---------
--------X----XX--XX-------------
------------XXX-----------------
-----------XXXX-----------------
----------XXXXX------X--<>------
---------XXXXXX-----XX--[]------
-{------XXXXXXX----XXX--[]----}-
XXXXXXXXXXXXXXXXXXXXXXXXXXXXXXXX
META {"type": "solver", "id": "clingo-be", "objective": 0}
META {"type": "geom", "shape": "path", "group": "path", "data": [[14, 1, 10, 1], [10, 1, 11, 2], [11, 2, 12, 3], [12, 3, 13, 4], [13, 4, 14, 4], [14, 4, 10, 7], [10, 7, 11, 8], [11, 8, 12, 7], [12, 7, 13, 7], [13, 7, 14, 6], [14, 6, 12, 8], [12, 8, 13, 8], [13, 8, 9, 11], [9, 11, 10, 11], [10, 11, 6, 8], [6, 8, 7, 7], [7, 7, 8, 8], [8, 8, 4, 7], [4, 7, 0, 10], [0, 10, 1, 11], [1, 11, 2, 11], [2, 11, 3, 12], [3, 12, 4, 12], [4, 12, 0, 16], [0, 16, 1, 17], [1, 17, 2, 18], [2, 18, 3, 19], [3, 19, 4, 18], [4, 18, 5, 19], [5, 19, 1, 22], [1, 22, 2, 23], [2, 23, 3, 23], [3, 23, 4, 24], [4, 24, 1, 21], [1, 21, 2, 22], [2, 22, 3, 22], [3, 22, 4, 23], [4, 23, 0, 24], [0, 24, 1, 24], [1, 24, 0, 25], [0, 25, 1, 25], [1, 25, 2, 26], [2, 26, 3, 27], [3, 27, 4, 28], [4, 28, 1, 30], [1, 30, 2, 31], [2, 31, 3, 31], [3, 31, 4, 30], [4, 30, 5, 31], [5, 31, 6, 31], [6, 31, 7, 30], [7, 30, 8, 30], [8, 30, 9, 30], [9, 30, 10, 29], [10, 29, 11, 30], [11, 30, 12, 31], [12, 31, 13, 31], [13, 31, 14, 31], [14, 31, 11, 28], [11, 28, 12, 28], [12, 28, 13, 27], [13, 27, 14, 26], [14, 26, 10, 26], [10, 26, 11, 26], [11, 26, 12, 26], [12, 26, 13, 26], [13, 26, 14, 27], [14, 27, 10, 30], [10, 30, 11, 31], [11, 31, 12, 30], [12, 30, 13, 30], [13, 30, 14, 29], [14, 29, 12, 29], [12, 29, 13, 29], [13, 29, 14, 30]]}
META {"type": "geom", "shape": "tile", "group": "path", "data": [[14, 1], [13, 1], [12, 1], [11, 1], [10, 1], [11, 1], [11, 2], [12, 2], [12, 3], [13, 3], [13, 4], [14, 4], [13, 4], [13, 5], [12, 5], [12, 6], [11, 6], [11, 7], [10, 7], [11, 7], [11, 8], [12, 8], [12, 7], [13, 7], [14, 7], [14, 6], [13, 6], [13, 7], [12, 7], [12, 8], [13, 8], [12, 8], [12, 9], [11, 9], [11, 10], [10, 10], [10, 11], [9, 11], [10, 11], [9, 11], [9, 10], [8, 10], [8, 9], [7, 9], [7, 8], [6, 8], [7, 8], [7, 7], [8, 7], [8, 8], [7, 8], [6, 8], [5, 8], [4, 8], [4, 7], [3, 7], [3, 8], [2, 8], [2, 9], [1, 9], [1, 10], [0, 10], [1, 10], [1, 11], [2, 11], [3, 11], [3, 12], [4, 12], [3, 12], [3, 13], [2, 13], [2, 14], [1, 14], [1, 15], [0, 15], [0, 16], [1, 16], [1, 17], [2, 17], [2, 18], [3, 18], [3, 19], [4, 19], [4, 18], [5, 18], [5, 19], [4, 19], [4, 20], [3, 20], [3, 21], [2, 21], [2, 22], [1, 22], [2, 22], [2, 23], [3, 23], [4, 23], [4, 24], [3, 24], [3, 23], [2, 23], [2, 22], [1, 22], [1, 21], [2, 21], [2, 22], [3, 22], [4, 22], [4, 23], [3, 23], [2, 23], [1, 23], [0, 23], [0, 24], [1, 24], [0, 24], [0, 25], [1, 25], [2, 25], [2, 26], [3, 26], [3, 27], [4, 27], [4, 28], [3, 28], [3, 29], [2, 29], [2, 30], [1, 30], [2, 30], [2, 31], [3, 31], [4, 31], [4, 30], [5, 30], [5, 31], [6, 31], [7, 31], [7, 30], [8, 30], [9, 30], [10, 30], [10, 29], [11, 29], [11, 30], [12, 30], [12, 31], [13, 31], [14, 31], [13, 31], [13, 30], [12, 30], [12, 29], [11, 29], [11, 28], [12, 28], [13, 28], [13, 27], [14, 27], [14, 26], [13, 26], [12, 26], [11, 26], [10, 26], [11, 26], [12, 26], [13, 26], [14, 26], [14, 27], [13, 27], [13, 28], [12, 28], [12, 29], [11, 29], [11, 30], [10, 30], [11, 30], [11, 31], [12, 31], [12, 30], [13, 30], [14, 30], [14, 29], [13, 29], [12, 29], [13, 29], [14, 29], [14, 30]]}
META {"type": "geom", "shape": "line", "group": "offpath", "data": [[1, 12, 2, 13], [1, 14, 2, 15], [1, 9, 2, 8], [1, 8, 2, 7], [1, 4, 2, 4], [1, 2, 2, 3], [1, 7, 2, 6], [1, 20, 2, 21], [1, 27, 2, 28], [1, 13, 2, 12], [14, 23, 10, 23], [14, 2, 12, 4], [14, 28, 10, 24], [14, 15, 11, 17], [14, 7, 11, 9], [14, 5, 10, 6], [14, 17, 14, 16], [14, 16, 11, 16], [14, 0, 10, 0], [14, 3, 12, 1], [14, 18, 14, 17], [3, 14, 4, 13], [3, 4, 4, 3], [3, 21, 4, 21], [3, 28, 4, 29], [3, 7, 4, 6], [3, 5, 4, 4], [3, 6, 4, 5], [3, 11, 4, 11], [3, 13, 4, 14], [3, 3, 4, 2], [13, 22, 14, 23], [13, 2, 14, 2], [13, 28, 14, 28], [13, 5, 14, 5], [13, 6, 14, 7], [13, 16, 14, 15], [13, 19, 10, 21], [13, 1, 14, 0], [13, 3, 14, 3], [13, 18, 14, 18], [7, 14, 4, 16], [7, 23, 8, 23], [7, 28, 8, 28], [7, 20, 8, 19], [7, 13, 8, 13], [7, 18, 8, 18], [5, 15, 6, 14], [5, 20, 6, 20], [5, 17, 1, 20], [5, 18, 1, 14], [11, 25, 7, 28], [11, 22, 12, 23], [11, 9, 12, 9], [11, 21, 7, 18], [11, 20, 12, 20], [11, 6, 12, 5], [11, 17, 12, 18], [11, 16, 12, 16], [11, 27, 12, 27], [11, 24, 7, 23], [11, 10, 10, 9], [11, 0, 12, 0], [11, 3, 12, 2], [11, 18, 12, 19], [10, 23, 11, 24], [10, 22, 11, 21], [10, 9, 11, 10], [10, 4, 11, 3], [10, 21, 11, 22], [10, 28, 11, 27], [10, 20, 11, 20], [10, 6, 11, 6], [10, 19, 11, 18], [10, 24, 11, 25], [10, 0, 11, 0], [9, 22, 10, 22], [9, 29, 10, 28], [9, 21, 10, 20], [9, 5, 10, 4], [9, 19, 10, 19], [4, 14, 5, 15], [4, 29, 0, 26], [4, 4, 0, 8], [4, 2, 1, 4], [4, 21, 5, 20], [4, 5, 1, 7], [4, 6, 0, 7], [4, 17, 5, 18], [4, 16, 5, 17], [4, 11, 0, 11], [4, 13, 0, 14], [4, 3, 0, 2], [0, 14, 1, 13], [0, 8, 1, 9], [0, 2, 1, 2], [0, 7, 1, 8], [0, 11, 1, 12], [0, 26, 1, 27], [2, 12, 3, 11], [2, 8, 3, 7], [2, 4, 3, 3], [2, 21, 3, 21], [2, 28, 3, 28], [2, 15, 3, 14], [2, 7, 3, 6], [2, 6, 3, 5], [2, 13, 3, 13], [2, 3, 3, 4], [6, 14, 7, 13], [6, 15, 7, 14], [6, 20, 7, 20], [12, 23, 13, 22], [12, 9, 8, 6], [12, 4, 13, 5], [12, 2, 13, 3], [12, 20, 8, 21], [12, 5, 13, 6], [12, 16, 13, 16], [12, 19, 13, 19], [12, 27, 13, 28], [12, 0, 13, 1], [12, 1, 13, 2], [12, 18, 13, 18], [8, 23, 9, 22], [8, 21, 9, 21], [8, 28, 9, 29], [8, 6, 9, 5], [8, 17, 6, 15], [8, 19, 9, 19], [8, 13, 4, 17], [8, 18, 8, 17]]}
