--------------------------------
--------------------------------
------------X-------------------
---------------X----------------
------------------X---------XX--
----XQQXQQX---------------------
--------------------------------
--------------------------------
-----------X--------------------
--------------------------------
------------------------X-------
----X---------Q----XX-----------
------------------XXX-----------
----------<>-----XXXX-----------
-{--------[]----XXXXX---------}-
XXXXXX--XXXXXXXXXXXXXXXXXXXXXXXX
META {"type": "solver", "id": "pysat-rc2", "objective": 0}
META {"type": "geom", "shape": "path", "group": "path", "data": [[14, 1, 14, 2], [14, 2, 14, 3], [14, 3, 14, 4], [14, 4, 14, 5], [14, 5, 10, 9], [10, 9, 11, 10], [11, 10, 12, 11], [12, 11, 12, 12], [12, 12, 13, 13], [13, 13, 14, 14], [14, 14, 14, 15], [14, 15, 10, 19], [10, 19, 10, 20], [10, 20, 10, 21], [10, 21, 11, 22], [11, 22, 12, 23], [12, 23, 13, 24], [13, 24, 14, 25], [14, 25, 14, 26], [14, 26, 14, 27], [14, 27, 14, 28], [14, 28, 14, 29], [14, 29, 14, 30]]}
