--------------------------------
--------------------------------
--------------------------------
------Q-------------------------
--------------XQQX---Q----------
--------------------------------
---XX---------------------------
--------X-----------------------
------------------XXXX----------
--X--X--------<>---------X------
--------------[]--------XX------
----------X---[]-------XXX------
----X----XX---[]------XXXX------
--------XXX---[]-----XXXXX------
-{-----XXXX---[]----XXXXXX----}-
XXXXXXXXXXXXXXXXXXXXXXXXXXXXXXXX
META {"type": "solver", "id": "pysat-rc2", "objective": 0}
META {"type": "geom", "shape": "path", "group": "path", "data": [[14, 1, 14, 2], [14, 2, 14, 3], [14, 3, 14, 4], [14, 4, 14, 5], [14, 5, 14, 6], [14, 6, 11, 9], [11, 9, 7, 13], [7, 13, 8, 14], [8, 14, 8, 15], [8, 15, 6, 17], [6, 17, 7, 18], [7, 18, 7, 19], [7, 19, 7, 20], [7, 20, 7, 21], [7, 21, 7, 22], [7, 22, 8, 23], [8, 23, 9, 24], [9, 24, 8, 25], [8, 25, 8, 26], [8, 26, 9, 26], [9, 26, 10, 26], [10, 26, 11, 27], [11, 27, 12, 28], [12, 28, 13, 29], [13, 29, 14, 30]]}
