XXXXXXXXXXXXXXXX
XXXXXXXX------1X
X0---XX--X---XXX
XXX--XX-X----XXX
XXX------XXX---X
X---X--------X-X
XX--X-X--------X
XX--X-X----X---X
X-XX--X----X---X
X-XX-X-XX--X--XX
XXXXXXXXXXX--XXX
XXXXXXXXXXXXXXXX
XXX----XXXXXXXXX
XXX-XXX-XX---XXX
X2------XX----3X
XXXXXXXXXXXXXXXX
META {"type": "solver", "id": "pysat-rc2", "objective": 0}
META {"type": "geom", "shape": "path", "group": "path", "data": [[2, 1, 2, 2], [2, 2, 2, 3], [2, 3, 2, 4], [2, 4, 3, 4], [3, 4, 4, 4], [4, 4, 4, 5], [4, 5, 4, 6], [4, 6, 4, 7], [4, 7, 3, 7], [3, 7, 2, 7], [2, 7, 2, 8], [2, 8, 1, 8], [1, 8, 1, 9], [1, 9, 1, 10], [1, 10, 1, 11], [1, 11, 2, 11], [2, 11, 2, 12], [2, 12, 1, 12], [1, 12, 1, 13], [1, 13, 1, 14]]}
META {"type": "geom", "shape": "tile", "group": "path", "data": [[2, 1], [2, 2], [2, 3], [2, 4], [3, 4], [4, 4], [4, 5], [4, 6], [4, 7], [3, 7], [2, 7], [2, 8], [1, 8], [1, 9], [1, 10], [1, 11], [2, 11], [2, 12], [1, 12], [1, 13], [1, 14]]}
META {"type": "geom", "shape": "line", "group": "offpath", "data": [[4, 3, 5, 3], [4, 14, 5, 14], [5, 3, 4, 3], [5, 14, 4, 14], [5, 12, 6, 12], [5, 5, 5, 6], [5, 6, 5, 5], [5, 10, 5, 11], [5, 11, 5, 12], [5, 8, 5, 7], [5, 7, 5, 8], [3, 12, 3, 11], [3, 11, 3, 12], [14, 12, 14, 11], [14, 11, 13, 11], [8, 14, 8, 13], [8, 12, 9, 12], [8, 9, 9, 9], [8, 10, 8, 9], [8, 13, 8, 14], [7, 14, 7, 13], [7, 9, 7, 8], [7, 8, 7, 9], [7, 13, 6, 13], [9, 12, 8, 12], [9, 9, 9, 10], [9, 10, 8, 10], [13, 12, 14, 12], [13, 11, 13, 12], [6, 14, 7, 14], [6, 12, 6, 11], [6, 10, 5, 10], [6, 11, 6, 10], [6, 13, 6, 14]]}
