XXXXXXXXXXXXXXXX
X0---X-------1XX
XXXX---XXXXXXXXX
XXXXXXXXXXXXXXXX
XXXXXXXXXXXXXXXX
X-XX--------XX-X
X-XX-XXX-------X
X-XX-------X---X
XX---------X---X
XX-----X---X--XX
X--X---X---X--XX
X---XX-X----XX-X
XXX-XX-----XXXXX
XXX--------XXXXX
X2-------XX---3X
XXXXXXXXXXXXXXXX
META {"type": "solver", "id": "pysat-rc2", "objective": 0}
META {"type": "geom", "shape": "path", "group": "path", "data": [[1, 1, 1, 2], [1, 2, 1, 3], [1, 3, 1, 4], [1, 4, 2, 4], [2, 4, 2, 5], [2, 5, 2, 6], [2, 6, 1, 6], [1, 6, 1, 7], [1, 7, 1, 8], [1, 8, 1, 9], [1, 9, 1, 10], [1, 10, 1, 11], [1, 11, 1, 12], [1, 12, 1, 13]]}
META {"type": "geom", "shape": "tile", "group": "path", "data": [[1, 1], [1, 2], [1, 3], [1, 4], [2, 4], [2, 5], [2, 6], [1, 6], [1, 7], [1, 8], [1, 9], [1, 10], [1, 11], [1, 12], [1, 13]]}
META {"type": "geom", "shape": "line", "group": "offpath", "data": [[12, 7, 13, 7], [12, 6, 12, 7], [12, 8, 13, 8], [12, 10, 11, 10], [12, 3, 13, 3], [11, 9, 10, 9], [11, 8, 12, 8], [11, 10, 11, 9], [14, 5, 14, 6], [14, 4, 14, 3], [14, 6, 14, 5], [14, 3, 14, 4], [10, 4, 9, 4], [10, 6, 9, 6], [10, 9, 10, 8], [10, 8, 11, 8], [7, 5, 7, 4], [7, 4, 7, 5], [7, 7, 7, 6], [7, 6, 8, 6], [7, 9, 6, 9], [7, 10, 7, 9], [7, 14, 8, 14], [8, 13, 9, 13], [8, 5, 8, 4], [8, 4, 8, 5], [8, 7, 7, 7], [8, 6, 8, 7], [8, 9, 8, 8], [8, 8, 9, 8], [8, 10, 8, 9], [8, 14, 7, 14], [5, 9, 5, 10], [5, 8, 5, 9], [5, 10, 5, 11], [5, 14, 6, 14], [5, 11, 6, 11], [13, 5, 13, 4], [13, 4, 13, 5], [13, 7, 13, 6], [13, 6, 12, 6], [13, 9, 13, 10], [13, 8, 13, 9], [13, 10, 12, 10], [13, 3, 12, 3], [9, 13, 8, 13], [9, 4, 10, 4], [9, 6, 10, 6], [9, 9, 9, 10], [9, 8, 9, 9], [9, 10, 8, 10], [6, 9, 6, 8], [6, 8, 5, 8], [6, 10, 7, 10], [6, 14, 5, 14], [6, 11, 6, 10]]}
