XXXXXXXXXXXXXXXX
X0-----XXX-XXXXX
XXXXXXX---X-1XXX
XXXXXXX--X-XXXXX
X---XXX----XXXXX
X-XX------X----X
XXXXX-----X-X-XX
XXXXX-----X-X-XX
X-XX-XX-----X--X
X-XX-XX-XX----XX
X-------XX-X--XX
XXX-----XX-X--XX
XXX--------X-XXX
XXX---XXX----XXX
X2------------3X
XXXXXXXXXXXXXXXX
META {"type": "solver", "id": "pysat-rc2", "objective": 0}
META {"type": "geom", "shape": "path", "group": "path", "data": [[14, 1, 14, 2], [14, 2, 14, 3], [14, 3, 13, 3], [13, 3, 12, 3], [12, 3, 12, 4], [12, 4, 12, 5], [12, 5, 11, 5], [11, 5, 10, 5], [10, 5, 10, 6], [10, 6, 10, 7], [10, 7, 9, 7], [9, 7, 8, 7], [8, 7, 8, 8], [8, 8, 7, 8], [7, 8, 7, 7], [7, 7, 6, 7], [6, 7, 6, 8], [6, 8, 6, 9], [6, 9, 7, 9], [7, 9, 8, 9], [8, 9, 8, 10], [8, 10, 9, 10], [9, 10, 9, 11], [9, 11, 9, 12], [9, 12, 10, 12], [10, 12, 11, 12], [11, 12, 12, 12], [12, 12, 13, 12], [13, 12, 14, 12], [14, 12, 14, 13], [14, 13, 14, 14]]}
META {"type": "geom", "shape": "tile", "group": "path", "data": [[14, 1], [14, 2], [14, 3], [13, 3], [12, 3], [12, 4], [12, 5], [11, 5], [10, 5], [10, 6], [10, 7], [9, 7], [8, 7], [8, 8], [7, 8], [7, 7], [6, 7], [6, 8], [6, 9], [7, 9], [8, 9], [8, 10], [9, 10], [9, 11], [9, 12], [10, 12], [11, 12], [12, 12], [13, 12], [14, 12], [14, 13], [14, 14]]}
META {"type": "geom", "shape": "line", "group": "offpath", "data": [[11, 6, 12, 6], [4, 7, 5, 7], [5, 7, 4, 7], [9, 1, 10, 1], [12, 6, 11, 6], [12, 7, 12, 8], [12, 8, 12, 7], [12, 9, 13, 9], [13, 4, 13, 5], [13, 11, 14, 11], [13, 5, 13, 4], [13, 9, 12, 9], [14, 7, 14, 8], [14, 10, 14, 9], [14, 11, 13, 11], [14, 8, 14, 7], [14, 9, 14, 10], [10, 1, 9, 1]]}
