XXXXXXXXXXXXXXXX
X0-X--XX--XXX-1X
XXX--X----XXXXXX
XXX--X-X--XXXXXX
X--X-X-X--XXXXXX
XX-X-X-X-XXXXX-X
X--X----XXXXX--X
XX------XXXXX--X
X-X--XXX-------X
XX--XXXXX-X-XX-X
X--XXXXXX-X-XX-X
X--XXXX---X---XX
XXX-----X--X-XXX
XXX-XXX------XXX
X2--------XX--3X
XXXXXXXXXXXXXXXX
META {"type": "solver", "id": "clingo-be", "objective": 0}
META {"type": "geom", "shape": "path", "group": "path", "data": [[14, 1, 14, 2], [14, 2, 14, 3], [14, 3, 14, 4], [14, 4, 14, 5], [14, 5, 14, 6], [14, 6, 14, 7], [14, 7, 14, 8], [14, 8, 14, 9], [14, 9, 13, 9], [13, 9, 13, 10], [13, 10, 13, 11], [13, 11, 13, 12], [13, 12, 14, 12], [14, 12, 14, 13], [14, 13, 14, 14]]}
META {"type": "geom", "shape": "tile", "group": "path", "data": [[14, 1], [14, 2], [14, 3], [14, 4], [14, 5], [14, 6], [14, 7], [14, 8], [14, 9], [13, 9], [13, 10], [13, 11], [13, 12], [14, 12], [14, 13], [14, 14]]}
META {"type": "geom", "shape": "line", "group": "offpath", "data": [[1, 9, 2, 9], [1, 8, 1, 9], [6, 13, 7, 13], [6, 6, 7, 6], [6, 4, 6, 5], [6, 7, 6, 6], [6, 5, 6, 4], [6, 14, 6, 13], [13, 7, 12, 7], [2, 9, 2, 8], [2, 8, 1, 8], [7, 3, 7, 2], [7, 13, 8, 13], [7, 6, 7, 7], [7, 4, 7, 5], [7, 2, 7, 3], [7, 7, 6, 7], [7, 5, 7, 4], [7, 14, 6, 14], [12, 7, 13, 7], [3, 3, 3, 4], [3, 6, 4, 6], [3, 4, 3, 3], [8, 3, 9, 3], [8, 13, 8, 14], [8, 9, 8, 10], [8, 14, 7, 14], [8, 10, 8, 9], [9, 3, 8, 3], [9, 2, 10, 2], [9, 14, 10, 14], [10, 1, 11, 1], [10, 2, 9, 2], [10, 14, 9, 14], [11, 1, 10, 1], [5, 4, 4, 4], [4, 6, 3, 6], [4, 9, 4, 8], [4, 4, 5, 4], [4, 8, 4, 9]]}
