XXXXXXXXXXXXXXXX
----------------
----------XXXXXX
--XX------XXXXXX
--XX-XX---------
-----XX----}----
----------XXXXXX
----------XXXXXX
----XXXX--------
-XX-XXXX--------
-XX--------XXXXX
-XX--------XXXXX
XXXXX-XX--------
XXXXX-XX-XX-----
---------XX-----
-------XX----XX-
-------XX----XX-
-------XX-------
-------XX--{----
XXXXXXXXXXXXXXXX
META {"type": "solver", "id": "pysat-rc2", "objective": 0}
META {"type": "geom", "shape": "path", "group": "path", "data": [[18, 11, 18, 10], [18, 10, 18, 9], [18, 9, 16, 9], [16, 9, 13, 12], [13, 12, 14, 13], [14, 13, 12, 9], [12, 9, 11, 7], [11, 7, 9, 12], [9, 12, 9, 11], [9, 11, 7, 6], [7, 6, 7, 5], [7, 5, 7, 4], [7, 4, 5, 0], [5, 0, 6, 0], [6, 0, 7, 1], [7, 1, 8, 1], [8, 1, 8, 2], [8, 2, 6, 7], [6, 7, 7, 7], [7, 7, 5, 11]]}
META {"type": "geom", "shape": "tile", "group": "path", "data": [[18, 11], [18, 10], [18, 9], [17, 9], [16, 9], [16, 10], [15, 10], [15, 11], [14, 11], [14, 12], [13, 12], [14, 12], [14, 13], [14, 12], [13, 12], [13, 11], [12, 11], [12, 10], [12, 9], [12, 8], [11, 8], [11, 7], [11, 8], [10, 8], [10, 9], [9, 9], [9, 10], [9, 11], [9, 12], [9, 11], [9, 10], [8, 10], [8, 9], [7, 9], [7, 8], [7, 7], [7, 6], [7, 5], [7, 4], [7, 3], [6, 3], [6, 2], [5, 2], [5, 1], [5, 0], [6, 0], [7, 0], [7, 1], [8, 1], [8, 2], [8, 3], [7, 3], [7, 4], [6, 4], [6, 5], [6, 6], [6, 7], [7, 7], [7, 8], [6, 8], [6, 9], [5, 9], [5, 10], [5, 11]]}
META {"type": "geom", "shape": "line", "group": "offpath", "data": [[2, 6, 3, 6], [2, 9, 3, 9], [2, 3, 1, 5], [16, 6, 15, 4], [16, 2, 17, 3], [16, 5, 17, 6], [9, 14, 9, 15], [9, 15, 9, 14], [9, 3, 10, 3], [18, 6, 16, 6], [18, 2, 18, 3], [18, 14, 18, 15], [18, 12, 18, 13], [18, 15, 18, 14], [18, 4, 18, 5], [18, 13, 18, 12], [18, 3, 18, 4], [18, 5, 18, 6], [5, 14, 5, 15], [5, 12, 5, 13], [5, 15, 5, 14], [5, 13, 5, 12], [5, 10, 3, 5], [17, 6, 14, 2], [17, 3, 18, 2], [11, 6, 10, 4], [11, 4, 10, 5], [11, 3, 9, 3], [4, 10, 5, 10], [10, 4, 11, 3], [10, 3, 11, 4], [10, 5, 11, 6], [15, 2, 16, 2], [15, 4, 16, 5], [3, 6, 1, 8], [3, 9, 4, 10], [3, 5, 1, 2], [14, 2, 15, 2], [14, 14, 13, 15], [1, 8, 2, 9], [1, 2, 2, 3], [1, 14, 1, 15], [1, 15, 1, 14], [1, 5, 2, 6], [13, 15, 14, 14]]}
