XXXXXXXXXXXXXXXX
----------------
---------XXXX---
-XXX-----XXXX---
-XXX-XX---------
-----XX----}----
---------XXXXXXX
----XXXX-XXXXXXX
----XXXX--------
XX--------------
XX-XX-----------
---XX---------XX
-XXXXXX-XX----XX
-XXXXXX-XX------
------------XX--
------XX----XX--
------XX--------
------XX--------
------XX-----{--
XXXXXXXXXXXXXXXX
META {"type": "solver", "id": "pysat-rc2-boolonly", "objective": 0}
META {"type": "geom", "shape": "path", "group": "path", "data": [[18, 13, 18, 12], [18, 12, 18, 11], [18, 11, 18, 10], [18, 10, 18, 9], [18, 9, 18, 8], [18, 8, 16, 8], [16, 8, 13, 12], [13, 12, 11, 8], [11, 8, 9, 4], [9, 4, 9, 3], [9, 3, 8, 1], [8, 1, 6, 6], [6, 6, 6, 7], [6, 7, 4, 11], [4, 11, 5, 10], [5, 10, 5, 11]]}
META {"type": "geom", "shape": "tile", "group": "path", "data": [[18, 13], [18, 12], [18, 11], [18, 10], [18, 9], [18, 8], [17, 8], [16, 8], [16, 9], [15, 9], [15, 10], [14, 10], [14, 11], [13, 11], [13, 12], [13, 11], [12, 11], [12, 10], [11, 10], [11, 9], [11, 8], [11, 7], [10, 7], [10, 6], [9, 6], [9, 5], [9, 4], [9, 3], [9, 2], [8, 2], [8, 1], [8, 2], [7, 2], [7, 3], [6, 3], [6, 4], [6, 5], [6, 6], [6, 7], [6, 8], [5, 8], [5, 9], [4, 9], [4, 10], [4, 11], [5, 11], [5, 10], [5, 11]]}
META {"type": "geom", "shape": "line", "group": "offpath", "data": [[3, 5, 1, 2], [3, 7, 4, 8], [3, 6, 1, 9], [2, 8, 3, 7], [2, 3, 1, 5], [2, 4, 3, 5], [2, 1, 2, 2], [2, 2, 2, 1], [10, 7, 11, 6], [16, 4, 17, 4], [9, 8, 10, 7], [1, 8, 2, 8], [1, 9, 1, 8], [1, 2, 2, 3], [1, 5, 2, 4], [1, 10, 1, 11], [1, 11, 1, 10], [17, 4, 18, 5], [5, 14, 5, 13], [5, 9, 3, 6], [5, 13, 5, 14], [15, 5, 16, 4], [18, 3, 18, 4], [18, 4, 18, 3], [18, 1, 18, 2], [18, 2, 18, 1], [18, 5, 15, 5], [6, 4, 6, 5], [6, 5, 6, 4], [11, 6, 9, 8], [4, 8, 5, 9]]}
