XXXXXXXXXXXXXXXX
----------------
-}------------XX
XXXX---XX-----XX
XXXX---XX--XXX--
-------XX--XXX--
-------XX-------
-XXXXXXXXXX-----
-XXXXXXXXXX-----
--------------XX
--------------XX
-XXXXXXXXXXX----
-XXXXXXXXXXX----
--------------XX
--------------XX
--XX-----XX-XX--
--XX-----XX-XX--
--XX------------
--XX---{--------
XXXXXXXXXXXXXXXX
META {"type": "solver", "id": "pysat-rc2", "objective": 0}
META {"type": "geom", "shape": "path", "group": "path", "data": [[18, 7, 18, 6], [18, 6, 18, 5], [18, 5, 18, 4], [18, 4, 16, 4], [16, 4, 13, 8], [13, 8, 14, 9], [14, 9, 14, 10], [14, 10, 12, 15], [12, 15, 12, 14], [12, 14, 10, 9], [10, 9, 10, 10], [10, 10, 10, 11], [10, 11, 8, 15], [8, 15, 8, 14], [8, 14, 6, 9], [6, 9, 3, 9], [3, 9, 4, 9], [4, 9, 3, 11], [3, 11, 1, 6], [1, 6, 2, 5], [2, 5, 3, 6], [3, 6, 4, 5], [4, 5, 5, 6], [5, 6, 3, 4], [3, 4, 4, 4], [4, 4, 5, 4], [5, 4, 6, 5], [6, 5, 6, 6], [6, 6, 4, 6], [4, 6, 1, 2], [1, 2, 2, 2], [2, 2, 2, 1]]}
META {"type": "geom", "shape": "tile", "group": "path", "data": [[18, 7], [18, 6], [18, 5], [18, 4], [17, 4], [16, 4], [16, 5], [15, 5], [15, 6], [14, 6], [14, 7], [13, 7], [13, 8], [14, 8], [14, 9], [14, 10], [14, 11], [13, 11], [13, 12], [12, 12], [12, 13], [12, 14], [12, 15], [12, 14], [12, 13], [11, 13], [11, 12], [10, 12], [10, 11], [10, 10], [10, 9], [10, 10], [10, 11], [10, 12], [9, 12], [9, 13], [8, 13], [8, 14], [8, 15], [8, 14], [8, 13], [7, 13], [7, 12], [6, 12], [6, 11], [6, 10], [6, 9], [5, 9], [4, 9], [3, 9], [4, 9], [4, 10], [3, 10], [3, 11], [3, 10], [2, 10], [2, 9], [1, 9], [1, 8], [1, 7], [1, 6], [2, 6], [2, 5], [3, 5], [3, 6], [4, 6], [4, 5], [5, 5], [5, 6], [5, 5], [4, 5], [4, 4], [3, 4], [4, 4], [5, 4], [6, 4], [6, 5], [6, 6], [5, 6], [4, 6], [4, 5], [3, 5], [3, 4], [2, 4], [2, 3], [1, 3], [1, 2], [2, 2], [2, 1]]}
META {"type": "geom", "shape": "line", "group": "offpath", "data": [[14, 13, 13, 13], [18, 12, 18, 13], [18, 13, 18, 12], [1, 9, 2, 8], [1, 4, 2, 3], [3, 12, 3, 13], [3, 13, 2, 13], [13, 13, 14, 13], [10, 7, 10, 8], [10, 8, 10, 7], [2, 13, 3, 12], [2, 8, 1, 9], [2, 3, 1, 4]]}
