XXXXXXXXXXXXXXXX
----------------
XXX----------XXX
XXX--XX------XXX
-----XX---XX----
-----XX---XX--}-
XXXXXXXXX----XXX
XXXXXXXXX----XXX
-----------XX---
-----------XX---
-----XXX---XX---
-----XXX-XXXXXXX
XX-------XXXXXXX
XX--XX----------
----XX----------
--------XX---XX-
-----XX-XX---XX-
-----XX------XX-
----------{--XX-
XXXXXXXXXXXXXXXX
META {"type": "solver", "id": "pysat-rc2", "objective": 0}
META {"type": "geom", "shape": "path", "group": "path", "data": [[18, 10, 18, 11], [18, 11, 18, 12], [18, 12, 15, 12], [15, 12, 16, 12], [16, 12, 14, 9], [14, 9, 14, 8], [14, 8, 12, 5], [12, 5, 12, 4], [12, 4, 10, 0], [10, 0, 11, 1], [11, 1, 9, 6], [9, 6, 9, 7], [9, 7, 7, 12], [7, 12, 6, 12], [6, 12, 7, 11], [7, 11, 5, 7], [5, 7, 3, 7], [3, 7, 4, 7], [4, 7, 1, 10], [1, 10, 2, 10], [2, 10, 3, 11], [3, 11, 3, 12], [3, 12, 4, 12], [4, 12, 5, 13], [5, 13, 5, 14]]}
META {"type": "geom", "shape": "tile", "group": "path", "data": [[18, 10], [18, 11], [18, 12], [17, 12], [16, 12], [15, 12], [16, 12], [16, 11], [15, 11], [15, 10], [14, 10], [14, 9], [14, 8], [14, 7], [13, 7], [13, 6], [12, 6], [12, 5], [12, 4], [12, 3], [11, 3], [11, 2], [10, 2], [10, 1], [10, 0], [11, 0], [11, 1], [11, 2], [10, 2], [10, 3], [9, 3], [9, 4], [9, 5], [9, 6], [9, 7], [9, 8], [8, 8], [8, 9], [7, 9], [7, 10], [7, 11], [7, 12], [6, 12], [7, 12], [7, 11], [7, 10], [6, 10], [6, 9], [5, 9], [5, 8], [5, 7], [4, 7], [3, 7], [4, 7], [4, 8], [3, 8], [3, 9], [2, 9], [2, 10], [1, 10], [2, 10], [3, 10], [3, 11], [3, 12], [4, 12], [5, 12], [5, 13], [5, 14]]}
META {"type": "geom", "shape": "line", "group": "offpath", "data": [[10, 9, 8, 7], [10, 10, 8, 10], [2, 9, 3, 10], [2, 6, 1, 8], [2, 5, 2, 6], [8, 9, 9, 9], [8, 7, 9, 8], [8, 10, 9, 10], [15, 6, 15, 5], [15, 5, 15, 6], [1, 1, 1, 2], [1, 8, 2, 9], [1, 6, 2, 5], [1, 2, 1, 1], [4, 4, 5, 3], [18, 9, 18, 8], [18, 1, 18, 0], [18, 8, 18, 9], [18, 0, 18, 1], [5, 3, 5, 4], [5, 4, 4, 4], [9, 9, 10, 10], [9, 8, 10, 9], [9, 10, 8, 9], [3, 10, 1, 6], [14, 13, 14, 14], [14, 14, 14, 13]]}
