--------------------------------
--------------------------------
-----------------------------X--
--------------------X-----------
------------------------X-------
----------------XX--------------
---------------------------Q----
----------X---------XX--X-------
--------------------------------
--------------------------------
-----------XQQX-------X---------
-----<>-------------------XX----
-----[]------------------XXX----
-----[]-----Q------XX---XXXX----
-{---[]-----------XXX--XXXXX--}-
XXXXXXXXXX-----XXXXXXXXXXXXXXXXX
META {"type": "solver", "id": "pysat-rc2", "objective": 0}
META {"type": "geom", "shape": "path", "group": "path", "data": [[14, 1, 10, 5], [10, 5, 10, 6], [10, 6, 8, 8], [8, 8, 9, 9], [9, 9, 10, 10], [10, 10, 11, 11], [11, 11, 12, 12], [12, 12, 12, 13], [12, 13, 13, 14], [13, 14, 14, 15], [14, 15, 14, 16], [14, 16, 14, 17], [14, 17, 12, 19], [12, 19, 12, 20], [12, 20, 12, 21], [12, 21, 13, 21], [13, 21, 14, 22], [14, 22, 10, 26], [10, 26, 10, 27], [10, 27, 10, 28], [10, 28, 11, 28], [11, 28, 12, 28], [12, 28, 13, 29], [13, 29, 14, 30]]}
