--------------------------------
--------------------------------
---------X---------Q------------
------------Q--X----------------
--XX----------------------------
-----------------------XX--XXX--
--------------------------------
---------------XX---------------
----Q---------------------------
-------------------<>---Q---X---
-------------------[]-----------
-------------------[]-----------
--------------XX---[]-----------
-------------XXX---[]---XX------
-{----------XXXX---[]--XXX----}-
XXXXXXXXXXXXXXXXXXXXXXXXXXXXXXXX
META {"type": "solver", "id": "pysat-rc2", "objective": 0}
META {"type": "geom", "shape": "path", "group": "path", "data": [[14, 1, 14, 2], [14, 2, 14, 3], [14, 3, 14, 4], [14, 4, 14, 5], [14, 5, 14, 6], [14, 6, 14, 7], [14, 7, 14, 8], [14, 8, 14, 9], [14, 9, 14, 10], [14, 10, 14, 11], [14, 11, 11, 14], [11, 14, 11, 15], [11, 15, 7, 19], [7, 19, 8, 20], [8, 20, 8, 21], [8, 21, 9, 22], [9, 22, 10, 23], [10, 23, 11, 24], [11, 24, 12, 25], [12, 25, 12, 26], [12, 26, 13, 27], [13, 27, 14, 28], [14, 28, 14, 29], [14, 29, 14, 30]]}
