XXXXXXXXXXXXXXXX
XXXXXXXXXXXXXXXX
XXXXXXXXX}XXXXXX
XXXXXXXXX-XXXXXX
XXXXXX----XXXXXX
XXXXXXXXX-XXXXXX
XXXXXXXXX-XXXXXX
XXXXXXXXX-XXXXXX
XXXXX-----XXXXXX
XXXXX-----XXXXXX
XXXXX-------XXXX
XXXXXXXXX---XXXX
XXXXXXXXX##---XX
XXXXXXXXX-----XX
XXXXXXXXXX----XX
XXXXXXXXXX##--XX
XXXXXXXXXX----XX
XXXXXXXXXX----XX
XXXX----------XX
XXXXXXX-------XX
XXXXXXX-XX-#--XX
XXXXXX--XX----XX
XXXXXX-----#--XX
XXXXXXXXX---XXXX
XXXXXXXXX-#--XXX
XXXXXXXX-----XXX
XXXXXXXXXX-XXXXX
XXXXXXXXXX--XXXX
XXXXXXXXXX--XXXX
XXXXXXXX--{-XXXX
XXXXXXXXXXXXXXXX
XXXXXXXXXXXXXXXX
META {"type": "solver", "id": "pysat-rc2-boolonly", "objective": 0}
META {"type": "geom", "shape": "path", "group": "path", "data": [[29, 10, 29, 11], [29, 11, 27, 11], [27, 11, 27, 10], [27, 10, 25, 10], [25, 10, 25, 8], [25, 8, 25, 12], [25, 12, 24, 12], [24, 12, 24, 11], [24, 11, 23, 11], [23, 11, 23, 9], [23, 9, 22, 9], [22, 9, 22, 10], [22, 10, 22, 6], [22, 6, 21, 6], [21, 6, 21, 7], [21, 7, 22, 7], [22, 7, 18, 7], [18, 7, 18, 13], [18, 13, 22, 13], [22, 13, 22, 12], [22, 12, 12, 12], [12, 12, 12, 11], [12, 11, 14, 11], [14, 11, 10, 11], [10, 11, 10, 5], [10, 5, 8, 5], [8, 5, 8, 9], [8, 9, 2, 9]]}
META {"type": "geom", "shape": "tile", "group": "path", "data": [[29, 10], [29, 11], [28, 11], [27, 11], [27, 10], [26, 10], [25, 10], [25, 9], [25, 8], [25, 9], [25, 10], [25, 11], [25, 12], [24, 12], [24, 11], [23, 11], [23, 10], [23, 9], [22, 9], [22, 10], [22, 9], [22, 8], [22, 7], [22, 6], [21, 6], [21, 7], [22, 7], [21, 7], [20, 7], [19, 7], [18, 7], [18, 8], [18, 9], [18, 10], [18, 11], [18, 12], [18, 13], [19, 13], [20, 13], [21, 13], [22, 13], [22, 12], [21, 12], [20, 12], [19, 12], [18, 12], [17, 12], [16, 12], [15, 12], [14, 12], [13, 12], [12, 12], [12, 11], [13, 11], [14, 11], [13, 11], [12, 11], [11, 11], [10, 11], [10, 10], [10, 9], [10, 8], [10, 7], [10, 6], [10, 5], [9, 5], [8, 5], [8, 6], [8, 7], [8, 8], [8, 9], [7, 9], [6, 9], [5, 9], [4, 9], [3, 9], [2, 9]]}
META {"type": "geom", "shape": "line", "group": "offpath", "data": [[9, 5, 9, 9], [9, 9, 9, 5], [8, 6, 10, 6], [8, 7, 10, 7], [8, 8, 10, 8], [11, 10, 10, 10], [20, 13, 20, 12], [20, 12, 20, 13], [10, 10, 11, 10], [10, 6, 8, 6], [10, 7, 8, 7], [10, 8, 8, 8], [15, 13, 15, 12], [15, 12, 15, 13]]}
