--------------------------------
--------------------------------
--------------------------XXX---
-------------X------------------
--------------------Q-----------
---X-------------------XXXXX----
--------------------------------
------X--X----X--Q--------------
--------------------XX-----Q----
--X-----------------------------
--------X-----------------------
-------XX-----------------------
------XXX---X----<>-------------
-----XXXX---XX---[]----XX-------
-{--XXXXX---XXX--[]---XXX-----}-
XXXXXXXXXXXXXXXXXXXXXXXXXXXXXXXX
META {"type": "solver", "id": "pysat-rc2", "objective": 0}
META {"type": "geom", "shape": "path", "group": "path", "data": [[14, 1, 13, 2], [13, 2, 14, 3], [14, 3, 12, 5], [12, 5, 8, 5], [8, 5, 9, 6], [9, 6, 10, 7], [10, 7, 6, 7], [6, 7, 7, 8], [7, 8, 8, 9], [8, 9, 9, 8], [9, 8, 5, 8], [5, 8, 6, 9], [6, 9, 2, 13], [2, 13, 0, 12], [0, 12, 1, 13], [1, 13, 2, 12], [2, 12, 3, 11], [3, 11, 4, 12], [4, 12, 5, 13], [5, 13, 6, 14], [6, 14, 2, 18], [2, 18, 3, 19], [3, 19, 4, 18], [4, 18, 5, 19], [5, 19, 6, 20], [6, 20, 7, 21], [7, 21, 3, 22], [3, 22, 4, 23], [4, 23, 0, 27], [0, 27, 1, 26], [1, 26, 0, 25], [0, 25, 1, 24], [1, 24, 2, 24], [2, 24, 3, 24], [3, 24, 4, 25], [4, 25, 3, 26], [3, 26, 4, 26], [4, 26, 4, 27], [4, 27, 3, 28], [3, 28, 4, 28], [4, 28, 5, 29], [5, 29, 6, 30], [6, 30, 7, 31], [7, 31, 8, 30], [8, 30, 9, 29], [9, 29, 10, 29], [10, 29, 11, 29], [11, 29, 12, 28], [12, 28, 13, 28], [13, 28, 14, 28], [14, 28, 11, 31], [11, 31, 12, 30], [12, 30, 13, 29], [13, 29, 14, 29], [14, 29, 10, 30], [10, 30, 11, 30], [11, 30, 12, 29], [12, 29, 13, 30], [13, 30, 14, 31], [14, 31, 14, 30]]}
META {"type": "geom", "shape": "tile", "group": "path", "data": [[14, 1], [13, 1], [13, 2], [14, 2], [14, 3], [13, 3], [13, 4], [12, 4], [12, 5], [11, 5], [10, 5], [9, 5], [8, 5], [9, 5], [9, 6], [10, 6], [10, 7], [9, 7], [8, 7], [7, 7], [6, 7], [7, 7], [7, 8], [8, 8], [8, 9], [9, 9], [9, 8], [8, 8], [7, 8], [6, 8], [5, 8], [6, 8], [6, 9], [5, 9], [5, 10], [4, 10], [4, 11], [3, 11], [3, 12], [2, 12], [2, 13], [1, 13], [1, 12], [0, 12], [1, 12], [1, 13], [2, 13], [2, 12], [3, 12], [3, 11], [4, 11], [4, 12], [5, 12], [5, 13], [6, 13], [6, 14], [5, 14], [5, 15], [4, 15], [4, 16], [3, 16], [3, 17], [2, 17], [2, 18], [3, 18], [3, 19], [4, 19], [4, 18], [5, 18], [5, 19], [6, 19], [6, 20], [7, 20], [7, 21], [6, 21], [5, 21], [4, 21], [3, 21], [3, 22], [4, 22], [4, 23], [3, 23], [3, 24], [2, 24], [2, 25], [1, 25], [1, 26], [0, 26], [0, 27], [1, 27], [1, 26], [0, 26], [0, 25], [1, 25], [1, 24], [2, 24], [3, 24], [4, 24], [4, 25], [3, 25], [3, 26], [4, 26], [4, 27], [3, 27], [3, 28], [4, 28], [5, 28], [5, 29], [6, 29], [6, 30], [7, 30], [7, 31], [8, 31], [8, 30], [9, 30], [9, 29], [10, 29], [11, 29], [12, 29], [12, 28], [13, 28], [14, 28], [13, 28], [13, 29], [12, 29], [12, 30], [11, 30], [11, 31], [12, 31], [12, 30], [13, 30], [13, 29], [14, 29], [13, 29], [12, 29], [11, 29], [10, 29], [10, 30], [11, 30], [12, 30], [12, 29], [13, 29], [13, 30], [14, 30], [14, 31], [14, 30]]}
META {"type": "geom", "shape": "line", "group": "offpath", "data": [[8, 15, 9, 15], [8, 2, 4, 3], [8, 6, 9, 5], [8, 23, 9, 24], [0, 21, 1, 22], [0, 18, 1, 17], [0, 28, 1, 27], [4, 3, 1, 5], [4, 15, 5, 16], [4, 6, 5, 7], [4, 24, 0, 21], [4, 19, 5, 20], [4, 29, 5, 28], [4, 4, 5, 5], [12, 21, 13, 21], [12, 3, 13, 3], [12, 11, 13, 11], [12, 14, 13, 14], [12, 24, 8, 23], [12, 13, 12, 14], [12, 16, 13, 16], [12, 1, 13, 0], [9, 5, 10, 6], [9, 15, 10, 14], [9, 24, 10, 25], [9, 19, 10, 18], [6, 17, 2, 20], [6, 21, 7, 20], [6, 8, 7, 7], [6, 27, 7, 27], [6, 6, 2, 3], [1, 17, 2, 17], [1, 5, 2, 5], [1, 27, 0, 28], [1, 22, 2, 22], [7, 7, 8, 6], [7, 27, 3, 30], [7, 2, 8, 2], [7, 20, 3, 16], [11, 17, 9, 19], [11, 21, 12, 21], [11, 3, 12, 3], [11, 15, 12, 16], [11, 14, 12, 13], [11, 25, 12, 24], [11, 18, 8, 15], [11, 6, 7, 2], [5, 7, 6, 8], [5, 5, 6, 6], [5, 16, 6, 17], [5, 20, 6, 21], [5, 28, 6, 27], [10, 21, 11, 21], [10, 14, 11, 14], [10, 25, 11, 25], [10, 18, 11, 18], [10, 6, 11, 6], [10, 16, 11, 17], [2, 17, 3, 18], [2, 3, 3, 3], [2, 5, 3, 6], [2, 20, 3, 20], [2, 22, 3, 23], [14, 21, 10, 21], [14, 0, 11, 3], [14, 11, 12, 11], [14, 2, 12, 1], [14, 16, 10, 16], [3, 3, 4, 4], [3, 30, 4, 29], [3, 18, 4, 19], [3, 6, 4, 6], [3, 16, 4, 15], [3, 20, 0, 18], [3, 23, 4, 24], [13, 21, 14, 21], [13, 0, 14, 0], [13, 3, 14, 2], [13, 11, 14, 11], [13, 14, 11, 15], [13, 16, 14, 16]]}
