--------------------------------
--------------------------------
--------------------------------
--------------------------------
---X-----X---XQQX---X-----------
--------------------------------
--------------------------------
----------XXXX------------------
-------Q------------------------
--------------------------------
--------------------------------
--------------------XQXQX-------
------<>--X-----X----------X----
------[]--XX----XX--------------
-{----[]--XXX---XXX-----------}-
XXXXXXXXXXXXXXXXXXXXXXXXXXXXXXXX
META {"type": "solver", "id": "pysat-rc2-boolonly", "objective": 0}
META {"type": "geom", "shape": "path", "group": "path", "data": [[14, 1, 14, 2], [14, 2, 14, 3], [14, 3, 10, 7], [10, 7, 11, 7], [11, 7, 9, 9], [9, 9, 10, 9], [10, 9, 11, 10], [11, 10, 10, 11], [10, 11, 11, 11], [11, 11, 12, 11], [12, 11, 11, 12], [11, 12, 12, 12], [12, 12, 13, 12], [13, 12, 10, 15], [10, 15, 11, 16], [11, 16, 8, 19], [8, 19, 9, 20], [9, 20, 10, 21], [10, 21, 10, 22], [10, 22, 10, 23], [10, 23, 10, 24], [10, 24, 10, 25], [10, 25, 11, 25], [11, 25, 12, 24], [12, 24, 13, 25], [13, 25, 14, 24], [14, 24, 11, 26], [11, 26, 12, 26], [12, 26, 13, 26], [13, 26, 14, 27], [14, 27, 10, 30], [10, 30, 11, 30], [11, 30, 12, 29], [12, 29, 13, 28], [13, 28, 14, 29], [14, 29, 13, 29], [13, 29, 14, 30]]}
META {"type": "geom", "shape": "tile", "group": "path", "data": [[14, 1], [14, 2], [14, 3], [13, 3], [13, 4], [12, 4], [12, 5], [11, 5], [11, 6], [10, 6], [10, 7], [11, 7], [10, 7], [10, 8], [9, 8], [9, 9], [10, 9], [11, 9], [11, 10], [10, 10], [10, 11], [11, 11], [12, 11], [11, 11], [11, 12], [12, 12], [13, 12], [12, 12], [12, 13], [11, 13], [11, 14], [10, 14], [10, 15], [11, 15], [11, 16], [10, 16], [10, 17], [9, 17], [9, 18], [8, 18], [8, 19], [9, 19], [9, 20], [10, 20], [10, 21], [10, 22], [10, 23], [10, 24], [10, 25], [11, 25], [12, 25], [12, 24], [13, 24], [13, 25], [14, 25], [14, 24], [13, 24], [13, 25], [12, 25], [12, 26], [11, 26], [12, 26], [13, 26], [14, 26], [14, 27], [13, 27], [13, 28], [12, 28], [12, 29], [11, 29], [11, 30], [10, 30], [11, 30], [12, 30], [12, 29], [13, 29], [13, 28], [14, 28], [14, 29], [13, 29], [14, 29], [14, 30]]}
META {"type": "geom", "shape": "line", "group": "offpath", "data": [[10, 17, 11, 17], [12, 17, 10, 17], [12, 19, 13, 20], [11, 17, 12, 17], [11, 18, 12, 19], [6, 12, 6, 11], [6, 11, 6, 12], [14, 26, 14, 25], [14, 21, 11, 18], [14, 28, 13, 27], [14, 23, 13, 24], [14, 25, 14, 26], [14, 22, 13, 23], [13, 20, 14, 21], [13, 23, 14, 22], [13, 24, 14, 23], [13, 27, 14, 28]]}
