--------------------------------
--------------------------------
--------------------------------
---------XXXXX------------------
--------------------------------
--------------------------------
------XXXXX---------------------
--------------------------------
------XXXXX---------------------
----------------XQX-------------
--------------------------------
---------<>---------------------
----X----[]---Q--X----<>--Q-----
----XX---[]------XX---[]--------
-{--XXX--[]------XXX--[]------}-
XXXXXXXXXXXXXXXXXXXXXXXXXXXXXXXX
META {"type": "solver", "id": "pysat-rc2", "objective": 0}
META {"type": "geom", "shape": "path", "group": "path", "data": [[14, 1, 10, 4], [10, 4, 11, 4], [11, 4, 11, 5], [11, 5, 12, 5], [12, 5, 9, 8], [9, 8, 10, 9], [10, 9, 10, 10], [10, 10, 8, 12], [8, 12, 9, 13], [9, 13, 10, 14], [10, 14, 11, 14], [11, 14, 7, 15], [7, 15, 8, 16], [8, 16, 4, 16], [4, 16, 5, 15], [5, 15, 6, 16], [6, 16, 7, 17], [7, 17, 8, 18], [8, 18, 4, 22], [4, 22, 5, 23], [5, 23, 6, 24], [6, 24, 7, 23], [7, 23, 8, 24], [8, 24, 9, 25], [9, 25, 10, 25], [10, 25, 11, 26], [11, 26, 7, 25], [7, 25, 8, 26], [8, 26, 9, 26], [9, 26, 10, 27], [10, 27, 11, 27], [11, 27, 12, 27], [12, 27, 13, 26], [13, 26, 14, 27], [14, 27, 11, 30], [11, 30, 12, 30], [12, 30, 13, 30], [13, 30, 14, 31], [14, 31, 14, 30]]}
META {"type": "geom", "shape": "tile", "group": "path", "data": [[14, 1], [13, 1], [13, 2], [12, 2], [12, 3], [11, 3], [11, 4], [10, 4], [11, 4], [11, 5], [12, 5], [11, 5], [11, 6], [10, 6], [10, 7], [9, 7], [9, 8], [10, 8], [10, 9], [10, 10], [9, 10], [9, 11], [8, 11], [8, 12], [9, 12], [9, 13], [10, 13], [10, 14], [11, 14], [10, 14], [9, 14], [8, 14], [7, 14], [7, 15], [8, 15], [8, 16], [7, 16], [6, 16], [5, 16], [4, 16], [5, 16], [5, 15], [6, 15], [6, 16], [7, 16], [7, 17], [8, 17], [8, 18], [7, 18], [7, 19], [6, 19], [6, 20], [5, 20], [5, 21], [4, 21], [4, 22], [5, 22], [5, 23], [6, 23], [6, 24], [7, 24], [7, 23], [8, 23], [8, 24], [9, 24], [9, 25], [10, 25], [11, 25], [11, 26], [10, 26], [9, 26], [8, 26], [7, 26], [7, 25], [8, 25], [8, 26], [9, 26], [10, 26], [10, 27], [11, 27], [12, 27], [13, 27], [13, 26], [14, 26], [14, 27], [13, 27], [13, 28], [12, 28], [12, 29], [11, 29], [11, 30], [12, 30], [13, 30], [14, 30], [14, 31], [14, 30]]}
META {"type": "geom", "shape": "line", "group": "offpath", "data": [[2, 12, 0, 13], [2, 13, 2, 12], [2, 8, 3, 7], [14, 15, 14, 16], [14, 25, 10, 26], [14, 28, 13, 28], [14, 24, 13, 25], [14, 29, 11, 29], [14, 16, 14, 15], [14, 26, 14, 25], [14, 2, 10, 1], [14, 11, 13, 11], [14, 3, 12, 2], [14, 21, 10, 21], [14, 20, 12, 18], [1, 14, 2, 13], [1, 9, 2, 8], [4, 18, 5, 18], [4, 7, 5, 6], [4, 8, 5, 8], [12, 18, 8, 22], [12, 25, 13, 24], [12, 28, 13, 29], [12, 1, 13, 2], [12, 2, 13, 3], [12, 19, 13, 20], [12, 21, 13, 21], [12, 20, 13, 19], [8, 22, 9, 22], [8, 17, 4, 18], [8, 20, 9, 20], [7, 18, 8, 17], [11, 25, 12, 25], [11, 0, 12, 1], [11, 23, 8, 20], [11, 29, 12, 28], [11, 17, 10, 16], [11, 21, 12, 21], [11, 20, 12, 20], [10, 23, 11, 23], [10, 1, 11, 0], [10, 16, 11, 17], [10, 26, 11, 25], [10, 19, 11, 20], [10, 21, 11, 21], [13, 25, 14, 26], [13, 28, 14, 29], [13, 24, 14, 24], [13, 29, 14, 28], [13, 2, 14, 3], [13, 19, 12, 19], [13, 11, 14, 11], [13, 3, 14, 2], [13, 21, 14, 21], [13, 20, 14, 20], [3, 7, 4, 7], [3, 8, 4, 8], [6, 17, 7, 18], [9, 22, 10, 23], [9, 20, 10, 19], [5, 18, 6, 17], [5, 6, 3, 8], [5, 8, 1, 9], [0, 13, 1, 14]]}
