--------------------------------
--------------------------------
--------------------------------
----------------------------Q---
---------------X-------XXX------
--XQX---X-----------X-----------
--------------------------------
----------------Q---------------
-------X------------------------
-----------------------XX-------
-------------XXXX---Q-----------
-----------------------------Q--
-----<>--X-------------X--------
-----[]--XX-----XX-----XX-------
-{---[]--XXX---XXX-----XXX----}-
XXXXXXXXXXXXXXXXXXXXXXXXXXXXXXXX
META {"type": "solver", "id": "pysat-rc2", "objective": 0}
META {"type": "geom", "shape": "path", "group": "path", "data": [[14, 1, 12, 3], [12, 3, 13, 2], [13, 2, 14, 2], [14, 2, 10, 5], [10, 5, 11, 6], [11, 6, 11, 7], [11, 7, 12, 8], [12, 8, 13, 8], [13, 8, 14, 7], [14, 7, 10, 6], [10, 6, 11, 5], [11, 5, 9, 7], [9, 7, 10, 8], [10, 8, 11, 9], [11, 9, 11, 10], [11, 10, 12, 10], [12, 10, 10, 12], [10, 12, 11, 12], [11, 12, 12, 11], [12, 11, 13, 11], [13, 11, 11, 11], [11, 11, 12, 12], [12, 12, 13, 12], [13, 12, 14, 12], [14, 12, 12, 13], [12, 13, 13, 13], [13, 13, 14, 14], [14, 14, 11, 16], [11, 16, 12, 16], [12, 16, 8, 20], [8, 20, 9, 20], [9, 20, 5, 17], [5, 17, 6, 16], [6, 16, 2, 20], [2, 20, 3, 21], [3, 21, 4, 20], [4, 20, 1, 22], [1, 22, 2, 23], [2, 23, 3, 24], [3, 24, 3, 23], [3, 23, 0, 25], [0, 25, 1, 25], [1, 25, 2, 25], [2, 25, 3, 25], [3, 25, 0, 28], [0, 28, 1, 28], [1, 28, 2, 28], [2, 28, 1, 29], [1, 29, 2, 30], [2, 30, 3, 30], [3, 30, 4, 30], [4, 30, 5, 30], [5, 30, 6, 31], [6, 31, 7, 30], [7, 30, 8, 29], [8, 29, 9, 28], [9, 28, 10, 29], [10, 29, 6, 29], [6, 29, 7, 28], [7, 28, 8, 27], [8, 27, 9, 26], [9, 26, 10, 25], [10, 25, 11, 24], [11, 24, 12, 24], [12, 24, 10, 24], [10, 24, 11, 25], [11, 25, 12, 25], [12, 25, 13, 25], [13, 25, 13, 26], [13, 26, 14, 26], [14, 26, 14, 27], [14, 27, 11, 27], [11, 27, 12, 28], [12, 28, 13, 29], [13, 29, 14, 30]]}
META {"type": "geom", "shape": "tile", "group": "path", "data": [[14, 1], [13, 1], [13, 2], [12, 2], [12, 3], [13, 3], [13, 2], [14, 2], [13, 2], [13, 3], [12, 3], [12, 4], [11, 4], [11, 5], [10, 5], [11, 5], [11, 6], [11, 7], [12, 7], [12, 8], [13, 8], [14, 8], [14, 7], [13, 7], [12, 7], [11, 7], [10, 7], [10, 6], [11, 6], [11, 5], [10, 5], [10, 6], [9, 6], [9, 7], [10, 7], [10, 8], [11, 8], [11, 9], [11, 10], [12, 10], [11, 10], [11, 11], [10, 11], [10, 12], [11, 12], [12, 12], [12, 11], [13, 11], [12, 11], [11, 11], [12, 11], [12, 12], [13, 12], [14, 12], [13, 12], [13, 13], [12, 13], [13, 13], [14, 13], [14, 14], [13, 14], [13, 15], [12, 15], [12, 16], [11, 16], [12, 16], [11, 16], [11, 17], [10, 17], [10, 18], [9, 18], [9, 19], [8, 19], [8, 20], [9, 20], [8, 20], [8, 19], [7, 19], [7, 18], [6, 18], [6, 17], [5, 17], [6, 17], [6, 16], [5, 16], [5, 17], [4, 17], [4, 18], [3, 18], [3, 19], [2, 19], [2, 20], [3, 20], [3, 21], [4, 21], [4, 20], [3, 20], [3, 21], [2, 21], [2, 22], [1, 22], [2, 22], [2, 23], [3, 23], [3, 24], [3, 23], [2, 23], [2, 24], [1, 24], [1, 25], [0, 25], [1, 25], [2, 25], [3, 25], [2, 25], [2, 26], [1, 26], [1, 27], [0, 27], [0, 28], [1, 28], [2, 28], [1, 28], [1, 29], [2, 29], [2, 30], [3, 30], [4, 30], [5, 30], [6, 30], [6, 31], [7, 31], [7, 30], [8, 30], [8, 29], [9, 29], [9, 28], [10, 28], [10, 29], [9, 29], [8, 29], [7, 29], [6, 29], [7, 29], [7, 28], [8, 28], [8, 27], [9, 27], [9, 26], [10, 26], [10, 25], [11, 25], [11, 24], [12, 24], [11, 24], [10, 24], [11, 24], [11, 25], [12, 25], [13, 25], [13, 26], [14, 26], [14, 27], [13, 27], [12, 27], [11, 27], [12, 27], [12, 28], [13, 28], [13, 29], [14, 29], [14, 30]]}
META {"type": "geom", "shape": "line", "group": "offpath", "data": [[3, 11, 4, 10], [3, 7, 4, 8], [3, 2, 4, 3], [3, 15, 1, 13], [3, 1, 4, 2], [7, 23, 8, 24], [7, 7, 4, 4], [8, 24, 8, 23], [8, 23, 5, 25], [13, 22, 14, 21], [13, 27, 14, 28], [13, 31, 14, 31], [13, 3, 14, 3], [13, 15, 12, 14], [13, 0, 14, 0], [13, 18, 14, 18], [11, 26, 12, 26], [11, 2, 12, 2], [11, 30, 12, 31], [11, 0, 12, 0], [11, 21, 12, 22], [11, 18, 12, 18], [1, 12, 2, 11], [1, 1, 2, 2], [1, 13, 2, 14], [1, 5, 2, 6], [0, 11, 1, 12], [0, 4, 1, 5], [0, 1, 1, 1], [10, 22, 11, 21], [10, 30, 11, 30], [2, 11, 3, 11], [2, 14, 3, 15], [2, 2, 3, 2], [2, 6, 3, 7], [2, 0, 3, 1], [4, 8, 0, 11], [4, 10, 5, 9], [4, 2, 2, 0], [4, 3, 0, 4], [4, 4, 0, 1], [14, 31, 10, 30], [14, 19, 14, 20], [14, 3, 11, 0], [14, 29, 11, 26], [14, 28, 14, 29], [14, 0, 11, 2], [14, 20, 11, 18], [14, 21, 10, 22], [14, 18, 14, 19], [5, 25, 6, 24], [5, 9, 6, 8], [6, 24, 7, 23], [6, 8, 7, 7], [12, 22, 13, 22], [12, 14, 13, 15], [12, 31, 13, 31], [12, 26, 13, 27], [12, 2, 13, 3], [12, 0, 13, 0], [12, 18, 13, 18]]}
