--------------------------------
--------------------------------
------Q-------------------------
--------------------------------
--Q------Q--X-------------------
--------------------------------
-----XX-------------------------
----------X---------------------
-----XX-------------------------
--------------------------------
-------------X-----XX---X---XX--
------------XX--X---------------
----<>-----XXX------------------
----[]----XXXX-----XX-----------
-{--[]---XXXXX----XXX---------}-
XXXXXXXXXXXXXXXXXXXXXXXXXXXXXXXX
META {"type": "solver", "id": "pysat-rc2", "objective": 0}
META {"type": "geom", "shape": "path", "group": "path", "data": [[14, 1, 13, 1], [13, 1, 14, 0], [14, 0, 10, 4], [10, 4, 11, 5], [11, 5, 11, 6], [11, 6, 12, 7], [12, 7, 13, 6], [13, 6, 14, 7], [14, 7, 14, 8], [14, 8, 10, 8], [10, 8, 11, 8], [11, 8, 12, 9], [12, 9, 13, 9], [13, 9, 12, 10], [12, 10, 8, 11], [8, 11, 9, 11], [9, 11, 10, 10], [10, 10, 11, 11], [11, 11, 8, 13], [8, 13, 9, 12], [9, 12, 10, 12], [10, 12, 6, 11], [6, 11, 7, 11], [7, 11, 8, 12], [8, 12, 9, 13], [9, 13, 5, 9], [5, 9, 6, 10], [6, 10, 2, 11], [2, 11, 3, 12], [3, 12, 1, 12], [1, 12, 2, 13], [2, 13, 3, 14], [3, 14, 4, 15], [4, 15, 5, 16], [5, 16, 6, 17], [6, 17, 7, 18], [7, 18, 8, 19], [8, 19, 9, 20], [9, 20, 5, 17], [5, 17, 6, 18], [6, 18, 7, 17], [7, 17, 8, 16], [8, 16, 9, 17], [9, 17, 10, 18], [10, 18, 11, 18], [11, 18, 12, 19], [12, 19, 12, 20], [12, 20, 9, 22], [9, 22, 10, 22], [10, 22, 11, 22], [11, 22, 12, 21], [12, 21, 13, 22], [13, 22, 14, 23], [14, 23, 10, 26], [10, 26, 11, 27], [11, 27, 12, 27], [12, 27, 13, 26], [13, 26, 14, 26], [14, 26, 10, 25], [10, 25, 11, 26], [11, 26, 12, 26], [12, 26, 13, 27], [13, 27, 14, 28], [14, 28, 12, 28], [12, 28, 13, 28], [13, 28, 14, 29], [14, 29, 12, 30], [12, 30, 13, 30], [13, 30, 14, 30]]}
META {"type": "geom", "shape": "tile", "group": "path", "data": [[14, 1], [13, 1], [14, 1], [14, 0], [13, 0], [13, 1], [12, 1], [12, 2], [11, 2], [11, 3], [10, 3], [10, 4], [11, 4], [11, 5], [11, 6], [12, 6], [12, 7], [13, 7], [13, 6], [14, 6], [14, 7], [14, 8], [13, 8], [12, 8], [11, 8], [10, 8], [11, 8], [12, 8], [12, 9], [13, 9], [12, 9], [12, 10], [11, 10], [10, 10], [9, 10], [8, 10], [8, 11], [9, 11], [10, 11], [10, 10], [11, 10], [11, 11], [10, 11], [10, 12], [9, 12], [9, 13], [8, 13], [9, 13], [9, 12], [10, 12], [9, 12], [8, 12], [7, 12], [6, 12], [6, 11], [7, 11], [8, 11], [8, 12], [9, 12], [9, 13], [8, 13], [8, 12], [7, 12], [7, 11], [6, 11], [6, 10], [5, 10], [5, 9], [6, 9], [6, 10], [5, 10], [4, 10], [3, 10], [2, 10], [2, 11], [3, 11], [3, 12], [2, 12], [1, 12], [2, 12], [2, 13], [3, 13], [3, 14], [4, 14], [4, 15], [5, 15], [5, 16], [6, 16], [6, 17], [7, 17], [7, 18], [8, 18], [8, 19], [9, 19], [9, 20], [8, 20], [8, 19], [7, 19], [7, 18], [6, 18], [6, 17], [5, 17], [6, 17], [6, 18], [7, 18], [7, 17], [8, 17], [8, 16], [9, 16], [9, 17], [10, 17], [10, 18], [11, 18], [12, 18], [12, 19], [12, 20], [11, 20], [11, 21], [10, 21], [10, 22], [9, 22], [10, 22], [11, 22], [12, 22], [12, 21], [13, 21], [13, 22], [14, 22], [14, 23], [13, 23], [13, 24], [12, 24], [12, 25], [11, 25], [11, 26], [10, 26], [11, 26], [11, 27], [12, 27], [13, 27], [13, 26], [14, 26], [13, 26], [12, 26], [11, 26], [10, 26], [10, 25], [11, 25], [11, 26], [12, 26], [13, 26], [13, 27], [14, 27], [14, 28], [13, 28], [12, 28], [13, 28], [14, 28], [14, 29], [13, 29], [13, 30], [12, 30], [13, 30], [14, 30]]}
META {"type": "geom", "shape": "line", "group": "offpath", "data": [[3, 2, 0, 5], [3, 7, 4, 6], [3, 6, 4, 5], [3, 9, 0, 9], [5, 6, 2, 3], [5, 28, 6, 27], [5, 25, 6, 24], [5, 5, 1, 4], [7, 19, 8, 18], [7, 23, 8, 24], [7, 26, 8, 27], [13, 2, 14, 2], [13, 15, 14, 16], [13, 3, 14, 3], [13, 14, 14, 14], [13, 18, 9, 19], [13, 31, 14, 31], [13, 25, 14, 24], [13, 23, 14, 22], [8, 2, 9, 2], [8, 27, 9, 28], [8, 29, 9, 29], [8, 18, 9, 18], [8, 24, 9, 24], [0, 7, 1, 8], [0, 5, 1, 6], [0, 9, 1, 9], [11, 17, 12, 18], [11, 3, 12, 2], [11, 31, 12, 31], [11, 4, 8, 2], [14, 2, 13, 2], [14, 3, 10, 3], [14, 14, 13, 14], [14, 16, 13, 15], [14, 22, 13, 23], [14, 24, 13, 25], [14, 31, 11, 31], [6, 19, 7, 19], [6, 27, 7, 26], [6, 24, 7, 23], [1, 6, 0, 7], [1, 8, 2, 8], [1, 9, 2, 10], [1, 4, 2, 5], [4, 6, 5, 5], [4, 5, 5, 6], [9, 19, 6, 19], [9, 2, 10, 2], [9, 16, 10, 16], [9, 29, 5, 28], [9, 18, 10, 17], [9, 28, 8, 29], [9, 24, 5, 25], [2, 3, 3, 2], [2, 8, 3, 7], [2, 5, 3, 6], [2, 10, 3, 9], [10, 2, 11, 3], [10, 17, 11, 17], [10, 3, 11, 4], [10, 16, 9, 16], [12, 2, 13, 3], [12, 18, 13, 18], [12, 31, 13, 31]]}
