XXXXXXXXXXXXXXXX
X0----------1XXX
XXXXXXXXXXXXXXXX
XXXXXXXXXXXXXXXX
X-------XXXXXXXX
XX--XXXX-XXXX-XX
XX------X-XX-X-X
X--X----X-XX--XX
XX--X---X-XX--XX
XX--X-----XX---X
X---X-XXX-----XX
X-----XXX-XXX-XX
XXX------X---XXX
XXX----------XXX
X2------XX----3X
XXXXXXXXXXXXXXXX
META {"type": "solver", "id": "pysat-rc2", "objective": 0}
META {"type": "geom", "shape": "path", "group": "path", "data": [[1, 1, 1, 2], [1, 2, 1, 3], [1, 3, 1, 4], [1, 4, 1, 5], [1, 5, 1, 6], [1, 6, 1, 7], [1, 7, 1, 8], [1, 8, 1, 9], [1, 9, 1, 10], [1, 10, 1, 11], [1, 11, 1, 12]]}
META {"type": "geom", "shape": "tile", "group": "path", "data": [[1, 1], [1, 2], [1, 3], [1, 4], [1, 5], [1, 6], [1, 7], [1, 8], [1, 9], [1, 10], [1, 11], [1, 12]]}
META {"type": "geom", "shape": "line", "group": "offpath", "data": [[6, 2, 6, 3], [6, 7, 7, 7], [6, 3, 6, 2], [6, 6, 6, 7], [6, 5, 6, 4], [6, 4, 6, 5], [12, 12, 13, 12], [12, 6, 13, 6], [12, 5, 13, 5], [12, 4, 11, 4], [4, 2, 4, 1], [4, 1, 4, 2], [14, 12, 14, 13], [14, 7, 14, 6], [14, 3, 13, 3], [14, 10, 14, 11], [14, 6, 14, 7], [14, 13, 14, 12], [14, 5, 14, 4], [14, 4, 14, 5], [14, 11, 13, 11], [11, 2, 11, 3], [11, 3, 11, 2], [11, 4, 12, 4], [11, 1, 10, 1], [11, 9, 10, 9], [10, 12, 9, 12], [10, 3, 9, 3], [10, 13, 10, 12], [10, 5, 9, 5], [10, 1, 11, 1], [10, 9, 11, 9], [8, 2, 9, 2], [8, 7, 9, 7], [8, 6, 8, 7], [8, 5, 7, 5], [9, 12, 9, 13], [9, 2, 8, 2], [9, 7, 9, 6], [9, 3, 10, 3], [9, 6, 8, 6], [9, 13, 10, 13], [9, 5, 10, 5], [9, 9, 9, 8], [9, 8, 9, 9], [7, 7, 7, 6], [7, 6, 6, 6], [7, 5, 8, 5], [5, 2, 5, 3], [5, 3, 5, 2], [13, 12, 12, 12], [13, 3, 14, 3], [13, 10, 14, 10], [13, 6, 12, 6], [13, 5, 12, 5], [13, 11, 13, 10]]}
META {"type": "geom", "shape": "path", "group": "path", "data": [[14, 1, 14, 2], [14, 2, 14, 3], [14, 3, 14, 4], [14, 4, 14, 5], [14, 5, 14, 6], [14, 6, 14, 7], [14, 7, 13, 7], [13, 7, 13, 8], [13, 8, 13, 9], [13, 9, 13, 10], [13, 10, 13, 11], [13, 11, 13, 12], [13, 12, 14, 12], [14, 12, 14, 13], [14, 13, 14, 14]]}
META {"type": "geom", "shape": "tile", "group": "path", "data": [[14, 1], [14, 2], [14, 3], [14, 4], [14, 5], [14, 6], [14, 7], [13, 7], [13, 8], [13, 9], [13, 10], [13, 11], [13, 12], [14, 12], [14, 13], [14, 14]]}
META {"type": "geom", "shape": "line", "group": "offpath", "data": [[6, 12, 7, 12], [12, 3, 11, 3], [12, 5, 11, 5], [12, 4, 12, 5], [14, 10, 14, 11], [14, 11, 14, 10], [11, 2, 11, 1], [11, 3, 12, 3], [11, 5, 11, 4], [11, 4, 12, 4], [11, 1, 11, 2], [11, 9, 10, 9], [10, 12, 10, 11], [10, 2, 10, 3], [10, 3, 9, 3], [10, 13, 9, 13], [10, 11, 10, 12], [10, 9, 11, 9], [8, 12, 8, 13], [8, 13, 8, 12], [9, 2, 10, 2], [9, 3, 9, 2], [9, 13, 10, 13], [7, 12, 6, 12], [13, 3, 13, 4], [13, 6, 13, 5], [13, 5, 13, 6], [13, 4, 13, 3]]}
