XXXXXXXXXXXXXXXX
XXX-X-X-------1X
XXX----X-----XXX
X0-----------XXX
XXX-XXX----X--XX
XXXX---XX----XXX
XXXX---XX--X-XXX
X----------X-XXX
X-XX-------X--XX
X-XX----XXX---XX
X-XX----XXX--X-X
X-XX-XXX---XX--X
XXXXX-----XXXXXX
XXXXX--XX-XXXXXX
X2-----XX-----3X
XXXXXXXXXXXXXXXX
META {"type": "solver", "id": "pysat-rc2-boolonly", "objective": 0}
META {"type": "geom", "shape": "path", "group": "path", "data": [[3, 1, 3, 2], [3, 2, 3, 3], [3, 3, 3, 4], [3, 4, 2, 4], [2, 4, 2, 5], [2, 5, 2, 6], [2, 6, 3, 6], [3, 6, 3, 7], [3, 7, 4, 7], [4, 7, 4, 8], [4, 8, 3, 8], [3, 8, 2, 8], [2, 8, 1, 8], [1, 8, 1, 9], [1, 9, 1, 10], [1, 10, 1, 11], [1, 11, 1, 12], [1, 12, 1, 13], [1, 13, 1, 14]]}
META {"type": "geom", "shape": "tile", "group": "path", "data": [[3, 1], [3, 2], [3, 3], [3, 4], [2, 4], [2, 5], [2, 6], [3, 6], [3, 7], [4, 7], [4, 8], [3, 8], [2, 8], [1, 8], [1, 9], [1, 10], [1, 11], [1, 12], [1, 13], [1, 14]]}
META {"type": "geom", "shape": "line", "group": "offpath", "data": [[1, 3, 2, 3], [5, 10, 5, 9], [5, 12, 5, 11], [5, 11, 5, 12], [5, 9, 4, 9], [2, 3, 1, 3], [2, 10, 2, 11], [2, 12, 3, 12], [2, 11, 3, 11], [2, 9, 2, 10], [4, 10, 5, 10], [4, 9, 3, 9], [3, 10, 4, 10], [3, 12, 2, 12], [3, 11, 3, 10], [3, 9, 2, 9]]}
META {"type": "geom", "shape": "path", "group": "path", "data": [[14, 1, 14, 2], [14, 2, 14, 3], [14, 3, 14, 4], [14, 4, 14, 5], [14, 5, 14, 6], [14, 6, 13, 6], [13, 6, 12, 6], [12, 6, 12, 7], [12, 7, 12, 8], [12, 8, 11, 8], [11, 8, 11, 9], [11, 9, 12, 9], [12, 9, 13, 9], [13, 9, 14, 9], [14, 9, 14, 10], [14, 10, 14, 11], [14, 11, 14, 12], [14, 12, 14, 13], [14, 13, 14, 14]]}
META {"type": "geom", "shape": "tile", "group": "path", "data": [[14, 1], [14, 2], [14, 3], [14, 4], [14, 5], [14, 6], [13, 6], [12, 6], [12, 7], [12, 8], [11, 8], [11, 9], [12, 9], [13, 9], [14, 9], [14, 10], [14, 11], [14, 12], [14, 13], [14, 14]]}
META {"type": "geom", "shape": "line", "group": "offpath", "data": [[6, 6, 7, 6], [1, 8, 1, 9], [1, 9, 1, 8], [9, 5, 9, 6], [9, 1, 8, 1], [9, 6, 9, 5], [8, 5, 7, 5], [8, 4, 7, 4], [8, 1, 9, 1], [8, 8, 7, 8], [7, 5, 8, 5], [7, 4, 8, 4], [7, 2, 7, 1], [7, 1, 7, 2], [7, 6, 6, 6], [7, 8, 8, 8], [4, 12, 3, 12], [3, 12, 4, 12]]}
