XXXXXXXXXXXXXXXX
X0----X-XX-X--1X
XXXXX--------XXX
XXXXX---X----XXX
X--------------X
X------XXXXXXXXX
X------XXXXXXXXX
XXXXXXX----XXXXX
XXXXXXX-XXX-XX-X
XXXXXXX-----XX-X
XXXXXX-XX-X-XX-X
X--XX-XXXX-X--XX
XXX--XXXXX-X-XXX
XXX--XXXX--X-XXX
X2------------3X
XXXXXXXXXXXXXXXX
META {"type": "solver", "id": "pysat-rc2-boolonly", "objective": 0}
META {"type": "geom", "shape": "path", "group": "path", "data": [[1, 1, 1, 2], [1, 2, 1, 3], [1, 3, 1, 4], [1, 4, 1, 5], [1, 5, 2, 5], [2, 5, 2, 6], [2, 6, 3, 6], [3, 6, 4, 6], [4, 6, 4, 7], [4, 7, 3, 7], [3, 7, 2, 7], [2, 7, 2, 8], [2, 8, 2, 9], [2, 9, 3, 9], [3, 9, 3, 10], [3, 10, 4, 10], [4, 10, 4, 11], [4, 11, 3, 11], [3, 11, 3, 12], [3, 12, 2, 12], [2, 12, 1, 12], [1, 12, 1, 13], [1, 13, 1, 14]]}
META {"type": "geom", "shape": "tile", "group": "path", "data": [[1, 1], [1, 2], [1, 3], [1, 4], [1, 5], [2, 5], [2, 6], [3, 6], [4, 6], [4, 7], [3, 7], [2, 7], [2, 8], [2, 9], [3, 9], [3, 10], [4, 10], [4, 11], [3, 11], [3, 12], [2, 12], [1, 12], [1, 13], [1, 14]]}
META {"type": "geom", "shape": "line", "group": "offpath", "data": [[9, 11, 8, 11], [6, 2, 5, 2], [4, 5, 4, 4], [4, 4, 4, 5], [8, 11, 9, 11], [5, 2, 6, 2]]}
META {"type": "geom", "shape": "path", "group": "path", "data": [[14, 1, 14, 2], [14, 2, 14, 3], [14, 3, 14, 4], [14, 4, 14, 5], [14, 5, 14, 6], [14, 6, 14, 7], [14, 7, 14, 8], [14, 8, 14, 9], [14, 9, 14, 10], [14, 10, 14, 11], [14, 11, 14, 12], [14, 12, 14, 13], [14, 13, 14, 14]]}
META {"type": "geom", "shape": "tile", "group": "path", "data": [[14, 1], [14, 2], [14, 3], [14, 4], [14, 5], [14, 6], [14, 7], [14, 8], [14, 9], [14, 10], [14, 11], [14, 12], [14, 13], [14, 14]]}
META {"type": "geom", "shape": "line", "group": "offpath", "data": [[12, 12, 11, 12], [12, 10, 13, 10], [11, 12, 12, 12], [13, 10, 12, 10]]}
