XXXXXXXXXXXXXXXX
XXXXXXXXXXXXXXXX
XXXX}XXX----XXXX
XXXX-XXX-XX--XXX
XXX--XXX-XX--XXX
XX---XXX--X---XX
XX##-------#--XX
XX--X---XX----XX
XX-XX-#-XXX--XXX
XX--X---XXX-XXXX
XX---#------XXXX
XXX-------X--XXX
XXX-#----XXX-XXX
XXX----X-XXX--XX
XX----XX------XX
XXXX---X---X--XX
XXXXXX--#-XX--XX
XXXXXX-----X--XX
XXXX---X----#-XX
XXXX--XXX-#---XX
XXX---XXX-----XX
XXX--------XX-XX
XX-------X--X-XX
XX--XX---XX---XX
XXX--XXX--X--XXX
XXXX-XXXX--XXXXX
XXXX--XXX---XXXX
XXX-#-XXX-#-XXXX
XXX---XXX---XXXX
XX-{-X---X--XXXX
XXXXXXXXXXXXXXXX
XXXXXXXXXXXXXXXX
META {"type": "solver", "id": "pysat-rc2", "objective": 0}
META {"type": "geom", "shape": "path", "group": "path", "data": [[29, 3, 29, 2], [29, 2, 29, 4], [29, 4, 28, 4], [28, 4, 28, 3], [28, 3, 28, 5], [28, 5, 26, 5], [26, 5, 26, 4], [26, 4, 24, 4], [24, 4, 24, 3], [24, 3, 20, 3], [20, 3, 20, 5], [20, 5, 18, 5], [18, 5, 18, 6], [18, 6, 18, 4], [18, 4, 22, 4], [22, 4, 22, 8], [22, 8, 21, 8], [21, 8, 21, 10], [21, 10, 22, 10], [22, 10, 22, 11], [22, 11, 24, 11], [24, 11, 24, 12], [24, 12, 23, 12], [23, 12, 23, 11], [23, 11, 23, 13], [23, 13, 13, 13], [13, 13, 13, 12], [13, 12, 17, 12], [17, 12, 11, 12], [11, 12, 11, 11], [11, 11, 7, 11], [7, 11, 7, 10], [7, 10, 6, 10], [6, 10, 6, 4], [6, 4, 2, 4]]}
META {"type": "geom", "shape": "tile", "group": "path", "data": [[29, 3], [29, 2], [29, 3], [29, 4], [28, 4], [28, 3], [28, 4], [28, 5], [27, 5], [26, 5], [26, 4], [25, 4], [24, 4], [24, 3], [23, 3], [22, 3], [21, 3], [20, 3], [20, 4], [20, 5], [19, 5], [18, 5], [18, 6], [18, 5], [18, 4], [19, 4], [20, 4], [21, 4], [22, 4], [22, 5], [22, 6], [22, 7], [22, 8], [21, 8], [21, 9], [21, 10], [22, 10], [22, 11], [23, 11], [24, 11], [24, 12], [23, 12], [23, 11], [23, 12], [23, 13], [22, 13], [21, 13], [20, 13], [19, 13], [18, 13], [17, 13], [16, 13], [15, 13], [14, 13], [13, 13], [13, 12], [14, 12], [15, 12], [16, 12], [17, 12], [16, 12], [15, 12], [14, 12], [13, 12], [12, 12], [11, 12], [11, 11], [10, 11], [9, 11], [8, 11], [7, 11], [7, 10], [6, 10], [6, 9], [6, 8], [6, 7], [6, 6], [6, 5], [6, 4], [5, 4], [4, 4], [3, 4], [2, 4]]}
META {"type": "geom", "shape": "line", "group": "offpath", "data": [[23, 2, 22, 2], [15, 12, 15, 13], [15, 13, 15, 12], [4, 12, 4, 11], [4, 11, 4, 12], [4, 4, 4, 3], [4, 3, 4, 4], [19, 12, 20, 12], [19, 5, 19, 4], [19, 11, 19, 13], [19, 4, 19, 5], [19, 13, 19, 11], [5, 9, 6, 9], [5, 13, 7, 13], [28, 9, 28, 11], [28, 10, 28, 9], [28, 11, 29, 11], [11, 9, 10, 9], [11, 4, 10, 4], [17, 6, 17, 10], [17, 8, 17, 6], [17, 7, 16, 7], [17, 10, 18, 10], [6, 9, 5, 9], [3, 12, 3, 11], [3, 11, 3, 12], [18, 8, 17, 8], [18, 10, 18, 8], [7, 2, 7, 3], [7, 3, 7, 2], [7, 13, 5, 13], [22, 2, 23, 2], [13, 6, 9, 6], [16, 7, 17, 7], [20, 12, 19, 12], [8, 12, 8, 11], [8, 11, 8, 12], [29, 10, 28, 10], [29, 11, 29, 10], [10, 9, 11, 9], [10, 4, 11, 4], [9, 6, 13, 6], [9, 7, 9, 5], [9, 5, 9, 7]]}
