XXXXXXXXXXXXXXXX
XXXXXXXXXXXXXXXX
XXXXXXXX-----XXX
XXXX}XXX##----XX
XXXX----------XX
XXXX--XX---#--XX
XXXX--XX-----XXX
XXXX---X--#-XXXX
XXXXXX--X----XXX
XXXXXX--XX-#-XXX
XXXXX-#--X---XXX
XXXXX-------XXXX
XXX--#-----XXXXX
XX-----#-#-XXXXX
XX---------XXXXX
XX-X--X---#---XX
XXXX--XXX-----XX
XXXX--XXX-----XX
XXXX--XXX-#-#-XX
XXXX--XXX-----XX
XXX--------#--XX
XX------------XX
XX---#----#-XXXX
XX##--------XXXX
XX----#-X---XXXX
XX--#---XX---XXX
XX-------XX--XXX
XXX----X--XX--XX
XXX--XXX---X--XX
XXX-XXXX-{----XX
XXXXXXXXXXXXXXXX
XXXXXXXXXXXXXXXX
META {"type": "solver", "id": "pysat-rc2", "objective": 0}
META {"type": "geom", "shape": "path", "group": "path", "data": [[29, 9, 29, 13], [29, 13, 27, 13], [27, 13, 27, 12], [27, 12, 25, 12], [25, 12, 25, 10], [25, 10, 23, 10], [23, 10, 23, 4], [23, 4, 24, 4], [24, 4, 24, 5], [24, 5, 23, 5], [23, 5, 27, 5], [27, 5, 27, 6], [27, 6, 25, 6], [25, 6, 25, 7], [25, 7, 26, 7], [26, 7, 20, 7], [20, 7, 20, 3], [20, 3, 22, 3], [22, 3, 22, 4], [22, 4, 12, 4], [12, 4, 12, 3], [12, 3, 14, 3], [14, 3, 14, 2], [14, 2, 15, 2], [15, 2, 13, 2], [13, 2, 13, 6], [13, 6, 11, 6], [11, 6, 11, 5], [11, 5, 11, 11], [11, 11, 10, 11], [10, 11, 10, 12], [10, 12, 10, 10], [10, 10, 14, 10], [14, 10, 8, 10], [8, 10, 8, 9], [8, 9, 4, 9], [4, 9, 4, 13], [4, 13, 3, 13], [3, 13, 5, 13], [5, 13, 5, 12], [5, 12, 6, 12], [6, 12, 6, 8], [6, 8, 4, 8], [4, 8, 4, 4], [4, 4, 3, 4]]}
META {"type": "geom", "shape": "tile", "group": "path", "data": [[29, 9], [29, 10], [29, 11], [29, 12], [29, 13], [28, 13], [27, 13], [27, 12], [26, 12], [25, 12], [25, 11], [25, 10], [24, 10], [23, 10], [23, 9], [23, 8], [23, 7], [23, 6], [23, 5], [23, 4], [24, 4], [24, 5], [23, 5], [24, 5], [25, 5], [26, 5], [27, 5], [27, 6], [26, 6], [25, 6], [25, 7], [26, 7], [25, 7], [24, 7], [23, 7], [22, 7], [21, 7], [20, 7], [20, 6], [20, 5], [20, 4], [20, 3], [21, 3], [22, 3], [22, 4], [21, 4], [20, 4], [19, 4], [18, 4], [17, 4], [16, 4], [15, 4], [14, 4], [13, 4], [12, 4], [12, 3], [13, 3], [14, 3], [14, 2], [15, 2], [14, 2], [13, 2], [13, 3], [13, 4], [13, 5], [13, 6], [12, 6], [11, 6], [11, 5], [11, 6], [11, 7], [11, 8], [11, 9], [11, 10], [11, 11], [10, 11], [10, 12], [10, 11], [10, 10], [11, 10], [12, 10], [13, 10], [14, 10], [13, 10], [12, 10], [11, 10], [10, 10], [9, 10], [8, 10], [8, 9], [7, 9], [6, 9], [5, 9], [4, 9], [4, 10], [4, 11], [4, 12], [4, 13], [3, 13], [4, 13], [5, 13], [5, 12], [6, 12], [6, 11], [6, 10], [6, 9], [6, 8], [5, 8], [4, 8], [4, 7], [4, 6], [4, 5], [4, 4], [3, 4]]}
META {"type": "geom", "shape": "line", "group": "offpath", "data": [[9, 7, 8, 7], [9, 6, 9, 7], [26, 2, 24, 2], [26, 4, 28, 4], [8, 7, 8, 6], [8, 6, 9, 6], [16, 10, 17, 10], [24, 9, 14, 9], [24, 2, 26, 2], [28, 4, 26, 4], [21, 12, 19, 12], [21, 13, 15, 13], [2, 8, 2, 12], [2, 12, 2, 8], [19, 9, 19, 13], [19, 12, 21, 12], [19, 5, 19, 4], [19, 13, 19, 9], [19, 4, 19, 5], [12, 10, 12, 6], [12, 6, 12, 10], [17, 10, 16, 10], [17, 5, 17, 4], [17, 4, 17, 5], [5, 10, 5, 8], [5, 8, 5, 10], [5, 5, 5, 4], [5, 4, 5, 5], [14, 9, 24, 9], [7, 8, 7, 9], [7, 9, 7, 8], [15, 5, 15, 4], [15, 13, 21, 13], [15, 4, 15, 5]]}
