XXXXXXXXXXXXXXXX
XXXXXXXXXXXXXXXX
XXXXX}XXXXX--XXX
XXXXX-XXX-----XX
XXXX-------#--XX
XXX------#----XX
XXX-#--------XXX
XX----XX----XXXX
XX-----X-#--XXXX
XX---#------XXXX
XX-#------X-XXXX
XX-------XXX--XX
XXX-X-XX-XXX--XX
XXXXX-XX-XXX--XX
XXXXX--X---XX-XX
XXXX-----X--X-XX
XX-----XXX----XX
XX-----XXX##--XX
XX--#--XXX---XXX
XXX-------#-XXXX
XXX---##-----XXX
XXX##--------XXX
XXX-----###---XX
XX---#------#-XX
XX-#---X------XX
XX-----XX-XX--XX
XX--##--X--X--XX
XX------------XX
XX-----XXX----XX
XX--{--XXX---XXX
XXXXXXXXXXXXXXXX
XXXXXXXXXXXXXXXX
META {"type": "solver", "id": "pysat-rc2", "objective": 0}
META {"type": "geom", "shape": "path", "group": "path", "data": [[29, 4, 27, 4], [27, 4, 27, 2], [27, 2, 23, 2], [23, 2, 23, 4], [23, 4, 25, 4], [25, 4, 25, 6], [25, 6, 21, 6], [21, 6, 21, 12], [21, 12, 22, 12], [22, 12, 22, 11], [22, 11, 24, 11], [24, 11, 18, 11], [18, 11, 18, 10], [18, 10, 18, 12], [18, 12, 16, 12], [16, 12, 16, 10], [16, 10, 14, 10], [14, 10, 14, 8], [14, 8, 4, 8], [4, 8, 4, 10], [4, 10, 4, 4], [4, 4, 5, 4], [5, 4, 5, 3], [5, 3, 9, 3], [9, 3, 9, 2], [9, 2, 11, 2], [11, 2, 11, 8], [11, 8, 15, 8], [15, 8, 15, 4], [15, 4, 17, 4], [17, 4, 17, 2], [17, 2, 18, 2], [18, 2, 18, 3], [18, 3, 16, 3], [16, 3, 20, 3], [20, 3, 20, 5], [20, 5, 10, 5], [10, 5, 10, 4], [10, 4, 11, 4], [11, 4, 7, 4], [7, 4, 7, 5], [7, 5, 8, 5], [8, 5, 2, 5]]}
META {"type": "geom", "shape": "tile", "group": "path", "data": [[29, 4], [28, 4], [27, 4], [27, 3], [27, 2], [26, 2], [25, 2], [24, 2], [23, 2], [23, 3], [23, 4], [24, 4], [25, 4], [25, 5], [25, 6], [24, 6], [23, 6], [22, 6], [21, 6], [21, 7], [21, 8], [21, 9], [21, 10], [21, 11], [21, 12], [22, 12], [22, 11], [23, 11], [24, 11], [23, 11], [22, 11], [21, 11], [20, 11], [19, 11], [18, 11], [18, 10], [18, 11], [18, 12], [17, 12], [16, 12], [16, 11], [16, 10], [15, 10], [14, 10], [14, 9], [14, 8], [13, 8], [12, 8], [11, 8], [10, 8], [9, 8], [8, 8], [7, 8], [6, 8], [5, 8], [4, 8], [4, 9], [4, 10], [4, 9], [4, 8], [4, 7], [4, 6], [4, 5], [4, 4], [5, 4], [5, 3], [6, 3], [7, 3], [8, 3], [9, 3], [9, 2], [10, 2], [11, 2], [11, 3], [11, 4], [11, 5], [11, 6], [11, 7], [11, 8], [12, 8], [13, 8], [14, 8], [15, 8], [15, 7], [15, 6], [15, 5], [15, 4], [16, 4], [17, 4], [17, 3], [17, 2], [18, 2], [18, 3], [17, 3], [16, 3], [17, 3], [18, 3], [19, 3], [20, 3], [20, 4], [20, 5], [19, 5], [18, 5], [17, 5], [16, 5], [15, 5], [14, 5], [13, 5], [12, 5], [11, 5], [10, 5], [10, 4], [11, 4], [10, 4], [9, 4], [8, 4], [7, 4], [7, 5], [8, 5], [7, 5], [6, 5], [5, 5], [4, 5], [3, 5], [2, 5]]}
META {"type": "geom", "shape": "line", "group": "offpath", "data": [[4, 6, 6, 6], [4, 7, 6, 7], [21, 10, 20, 10], [21, 8, 19, 8], [5, 13, 3, 13], [5, 10, 9, 10], [5, 11, 5, 10], [29, 6, 29, 2], [29, 12, 29, 10], [29, 2, 29, 6], [29, 10, 29, 12], [10, 9, 9, 9], [20, 10, 21, 10], [20, 4, 19, 4], [23, 8, 24, 8], [13, 12, 11, 12], [11, 12, 13, 12], [11, 7, 9, 7], [9, 10, 9, 11], [9, 7, 11, 7], [9, 9, 10, 9], [9, 11, 5, 11], [25, 12, 25, 13], [25, 13, 25, 12], [25, 5, 24, 5], [14, 6, 14, 5], [14, 5, 14, 6], [7, 9, 6, 9], [24, 6, 24, 4], [24, 4, 24, 6], [24, 5, 25, 5], [24, 8, 23, 8], [26, 6, 26, 7], [26, 2, 26, 3], [26, 7, 26, 6], [26, 3, 26, 2], [3, 13, 5, 13], [2, 12, 2, 11], [2, 11, 2, 12], [6, 6, 4, 6], [6, 7, 4, 7], [6, 9, 7, 9], [18, 6, 18, 5], [18, 5, 18, 6], [8, 10, 8, 11], [8, 11, 8, 10], [12, 12, 12, 13], [12, 13, 12, 12], [19, 4, 20, 4], [19, 8, 21, 8]]}
