XXXXXXXXXXXXXXXX
XXXXXXXXXXXXXXXX
XX}XXXXX--XXX-XX
XX-XXX--#-XXX-XX
XX----------XXXX
XX-------#--XXXX
XX---XX-----XXXX
XX----X-------XX
XX-#-----XXX--XX
XX---#--XXXX--XX
XXX----XXXXX--XX
XXX-X--XXXXXX-XX
XXXXXX-XXXXXX-XX
XXXXXX-XXXXXX-XX
XXXXX---XXXXX-XX
XXXXX##-XXXXX-XX
XXXXX---XXX---XX
XXXXX---------XX
XX-----XXX----XX
XX-XX--XXX##--XX
XX--X--XXX---XXX
XXX---X-----XXXX
XXX--XX---X--XXX
XXXX--X--XX--XXX
XXXX---#--X---XX
XX----------X-XX
XX------XX--XXXX
XX-XX----XXXXXXX
XXXXX-----XXXXXX
XXXXX---{-XXXXXX
XXXXXXXXXXXXXXXX
XXXXXXXXXXXXXXXX
META {"type": "solver", "id": "pysat-rc2", "objective": 0}
META {"type": "geom", "shape": "path", "group": "path", "data": [[29, 8, 29, 9], [29, 9, 29, 5], [29, 5, 23, 5], [23, 5, 23, 4], [23, 4, 21, 4], [21, 4, 21, 3], [21, 3, 20, 3], [20, 3, 20, 2], [20, 2, 18, 2], [18, 2, 18, 6], [18, 6, 20, 6], [20, 6, 20, 5], [20, 5, 16, 5], [16, 5, 16, 7], [16, 7, 17, 7], [17, 7, 17, 13], [17, 13, 7, 13], [7, 13, 7, 7], [7, 7, 9, 7], [9, 7, 3, 7], [3, 7, 3, 6], [3, 6, 5, 6], [5, 6, 5, 8], [5, 8, 5, 2], [5, 2, 9, 2], [9, 2, 9, 4], [9, 4, 10, 4], [10, 4, 10, 6], [10, 6, 14, 6], [14, 6, 8, 6], [8, 6, 8, 8], [8, 8, 4, 8], [4, 8, 4, 2], [4, 2, 2, 2]]}
META {"type": "geom", "shape": "tile", "group": "path", "data": [[29, 8], [29, 9], [29, 8], [29, 7], [29, 6], [29, 5], [28, 5], [27, 5], [26, 5], [25, 5], [24, 5], [23, 5], [23, 4], [22, 4], [21, 4], [21, 3], [20, 3], [20, 2], [19, 2], [18, 2], [18, 3], [18, 4], [18, 5], [18, 6], [19, 6], [20, 6], [20, 5], [19, 5], [18, 5], [17, 5], [16, 5], [16, 6], [16, 7], [17, 7], [17, 8], [17, 9], [17, 10], [17, 11], [17, 12], [17, 13], [16, 13], [15, 13], [14, 13], [13, 13], [12, 13], [11, 13], [10, 13], [9, 13], [8, 13], [7, 13], [7, 12], [7, 11], [7, 10], [7, 9], [7, 8], [7, 7], [8, 7], [9, 7], [8, 7], [7, 7], [6, 7], [5, 7], [4, 7], [3, 7], [3, 6], [4, 6], [5, 6], [5, 7], [5, 8], [5, 7], [5, 6], [5, 5], [5, 4], [5, 3], [5, 2], [6, 2], [7, 2], [8, 2], [9, 2], [9, 3], [9, 4], [10, 4], [10, 5], [10, 6], [11, 6], [12, 6], [13, 6], [14, 6], [13, 6], [12, 6], [11, 6], [10, 6], [9, 6], [8, 6], [8, 7], [8, 8], [7, 8], [6, 8], [5, 8], [4, 8], [4, 7], [4, 6], [4, 5], [4, 4], [4, 3], [4, 2], [3, 2], [2, 2]]}
META {"type": "geom", "shape": "line", "group": "offpath", "data": [[7, 5, 8, 5], [10, 13, 10, 12], [10, 5, 11, 5], [10, 12, 10, 13], [19, 13, 19, 12], [19, 12, 20, 12], [26, 3, 25, 3], [25, 3, 26, 3], [25, 8, 21, 8], [23, 7, 23, 8], [23, 11, 23, 12], [23, 8, 25, 8], [23, 12, 23, 11], [20, 10, 21, 10], [20, 11, 20, 10], [20, 12, 16, 12], [22, 7, 22, 9], [22, 4, 22, 3], [22, 3, 22, 4], [22, 9, 22, 7], [18, 13, 19, 13], [18, 11, 18, 13], [11, 5, 10, 5], [21, 10, 21, 11], [21, 7, 23, 7], [21, 11, 20, 11], [21, 8, 21, 7], [16, 11, 18, 11], [16, 12, 16, 11], [8, 5, 7, 5]]}
