XXXXXXXXXXXXXXXX
XXXXXXXXXXXXXXXX
XXXXXXXX-XXX}XXX
XXXXXX---XXX-XXX
XXXXX--#-XXX--XX
XXXX----------XX
XXXX##--#-XXXXXX
XXXX------XXXXXX
XXX-------XXXXXX
XXX------XXXXXXX
XX--#-XXXXXXXXXX
XX----XXXXXXXXXX
XX----XXXXXX--XX
XX-#--XXXX-XX-XX
XX---#------X-XX
XX-------XX-XXXX
XX--#--#--X--XXX
XX-----------XXX
XX--------#---XX
XX--#--XX-----XX
XX------X--XX-XX
XX##--X---XXXXXX
XX---XX----XXXXX
XXX---X-XX-XXXXX
XXX------X-XXXXX
XXXXX-#-------XX
XX-XX-----#-XXXX
XX--X-------XXXX
XXX---XX-{-XXXXX
XXXXXXXXXXXXXXXX
XXXXXXXXXXXXXXXX
XXXXXXXXXXXXXXXX
META {"type": "solver", "id": "pysat-rc2", "objective": 0}
META {"type": "geom", "shape": "path", "group": "path", "data": [[28, 9, 28, 10], [28, 10, 27, 10], [27, 10, 27, 11], [27, 11, 27, 5], [27, 5, 23, 5], [23, 5, 23, 3], [23, 3, 24, 3], [24, 3, 22, 3], [22, 3, 22, 4], [22, 4, 20, 4], [20, 4, 20, 2], [20, 2, 10, 2], [10, 2, 10, 3], [10, 3, 12, 3], [12, 3, 12, 5], [12, 5, 13, 5], [13, 5, 13, 4], [13, 4, 15, 4], [15, 4, 11, 4], [11, 4, 11, 5], [11, 5, 7, 5], [7, 5, 7, 4], [7, 4, 9, 4], [9, 4, 9, 8], [9, 8, 7, 8], [7, 8, 7, 9], [7, 9, 5, 9], [5, 9, 5, 13], [5, 13, 4, 13], [4, 13, 4, 12], [4, 12, 2, 12]]}
META {"type": "geom", "shape": "tile", "group": "path", "data": [[28, 9], [28, 10], [27, 10], [27, 11], [27, 10], [27, 9], [27, 8], [27, 7], [27, 6], [27, 5], [26, 5], [25, 5], [24, 5], [23, 5], [23, 4], [23, 3], [24, 3], [23, 3], [22, 3], [22, 4], [21, 4], [20, 4], [20, 3], [20, 2], [19, 2], [18, 2], [17, 2], [16, 2], [15, 2], [14, 2], [13, 2], [12, 2], [11, 2], [10, 2], [10, 3], [11, 3], [12, 3], [12, 4], [12, 5], [13, 5], [13, 4], [14, 4], [15, 4], [14, 4], [13, 4], [12, 4], [11, 4], [11, 5], [10, 5], [9, 5], [8, 5], [7, 5], [7, 4], [8, 4], [9, 4], [9, 5], [9, 6], [9, 7], [9, 8], [8, 8], [7, 8], [7, 9], [6, 9], [5, 9], [5, 10], [5, 11], [5, 12], [5, 13], [4, 13], [4, 12], [3, 12], [2, 12]]}
META {"type": "geom", "shape": "line", "group": "offpath", "data": [[28, 5, 28, 3], [28, 3, 28, 5], [20, 10, 19, 10], [20, 13, 18, 13], [8, 3, 8, 9], [8, 9, 8, 3], [12, 13, 14, 13], [21, 7, 21, 9], [21, 9, 21, 7], [19, 11, 19, 13], [19, 10, 20, 10], [19, 13, 20, 13], [25, 13, 25, 7], [25, 7, 25, 13], [18, 11, 19, 11], [18, 13, 18, 11], [18, 8, 14, 8], [27, 6, 26, 6], [16, 9, 16, 8], [16, 8, 16, 9], [26, 6, 27, 6], [26, 5, 26, 9], [26, 9, 26, 5], [14, 13, 12, 13], [14, 8, 18, 8]]}
