XXXXXXXXXXXXXXXX
XXXXXXXXXXXXXXXX
XX}XXXX-XXX-XXXX
XX-XXXX-XXX--XXX
XX---------#-XXX
XX-----------XXX
XX---#-X-----XXX
XX##---XX-#--XXX
XX------X----XXX
XX---#-------XXX
XXX----##-----XX
XXX-#-------X-XX
XXX---X----XXXXX
XX---XX-#--XXXXX
XX----X----XXXXX
XX-#-----XXXXXXX
XX-------XXXXXXX
XX--XXX--XXXXXXX
XX--XXX-----XXXX
XX--XXXX-#---XXX
XX---XXX---#-XXX
XX-#-XXX-----XXX
XX---XXX--#--XXX
XX--#---#----XXX
XXX---X----#--XX
XXX--XX--#----XX
XXX---XX----#-XX
XXX##-XXX-----XX
XXX---XXX-X--XXX
XXX-{-XXXXXXXXXX
XXXXXXXXXXXXXXXX
XXXXXXXXXXXXXXXX
META {"type": "solver", "id": "pysat-rc2", "objective": 0}
META {"type": "geom", "shape": "path", "group": "path", "data": [[29, 4, 28, 4], [28, 4, 28, 5], [28, 5, 26, 5], [26, 5, 26, 3], [26, 3, 22, 3], [22, 3, 22, 4], [22, 4, 22, 2], [22, 2, 23, 2], [23, 2, 13, 2], [13, 2, 13, 4], [13, 4, 12, 4], [12, 4, 12, 5], [12, 5, 10, 5], [10, 5, 10, 3], [10, 3, 14, 3], [14, 3, 8, 3], [8, 3, 8, 7], [8, 7, 9, 7], [9, 7, 9, 6], [9, 6, 9, 12], [9, 12, 10, 12], [10, 12, 10, 13], [10, 13, 10, 9], [10, 9, 4, 9], [4, 9, 4, 10], [4, 10, 6, 10], [6, 10, 6, 12], [6, 12, 6, 8], [6, 8, 4, 8], [4, 8, 4, 2], [4, 2, 2, 2]]}
META {"type": "geom", "shape": "tile", "group": "path", "data": [[29, 4], [28, 4], [28, 5], [27, 5], [26, 5], [26, 4], [26, 3], [25, 3], [24, 3], [23, 3], [22, 3], [22, 4], [22, 3], [22, 2], [23, 2], [22, 2], [21, 2], [20, 2], [19, 2], [18, 2], [17, 2], [16, 2], [15, 2], [14, 2], [13, 2], [13, 3], [13, 4], [12, 4], [12, 5], [11, 5], [10, 5], [10, 4], [10, 3], [11, 3], [12, 3], [13, 3], [14, 3], [13, 3], [12, 3], [11, 3], [10, 3], [9, 3], [8, 3], [8, 4], [8, 5], [8, 6], [8, 7], [9, 7], [9, 6], [9, 7], [9, 8], [9, 9], [9, 10], [9, 11], [9, 12], [10, 12], [10, 13], [10, 12], [10, 11], [10, 10], [10, 9], [9, 9], [8, 9], [7, 9], [6, 9], [5, 9], [4, 9], [4, 10], [5, 10], [6, 10], [6, 11], [6, 12], [6, 11], [6, 10], [6, 9], [6, 8], [5, 8], [4, 8], [4, 7], [4, 6], [4, 5], [4, 4], [4, 3], [4, 2], [3, 2], [2, 2]]}
META {"type": "geom", "shape": "line", "group": "offpath", "data": [[28, 11, 28, 12], [28, 12, 28, 11], [5, 11, 5, 12], [5, 2, 6, 2], [5, 12, 5, 2], [17, 2, 17, 3], [17, 8, 17, 7], [17, 3, 17, 2], [17, 7, 17, 8], [6, 2, 6, 4], [6, 4, 10, 4], [13, 10, 13, 9], [13, 9, 13, 10], [18, 11, 19, 11], [18, 7, 18, 11], [27, 13, 27, 9], [27, 9, 26, 9], [12, 8, 11, 8], [19, 10, 21, 10], [19, 11, 19, 10], [19, 12, 25, 12], [22, 11, 22, 12], [22, 8, 22, 9], [22, 12, 22, 11], [22, 9, 24, 9], [20, 10, 20, 8], [20, 8, 14, 8], [20, 9, 20, 10], [14, 10, 8, 10], [14, 8, 14, 10], [14, 9, 14, 7], [14, 7, 18, 7], [8, 10, 8, 9], [8, 2, 9, 2], [8, 9, 14, 9], [9, 2, 8, 2], [26, 8, 24, 8], [26, 9, 26, 8], [21, 10, 21, 12], [21, 11, 23, 11], [21, 8, 22, 8], [21, 12, 21, 8], [11, 11, 5, 11], [11, 8, 12, 8], [11, 6, 11, 5], [11, 5, 11, 11], [15, 6, 16, 6], [7, 11, 7, 12], [7, 12, 7, 11], [29, 3, 29, 5], [29, 5, 29, 3], [10, 4, 10, 6], [10, 6, 11, 6], [25, 8, 25, 7], [25, 3, 25, 4], [25, 4, 25, 3], [25, 13, 27, 13], [25, 12, 25, 13], [25, 7, 25, 8], [23, 10, 23, 12], [23, 11, 21, 11], [23, 12, 19, 12], [23, 5, 24, 5], [24, 10, 23, 10], [24, 8, 24, 10], [24, 13, 24, 12], [24, 12, 24, 13], [24, 9, 20, 9], [24, 5, 23, 5], [16, 2, 16, 8], [16, 8, 16, 2], [16, 6, 15, 6]]}
