XXXXXXXXXXXXXXXX
XXXXXXXXXXXXXXXX
XXXXXX}XXXXX--XX
XXXXXX-XXX--XXXX
XXXXXX-----XXXXX
XXXX-XX-XX--XXXX
XXX---X--X--XXXX
XX--X-------XXXX
XX--XXXX--XX--XX
XX--XXXX---X--XX
XX--XXXX-X----XX
XX--XXXX-XX---XX
XX--XXXX--X---XX
XX-X----#---XXXX
XXXX-------XXXXX
XXXX---X---XXXXX
XXX-#-XX-#--XXXX
XXX----X----XXXX
XX---#----X-XXXX
XX--------XX--XX
XX-XX--XX--X--XX
XX--XX--X---XXXX
XX--XX---#---XXX
XXX--X-----#-XXX
XXXX---------XXX
XXXX-X---XX---XX
XXXX-XXX--X-X-XX
XX---XXX----XXXX
XX-----------XXX
XXX-X----{-X-XXX
XXXXXXXXXXXXXXXX
XXXXXXXXXXXXXXXX
META {"type": "solver", "id": "pysat-rc2", "objective": 0}
META {"type": "geom", "shape": "path", "group": "path", "data": [[29, 9, 29, 10], [29, 10, 27, 10], [27, 10, 27, 11], [27, 11, 28, 11], [28, 11, 24, 11], [24, 11, 24, 12], [24, 12, 22, 12], [22, 12, 22, 10], [22, 10, 24, 10], [24, 10, 24, 4], [24, 4, 23, 4], [23, 4, 23, 3], [23, 3, 21, 3], [21, 3, 21, 2], [21, 2, 22, 2], [22, 2, 18, 2], [18, 2, 18, 4], [18, 4, 19, 4], [19, 4, 17, 4], [17, 4, 17, 3], [17, 3, 19, 3], [19, 3, 19, 9], [19, 9, 17, 9], [17, 9, 17, 11], [17, 11, 16, 11], [16, 11, 16, 10], [16, 10, 17, 10], [17, 10, 13, 10], [13, 10, 13, 9], [13, 9, 12, 9], [12, 9, 12, 8], [12, 8, 6, 8], [6, 8, 6, 7], [6, 7, 4, 7], [4, 7, 4, 6], [4, 6, 2, 6]]}
META {"type": "geom", "shape": "tile", "group": "path", "data": [[29, 9], [29, 10], [28, 10], [27, 10], [27, 11], [28, 11], [27, 11], [26, 11], [25, 11], [24, 11], [24, 12], [23, 12], [22, 12], [22, 11], [22, 10], [23, 10], [24, 10], [24, 9], [24, 8], [24, 7], [24, 6], [24, 5], [24, 4], [23, 4], [23, 3], [22, 3], [21, 3], [21, 2], [22, 2], [21, 2], [20, 2], [19, 2], [18, 2], [18, 3], [18, 4], [19, 4], [18, 4], [17, 4], [17, 3], [18, 3], [19, 3], [19, 4], [19, 5], [19, 6], [19, 7], [19, 8], [19, 9], [18, 9], [17, 9], [17, 10], [17, 11], [16, 11], [16, 10], [17, 10], [16, 10], [15, 10], [14, 10], [13, 10], [13, 9], [12, 9], [12, 8], [11, 8], [10, 8], [9, 8], [8, 8], [7, 8], [6, 8], [6, 7], [5, 7], [4, 7], [4, 6], [3, 6], [2, 6]]}
META {"type": "geom", "shape": "line", "group": "offpath", "data": [[8, 12, 12, 12], [8, 9, 8, 8], [8, 13, 8, 12], [8, 8, 8, 9], [5, 11, 5, 10], [5, 4, 6, 4], [5, 10, 7, 10], [9, 10, 10, 10], [6, 4, 5, 4], [6, 5, 6, 3], [6, 3, 6, 5], [15, 6, 13, 6], [15, 10, 15, 8], [15, 8, 15, 10], [12, 12, 12, 11], [12, 11, 12, 13], [12, 13, 8, 13], [13, 6, 15, 6], [13, 2, 7, 2], [3, 11, 3, 10], [3, 10, 3, 11], [25, 6, 25, 8], [25, 8, 25, 6], [29, 6, 28, 6], [29, 7, 28, 7], [29, 3, 27, 3], [21, 6, 21, 7], [21, 9, 21, 11], [21, 11, 21, 9], [21, 7, 21, 6], [23, 6, 23, 10], [23, 10, 23, 6], [11, 3, 11, 2], [11, 2, 11, 3], [27, 4, 28, 4], [27, 3, 29, 3], [27, 2, 27, 4], [7, 11, 5, 11], [7, 10, 7, 11], [7, 2, 13, 2], [28, 6, 29, 6], [28, 7, 29, 7], [28, 4, 28, 2], [28, 2, 27, 2], [10, 10, 9, 10], [10, 3, 10, 2], [10, 2, 10, 3], [20, 12, 20, 13], [20, 9, 20, 10], [20, 13, 20, 12], [20, 10, 20, 9]]}
