XXXXXXXXXXXXXXXX
XXXXXXXXXXXXXXXX
XXXXXXXXX-XXX-XX
XXXXXXXXX-XXX-XX
XXXXXXXXX-----XX
XXXX}XXX------XX
XXXX-XXX---X--XX
XXXX-----XXX--XX
XX--X----XXX--XX
XX-XXX---XXXX-XX
XX-XXX------XXXX
XX-XXX------XXXX
XX-XXXXXXX--XXXX
XX-XXXXXXX---XXX
XXXXXXXX---#-XXX
XXXXXXXX-----XXX
XXXXXXX---X--XXX
XXXXXX--XXX---XX
XXXXX---XXX-#-XX
XXXXXX--XXX---XX
XXXXXXX-XXX---XX
XXXXXXX-XXXX--XX
XXXXXX--XXXX--XX
XXXX--#-XXXX--XX
XXXX----XXXX--XX
XXXXXX-------XXX
XXXXXX--{---XXXX
XX-XXX-XXX--XXXX
XX-----XXXXXXXXX
XX---XXXXXXXXXXX
XXXXXXXXXXXXXXXX
XXXXXXXXXXXXXXXX
META {"type": "solver", "id": "pysat-rc2-boolonly", "objective": 0}
META {"type": "geom", "shape": "path", "group": "path", "data": [[26, 8, 25, 8], [25, 8, 25, 6], [25, 6, 25, 12], [25, 12, 19, 12], [19, 12, 19, 11], [19, 11, 15, 11], [15, 11, 15, 12], [15, 12, 15, 8], [15, 8, 14, 8], [14, 8, 16, 8], [16, 8, 16, 7], [16, 7, 16, 9], [16, 9, 14, 9], [14, 9, 14, 10], [14, 10, 10, 10], [10, 10, 10, 6], [10, 6, 11, 6], [11, 6, 7, 6], [7, 6, 7, 4], [7, 4, 5, 4]]}
META {"type": "geom", "shape": "tile", "group": "path", "data": [[26, 8], [25, 8], [25, 7], [25, 6], [25, 7], [25, 8], [25, 9], [25, 10], [25, 11], [25, 12], [24, 12], [23, 12], [22, 12], [21, 12], [20, 12], [19, 12], [19, 11], [18, 11], [17, 11], [16, 11], [15, 11], [15, 12], [15, 11], [15, 10], [15, 9], [15, 8], [14, 8], [15, 8], [16, 8], [16, 7], [16, 8], [16, 9], [15, 9], [14, 9], [14, 10], [13, 10], [12, 10], [11, 10], [10, 10], [10, 9], [10, 8], [10, 7], [10, 6], [11, 6], [10, 6], [9, 6], [8, 6], [7, 6], [7, 5], [7, 4], [6, 4], [5, 4]]}
META {"type": "geom", "shape": "line", "group": "offpath", "data": [[28, 2, 27, 2], [28, 3, 29, 3], [28, 6, 28, 2], [28, 4, 28, 6], [8, 12, 4, 12], [19, 6, 17, 6], [20, 13, 20, 11], [20, 11, 20, 13], [11, 8, 5, 8], [29, 2, 29, 4], [29, 3, 28, 3], [29, 4, 28, 4], [12, 10, 12, 11], [12, 11, 12, 10], [2, 9, 6, 9], [4, 10, 4, 9], [4, 11, 5, 11], [4, 12, 8, 12], [4, 9, 2, 9], [17, 13, 17, 11], [17, 11, 17, 13], [17, 6, 19, 6], [26, 6, 24, 6], [26, 7, 26, 6], [6, 10, 4, 10], [6, 13, 6, 12], [6, 12, 6, 13], [6, 9, 6, 10], [27, 10, 25, 10], [27, 2, 29, 2], [23, 5, 24, 5], [23, 4, 23, 5], [22, 13, 22, 12], [22, 12, 22, 13], [13, 10, 13, 12], [13, 12, 13, 10], [25, 10, 27, 10], [24, 5, 24, 7], [24, 13, 24, 12], [24, 6, 24, 4], [24, 12, 24, 13], [24, 7, 26, 7], [24, 4, 23, 4], [5, 11, 4, 11], [5, 8, 11, 8]]}
