XXXXXXXXXXXXXXXX
XXXXXXXXXXXXXXXX
XX-XXX}XXXXXXXXX
XX-----XXX---XXX
XX-----XXX---XXX
XXX-#-----#---XX
XXX---#-----X-XX
XXX-----XX--XXXX
XXX------X---XXX
XX-----X--XX-XXX
XX-----XXXXX--XX
XX-XX---XXXXX-XX
XX-XX---XXXXXXXX
XX--X-X-XXXXXXXX
XX---XX--XXXXXXX
XX-#--X--XXX--XX
XX-----#------XX
XX-----------XXX
XX-XXXX-----XXXX
XX--XXX##----XXX
XX--XXX---XX-XXX
XX--XXXX---X-XXX
XX##--XXXX---XXX
XX--#-XXXX-#--XX
XX----XXX-----XX
XX-X--------#-XX
XX-XX---##----XX
XX--XXX----X--XX
XX--XXX---XXXXXX
XXX-XXX-{-XXXXXX
XXXXXXXXXXXXXXXX
XXXXXXXXXXXXXXXX
META {"type": "solver", "id": "pysat-rc2", "objective": 0}
META {"type": "geom", "shape": "path", "group": "path", "data": [[29, 8, 29, 7], [29, 7, 29, 9], [29, 9, 27, 9], [27, 9, 27, 10], [27, 10, 21, 10], [21, 10, 21, 8], [21, 8, 20, 8], [20, 8, 20, 7], [20, 7, 20, 9], [20, 9, 16, 9], [16, 9, 16, 8], [16, 8, 18, 8], [18, 8, 18, 7], [18, 7, 18, 11], [18, 11, 16, 11], [16, 11, 16, 13], [16, 13, 15, 13], [15, 13, 15, 12], [15, 12, 17, 12], [17, 12, 17, 2], [17, 2, 21, 2], [21, 2, 21, 3], [21, 3, 19, 3], [19, 3, 19, 2], [19, 2, 9, 2], [9, 2, 9, 6], [9, 6, 7, 6], [7, 6, 7, 7], [7, 7, 7, 3], [7, 3, 3, 3], [3, 3, 3, 2], [3, 2, 4, 2], [4, 2, 4, 6], [4, 6, 5, 6], [5, 6, 5, 5], [5, 5, 5, 9], [5, 9, 6, 9], [6, 9, 6, 7], [6, 7, 8, 7], [8, 7, 8, 3], [8, 3, 10, 3], [10, 3, 10, 2], [10, 2, 10, 6], [10, 6, 12, 6], [12, 6, 12, 7], [12, 7, 11, 7], [11, 7, 11, 5], [11, 5, 13, 5], [13, 5, 3, 5], [3, 5, 3, 6], [3, 6, 2, 6]]}
META {"type": "geom", "shape": "tile", "group": "path", "data": [[29, 8], [29, 7], [29, 8], [29, 9], [28, 9], [27, 9], [27, 10], [26, 10], [25, 10], [24, 10], [23, 10], [22, 10], [21, 10], [21, 9], [21, 8], [20, 8], [20, 7], [20, 8], [20, 9], [19, 9], [18, 9], [17, 9], [16, 9], [16, 8], [17, 8], [18, 8], [18, 7], [18, 8], [18, 9], [18, 10], [18, 11], [17, 11], [16, 11], [16, 12], [16, 13], [15, 13], [15, 12], [16, 12], [17, 12], [17, 11], [17, 10], [17, 9], [17, 8], [17, 7], [17, 6], [17, 5], [17, 4], [17, 3], [17, 2], [18, 2], [19, 2], [20, 2], [21, 2], [21, 3], [20, 3], [19, 3], [19, 2], [18, 2], [17, 2], [16, 2], [15, 2], [14, 2], [13, 2], [12, 2], [11, 2], [10, 2], [9, 2], [9, 3], [9, 4], [9, 5], [9, 6], [8, 6], [7, 6], [7, 7], [7, 6], [7, 5], [7, 4], [7, 3], [6, 3], [5, 3], [4, 3], [3, 3], [3, 2], [4, 2], [4, 3], [4, 4], [4, 5], [4, 6], [5, 6], [5, 5], [5, 6], [5, 7], [5, 8], [5, 9], [6, 9], [6, 8], [6, 7], [7, 7], [8, 7], [8, 6], [8, 5], [8, 4], [8, 3], [9, 3], [10, 3], [10, 2], [10, 3], [10, 4], [10, 5], [10, 6], [11, 6], [12, 6], [12, 7], [11, 7], [11, 6], [11, 5], [12, 5], [13, 5], [12, 5], [11, 5], [10, 5], [9, 5], [8, 5], [7, 5], [6, 5], [5, 5], [4, 5], [3, 5], [3, 6], [2, 6]]}
META {"type": "geom", "shape": "line", "group": "offpath", "data": [[27, 13, 23, 13], [27, 3, 27, 2], [27, 2, 23, 2], [15, 5, 17, 5], [28, 7, 28, 9], [28, 9, 28, 7], [28, 3, 27, 3], [28, 2, 28, 3], [14, 7, 14, 8], [14, 8, 14, 7], [16, 3, 17, 3], [26, 7, 26, 5], [26, 5, 26, 7], [26, 11, 26, 13], [26, 13, 27, 13], [26, 6, 25, 6], [24, 9, 25, 9], [24, 13, 24, 9], [24, 3, 24, 2], [24, 2, 28, 2], [24, 12, 24, 13], [23, 13, 23, 12], [23, 3, 24, 3], [23, 2, 23, 3], [23, 12, 24, 12], [25, 9, 25, 11], [25, 11, 26, 11], [25, 6, 26, 6], [5, 11, 3, 11], [5, 12, 5, 11], [5, 8, 6, 8], [17, 5, 15, 5], [17, 3, 16, 3], [11, 13, 10, 13], [9, 8, 8, 8], [10, 13, 11, 13], [13, 3, 13, 2], [13, 2, 13, 3], [6, 5, 6, 3], [6, 3, 6, 5], [6, 8, 5, 8], [8, 8, 9, 8], [4, 4, 3, 4], [4, 10, 4, 12], [4, 12, 4, 10], [3, 4, 4, 4], [3, 11, 3, 10], [3, 10, 3, 12], [3, 12, 5, 12]]}
