XXXXXXXXXXXXXXXX
XXXXXXXXXXXXXXXX
XXX}XXX-------XX
XXX-----------XX
XX-----XX--XXXXX
XXXX-X--X-XXXXXX
XXXX-XX---XXXXXX
XXXX--X---XXXXXX
XXX-#-----XXX-XX
XXX----##-----XX
XXXX------#--XXX
XXXX##------XXXX
XXXX---X-#---XXX
XX----XX---#-XXX
XX-#---X------XX
XX---#----#-X-XX
XX------#---XXXX
XXXXX-#-----XXXX
XXXXX-------XXXX
XXX-------XX--XX
XXX--#--XXXXXXXX
XXX-----XXXXXXXX
XXX-----XXXXXXXX
XXX-#--#-----XXX
XX-------#----XX
XXX---------#-XX
XXX##---X-----XX
XXX----XX--{--XX
XXXXXX--X-XXX-XX
XXXXXXX---XXXXXX
XXXXXXXXXXXXXXXX
XXXXXXXXXXXXXXXX
META {"type": "solver", "id": "pysat-rc2", "objective": 0}
META {"type": "geom", "shape": "path", "group": "path", "data": [[27, 11, 27, 13], [27, 13, 27, 9], [27, 9, 29, 9], [29, 9, 29, 7], [29, 7, 28, 7], [28, 7, 28, 6], [28, 6, 18, 6], [18, 6, 18, 5], [18, 5, 16, 5], [16, 5, 16, 7], [16, 7, 15, 7], [15, 7, 15, 6], [15, 6, 14, 6], [14, 6, 14, 4], [14, 4, 12, 4], [12, 4, 12, 6], [12, 6, 8, 6], [8, 6, 8, 5], [8, 5, 8, 9], [8, 9, 2, 9], [2, 9, 2, 13], [2, 13, 2, 7], [2, 7, 3, 7], [3, 7, 3, 3], [3, 3, 4, 3], [4, 3, 2, 3]]}
META {"type": "geom", "shape": "tile", "group": "path", "data": [[27, 11], [27, 12], [27, 13], [27, 12], [27, 11], [27, 10], [27, 9], [28, 9], [29, 9], [29, 8], [29, 7], [28, 7], [28, 6], [27, 6], [26, 6], [25, 6], [24, 6], [23, 6], [22, 6], [21, 6], [20, 6], [19, 6], [18, 6], [18, 5], [17, 5], [16, 5], [16, 6], [16, 7], [15, 7], [15, 6], [14, 6], [14, 5], [14, 4], [13, 4], [12, 4], [12, 5], [12, 6], [11, 6], [10, 6], [9, 6], [8, 6], [8, 5], [8, 6], [8, 7], [8, 8], [8, 9], [7, 9], [6, 9], [5, 9], [4, 9], [3, 9], [2, 9], [2, 10], [2, 11], [2, 12], [2, 13], [2, 12], [2, 11], [2, 10], [2, 9], [2, 8], [2, 7], [3, 7], [3, 6], [3, 5], [3, 4], [3, 3], [4, 3], [3, 3], [2, 3]]}
META {"type": "geom", "shape": "line", "group": "offpath", "data": [[23, 10, 23, 12], [23, 12, 24, 12], [19, 3, 19, 9], [19, 9, 19, 3], [3, 4, 7, 4], [3, 8, 2, 8], [3, 12, 2, 12], [8, 8, 6, 8], [8, 13, 9, 13], [8, 3, 9, 3], [9, 13, 8, 13], [9, 3, 8, 3], [21, 3, 21, 7], [21, 7, 21, 3], [21, 5, 27, 5], [6, 8, 8, 8], [18, 10, 16, 10], [27, 5, 21, 5], [26, 13, 26, 9], [26, 7, 26, 5], [26, 9, 26, 13], [26, 5, 26, 7], [25, 4, 24, 4], [28, 13, 24, 13], [2, 8, 3, 8], [2, 10, 4, 10], [2, 12, 3, 12], [10, 11, 10, 12], [10, 7, 11, 7], [10, 12, 10, 11], [16, 10, 18, 10], [24, 4, 25, 4], [24, 13, 28, 13], [24, 10, 23, 10], [24, 12, 24, 10], [7, 4, 3, 4], [11, 11, 12, 11], [11, 7, 10, 7], [11, 10, 11, 11], [4, 10, 2, 10], [14, 5, 12, 5], [12, 11, 12, 12], [12, 5, 14, 5], [12, 10, 11, 10], [12, 12, 12, 10]]}
