XXXXXXXXXXXXXXXXXXXXXXXXXXXXXXXX
X--}XXX------XX-XXXX-X--X--XXX-X
X-XXXXX--X-X-----XX-X-XX------XX
X-XXXXX--X-X-X------X-XX-XXX---X
X--------X-X---X----X----XXX--XX
X-XX-XX-X---XXX--XXX-XXXX----X-X
XXXXXXXX-XXX-----XXXX---------XX
XXXXXXXXX---XX---XXXXXXX-XX-XX-X
XXXX-XXXXXXXXXX--XXXXXXXXXXXXXXX
XXXX-XXXXXXXXXX----XXXXXXXXXXXXX
XXXX------------X-X---XX-XXXXX-X
XXXX-----X--------X------XXX{--X
X------XXXXX------X-XXXXXXXXXX-X
XX-----XXXXX--------XXXXXXXXXX-X
X------------------------------X
XXXXXXXXXXXXXXXXXXXXXXXXXXXXXXXX
META {"type": "solver", "id": "pysat-rc2-boolonly", "objective": 0}
META {"type": "geom", "shape": "path", "group": "path", "data": [[11, 28, 11, 29], [11, 29, 11, 30], [11, 30, 12, 30], [12, 30, 13, 30], [13, 30, 14, 30], [14, 30, 14, 29], [14, 29, 14, 28], [14, 28, 14, 27], [14, 27, 14, 26], [14, 26, 14, 25], [14, 25, 14, 24], [14, 24, 14, 23], [14, 23, 14, 22], [14, 22, 14, 21], [14, 21, 14, 20], [14, 20, 14, 19], [14, 19, 13, 19], [13, 19, 13, 18], [13, 18, 13, 17], [13, 17, 12, 17], [12, 17, 11, 17], [11, 17, 10, 17], [10, 17, 9, 17], [9, 17, 9, 16], [9, 16, 8, 16], [8, 16, 7, 16], [7, 16, 6, 16], [6, 16, 5, 16], [5, 16, 4, 16], [4, 16, 3, 16], [3, 16, 2, 16], [2, 16, 2, 15], [2, 15, 2, 14], [2, 14, 2, 13], [2, 13, 2, 12], [2, 12, 1, 12], [1, 12, 1, 11], [1, 11, 1, 10], [1, 10, 1, 9], [1, 9, 1, 8], [1, 8, 1, 7], [1, 7, 2, 7], [2, 7, 3, 7], [3, 7, 4, 7], [4, 7, 4, 6], [4, 6, 4, 5], [4, 5, 4, 4], [4, 4, 4, 3], [4, 3, 4, 2], [4, 2, 4, 1], [4, 1, 3, 1], [3, 1, 2, 1], [2, 1, 1, 1], [1, 1, 1, 2], [1, 2, 1, 3]]}
