XXXXXXXXXXXXXXXXXXXXXXXXXXXXXXXX
X-XXXXXXXX-----X--X-XX-XXX-----X
X--}XXXXX-X-XXX--X-X--X---XX-XXX
X-XXXXXX-X--XXXXXXXXXXXXXXXXXXXX
X-XXXXXX-X--XXXXXXXXXXXXXXXXXXXX
X---XX---X---XX----------------X
XX--------XXX-----------------XX
X---XXX-XX--------------XXX----X
X---XXXXXXXX------------XXX----X
X---XXXXXXXX---X--------XXXXXXXX
XX---XX-XX---XXXXXXX--X-XXXXXXXX
X------X-----XXXXXXX----XXX{---X
XX-XXX-X-XXXX---------XXXXXXX-XX
X------X-----XXX----X-XXXXXXX-XX
X---------XX-------------------X
XXXXXXXXXXXXXXXXXXXXXXXXXXXXXXXX
META {"type": "solver", "id": "pysat-rc2", "objective": 0}
META {"type": "geom", "shape": "path", "group": "path", "data": [[11, 27, 11, 28], [11, 28, 11, 29], [11, 29, 12, 29], [12, 29, 13, 29], [13, 29, 14, 29], [14, 29, 14, 28], [14, 28, 14, 27], [14, 27, 14, 26], [14, 26, 14, 25], [14, 25, 14, 24], [14, 24, 14, 23], [14, 23, 14, 22], [14, 22, 14, 21], [14, 21, 14, 20], [14, 20, 14, 19], [14, 19, 14, 18], [14, 18, 14, 17], [14, 17, 14, 16], [14, 16, 14, 15], [14, 15, 14, 14], [14, 14, 14, 13], [14, 13, 14, 12], [14, 12, 13, 12], [13, 12, 13, 11], [13, 11, 13, 10], [13, 10, 13, 9], [13, 9, 13, 8], [13, 8, 14, 8], [14, 8, 14, 7], [14, 7, 14, 6], [14, 6, 13, 6], [13, 6, 12, 6], [12, 6, 11, 6], [11, 6, 11, 5], [11, 5, 11, 4], [11, 4, 10, 4], [10, 4, 10, 3], [10, 3, 9, 3], [9, 3, 8, 3], [8, 3, 7, 3], [7, 3, 6, 3], [6, 3, 5, 3], [5, 3, 5, 2], [5, 2, 5, 1], [5, 1, 4, 1], [4, 1, 3, 1], [3, 1, 2, 1], [2, 1, 2, 2], [2, 2, 2, 3]]}
