XXXXXXXXXXXXXXXXXXXXXXXXXXXXXXXX
X---}XXX--X----X-----X---XXX---X
X-XXXXXX---------XXXX-XXXXXXX--X
X-XXXXXX-XXXXXXX-XXXX-XXXXXXX-XX
X----XX-X-------X----X----XX---X
X-XXX------XX------X----XX--XXXX
X-XXX----XXXXXX-------XXXXXXXXXX
X-XXX----XXXXXX-XXXX--XXXXXXXXXX
X----X--X--XX---XXXX----XXXXXX-X
X-X--X--X-------XXXX-----XXXXXXX
X-X--X--X--X--XX-XXX-X---XXXXXXX
X-X------XXXXXXXXXXX-X---XXX{--X
XX-XXXXX-XXXXXXXXXXX-X--XXXXXX-X
X-X---------------------XXXXXX-X
X----XX-XX-XX--XX----XX--------X
XXXXXXXXXXXXXXXXXXXXXXXXXXXXXXXX
META {"type": "solver", "id": "pysat-rc2-boolonly", "objective": 0}
META {"type": "geom", "shape": "path", "group": "path", "data": [[11, 28, 11, 29], [11, 29, 11, 30], [11, 30, 12, 30], [12, 30, 13, 30], [13, 30, 14, 30], [14, 30, 14, 29], [14, 29, 14, 28], [14, 28, 14, 27], [14, 27, 14, 26], [14, 26, 14, 25], [14, 25, 14, 24], [14, 24, 14, 23], [14, 23, 13, 23], [13, 23, 13, 22], [13, 22, 13, 21], [13, 21, 13, 20], [13, 20, 13, 19], [13, 19, 13, 18], [13, 18, 13, 17], [13, 17, 13, 16], [13, 16, 13, 15], [13, 15, 13, 14], [13, 14, 13, 13], [13, 13, 13, 12], [13, 12, 13, 11], [13, 11, 13, 10], [13, 10, 13, 9], [13, 9, 13, 8], [13, 8, 12, 8], [12, 8, 11, 8], [11, 8, 11, 7], [11, 7, 11, 6], [11, 6, 11, 5], [11, 5, 11, 4], [11, 4, 10, 4], [10, 4, 9, 4], [9, 4, 8, 4], [8, 4, 8, 3], [8, 3, 8, 2], [8, 2, 8, 1], [8, 1, 7, 1], [7, 1, 6, 1], [6, 1, 5, 1], [5, 1, 4, 1], [4, 1, 3, 1], [3, 1, 2, 1], [2, 1, 1, 1], [1, 1, 1, 2], [1, 2, 1, 3], [1, 3, 1, 4]]}
