XXXXXXXXXXXXXXXXXXXXXXXXXXXXXXXX
X--}XXXXXX-XXXX-X----------X---X
X-XXXXXXX--XXX-X-------X------XX
X-XXXXXX-X-----X-XXX-----XXXX--X
X---XXXXXXXXXX-X-------------X-X
XXX--XXXXXXXXX-X-------------X-X
XXXX--XX-------X------XX-----X-X
XXXXX-----X-X---------XX-XXX-X-X
XXXXX-X-X-X-X-XXX--XX----XXX---X
X---------X-X-XXX--XX----XXXXX-X
X-XXX------------XX--XX-XXXXXX-X
XX---XX-XX--XX--XXXX-XX-XXXX{--X
X---XXXXXXXXXXX-XXXX-----XXXXXXX
XX--XXXXXXXXXXX-XXX---X--XXXXXXX
X-XX---------------------------X
XXXXXXXXXXXXXXXXXXXXXXXXXXXXXXXX
META {"type": "solver", "id": "pysat-rc2", "objective": 0}
META {"type": "geom", "shape": "path", "group": "path", "data": [[11, 28, 11, 29], [11, 29, 11, 30], [11, 30, 10, 30], [10, 30, 9, 30], [9, 30, 8, 30], [8, 30, 8, 29], [8, 29, 8, 28], [8, 28, 7, 28], [7, 28, 6, 28], [6, 28, 5, 28], [5, 28, 5, 27], [5, 27, 5, 26], [5, 26, 5, 25], [5, 25, 5, 24], [5, 24, 5, 23], [5, 23, 5, 22], [5, 22, 5, 21], [5, 21, 5, 20], [5, 20, 5, 19], [5, 19, 5, 18], [5, 18, 5, 17], [5, 17, 5, 16], [5, 16, 6, 16], [6, 16, 7, 16], [7, 16, 7, 15], [7, 15, 7, 14], [7, 14, 6, 14], [6, 14, 6, 13], [6, 13, 6, 12], [6, 12, 6, 11], [6, 11, 6, 10], [6, 10, 6, 9], [6, 9, 6, 8], [6, 8, 7, 8], [7, 8, 7, 7], [7, 7, 7, 6], [7, 6, 7, 5], [7, 5, 6, 5], [6, 5, 6, 4], [6, 4, 5, 4], [5, 4, 5, 3], [5, 3, 4, 3], [4, 3, 4, 2], [4, 2, 4, 1], [4, 1, 3, 1], [3, 1, 2, 1], [2, 1, 1, 1], [1, 1, 1, 2], [1, 2, 1, 3]]}
