XXXXXXXXXXXXXXXX
XXXXXXXXXXXXXXXX
XX}XXXXX-----XXX
XX-XXX---X---XXX
XX-XXX-XXX----XX
XX-----XXX--X-XX
XX-----XXXXXX-XX
XX-#---XXXXXX-XX
XX---XXXXXXXX-XX
XXX--XXXXX----XX
XXX--XXXX--#--XX
XXX--XXXX----XXX
XXX---------XXXX
XXXX----XX---XXX
XXXX--#--X-#-XXX
XXXX---------XXX
XX-------XX--XXX
XX----XX-XXX-XXX
XX-XX--X-XXX--XX
XXXXXX--------XX
XXXXXX--#-----XX
XXXXX-----XXXXXX
XXX--------XXXXX
XXX-----XX-XXXXX
XXXX---XXX-XXXXX
XXXXX--XXX-XXXXX
XXXXXX-XXX----XX
XXXXXX-XXX##--XX
XXXXX--XXX---XXX
XX---{-XXXXXXXXX
XXXXXXXXXXXXXXXX
XXXXXXXXXXXXXXXX
META {"type": "solver", "id": "pysat-rc2", "objective": 0}
META {"type": "geom", "shape": "path", "group": "path", "data": [[29, 5, 28, 5], [28, 5, 28, 6], [28, 6, 18, 6], [18, 6, 18, 5], [18, 5, 12, 5], [12, 5, 12, 3], [12, 3, 8, 3], [8, 3, 8, 2], [8, 2, 2, 2]]}
META {"type": "geom", "shape": "tile", "group": "path", "data": [[29, 5], [28, 5], [28, 6], [27, 6], [26, 6], [25, 6], [24, 6], [23, 6], [22, 6], [21, 6], [20, 6], [19, 6], [18, 6], [18, 5], [17, 5], [16, 5], [15, 5], [14, 5], [13, 5], [12, 5], [12, 4], [12, 3], [11, 3], [10, 3], [9, 3], [8, 3], [8, 2], [7, 2], [6, 2], [5, 2], [4, 2], [3, 2], [2, 2]]}
META {"type": "geom", "shape": "line", "group": "offpath", "data": [[28, 12, 26, 12], [27, 12, 28, 12], [27, 13, 27, 12], [20, 11, 19, 11], [20, 6, 20, 7], [20, 7, 20, 6], [20, 9, 22, 9], [20, 13, 20, 9], [6, 3, 5, 3], [24, 4, 22, 4], [11, 11, 11, 9], [11, 4, 11, 3], [11, 3, 11, 4], [11, 9, 12, 9], [14, 4, 14, 5], [14, 7, 16, 7], [14, 5, 14, 4], [14, 8, 14, 7], [15, 10, 15, 4], [15, 11, 16, 11], [15, 4, 5, 4], [15, 6, 16, 6], [12, 11, 13, 11], [12, 9, 12, 11], [19, 11, 20, 11], [19, 7, 19, 13], [19, 13, 18, 13], [9, 10, 15, 10], [9, 12, 9, 10], [23, 3, 23, 7], [23, 7, 19, 7], [18, 2, 16, 2], [18, 13, 20, 13], [25, 5, 21, 5], [21, 5, 25, 5], [13, 11, 11, 11], [16, 11, 15, 11], [16, 3, 17, 3], [16, 6, 15, 6], [16, 2, 18, 2], [16, 7, 16, 8], [16, 8, 14, 8], [17, 3, 16, 3], [26, 12, 26, 13], [26, 13, 27, 13], [2, 12, 4, 12], [2, 8, 2, 12], [3, 6, 3, 8], [3, 8, 2, 8], [5, 4, 5, 2], [5, 3, 6, 3], [5, 6, 3, 6], [5, 2, 5, 6], [22, 4, 24, 4], [22, 3, 23, 3], [22, 9, 22, 3], [4, 12, 4, 13], [4, 13, 10, 13], [10, 12, 9, 12], [10, 13, 10, 12]]}
