XXXXXXXXXXXXXXXX
XXXXXXXXXXXXXXXX
XX-XXXX--XXXX}XX
XX-XXXX--XXXX-XX
XX--XXX-------XX
XX--XXX##-----XX
XX--XXX---XXX-XX
XXXX----X-XXX-XX
XXXXXXXXX-----XX
XXXXXXXXX-----XX
XXXXXXXX-X-X--XX
XXXXXXX--XXX--XX
XXXXXXX--XXX--XX
XX--XXX-------XX
XX-----------XXX
XXXX----#--XXXXX
XXXX-------XXXXX
XXX-XX-#-X-XXXXX
XX--XX---XX--XXX
XX---X----X---XX
XXXX---#----#-XX
XXXX-----#----XX
XX----X-------XX
XX--XXXXX-X--XXX
XXX-XXXXX-XXXXXX
XXX-XXXX---XXXXX
XXX-----##-XXXXX
XX-X--#-----XXXX
XXXX--------XXXX
XXXX-X---{-XXXXX
XXXXXXXXXXXXXXXX
XXXXXXXXXXXXXXXX
META {"type": "solver", "id": "pysat-rc2", "objective": 0}
META {"type": "geom", "shape": "path", "group": "path", "data": [[29, 9, 29, 10], [29, 10, 29, 6], [29, 6, 28, 6], [28, 6, 28, 4], [28, 4, 26, 4], [26, 4, 26, 3], [26, 3, 22, 3], [22, 3, 22, 5], [22, 5, 20, 5], [20, 5, 20, 6], [20, 6, 21, 6], [21, 6, 21, 8], [21, 8, 22, 8], [22, 8, 16, 8], [16, 8, 16, 4], [16, 4, 14, 4], [14, 4, 14, 2], [14, 2, 14, 12], [14, 12, 8, 12], [8, 12, 8, 13], [8, 13, 8, 9], [8, 9, 4, 9], [4, 9, 4, 13], [4, 13, 2, 13]]}
META {"type": "geom", "shape": "tile", "group": "path", "data": [[29, 9], [29, 10], [29, 9], [29, 8], [29, 7], [29, 6], [28, 6], [28, 5], [28, 4], [27, 4], [26, 4], [26, 3], [25, 3], [24, 3], [23, 3], [22, 3], [22, 4], [22, 5], [21, 5], [20, 5], [20, 6], [21, 6], [21, 7], [21, 8], [22, 8], [21, 8], [20, 8], [19, 8], [18, 8], [17, 8], [16, 8], [16, 7], [16, 6], [16, 5], [16, 4], [15, 4], [14, 4], [14, 3], [14, 2], [14, 3], [14, 4], [14, 5], [14, 6], [14, 7], [14, 8], [14, 9], [14, 10], [14, 11], [14, 12], [13, 12], [12, 12], [11, 12], [10, 12], [9, 12], [8, 12], [8, 13], [8, 12], [8, 11], [8, 10], [8, 9], [7, 9], [6, 9], [5, 9], [4, 9], [4, 10], [4, 11], [4, 12], [4, 13], [3, 13], [2, 13]]}
META {"type": "geom", "shape": "line", "group": "offpath", "data": [[23, 2, 22, 2], [23, 11, 23, 12], [23, 12, 21, 12], [6, 2, 6, 3], [6, 3, 4, 3], [5, 2, 5, 3], [5, 3, 5, 2], [29, 8, 27, 8], [19, 2, 18, 2], [19, 11, 23, 11], [19, 7, 18, 7], [19, 13, 19, 11], [19, 3, 19, 4], [19, 4, 19, 2], [19, 9, 20, 9], [13, 2, 13, 3], [13, 11, 14, 11], [13, 3, 13, 2], [13, 10, 17, 10], [20, 9, 19, 9], [9, 11, 8, 11], [9, 13, 9, 9], [9, 9, 9, 13], [27, 8, 29, 8], [27, 11, 27, 7], [27, 7, 27, 11], [27, 5, 27, 4], [27, 4, 27, 5], [25, 8, 25, 10], [25, 10, 25, 8], [17, 3, 19, 3], [17, 10, 13, 10], [18, 2, 18, 3], [18, 11, 18, 12], [18, 7, 19, 7], [18, 3, 17, 3], [18, 12, 18, 11], [8, 11, 9, 11], [16, 5, 14, 5], [14, 11, 13, 11], [14, 5, 16, 5], [21, 13, 19, 13], [21, 12, 21, 13], [22, 2, 23, 2], [22, 7, 22, 13], [22, 13, 22, 7], [2, 2, 6, 2], [2, 8, 4, 8], [4, 2, 2, 2], [4, 8, 2, 8], [4, 3, 4, 2]]}
