XXXXXXXXXXXXXXXX
XXXXXXXXXXXXXXXX
XXXX}XXXX-----XX
XX----XXX--XXXXX
XXX---XXX--XXXXX
XXX---XXXX-XXXXX
XXX--X--XXX--XXX
XXX--XX-XXX---XX
XXXX--X-----X-XX
XXXX-------XXXXX
XX----#-##-XXXXX
XXX--------XXXXX
XXXX---#-----XXX
XXXX-X----##--XX
XXXX-XX-#-----XX
XXXX--X-----XXXX
XX--------#--XXX
XX------#----XXX
XX---XX----#--XX
XX##--X-------XX
XX-------#--XXXX
XX---X-------XXX
XX---XX---##-XXX
XX----X-X-----XX
XX-----XX-----XX
XX---X--X-----XX
XX--XXX--###--XX
XXX-XXX------XXX
XXX-XXX-----XXXX
XXXX---{----XXXX
XXXXXXXXXXXXXXXX
XXXXXXXXXXXXXXXX
META {"type": "solver", "id": "pysat-rc2", "objective": 0}
META {"type": "geom", "shape": "path", "group": "path", "data": [[29, 7, 29, 11], [29, 11, 27, 11], [27, 11, 27, 12], [27, 12, 21, 12], [21, 12, 21, 6], [21, 6, 20, 6], [20, 6, 20, 8], [20, 8, 22, 8], [22, 8, 22, 9], [22, 9, 22, 7], [22, 7, 23, 7], [23, 7, 13, 7], [13, 7, 13, 6], [13, 6, 11, 6], [11, 6, 11, 10], [11, 10, 12, 10], [12, 10, 12, 12], [12, 12, 12, 8], [12, 8, 11, 8], [11, 8, 13, 8], [13, 8, 13, 9], [13, 9, 19, 9], [19, 9, 19, 13], [19, 13, 18, 13], [18, 13, 18, 12], [18, 12, 16, 12], [16, 12, 16, 11], [16, 11, 17, 11], [17, 11, 17, 9], [17, 9, 11, 9], [11, 9, 11, 3], [11, 3, 10, 3], [10, 3, 10, 5], [10, 5, 12, 5], [12, 5, 12, 4], [12, 4, 2, 4]]}
META {"type": "geom", "shape": "tile", "group": "path", "data": [[29, 7], [29, 8], [29, 9], [29, 10], [29, 11], [28, 11], [27, 11], [27, 12], [26, 12], [25, 12], [24, 12], [23, 12], [22, 12], [21, 12], [21, 11], [21, 10], [21, 9], [21, 8], [21, 7], [21, 6], [20, 6], [20, 7], [20, 8], [21, 8], [22, 8], [22, 9], [22, 8], [22, 7], [23, 7], [22, 7], [21, 7], [20, 7], [19, 7], [18, 7], [17, 7], [16, 7], [15, 7], [14, 7], [13, 7], [13, 6], [12, 6], [11, 6], [11, 7], [11, 8], [11, 9], [11, 10], [12, 10], [12, 11], [12, 12], [12, 11], [12, 10], [12, 9], [12, 8], [11, 8], [12, 8], [13, 8], [13, 9], [14, 9], [15, 9], [16, 9], [17, 9], [18, 9], [19, 9], [19, 10], [19, 11], [19, 12], [19, 13], [18, 13], [18, 12], [17, 12], [16, 12], [16, 11], [17, 11], [17, 10], [17, 9], [16, 9], [15, 9], [14, 9], [13, 9], [12, 9], [11, 9], [11, 8], [11, 7], [11, 6], [11, 5], [11, 4], [11, 3], [10, 3], [10, 4], [10, 5], [11, 5], [12, 5], [12, 4], [11, 4], [10, 4], [9, 4], [8, 4], [7, 4], [6, 4], [5, 4], [4, 4], [3, 4], [2, 4]]}
META {"type": "geom", "shape": "line", "group": "offpath", "data": [[4, 3, 4, 5], [4, 5, 4, 3], [4, 10, 2, 10], [4, 9, 4, 10], [15, 5, 17, 5], [19, 4, 19, 5], [19, 5, 19, 4], [26, 3, 20, 3], [26, 7, 26, 8], [26, 8, 26, 7], [26, 2, 26, 3], [16, 3, 18, 3], [17, 5, 15, 5], [25, 4, 25, 2], [25, 2, 25, 4], [25, 13, 23, 13], [25, 9, 25, 13], [8, 13, 7, 13], [5, 3, 5, 5], [5, 5, 5, 3], [3, 3, 7, 3], [18, 3, 16, 3], [7, 3, 3, 3], [7, 13, 8, 13], [7, 12, 6, 12], [6, 12, 7, 12], [20, 3, 20, 2], [20, 2, 26, 2], [2, 10, 2, 9], [2, 9, 4, 9], [23, 13, 23, 9], [23, 9, 25, 9]]}
