XXXXXXXXXXXXXXXX
XXXXXXXXXXXXXXXX
XXXXXX----XXXXXX
XX}XXX-#---XXXXX
XX-------#-XXXXX
XXX--------XXXXX
XXX##---#--XXXXX
XXX--##-------XX
XXX-------#-#-XX
XXX-----X-----XX
XX--#-XXX--X--XX
XX----XXX-XX--XX
XX##-------X--XX
XX---#--------XX
XXXX---#--X---XX
XXXX-----XX---XX
XXX-------X---XX
XX--##-##-----XX
XX------------XX
XX-#-------#--XX
XX----XXX----XXX
XXX---XXX---XXXX
XXX---XXX----XXX
XXX--#-----X-XXX
XX-----#---XXXXX
XX--X-----XXXXXX
XXXXXX---XXXXXXX
XXXXXX-#-XXXXXXX
XXXX------XXX-XX
XXXXXX--{-XXX-XX
XXXXXXXXXXXXXXXX
XXXXXXXXXXXXXXXX
META {"type": "solver", "id": "pysat-rc2", "objective": 0}
META {"type": "geom", "shape": "path", "group": "path", "data": [[29, 8, 29, 6], [29, 6, 23, 6], [23, 6, 23, 10], [23, 10, 17, 10], [17, 10, 17, 9], [17, 9, 17, 13], [17, 13, 7, 13], [7, 13, 7, 7], [7, 7, 9, 7], [9, 7, 9, 3], [9, 3, 11, 3], [11, 3, 11, 5], [11, 5, 12, 5], [12, 5, 8, 5], [8, 5, 8, 9], [8, 9, 14, 9], [14, 9, 14, 8], [14, 8, 16, 8], [16, 8, 12, 8], [12, 8, 12, 4], [12, 4, 16, 4], [16, 4, 16, 3], [16, 3, 18, 3], [18, 3, 18, 13], [18, 13, 19, 13], [19, 13, 19, 12], [19, 12, 9, 12], [9, 12, 9, 13], [9, 13, 9, 9], [9, 9, 5, 9], [5, 9, 5, 10], [5, 10, 3, 10], [3, 10, 3, 8], [3, 8, 2, 8], [2, 8, 2, 6], [2, 6, 6, 6], [6, 6, 6, 5], [6, 5, 6, 7], [6, 7, 4, 7], [4, 7, 4, 8], [4, 8, 4, 2], [4, 2, 3, 2]]}
META {"type": "geom", "shape": "tile", "group": "path", "data": [[29, 8], [29, 7], [29, 6], [28, 6], [27, 6], [26, 6], [25, 6], [24, 6], [23, 6], [23, 7], [23, 8], [23, 9], [23, 10], [22, 10], [21, 10], [20, 10], [19, 10], [18, 10], [17, 10], [17, 9], [17, 10], [17, 11], [17, 12], [17, 13], [16, 13], [15, 13], [14, 13], [13, 13], [12, 13], [11, 13], [10, 13], [9, 13], [8, 13], [7, 13], [7, 12], [7, 11], [7, 10], [7, 9], [7, 8], [7, 7], [8, 7], [9, 7], [9, 6], [9, 5], [9, 4], [9, 3], [10, 3], [11, 3], [11, 4], [11, 5], [12, 5], [11, 5], [10, 5], [9, 5], [8, 5], [8, 6], [8, 7], [8, 8], [8, 9], [9, 9], [10, 9], [11, 9], [12, 9], [13, 9], [14, 9], [14, 8], [15, 8], [16, 8], [15, 8], [14, 8], [13, 8], [12, 8], [12, 7], [12, 6], [12, 5], [12, 4], [13, 4], [14, 4], [15, 4], [16, 4], [16, 3], [17, 3], [18, 3], [18, 4], [18, 5], [18, 6], [18, 7], [18, 8], [18, 9], [18, 10], [18, 11], [18, 12], [18, 13], [19, 13], [19, 12], [18, 12], [17, 12], [16, 12], [15, 12], [14, 12], [13, 12], [12, 12], [11, 12], [10, 12], [9, 12], [9, 13], [9, 12], [9, 11], [9, 10], [9, 9], [8, 9], [7, 9], [6, 9], [5, 9], [5, 10], [4, 10], [3, 10], [3, 9], [3, 8], [2, 8], [2, 7], [2, 6], [3, 6], [4, 6], [5, 6], [6, 6], [6, 5], [6, 6], [6, 7], [5, 7], [4, 7], [4, 8], [4, 7], [4, 6], [4, 5], [4, 4], [4, 3], [4, 2], [3, 2]]}
META {"type": "geom", "shape": "line", "group": "offpath", "data": [[14, 6, 14, 4], [14, 4, 14, 6], [14, 11, 14, 13], [14, 5, 16, 5], [14, 13, 14, 11], [7, 4, 9, 4], [7, 11, 9, 11], [9, 10, 10, 10], [9, 4, 7, 4], [9, 11, 7, 11], [15, 4, 15, 8], [15, 7, 16, 7], [15, 8, 15, 4], [29, 13, 28, 13], [19, 10, 19, 4], [19, 4, 19, 10], [24, 10, 24, 8], [24, 4, 18, 4], [24, 8, 24, 10], [24, 5, 25, 5], [26, 7, 25, 7], [16, 11, 16, 13], [16, 7, 15, 7], [16, 5, 14, 5], [16, 13, 16, 11], [5, 3, 4, 3], [5, 4, 4, 4], [28, 13, 29, 13], [3, 9, 2, 9], [13, 4, 13, 2], [13, 2, 13, 4], [6, 10, 6, 9], [6, 9, 6, 10], [12, 12, 12, 13], [12, 13, 12, 12], [25, 3, 25, 2], [25, 7, 26, 7], [25, 2, 25, 3], [25, 5, 24, 5], [10, 3, 10, 2], [10, 10, 9, 10], [10, 12, 10, 13], [10, 2, 10, 3], [10, 13, 10, 12], [2, 9, 3, 9], [4, 3, 5, 3], [4, 4, 5, 4], [18, 4, 24, 4]]}
