XXXXXXXXXXXXXXXX
XXXXXXXXXXXXXXXX
XXXXXXXXXXXX--XX
XXXXXXXXX-----XX
XXXXX}XXX-#---XX
XXX---XXX---X-XX
XXX---XXX--XX-XX
XX--XX---#--X-XX
XX---X--------XX
XXXX-------#--XX
XXXX----##---XXX
XX---#------XXXX
XX-----------XXX
XX----#-###--XXX
XX-#----------XX
XX-----#----#-XX
XXX--#---##---XX
XXXX---------XXX
XXXX----#---XXXX
XXX--XX------XXX
XXX--XX---XX-XXX
XXX---X-X--X-XXX
XX-#----XX---XXX
XX-------X-#-XXX
XX---#-------XXX
XX-#-----XX--XXX
XX-----#--X--XXX
XX--#-------XXXX
XX-------XXXXXXX
XX-{--XXXXXXXXXX
XXXXXXXXXXXXXXXX
XXXXXXXXXXXXXXXX
META {"type": "solver", "id": "pysat-rc2", "objective": 0}
META {"type": "geom", "shape": "path", "group": "path", "data": [[29, 3, 29, 5], [29, 5, 25, 5], [25, 5, 25, 4], [25, 4, 26, 4], [26, 4, 26, 6], [26, 6, 28, 6], [28, 6, 22, 6], [22, 6, 22, 7], [22, 7, 16, 7], [16, 7, 16, 6], [16, 6, 16, 8], [16, 8, 17, 8], [17, 8, 17, 12], [17, 12, 16, 12], [16, 12, 16, 11], [16, 11, 10, 11], [10, 11, 10, 10], [10, 10, 10, 12], [10, 12, 8, 12], [8, 12, 8, 13], [8, 13, 2, 13], [2, 13, 2, 12], [2, 12, 4, 12], [4, 12, 4, 11], [4, 11, 3, 11], [3, 11, 5, 11], [5, 11, 5, 9], [5, 9, 6, 9], [6, 9, 6, 10], [6, 10, 12, 10], [12, 10, 12, 12], [12, 12, 12, 2], [12, 2, 11, 2], [11, 2, 15, 2], [15, 2, 15, 6], [15, 6, 14, 6], [14, 6, 18, 6], [18, 6, 18, 4], [18, 4, 8, 4], [8, 4, 8, 2], [8, 2, 7, 2], [7, 2, 7, 3], [7, 3, 5, 3], [5, 3, 5, 5], [5, 5, 4, 5]]}
META {"type": "geom", "shape": "tile", "group": "path", "data": [[29, 3], [29, 4], [29, 5], [28, 5], [27, 5], [26, 5], [25, 5], [25, 4], [26, 4], [26, 5], [26, 6], [27, 6], [28, 6], [27, 6], [26, 6], [25, 6], [24, 6], [23, 6], [22, 6], [22, 7], [21, 7], [20, 7], [19, 7], [18, 7], [17, 7], [16, 7], [16, 6], [16, 7], [16, 8], [17, 8], [17, 9], [17, 10], [17, 11], [17, 12], [16, 12], [16, 11], [15, 11], [14, 11], [13, 11], [12, 11], [11, 11], [10, 11], [10, 10], [10, 11], [10, 12], [9, 12], [8, 12], [8, 13], [7, 13], [6, 13], [5, 13], [4, 13], [3, 13], [2, 13], [2, 12], [3, 12], [4, 12], [4, 11], [3, 11], [4, 11], [5, 11], [5, 10], [5, 9], [6, 9], [6, 10], [7, 10], [8, 10], [9, 10], [10, 10], [11, 10], [12, 10], [12, 11], [12, 12], [12, 11], [12, 10], [12, 9], [12, 8], [12, 7], [12, 6], [12, 5], [12, 4], [12, 3], [12, 2], [11, 2], [12, 2], [13, 2], [14, 2], [15, 2], [15, 3], [15, 4], [15, 5], [15, 6], [14, 6], [15, 6], [16, 6], [17, 6], [18, 6], [18, 5], [18, 4], [17, 4], [16, 4], [15, 4], [14, 4], [13, 4], [12, 4], [11, 4], [10, 4], [9, 4], [8, 4], [8, 3], [8, 2], [7, 2], [7, 3], [6, 3], [5, 3], [5, 4], [5, 5], [4, 5]]}
META {"type": "geom", "shape": "line", "group": "offpath", "data": [[24, 4, 24, 2], [24, 2, 24, 4], [24, 3, 23, 3], [13, 3, 11, 3], [10, 5, 9, 5], [26, 11, 26, 12], [26, 12, 26, 11], [19, 10, 17, 10], [19, 3, 21, 3], [19, 8, 20, 8], [8, 9, 9, 9], [7, 8, 9, 8], [23, 5, 21, 5], [23, 3, 24, 3], [21, 5, 23, 5], [21, 3, 19, 3], [20, 8, 19, 8], [11, 9, 12, 9], [11, 3, 13, 3], [11, 8, 12, 8], [17, 10, 19, 10], [16, 13, 14, 13], [9, 9, 8, 9], [9, 12, 9, 13], [9, 5, 10, 5], [9, 13, 9, 12], [9, 8, 7, 8], [27, 11, 27, 5], [27, 5, 27, 11], [27, 2, 27, 3], [27, 7, 28, 7], [27, 3, 27, 2], [28, 2, 28, 8], [28, 7, 27, 7], [28, 8, 28, 2], [22, 12, 22, 10], [22, 10, 22, 12], [18, 9, 18, 11], [18, 11, 18, 9], [15, 10, 14, 10], [12, 9, 11, 9], [12, 8, 11, 8], [14, 13, 16, 13], [14, 10, 15, 10], [3, 9, 3, 13], [3, 13, 3, 9], [6, 5, 6, 3], [6, 3, 6, 5]]}
