XXXXXXXXXXXXXXXX
XXXXXXXXXXXXXXXX
XXXXX----XXX}XXX
XXX---XX-----XXX
XX---XXXX-----XX
XX##-XXXX--XX-XX
XX---XXXX---X-XX
XX---XXXX##---XX
XX---XXXX--#--XX
XX##-XXX-#----XX
XX---XXX----#-XX
XX-#-XXXX-----XX
XX---XXXXXXX--XX
XX----XXXXXX--XX
XX----XXX-----XX
XX--#------XX-XX
XX--------XXX-XX
XX-X---#--XXX-XX
XX-XX---------XX
XX--X-------X-XX
XX---#-X--#-XXXX
XXX----XX----XXX
XXXXX---X----XXX
XXXXX-----##--XX
XXX----#------XX
XX--XX---#--#-XX
XX---XX-------XX
XX-#-XX---X---XX
XX----X-XXX---XX
XXX-----XXX-{-XX
XXXXXXXXXXXXXXXX
XXXXXXXXXXXXXXXX
META {"type": "solver", "id": "pysat-rc2-boolonly", "objective": 0}
META {"type": "geom", "shape": "path", "group": "path", "data": [[29, 12, 29, 13], [29, 13, 23, 13], [23, 13, 23, 12], [23, 12, 24, 12], [24, 12, 24, 8], [24, 8, 23, 8], [23, 8, 23, 9], [23, 9, 23, 5], [23, 5, 21, 5], [21, 5, 21, 3], [21, 3, 19, 3], [19, 3, 19, 2], [19, 2, 20, 2], [20, 2, 10, 2], [10, 2, 10, 4], [10, 4, 14, 4], [14, 4, 14, 5], [14, 5, 13, 5], [13, 5, 19, 5], [19, 5, 19, 11], [19, 11, 18, 11], [18, 11, 22, 11], [22, 11, 22, 9], [22, 9, 24, 9], [24, 9, 14, 9], [14, 9, 14, 13], [14, 13, 4, 13], [4, 13, 4, 9], [4, 9, 3, 9], [3, 9, 3, 8], [3, 8, 3, 12], [3, 12, 4, 12], [4, 12, 2, 12]]}
META {"type": "geom", "shape": "tile", "group": "path", "data": [[29, 12], [29, 13], [28, 13], [27, 13], [26, 13], [25, 13], [24, 13], [23, 13], [23, 12], [24, 12], [24, 11], [24, 10], [24, 9], [24, 8], [23, 8], [23, 9], [23, 8], [23, 7], [23, 6], [23, 5], [22, 5], [21, 5], [21, 4], [21, 3], [20, 3], [19, 3], [19, 2], [20, 2], [19, 2], [18, 2], [17, 2], [16, 2], [15, 2], [14, 2], [13, 2], [12, 2], [11, 2], [10, 2], [10, 3], [10, 4], [11, 4], [12, 4], [13, 4], [14, 4], [14, 5], [13, 5], [14, 5], [15, 5], [16, 5], [17, 5], [18, 5], [19, 5], [19, 6], [19, 7], [19, 8], [19, 9], [19, 10], [19, 11], [18, 11], [19, 11], [20, 11], [21, 11], [22, 11], [22, 10], [22, 9], [23, 9], [24, 9], [23, 9], [22, 9], [21, 9], [20, 9], [19, 9], [18, 9], [17, 9], [16, 9], [15, 9], [14, 9], [14, 10], [14, 11], [14, 12], [14, 13], [13, 13], [12, 13], [11, 13], [10, 13], [9, 13], [8, 13], [7, 13], [6, 13], [5, 13], [4, 13], [4, 12], [4, 11], [4, 10], [4, 9], [3, 9], [3, 8], [3, 9], [3, 10], [3, 11], [3, 12], [4, 12], [3, 12], [2, 12]]}
META {"type": "geom", "shape": "line", "group": "offpath", "data": [[24, 3, 26, 3], [27, 11, 27, 13], [27, 8, 27, 9], [27, 7, 29, 7], [27, 9, 27, 7], [27, 13, 27, 11], [4, 11, 3, 11], [4, 2, 4, 4], [4, 4, 3, 4], [4, 3, 4, 2], [8, 12, 8, 13], [8, 13, 8, 12], [8, 3, 6, 3], [25, 10, 25, 11], [25, 11, 25, 10], [25, 2, 25, 3], [25, 8, 27, 8], [25, 6, 15, 6], [25, 7, 25, 8], [25, 3, 24, 3], [11, 10, 11, 9], [11, 11, 9, 11], [11, 9, 10, 9], [28, 11, 28, 13], [28, 13, 28, 11], [28, 3, 29, 3], [9, 10, 11, 10], [9, 12, 7, 12], [9, 11, 9, 10], [10, 11, 11, 11], [10, 9, 10, 11], [7, 12, 9, 12], [5, 10, 5, 9], [5, 9, 5, 10], [15, 2, 15, 3], [15, 6, 25, 6], [15, 7, 16, 7], [15, 3, 15, 2], [18, 10, 19, 10], [18, 7, 19, 7], [6, 11, 6, 9], [6, 9, 6, 11], [6, 3, 8, 3], [16, 7, 15, 7], [16, 3, 12, 3], [3, 11, 4, 11], [3, 4, 3, 5], [3, 5, 3, 3], [3, 3, 4, 3], [19, 10, 18, 10], [19, 7, 18, 7], [12, 12, 12, 13], [12, 2, 12, 4], [12, 4, 12, 2], [12, 13, 12, 12], [12, 3, 16, 3], [29, 7, 25, 7], [29, 3, 28, 3], [26, 2, 25, 2], [26, 3, 26, 2]]}
