XXXXXXXXXXXXXXXX
X--}XXX-X---X--X
X-XXXXXX-----X-X
X-XXXXXX-XXX-X-X
X------------X-X
X--------------X
XXXX-XXX------XX
XXXXX---XXX----X
XXXXX-X-XXX----X
X------XXXXXX--X
XX-XX--XXXXXX-XX
X-XXXX--XXX{--XX
X-XXXXXXXXXXX--X
XX-XXXXXXXXXX-XX
X--------------X
XXXXXXXXXXXXXXXX
META {"type": "solver", "id": "pysat-rc2", "objective": 0}
META {"type": "geom", "shape": "path", "group": "path", "data": [[11, 11, 11, 12], [11, 12, 11, 13], [11, 13, 10, 13], [10, 13, 9, 13], [9, 13, 8, 13], [8, 13, 8, 12], [8, 12, 7, 12], [7, 12, 7, 13], [7, 13, 6, 13], [6, 13, 5, 13], [5, 13, 5, 12], [5, 12, 5, 11], [5, 11, 6, 11], [6, 11, 6, 10], [6, 10, 5, 10], [5, 10, 4, 10], [4, 10, 4, 9], [4, 9, 5, 9], [5, 9, 6, 9], [6, 9, 6, 8], [6, 8, 5, 8], [5, 8, 5, 7], [5, 7, 5, 6], [5, 6, 4, 6], [4, 6, 4, 5], [4, 5, 5, 5], [5, 5, 5, 4], [5, 4, 4, 4], [4, 4, 4, 3], [4, 3, 4, 2], [4, 2, 4, 1], [4, 1, 3, 1], [3, 1, 2, 1], [2, 1, 1, 1], [1, 1, 1, 2], [1, 2, 1, 3]]}
META {"type": "geom", "shape": "tile", "group": "path", "data": [[11, 11], [11, 12], [11, 13], [10, 13], [9, 13], [8, 13], [8, 12], [7, 12], [7, 13], [6, 13], [5, 13], [5, 12], [5, 11], [6, 11], [6, 10], [5, 10], [4, 10], [4, 9], [5, 9], [6, 9], [6, 8], [5, 8], [5, 7], [5, 6], [4, 6], [4, 5], [5, 5], [5, 4], [4, 4], [4, 3], [4, 2], [4, 1], [3, 1], [2, 1], [1, 1], [1, 2], [1, 3]]}
META {"type": "geom", "shape": "line", "group": "offpath", "data": [[2, 9, 1, 9], [2, 11, 1, 11], [14, 10, 14, 11], [14, 12, 14, 13], [14, 13, 14, 12], [14, 11, 14, 10], [1, 9, 2, 9], [1, 11, 2, 11], [5, 3, 5, 2], [5, 2, 5, 3]]}
