XXXXXXXXXXXXXXXX
X--}XXXXXX--XXXX
X-XXXXXX-------X
X-XXXXXX-X-----X
X---------XX---X
XX----X--XXXX-XX
X-----X--XXXX--X
X-----X--------X
X---------XXX--X
X----X-XXXXXXX-X
XXXXXXXXXXXXXX-X
XXXXXXXXXXXX{--X
X--------XXXXXXX
XX-X-XXX-XXXXXXX
X--------------X
XXXXXXXXXXXXXXXX
META {"type": "solver", "id": "pysat-rc2-boolonly", "objective": 0}
META {"type": "geom", "shape": "path", "group": "path", "data": [[11, 12, 11, 13], [11, 13, 11, 14], [11, 14, 10, 14], [10, 14, 9, 14], [9, 14, 8, 14], [8, 14, 7, 14], [7, 14, 6, 14], [6, 14, 6, 13], [6, 13, 7, 13], [7, 13, 7, 12], [7, 12, 7, 11], [7, 11, 7, 10], [7, 10, 7, 9], [7, 9, 8, 9], [8, 9, 8, 8], [8, 8, 7, 8], [7, 8, 6, 8], [6, 8, 5, 8], [5, 8, 5, 7], [5, 7, 4, 7], [4, 7, 4, 6], [4, 6, 4, 5], [4, 5, 5, 5], [5, 5, 5, 4], [5, 4, 6, 4], [6, 4, 6, 5], [6, 5, 7, 5], [7, 5, 7, 4], [7, 4, 7, 3], [7, 3, 6, 3], [6, 3, 5, 3], [5, 3, 5, 2], [5, 2, 4, 2], [4, 2, 4, 1], [4, 1, 3, 1], [3, 1, 2, 1], [2, 1, 1, 1], [1, 1, 1, 2], [1, 2, 1, 3]]}
META {"type": "geom", "shape": "tile", "group": "path", "data": [[11, 12], [11, 13], [11, 14], [10, 14], [9, 14], [8, 14], [7, 14], [6, 14], [6, 13], [7, 13], [7, 12], [7, 11], [7, 10], [7, 9], [8, 9], [8, 8], [7, 8], [6, 8], [5, 8], [5, 7], [4, 7], [4, 6], [4, 5], [5, 5], [5, 4], [6, 4], [6, 5], [7, 5], [7, 4], [7, 3], [6, 3], [5, 3], [5, 2], [4, 2], [4, 1], [3, 1], [2, 1], [1, 1], [1, 2], [1, 3]]}
META {"type": "geom", "shape": "line", "group": "offpath", "data": [[9, 3, 8, 3], [9, 1, 8, 1], [9, 2, 9, 1], [7, 1, 7, 2], [7, 2, 6, 2], [4, 13, 4, 14], [4, 14, 3, 14], [4, 8, 3, 8], [6, 1, 7, 1], [6, 2, 6, 1], [12, 7, 12, 8], [12, 8, 12, 7], [3, 11, 3, 10], [3, 13, 4, 13], [3, 10, 3, 11], [3, 14, 3, 13], [3, 8, 4, 8], [8, 4, 8, 5], [8, 3, 9, 3], [8, 5, 8, 4], [8, 1, 8, 2], [8, 2, 9, 2], [14, 4, 14, 5], [14, 11, 14, 10], [14, 10, 14, 11], [14, 3, 14, 2], [14, 8, 13, 8], [14, 5, 14, 4], [14, 2, 14, 3], [13, 8, 14, 8]]}
