--------------------------------
--------------------------------
---------------------X----------
---------Q--Q---X---------------
---------------------------XX---
--------------------------------
------------X--XX--XXXX---------
----X---X-----------------------
--------------------------------
------------------X-------------
-----------Q-----XX-------<>----
--------X-------XXX-------[]----
-------XX------XXXX-------[]----
------XXX-----XXXXX-------[]----
-{---XXXX----XXXXXX-------[]--}-
XXXXXXXXXXXXXXXXXXXXXXXXXXXXXXXX
META {"type": "solver", "id": "pysat-rc2", "objective": 0}
META {"type": "geom", "shape": "path", "group": "path", "data": [[14, 1, 14, 2], [14, 2, 14, 3], [14, 3, 14, 4], [14, 4, 12, 6], [12, 6, 8, 10], [8, 10, 9, 11], [9, 11, 5, 15], [5, 15, 5, 16], [5, 16, 3, 18], [3, 18, 4, 19], [4, 19, 5, 20], [5, 20, 5, 21], [5, 21, 5, 22], [5, 22, 5, 23], [5, 23, 6, 24], [6, 24, 7, 25], [7, 25, 8, 26], [8, 26, 9, 27], [9, 27, 9, 28], [9, 28, 10, 28], [10, 28, 11, 28], [11, 28, 12, 28], [12, 28, 13, 29], [13, 29, 14, 30]]}
