--------------------------------
--------------------------------
---------------------------X----
--------------------X--X--------
---------------X----------------
-----------X--------------------
----------------------Q---------
----------------Q--Q-----XQQX---
--------------------------------
--------------------------------
--------------X----XX-----------
-------X----------XXX---<>------
------XX---------XXXX---[]------
-----XXX--------XXXXX---[]------
-{--XXXX-------XXXXXX---[]----}-
XXXXXXXXXXXXXXXXXXXXXXXXXXXXXXXX
META {"type": "solver", "id": "pysat-rc2", "objective": 0}
META {"type": "geom", "shape": "path", "group": "path", "data": [[14, 1, 14, 2], [14, 2, 14, 3], [14, 3, 10, 7], [10, 7, 10, 8], [10, 8, 11, 9], [11, 9, 12, 10], [12, 10, 13, 11], [13, 11, 14, 12], [14, 12, 14, 13], [14, 13, 14, 14], [14, 14, 13, 15], [13, 15, 9, 19], [9, 19, 9, 20], [9, 20, 7, 22], [7, 22, 8, 23], [8, 23, 9, 24], [9, 24, 10, 25], [10, 25, 10, 26], [10, 26, 11, 27], [11, 27, 12, 28], [12, 28, 13, 29], [13, 29, 14, 30]]}
