--------------------------------
--------------------------------
---------------------------XX---
--------------------------------
---------------------X----------
--------------X---X-----Q-------
--------------------------------
----------------------------Q---
-------------------Q--XQQX------
--------------------------------
-------------<>-------------XX--
-------------[]-----------------
-------X-----[]-----X-----------
------XX-----[]-----XX----XX----
-{---XXX-----[]-----XXX--XXX--}-
XXXXXXXXXXXXXXXXXX--XXXXXXXXXXXX
META {"type": "solver", "id": "pysat-rc2", "objective": 0}
META {"type": "geom", "shape": "path", "group": "path", "data": [[14, 1, 14, 2], [14, 2, 14, 3], [14, 3, 14, 4], [14, 4, 11, 7], [11, 7, 7, 11], [7, 11, 8, 12], [8, 12, 9, 13], [9, 13, 9, 14], [9, 14, 7, 16], [7, 16, 8, 17], [8, 17, 9, 18], [9, 18, 10, 19], [10, 19, 11, 20], [11, 20, 11, 21], [11, 21, 12, 22], [12, 22, 13, 23], [13, 23, 14, 24], [14, 24, 12, 26], [12, 26, 12, 27], [12, 27, 12, 28], [12, 28, 13, 29], [13, 29, 14, 30]]}
